   1.0566674e-14   0.0000000e+00   0.0000000e+00  -1.7794897e-51   7.7037198e-34  -1.9259299e-34
  -7.2599238e-02   3.6332924e-01   2.3909677e-01   1.9816146e-03  -1.1121512e-03   5.3500311e-04
  -8.1322425e-02   3.0813035e-01   1.3565949e-01   7.9633255e-03  -1.1850834e-03   3.7023006e-05
   1.4434575e-02  -8.4795681e-02   5.6559942e-02   3.8562362e-03  -1.9085596e-03   9.4882626e-04
   4.5502718e-03   1.2734555e-01   1.0724311e-01   2.7449519e-03  -1.6827552e-03   1.1963347e-03
  -1.0600593e-02   1.0159448e-01   9.3232461e-02   2.6099030e-03  -1.4207598e-03   9.0536618e-04
  -2.0201227e-02   7.2305813e-02   1.1485534e-01   1.8171909e-03  -1.1162905e-03   5.3165038e-04
  -4.3332877e-02   5.1106384e-02   1.4482101e-01   1.0127698e-03  -9.1802179e-04  -1.9448624e-05
  -1.0421592e-01   9.2447404e-02   1.9430109e-01  -8.8190234e-04  -6.5787206e-04  -8.1175272e-04
  -1.6364020e-01  -2.5383157e-02   1.4900438e-01  -1.4936512e-03  -5.4930799e-04  -1.7365365e-03
  -1.5028880e-01  -1.6372117e-01   1.5793530e-01  -1.4987681e-03   9.4380661e-05  -1.8272487e-03
  -1.7413950e-01   1.6180355e-01   2.5659943e-01  -1.9799429e-03  -6.3266363e-04  -1.8436147e-03
  -2.1647707e-01   1.3642156e-01   2.1435174e-01   2.2882506e-03  -4.7719975e-04  -2.9411496e-03
  -2.0561236e-01  -2.0606650e-01   1.6064139e-01   5.0497130e-05   5.4768939e-05  -3.0851530e-03
  -3.1783964e-01   2.7548724e-02   2.2684070e-01  -1.9292644e-03  -1.0491297e-03  -4.8327383e-03
  -4.0606126e-01   4.9862787e-02   3.8368335e-01  -6.8691831e-03  -2.8968705e-03  -6.0495002e-03
  -3.9830385e-01   1.6502377e-01   3.5551959e-01  -2.9502810e-03  -2.1249798e-03  -5.5478789e-03
  -3.5708106e-01  -3.8026674e-01   1.4761372e-01  -1.7050879e-03  -1.9846695e-03  -5.1358769e-03
  -4.0746646e-01   1.5456518e-01   2.7770786e-01  -2.6230593e-03  -2.6163296e-03  -5.5991793e-03
  -3.4635407e-01  -2.8732663e-01   1.5079624e-01  -2.7384622e-03  -1.5198383e-03  -5.6269222e-03
  -3.7030480e-01   1.1517370e-01   3.1144210e-01  -3.1729091e-03  -1.9852903e-03  -5.5599027e-03
  -3.8248204e-01  -4.6115828e-02   1.7597933e-01  -2.2781744e-03  -2.1135635e-03  -5.9728899e-03
  -4.0985689e-01  -1.2941902e-01   2.7823267e-01  -3.0351023e-03  -2.2009062e-03  -6.1228033e-03
  -4.6243998e-01  -9.4699987e-02   2.4455691e-01  -2.3361692e-03  -2.9272283e-03  -6.5452974e-03
  -6.4753108e-01  -3.0204792e-01   3.9389158e-01  -1.1110520e-02  -2.8823644e-03  -1.1147588e-02
  -6.4028600e-01  -1.9172934e-01   5.0817480e-01  -1.2423231e-02  -3.3023072e-03  -1.0478126e-02
  -5.9031167e-01   3.4003229e-01   5.1158011e-01  -2.1757840e-04  -2.9124116e-03  -8.6673992e-03
  -5.1224477e-01  -5.0476657e-02   4.1802149e-01   2.1739949e-03  -4.3836157e-03  -6.1796642e-03
  -4.6939396e-01   2.3642024e-01   6.3076436e-01   4.6854651e-03  -3.5050293e-03  -4.2542320e-03
  -4.6360294e-01  -3.3076962e-01   7.0933209e-01   1.1649067e-03  -2.9666127e-03  -4.5534519e-03
  -4.4346895e-01   8.3473181e-02   7.2651345e-01   1.4064371e-03  -3.8223035e-03  -4.0892232e-03
  -4.4913000e-01   1.3470093e-02   6.6621642e-01   3.6828500e-03  -2.7039542e-03  -4.6050535e-03
  -4.5034309e-01   9.7178724e-02   7.1026682e-01   3.2239023e-03  -2.8171141e-03  -4.2908858e-03
  -4.6872549e-01   1.2085242e-01   6.9924430e-01   1.5861115e-03  -2.9498431e-03  -4.6045037e-03
  -4.6956027e-01   1.2234158e-01   5.7013727e-01   4.3089319e-03  -2.9098606e-03  -5.0239273e-03
  -3.2161177e-01   3.5412063e-01  -8.5959683e-02   1.7208833e-02   3.4879264e-05  -7.1193793e-03
  -4.8914648e-02   1.0599947e+00  -7.3681739e-01   4.3038431e-02   3.4250994e-03  -9.5277452e-03
  -2.3726752e-02   6.7077377e-01  -5.5411971e-01   2.4680687e-02   2.2280869e-03  -5.4871264e-03
  -3.0708930e-02   5.2330826e-01   1.6414505e-02   6.6842530e-03   1.8950720e-03  -2.9075165e-03
   3.2175134e-03   2.2446246e-01   2.5612677e-02   5.0513797e-03   1.8897335e-03  -2.3097015e-03
   1.4758062e-02   2.2801782e-01   1.2265976e-01   4.8119476e-03   2.6875094e-03  -2.2841639e-03
   8.9970130e-02  -1.7764602e-02  -8.8109922e-01   6.1021048e-03   3.9365508e-03  -3.5167003e-03
   2.8576661e-02   2.2306854e-01  -3.3432581e-01   3.6735047e-03   2.5972261e-03  -4.2231837e-03
   4.9447054e-02   3.2423818e-01  -2.9104495e-01   7.0821874e-03   1.6284555e-03  -3.6024889e-03
  -3.7561589e-02   6.6962363e-01  -3.3811199e-02   6.9976418e-03   1.5566319e-03  -3.6170326e-03
  -4.6937728e-02  -2.3469748e-02  -1.4641324e-01   7.5270808e-03   1.5663938e-03  -4.4437832e-03
  -4.2557790e-02   2.4261996e-01  -8.0554504e-02   7.2434160e-03   1.4620744e-03  -4.2188973e-03
  -4.7875105e-02   2.7169409e-01  -5.9950964e-02   6.5669576e-03   1.5221386e-03  -4.2585775e-03
  -1.2652240e-01   4.5296481e-01   1.0131218e-01   5.0644062e-03   1.6037590e-03  -3.9917690e-03
  -2.6962422e-01   8.2146891e-01   1.2922697e-01   1.7716612e-02   9.3747013e-04  -3.1735118e-03
  -2.6096788e-01   1.5628741e-01   2.7082477e-01   1.6018417e-02   6.3971219e-04  -2.7558985e-03
  -2.5407523e-01   2.9151015e-01   5.3004191e-01   1.2787835e-02  -7.4300384e-05  -2.0786002e-03
  -2.3545831e-01   3.9752719e-01   5.9901826e-01   1.1425985e-02   2.5245631e-04  -2.3538443e-03
  -2.1278502e-01   3.1573893e-01   6.3165398e-01   1.1223003e-02  -1.2241740e-04  -2.4709209e-03
  -2.2695046e-01   2.5894832e-01   6.1333083e-01   9.1728088e-03  -3.5273985e-04  -3.0589918e-03
  -6.9326909e-02   7.2268509e-02   4.9663044e-01   3.4200233e-03   3.3025548e-03  -3.9799559e-04
  -1.7417420e-02   1.6893336e-01   5.8141685e-01  -8.5346205e-04   6.3277211e-03   1.9238222e-05
   3.8047770e-02  -1.8867873e-01   5.1781898e-01  -4.8947679e-03   4.8517589e-03   3.8535076e-04
  -1.2224473e-01   1.8842804e-02   6.7800714e-01  -1.6908302e-03   2.9005802e-03  -1.7587751e-03
  -7.0441659e-02  -2.2731247e-01   5.7907002e-01  -1.8928961e-03   3.4501952e-03  -2.2383758e-03
  -7.0729285e-02  -9.7240043e-03   1.8235206e-01  -2.9223665e-04   3.3556191e-03  -4.8846712e-03
   5.1973086e-02   6.1776189e-01  -3.7263279e-01   2.4649217e-02   7.6693574e-03  -1.0393342e-02
   1.6269296e-01   4.6595862e-01  -7.7259759e-01   3.1382123e-02   9.4990942e-03  -6.9792601e-03
   2.5390990e-01   5.9259466e-01  -1.2270562e-01   7.9170652e-03   6.6049541e-03   1.7212527e-03
   2.3176222e-01   1.6745988e-01  -1.9994044e-01   6.8949328e-03   6.2626985e-03   1.2572494e-03
   1.8383189e-01   2.7457986e-01  -6.1714752e-02   6.2756614e-03   5.0693253e-03   9.3247345e-04
   1.1123627e-01   4.1475449e-01  -3.3957049e-02   6.4443631e-03   4.4138649e-03   1.9784349e-04
   1.1395463e-01  -1.3918384e-01  -1.6411039e-01   4.1363535e-03   4.8793478e-03  -3.8413262e-04
   9.7034236e-02   8.0831309e-02  -1.1769558e-01   2.6727072e-03   4.6600588e-03  -6.3304056e-04
   1.0682719e-01   4.8165481e-02  -1.0455889e-01   1.6303754e-03   4.8292981e-03  -5.0061473e-04
   7.3109004e-02   9.3337319e-02  -5.7328661e-02   1.1731717e-03   4.1518346e-03  -6.2869774e-04
  -1.1123845e-01   6.6615098e-01   5.0807559e-01   6.2685945e-03   2.6951010e-03  -1.7929517e-03
  -1.0657649e-01  -6.1999240e-02   4.2904547e-01   7.0785212e-03   2.6525089e-03  -2.4946545e-03
  -1.2279076e-01   2.2014452e-01   4.8096875e-01   3.3491452e-03   2.2397486e-03  -2.8559723e-03
  -2.0087325e-01   3.1005360e-01   5.3596397e-01   3.2961695e-03   1.8359088e-03  -3.4769710e-03
  -1.9593630e-01  -1.9972470e-01   3.1843290e-01   1.4868790e-03   2.6453915e-03  -4.2160304e-03
  -3.2079334e-01   3.0204628e-01   5.4053431e-01   2.8166375e-03   7.8213657e-04  -5.5306870e-03
  -3.2078117e-01  -1.2798185e-01   4.1457288e-01   1.5143251e-03   5.0235757e-05  -5.7057414e-03
  -3.4831066e-01  -4.4996519e-02   2.4674888e-01   1.0104317e-03   1.0419959e-03  -6.3737628e-03
  -4.1268174e-01   2.3770018e-01   4.5028388e-01   4.1038059e-03  -1.6067120e-03  -6.4445585e-03
  -4.6429257e-01   1.0694118e-01   4.7296575e-01   2.8521647e-03  -2.6678239e-03  -7.3495427e-03
  -4.9197144e-01   5.6484538e-01   4.5564154e-01   1.1668349e-02  -3.8306505e-03  -5.8677804e-03
  -5.3143550e-01   1.5920737e-01   4.0848260e-01   1.3099054e-02  -4.4320159e-03  -7.1333136e-03
  -4.3978501e-01   2.0569914e-01   3.9774924e-01   8.5503208e-03  -2.9893190e-03  -5.9432264e-03
  -4.0652979e-01   2.7519900e-01   3.6946594e-01   7.9135692e-03  -2.9670366e-03  -5.7006308e-03
  -4.2062346e-01   3.8542444e-01   4.0211508e-01   8.3111724e-03  -3.2743762e-03  -5.3212726e-03
  -4.0489941e-01   2.0130584e-01   3.7145589e-01   7.8372607e-03  -3.1150969e-03  -5.3790521e-03
  -4.1002168e-01   3.7088647e-01   4.5077956e-01   6.4846767e-03  -2.9061080e-03  -5.3905787e-03
  -3.2218609e-01  -4.4217542e-01   4.3628181e-02   2.1593677e-03  -4.7870229e-03  -4.8540951e-03
  -3.8431026e-01  -1.4391763e-01   4.5940876e-01  -2.1220150e-03  -4.0722369e-03  -4.0684783e-03
  -3.1787180e-01  -1.0130930e-01   3.6115683e-01   7.3866622e-04  -3.6710733e-03  -2.9372262e-03
  -2.7016445e-01  -3.3472100e-03   1.3858485e-01   3.0100574e-03  -3.4027597e-03  -3.5304674e-03
  -2.0816717e-01   4.0459169e-01  -3.6603281e-01   2.0540909e-02   8.5288108e-04  -9.7229259e-03
  -2.3286369e-01   5.7049460e-01  -6.9365681e-01   3.4245806e-02   2.8003904e-03  -1.1330585e-02
  -1.6377200e-01   4.3013187e-01  -4.7748832e-01   1.0149477e-02   2.0010222e-03  -6.5005238e-03
  -2.4096141e-01   1.3937890e-01  -2.1356541e-01   3.4524149e-03   6.2792349e-04  -5.0688533e-03
  -2.5453175e-01   4.4390140e-01  -1.0733239e-01   6.6741256e-03  -1.2409183e-03  -3.9234847e-03
  -2.0605376e-01   2.4313356e-03  -9.6529091e-02   5.0743543e-03  -6.9501892e-05  -3.3414011e-03
  -2.1801562e-01   2.9865334e-01   1.1454158e-01   3.0007442e-03  -4.8554687e-04  -3.3926452e-03
  -2.3944220e-01  -9.0503377e-03   8.6346138e-02   1.2223779e-03   2.1968243e-03  -4.8993833e-03
  -2.6554746e-01   1.2691999e-01   1.5409094e-01   1.8668864e-04   1.1030290e-03  -5.1897360e-03
  -2.2706179e-01  -7.1254525e-02   1.6241940e-01   6.9951639e-05   1.0252106e-03  -4.6380237e-03
  -3.5700567e-01   4.0766532e-01   4.1027526e-01   3.0463224e-03  -1.0490568e-03  -3.8156030e-03
  -4.7497369e-01   3.4124523e-01   5.0280790e-01   9.6025325e-03  -1.7519559e-03  -5.4864473e-03
  -4.4213166e-01   4.2089709e-02   4.9777920e-01   7.7410872e-03  -2.4322600e-03  -5.9673158e-03
  -4.3369794e-01   2.3581159e-01   1.0023287e+00   7.7952015e-03  -1.0136692e-03  -6.2326242e-03
  -4.0933373e-01  -4.4030124e-03   6.4879867e-01   2.8456533e-03  -2.2700067e-03  -3.4450840e-03
  -3.8610014e-01   5.8878224e-02   3.7186936e-01   1.3737525e-03  -1.0064704e-03  -3.7148606e-03
  -4.3927553e-01   1.7110808e-01   4.6659841e-01   1.8982017e-03  -1.9291416e-03  -4.9766967e-03
  -4.5052591e-01  -7.3954341e-02   4.3073338e-01   5.2961126e-04  -5.0749152e-04  -5.3018668e-03
  -4.4049189e-01   4.5605956e-02   4.6382651e-01   5.8420889e-04  -3.6309656e-04  -5.3608423e-03
  -4.3584630e-01   7.6775342e-02   5.0029737e-01  -3.0991803e-04  -4.7502975e-04  -5.5901106e-03
  -5.6321021e-01   3.8453512e-01   6.1571755e-01   4.6012002e-03  -2.5227284e-03  -6.5048598e-03
  -5.9825132e-01   4.3714541e-01   5.4761021e-01   1.3222884e-02  -2.3350267e-03  -7.0672408e-03
  -5.1423134e-01   1.9054892e-01   5.5998485e-01   1.3332909e-02  -3.3917303e-03  -6.2666595e-03
  -5.0926220e-01   4.0507884e-01   5.9306045e-01   1.1657694e-02  -3.7608906e-03  -6.2108235e-03
  -5.5717059e-01   6.0829324e-01   7.5338830e-01   1.0962616e-02  -5.2381528e-03  -6.2415749e-03
  -6.9694153e-01   7.1048520e-01   1.0297605e+00   1.4001256e-02  -7.6046708e-03  -6.3839077e-03
  -6.8492087e-01   1.5968537e-01   7.3428129e-01   1.5706712e-02  -7.2569136e-03  -6.5428368e-03
  -6.4505628e-01   2.5647106e-01   7.1818449e-01   1.3565539e-02  -6.8870387e-03  -6.2151196e-03
  -6.2444237e-01   3.9039154e-01   7.0063296e-01   1.2730108e-02  -7.0579436e-03  -6.2878584e-03
  -6.1694589e-01   5.3089379e-01   7.0339365e-01   1.1931745e-02  -8.2709390e-03  -5.8179361e-03
  -6.0617541e-01   7.7673231e-01   7.1171025e-01   1.8026690e-02  -1.0710629e-02  -2.1559177e-03
  -5.3208369e-01   1.6193227e-01   5.4165006e-01   1.7630766e-02  -1.1338857e-02  -1.0044563e-03
  -5.2612475e-01   3.7461182e-01   5.8696661e-01   1.6691040e-02  -1.1492206e-02  -8.4533110e-04
  -5.3948294e-01   4.3281964e-01   5.4920669e-01   1.4995054e-02  -1.0693062e-02  -1.4471516e-03
  -5.1990939e-01   5.2556774e-01   5.8854540e-01   1.3650352e-02  -1.1208879e-02  -1.2330909e-03
  -6.6549137e-01   7.7682046e-01   7.6821645e-01   1.5976242e-02  -1.2349442e-02  -1.9366090e-03
  -7.0556643e-01   5.8732378e-01   8.8611839e-01   1.9414111e-02  -1.3087354e-02  -1.8326610e-03
  -5.9773819e-01   1.5296986e-01   5.8724724e-01   1.7327465e-02  -1.2293487e-02  -7.2964010e-04
  -5.7234316e-01   4.5595081e-01   6.1585333e-01   1.6131902e-02  -1.2550008e-02  -3.4386240e-04
  -5.5375986e-01   4.1562065e-01   5.7624702e-01   1.4532934e-02  -1.2968873e-02  -1.9475774e-04
  -5.7734510e-01   4.4811140e-01   5.2009907e-01   1.2375308e-02  -1.2686396e-02  -4.6314173e-04
  -6.3728111e-01   7.4573975e-01   7.0840382e-01   1.4484198e-02  -1.3731275e-02  -6.9822199e-04
  -7.7087229e-01   6.8658998e-01   1.2484806e+00   2.0154078e-02  -1.8203911e-02   1.1749062e-03
  -6.4881505e-01  -7.4446019e-02   1.0308632e+00   1.7735037e-02  -1.8169556e-02   2.1619386e-03
  -6.3427975e-01   4.7399789e-01   9.9466346e-01   1.3608169e-02  -1.7029165e-02   1.6265846e-03
  -6.2041329e-01   5.0903238e-01   9.3606115e-01   1.3576723e-02  -1.6980614e-02   1.7676900e-03
  -6.2197936e-01   3.6162525e-01   8.9110549e-01   1.3998507e-02  -1.6429863e-02   1.6802879e-03
  -6.3045760e-01   3.1532395e-01   8.8269730e-01   1.4123071e-02  -1.6673467e-02   1.7102978e-03
  -6.9119185e-01  -3.8673549e-01   9.4022518e-01   1.3550788e-03  -1.7917057e-02   8.3030285e-04
  -6.6581962e-01  -4.8087552e-01   1.0398565e+00  -1.1641891e-03  -1.8385536e-02   2.3362031e-03
  -7.0008599e-01  -1.4646714e-01   1.0452360e+00   1.5629707e-03  -1.8556961e-02   3.2497309e-03
  -9.0011090e-01   4.3659357e-01   1.3621569e+00   9.7937098e-03  -1.8700751e-02   1.0738797e-03
  -1.0225280e+00   3.1259419e-01   1.5999526e+00   1.7103863e-02  -1.8432270e-02   1.1291647e-03
  -8.0787177e-01  -1.7662599e-01   1.5396113e+00   1.2834399e-02  -1.7811136e-02   4.2805710e-03
  -6.9531533e-01   1.3102593e-01   1.6090484e+00   1.3455898e-02  -1.7485816e-02   5.0417515e-03
  -7.2093070e-01   2.0680133e-01   1.6789100e+00   1.1940058e-02  -1.8090750e-02   4.5991261e-03
  -6.9222147e-01   8.7346696e-02   1.5632125e+00   1.1460867e-02  -1.8524812e-02   5.0056493e-03
  -6.8071161e-01   3.9122681e-02   1.4862085e+00   1.1204512e-02  -1.8560938e-02   4.9032068e-03
  -6.8733903e-01   1.1675817e-01   1.3149053e+00   1.4685190e-02  -1.7967506e-02   3.9467542e-03
  -6.7115928e-01   1.8806603e-01   1.0376189e+00   1.6245086e-02  -1.6762666e-02   2.5744242e-03
  -6.4917691e-01   4.0710108e-01   7.9148086e-01   1.9721813e-02  -1.5062361e-02   5.0995741e-04
  -4.2674860e-01   3.8688886e-01   1.6259197e-01   2.8254212e-02  -1.1516706e-02  -8.4634215e-04
  -1.7900583e-01   7.2897014e-01  -4.0633474e-01   3.5909378e-02  -9.2802574e-03   1.5532700e-03
  -6.2640663e-02   3.5891800e-01   9.9952003e-02   1.4789806e-02  -8.7186962e-03   7.2705191e-03
  -5.8868212e-02   2.2238287e-01   1.9062472e-01   1.2254536e-02  -1.0140410e-02   7.8528807e-03
  -1.1128508e-01   3.0302354e-01   3.5565252e-01   1.2820655e-02  -1.0365744e-02   7.4252653e-03
  -1.2534617e-01   2.6999929e-01   4.4344633e-01   1.4904761e-02  -1.0843159e-02   7.5586995e-03
  -1.3112857e-01   2.8969528e-01   4.9907301e-01   1.5476683e-02  -1.1217450e-02   7.9712081e-03
  -1.5380155e-01   3.3894852e-01   5.6269743e-01   1.4038942e-02  -1.1331013e-02   6.9648659e-03
  -1.5708602e-01   1.7215127e-01   4.7859746e-01   1.3947534e-02  -1.1128474e-02   6.6962373e-03
  -1.4602311e-01   2.3081354e-01   4.5933856e-01   1.3340772e-02  -1.0588475e-02   6.8958650e-03
  -1.6731398e-01   1.6995931e-01   4.9845805e-01   1.1651657e-02  -1.1113118e-02   5.7848688e-03
  -1.6816384e-01   4.3695926e-01   5.4457411e-01   1.1313401e-02  -1.1531523e-02   5.6940986e-03
  -2.4005912e-01   2.6761440e-01   5.3423490e-01   1.1172682e-02  -1.2030776e-02   4.8455126e-03
  -2.3146067e-01  -2.8010773e-02   5.2299549e-01   1.2063022e-02  -1.2467831e-02   5.4893495e-03
  -2.5408361e-01   2.6261937e-01   5.8944788e-01   1.1646553e-02  -1.2918510e-02   5.0257023e-03
  -4.0172438e-01   6.3506750e-01   7.6339618e-01   1.4020579e-02  -1.3509549e-02   3.3025456e-03
  -4.6712977e-01   1.4124094e-01   7.3721136e-01   1.6292610e-02  -1.3245895e-02   2.2291657e-03
  -4.0488221e-01   1.9789465e-01   7.8953996e-01   1.6364381e-02  -1.3757997e-02   3.1922502e-03
  -3.9842114e-01   2.8351928e-01   8.1494750e-01   1.4874294e-02  -1.4423676e-02   3.6491982e-03
  -4.1292632e-01   2.7072208e-01   8.0590880e-01   1.4942379e-02  -1.4499545e-02   3.4384676e-03
  -5.1620896e-01   6.6560949e-01   1.0034914e+00   1.4755788e-02  -1.5652881e-02   3.6180876e-03
  -5.6448456e-01   1.6894535e-02   9.2884239e-01   1.5654776e-02  -1.5637747e-02   3.3891835e-03
  -5.0755803e-01   2.1382005e-01   9.5549158e-01   1.7325095e-02  -1.5417305e-02   3.8110202e-03
  -4.9744987e-01   2.9939989e-01   9.8807691e-01   1.5772356e-02  -1.5330295e-02   3.9349148e-03
  -5.1445692e-01   3.9022073e-01   1.0906007e+00   1.4367113e-02  -1.5893615e-02   3.6116748e-03
  -6.2935930e-01   5.2978247e-01   1.4036737e+00   1.5459546e-02  -1.7189246e-02   2.9829841e-03
  -5.7367796e-01   5.1411068e-02   1.3073649e+00   1.6798957e-02  -1.6823546e-02   3.0870058e-03
  -5.3386243e-01   2.3865515e-01   1.2100443e+00   1.6051688e-02  -1.6893319e-02   2.9260992e-03
  -5.0610676e-01   2.8619694e-01   1.1508690e+00   1.6145619e-02  -1.7007916e-02   2.9403799e-03
  -5.3712420e-01   3.3605006e-01   1.1736171e+00   1.5023515e-02  -1.7299184e-02   2.8268733e-03
  -5.4391344e-01   6.2335769e-01   1.3242917e+00   1.6285531e-02  -1.5881467e-02   2.9822059e-03
  -6.0318198e-01   6.6213293e-01   1.5220760e+00   2.4209435e-02  -1.3904007e-02   3.4221976e-03
  -5.9180888e-01   1.5635233e-01   1.2559769e+00   2.2490901e-02  -1.5722997e-02   4.4489764e-03
  -5.7656949e-01   3.3373859e-01   1.2409172e+00   1.9400350e-02  -1.5721026e-02   4.3549241e-03
  -5.7184516e-01   6.8605924e-01   1.2483077e+00   1.7856398e-02  -1.6198530e-02   4.7305577e-03
  -6.9790198e-01   9.1312259e-01   1.4495459e+00   2.3508566e-02  -1.7723630e-02   4.5311347e-03
  -6.4464678e-01   1.3886470e-01   1.1585740e+00   2.1940852e-02  -1.7202287e-02   4.7391188e-03
  -5.6433503e-01   3.2107771e-01   1.1410029e+00   2.0845711e-02  -1.6866778e-02   5.1121448e-03
  -5.5167573e-01   4.4193053e-01   1.1102216e+00   1.9248877e-02  -1.7265123e-02   4.8805456e-03
  -5.8159335e-01   7.5593709e-01   1.1307716e+00   1.7765846e-02  -1.7027227e-02   4.1288221e-03
  -6.0825929e-01   2.0495408e-01   1.1509372e+00   1.8288937e-02  -1.6919360e-02   4.7035900e-03
  -5.5676032e-01   3.3565144e-01   1.1887903e+00   1.7217461e-02  -1.7681059e-02   5.6645869e-03
  -5.7186475e-01   4.1191179e-01   1.1389689e+00   1.6122006e-02  -1.7547798e-02   5.3256288e-03
  -5.3745079e-01   1.6437403e-01   1.1106640e+00   1.6715518e-02  -1.7769294e-02   5.6948165e-03
  -5.6182236e-01   6.4531083e-01   1.1037953e+00   1.5939769e-02  -1.8845608e-02   5.7977724e-03
  -5.3191724e-01   1.1874686e-04   9.8992973e-01   1.6629569e-02  -1.8086412e-02   5.9513261e-03
  -5.5588112e-01   2.4774652e-01   1.0595411e+00   1.4971761e-02  -1.8982052e-02   5.5315118e-03
  -5.7664239e-01   3.5869026e-01   1.0757364e+00   1.4290843e-02  -1.8970513e-02   5.0511004e-03
  -6.7072623e-01   3.6351672e-01   1.0512882e+00   1.3456156e-02  -1.9373532e-02   4.1714759e-03
  -6.4730583e-01   4.3263986e-02   9.7385627e-01   1.1707640e-02  -1.9361298e-02   3.9920930e-03
  -6.7620197e-01   2.5133781e-01   9.1794027e-01   1.2270770e-02  -1.8841821e-02   3.7519907e-03
  -6.7852467e-01   1.2301725e-01   8.9990012e-01   1.2614163e-02  -1.9233664e-02   3.8112384e-03
  -6.8819610e-01   2.2406179e-01   9.2205370e-01   1.2665336e-02  -1.9325105e-02   3.7170893e-03
  -6.9007734e-01   2.3127314e-01   9.1754913e-01   1.2481594e-02  -1.9722490e-02   3.5257618e-03
  -7.0156044e-01   2.3500886e-01   9.4385101e-01   1.1163865e-02  -1.9946282e-02   3.4218428e-03
  -7.3345984e-01   2.9696053e-01   9.5466034e-01   1.0938298e-02  -2.0788625e-02   3.4080769e-03
  -7.6667191e-01   5.1248217e-01   9.8473995e-01   1.6091213e-02  -2.0170947e-02   2.4218461e-03
