   0.0000000e+00   0.0000000e+00   0.0000000e+00   0.0000000e+00   0.0000000e+00   0.0000000e+00
  -1.7305487e-03  -6.7424896e-03   6.9795184e-03   5.0304481e-04  -3.7968995e-06   2.5217496e-04
  -8.5281140e-04  -3.3948290e-02  -5.4727363e-03   5.4013970e-04  -5.7483929e-05   1.5574710e-04
  -2.9410373e-03   1.1059322e-02  -1.7987208e-02   2.8380541e-04   1.2228821e-04   1.2722735e-04
  -1.7423788e-03   2.7129330e-02  -2.5545724e-02   4.6275099e-04   1.6246580e-04   6.5693443e-05
   2.3337457e-03  -3.1981789e-02  -2.7693294e-02   8.5293855e-04   1.0200222e-05   1.6278045e-04
  -5.4922315e-03   1.7032130e-02  -2.5062840e-02   9.1393828e-04  -9.3277255e-05   1.0491504e-04
  -1.4645515e-02   3.2210879e-02  -1.6237286e-02   1.0146996e-03  -7.1684164e-05  -2.3486307e-06
   7.6364058e-04  -2.1934932e-02  -2.7133158e-02   1.1736446e-03  -4.0247646e-04   2.1466020e-04
  -3.0144778e-03  -2.9113022e-02  -3.6259080e-02   1.1020443e-03  -3.1158538e-04   2.3174530e-04
   1.9498345e-03  -2.6350014e-02  -4.8304154e-02   1.6842735e-03  -4.3107668e-04   1.6531570e-04
  -9.6550320e-05  -4.1524514e-02  -5.1226762e-02   1.1134902e-03  -4.3108382e-04   2.7245243e-04
  -4.1101107e-03   3.5597210e-02  -4.9083245e-02   1.0759806e-03  -3.9778696e-04  -3.8798493e-05
   2.8181311e-03   2.7468214e-02  -4.7133454e-02   1.0493150e-03  -3.7177952e-04   1.0444695e-04
  -3.4254039e-03  -7.2862990e-03  -3.2575876e-02   8.3179707e-04  -2.1247956e-04   1.5618840e-04
  -9.2059224e-03  -6.9064151e-03  -3.5217483e-02   1.1348913e-03  -3.8852545e-04   2.1541638e-04
  -1.4464982e-02  -2.9583147e-02  -2.5986099e-02   1.1124427e-03  -2.9840716e-04   2.1048588e-04
  -3.7984233e-03   5.4047577e-02  -1.9139911e-02   7.0899800e-04  -2.8430444e-04   1.5803467e-04
  -7.3431916e-03  -4.5904412e-02  -2.1031088e-02   8.9319150e-04  -1.9582180e-04   2.4954299e-04
   2.1390203e-03  -1.9005828e-02  -3.7046913e-02   7.2109806e-04  -2.8890896e-04   2.7920308e-04
  -2.5343411e-05   1.3203773e-02  -2.8142558e-02   6.6236407e-04  -3.4224223e-04   1.3841937e-04
  -5.4483262e-03  -9.6477400e-03  -2.2503884e-02   7.6215634e-04  -3.5177130e-04   3.9846248e-05
  -1.2117435e-02  -2.7762499e-02  -8.6127430e-03   5.6498028e-04  -5.8978461e-04   1.9991110e-05
  -1.8988290e-02  -3.4048736e-02  -2.4284521e-02   6.3079131e-04  -6.8634777e-04   3.7015806e-05
  -1.7820872e-02   1.9173701e-02  -3.9096001e-02   3.3012165e-04  -6.2485425e-04  -1.2812470e-04
  -1.7649245e-02   2.9030427e-02  -4.0942221e-02   4.5438493e-04  -6.4618557e-04  -1.1915447e-04
  -1.3608503e-02   1.0742105e-02  -3.7484458e-02   6.5485167e-04  -6.0746532e-04  -7.6351529e-05
  -8.5977388e-03  -4.2949558e-02  -5.2418219e-02   5.0602536e-04  -4.4610527e-04   5.9036965e-05
  -8.5590171e-03   5.1744944e-02  -4.4073420e-02   3.8718793e-04  -6.4952347e-04  -9.8232698e-05
  -9.0404266e-03   1.5322104e-02  -4.2100171e-02   6.1848097e-04  -6.4238175e-04  -2.7308767e-05
   6.7842132e-03   2.5793606e-03  -2.8846490e-02  -1.1724695e-04  -5.4257890e-04   3.2564848e-04
  -5.4878583e-03   8.1784931e-03  -3.3582889e-02  -5.1138924e-04  -5.9477344e-04   1.1933251e-04
  -9.9997106e-03  -7.1601347e-02  -3.4420768e-02  -2.1501315e-04  -9.6332512e-04   1.2842054e-04
  -1.3729404e-02  -3.7941318e-02  -7.6577890e-03  -2.6986635e-04  -7.6961492e-04   2.2990970e-04
  -2.0992098e-02  -4.4724770e-02  -2.4422724e-03  -6.4098959e-04  -8.6715551e-04   6.8313295e-05
  -2.1744982e-02  -3.4622928e-02  -1.9370976e-02  -7.6569445e-04  -1.0888154e-03   9.3038703e-05
  -2.1770943e-02  -3.6266362e-02  -2.2323945e-02  -6.2788853e-04  -1.1154125e-03   4.5250923e-05
  -2.3965446e-02  -5.9690704e-02  -5.2436711e-02  -2.3840944e-04  -1.0950916e-03   6.2197580e-05
  -2.4322737e-02  -1.8506978e-02  -3.5472907e-02  -6.2826410e-04  -9.9998563e-04   8.1833057e-06
  -2.1845829e-02  -1.7326801e-02  -4.1101066e-02  -5.9583320e-04  -9.5479927e-04   1.8829905e-04
  -1.4844865e-02  -3.1901836e-02  -3.4273960e-02  -7.5191283e-04  -8.5027881e-04   1.7464319e-04
  -1.1608470e-02  -7.1421651e-03  -3.6195368e-02  -5.7254823e-04  -9.8570343e-04   3.1433588e-04
  -8.1962330e-03  -5.9235932e-02  -4.7342510e-02  -3.6562447e-04  -8.4730496e-04   4.2100255e-04
  -4.8143231e-03   5.6769856e-02  -3.9103294e-02  -8.4391851e-04  -6.2282207e-04   4.7237878e-04
  -4.8931072e-03  -7.9728295e-03  -4.8208443e-02  -3.0394160e-04  -5.5471957e-04   2.9275093e-04
  -8.9643308e-03  -3.4370318e-02  -2.6176172e-02  -5.8336441e-04  -1.0455751e-03   2.7112469e-04
  -5.2980468e-03  -5.2920009e-02  -1.9679021e-02  -3.4439473e-04  -1.1787608e-03  -5.2878969e-05
  -5.4208095e-03  -1.4552371e-02  -2.6476326e-02  -6.5753058e-04  -1.0803865e-03   8.9190493e-05
  -1.0464392e-02  -4.4351651e-02  -1.8794494e-02  -6.4935921e-04  -1.0613910e-03  -1.2660899e-04
  -1.0014903e-02  -3.3210734e-02  -2.2072416e-02  -5.9628467e-04  -1.1938822e-03  -4.0766087e-05
  -1.4572988e-02  -3.6257767e-02  -1.3906913e-02  -8.3941377e-04  -1.2287960e-03  -1.9153045e-04
  -1.7078654e-02  -7.9514817e-02  -3.0883635e-02  -6.2655882e-04  -1.3518644e-03  -1.9773794e-04
  -1.6454231e-02   6.9470475e-03  -3.6571447e-02  -1.0417049e-03  -1.1286444e-03  -1.9418614e-04
   3.1915396e-04   3.9991343e-02  -4.7763317e-02  -8.7728415e-04  -9.0891103e-04   1.4908516e-05
  -6.3638008e-04  -1.9129065e-02  -4.3139781e-02  -7.9644076e-04  -7.3366198e-04  -9.9551755e-05
   3.2680165e-04  -5.2309505e-02  -4.6018253e-02  -7.8508410e-04  -1.0299791e-03   1.4833742e-04
  -6.3860697e-03   3.5570882e-02  -2.0548659e-02  -1.1657893e-03  -7.3281237e-04  -2.2440684e-04
  -3.2385080e-03  -1.1893567e-02  -2.9667045e-02  -1.0138210e-03  -7.6628323e-04   2.3830929e-04
  -1.4559527e-02  -5.0830191e-02  -3.2305980e-02  -7.7866734e-04  -1.1446481e-03   1.0000640e-04
  -2.0201131e-02  -8.4381125e-03  -2.4932859e-02  -7.9863304e-04  -1.0515155e-03   7.6615446e-07
  -2.1074498e-02  -1.4525946e-02  -7.5661842e-03  -1.2876442e-03  -1.1664990e-03  -1.2372039e-04
  -1.8444402e-02  -2.1829101e-02  -2.1509775e-02  -1.4212907e-03  -1.1955891e-03  -1.2385686e-05
  -2.2866887e-02  -6.0674013e-02  -3.6180092e-02  -8.9836726e-04  -1.2311352e-03  -3.1732736e-05
  -1.1852242e-02  -3.4946190e-02  -3.7225498e-02  -1.1389721e-03  -1.2496254e-03   1.2960128e-04
  -1.2577830e-02   1.7609037e-02  -5.3385108e-03  -8.5188080e-04  -7.3982861e-04   1.8890966e-04
  -1.7792501e-02  -2.7074231e-02  -9.5888107e-03  -7.3516289e-04  -8.1896415e-04   3.2212711e-04
  -9.3776639e-04  -2.6379394e-02   8.7946260e-03  -5.5867028e-04  -6.7942757e-04   4.1149175e-04
  -1.0764109e-03  -1.0518381e-02  -2.0834887e-02  -5.7513375e-04  -6.7697381e-04   4.3644186e-04
  -4.7207060e-03  -6.7337087e-02  -3.0052846e-02   1.7318604e-05  -3.6610545e-04   6.2424274e-04
  -7.8073400e-03  -6.7860026e-02  -2.0665780e-02  -1.5799151e-04  -1.0376822e-04   7.8877971e-04
  -1.4750678e-02   4.9685898e-02  -1.0415964e-02  -6.7639221e-04  -1.2406921e-04   6.3084546e-04
  -2.0138541e-02  -5.3196824e-02  -7.5492034e-03  -5.4376749e-04  -1.4786856e-04   5.9607453e-04
  -9.3017353e-03  -8.9708667e-02  -1.3122742e-02  -6.7944515e-04  -3.1362834e-04   7.4313759e-04
  -8.9779400e-03  -3.8674096e-03   9.5802610e-03  -1.2755404e-03  -2.3498051e-04   4.3048168e-04
  -5.5264431e-03  -5.0803395e-02   1.1199055e-02  -1.3940213e-03  -1.9799493e-04   5.6000503e-04
   2.5405528e-03  -6.9010666e-02  -6.3910604e-03  -7.3768359e-04  -8.2845909e-05   7.2216259e-04
  -4.8851608e-03  -7.7631197e-02  -1.3313745e-02  -1.1744497e-03   9.1615329e-05   8.3524761e-04
  -1.7317210e-03  -2.0845629e-02  -2.1076873e-02  -1.3119059e-03  -7.1123591e-07   7.2005120e-04
  -5.4894575e-03  -2.3081725e-02  -2.8705583e-02  -1.3095054e-03  -1.0760352e-04   7.1891542e-04
  -8.1097767e-03  -5.2753113e-02  -4.6624741e-02  -6.0086983e-04   3.1843263e-05   7.5663488e-04
  -3.1517621e-03  -3.2355134e-02  -4.0251494e-02  -1.3950481e-03   1.5629583e-04   8.1146822e-04
   8.1530404e-03   4.3195295e-03  -4.3749322e-02  -9.1873170e-04   5.8040756e-04   6.7140538e-04
   7.9225513e-03  -4.5520361e-02  -2.0240823e-02  -7.4298510e-04   9.1223728e-04   9.9850484e-04
   4.1276447e-03  -5.5836852e-02  -1.9036926e-02  -1.0428915e-03   6.2968053e-04   1.0419583e-03
  -1.5188270e-02   1.1080057e-02  -1.2460935e-02  -1.2867823e-03   5.2851578e-04   8.8115209e-04
  -9.9103715e-03  -4.0459942e-02  -2.6317701e-02  -9.2691347e-04   4.5435542e-04   9.3060369e-04
  -9.1708846e-03  -3.9278459e-02  -2.8234622e-02  -1.1420591e-03   5.7553968e-04   9.9180955e-04
  -1.0057942e-03  -4.1539930e-02  -2.8648820e-02  -5.3905741e-04   6.8546218e-04   1.1793941e-03
  -5.5186629e-04  -5.0014148e-02  -1.6255779e-02  -1.1777501e-03   5.3434198e-04   9.5030606e-04
  -3.7785230e-03   2.4937295e-03  -2.7688174e-02  -1.1742356e-03   4.4418826e-04   8.2427222e-04
   2.0994077e-05  -3.5462364e-02  -2.0608558e-02  -1.0963672e-03   5.1074789e-04   8.6031783e-04
   1.6385456e-03  -1.1913049e-02  -2.8562884e-02  -9.2999376e-04   5.7126828e-04   8.6084921e-04
   4.7256544e-03  -4.8009421e-02  -3.9280143e-02  -4.4611983e-04   6.7821583e-04   8.7191056e-04
   5.4800291e-03   7.8015567e-03  -5.8941696e-02  -8.1279544e-04   6.6518108e-04   8.4442298e-04
   8.3925885e-03  -1.6913426e-02  -4.3937432e-02  -5.5659105e-04   6.1552498e-04   8.1956337e-04
   2.9631658e-03  -4.8011232e-02  -2.8704430e-02  -2.6558363e-04   6.6614656e-04   8.3576522e-04
  -6.0663191e-04  -4.8852777e-02  -2.6776846e-02  -6.7842000e-04   5.7522931e-04   8.8925686e-04
  -9.3012800e-04   1.3788942e-02  -2.9868942e-02  -7.1432586e-04   3.9411749e-04   8.8216603e-04
  -6.5676458e-03  -7.1634441e-02  -3.2398071e-02  -4.1769544e-04   1.6670798e-04   8.1271363e-04
  -5.4918688e-03  -5.2148458e-02  -4.4727545e-02   1.5050461e-04  -8.2453295e-05   1.0320834e-03
  -8.0497628e-03   2.0926805e-02  -5.9518807e-02  -1.5589608e-04   2.1626538e-05   9.7983259e-04
  -4.2199121e-03  -9.9459644e-03  -7.9421613e-02  -2.5014931e-04  -1.8734412e-04   9.9646977e-04
  -1.0290210e-02  -4.3337106e-02  -7.7766172e-02  -1.0418128e-05  -8.0909954e-05   8.1098939e-04
  -1.1143207e-02  -7.4505558e-02  -8.9045234e-02   1.8440396e-04  -1.2417605e-04   1.0206743e-03
  -9.5572247e-03   3.4811794e-02  -8.7003472e-02   1.3118840e-04   3.7010670e-06   9.7222850e-04
  -5.5532147e-03   1.0853755e-02  -7.4157851e-02  -1.5292875e-04   2.9611653e-05   1.0309600e-03
  -1.4689776e-02  -3.3924031e-02  -6.7019679e-02   5.1656266e-05   7.1660782e-05   1.0046190e-03
  -1.9565006e-02  -4.3284151e-02  -6.8269783e-02  -4.7889953e-05   1.0957052e-04   1.0654412e-03
  -3.0774168e-02   3.5129678e-02   2.3591529e-02  -1.2637247e-03   3.2898183e-04   1.0988175e-03
  -2.7131731e-02  -1.0228372e-02  -3.0709603e-02  -1.2486762e-03   7.4058000e-04   5.5980782e-04
  -1.7333413e-02  -3.7134702e-02  -1.2537454e-02  -1.4105785e-03   8.2820021e-04   4.9467789e-04
  -2.3187864e-02   4.9908876e-02  -2.9148204e-03  -1.5102407e-03   6.4401738e-04   5.2610209e-04
  -2.3769425e-02  -3.4518492e-02  -8.0862278e-03  -1.1179525e-03   6.3311346e-04   6.1890792e-04
  -2.0401407e-02  -4.9384294e-02  -1.2012332e-02  -1.7472904e-03   4.6882700e-04   7.6951380e-04
  -2.5921853e-02   1.0910166e-02  -2.5276366e-02  -1.6106932e-03   5.9656491e-04   4.2569604e-04
  -2.1873522e-02  -1.1729565e-02  -4.3184851e-02  -1.4468693e-03   4.4701779e-04   6.7250048e-04
  -2.3570885e-02  -5.9706985e-03  -3.4790869e-02  -1.8249054e-03   5.2979272e-04   4.4612491e-04
  -2.4906976e-02  -1.2620035e-02  -4.7853404e-02  -1.3665061e-03   6.4224617e-04   4.9474407e-04
  -2.2025893e-02   2.6650271e-02  -4.1853268e-02  -1.6505374e-03   7.1773855e-04   5.3618599e-04
  -2.9808096e-02   2.1328217e-02  -3.3499169e-02  -1.7915934e-03   5.5238948e-04   5.2759083e-04
  -1.9007083e-02  -1.0907687e-02  -3.0151343e-02  -1.0913388e-03   1.2067874e-03   5.0784644e-04
  -1.3949008e-03   2.8696831e-02  -7.3848219e-02  -9.8362746e-04   1.3612857e-03   5.8448224e-04
  -5.4384209e-03  -2.2122644e-02  -8.9902451e-02  -5.2748522e-05   1.4053716e-03   6.2287749e-04
  -2.9210577e-03  -2.1155404e-02  -8.4670193e-02  -8.2395692e-05   1.5892634e-03   7.1445323e-04
  -1.8421680e-02   7.4695068e-02  -2.1127817e-02  -5.4313209e-04   1.6304848e-03   6.6205902e-04
  -1.9196093e-02  -2.4214822e-02  -3.0729138e-02  -5.5124868e-04   1.2197890e-03   5.6461426e-04
  -1.8339325e-02  -1.0074419e-01  -5.1304249e-02  -5.1168540e-04   1.1605758e-03   7.3227781e-04
  -1.8421657e-02   3.0474866e-02  -7.0421252e-02  -1.1064698e-03   1.3210300e-03   5.9010829e-04
  -2.1889443e-02   1.1857011e-02  -6.2836185e-02  -7.9095665e-04   1.2425963e-03   5.5153412e-04
  -1.7439727e-02  -4.6799435e-02  -7.1340039e-02  -6.7099022e-04   1.2513908e-03   6.8481820e-04
  -1.6787331e-02   6.5490972e-02  -4.6713176e-02  -8.9395022e-04   1.3812830e-03   5.6459853e-04
  -1.6673164e-02  -6.8657617e-02  -6.9252503e-02  -4.4128498e-04   1.2700519e-03   7.3391082e-04
  -2.4686207e-02   3.4709352e-02  -7.6698538e-02  -1.2790440e-03   1.5166554e-03   5.6353105e-04
  -2.3329196e-02   8.3570303e-03  -7.3431051e-02  -8.3409417e-04   1.5390934e-03   7.2509296e-04
  -1.9632719e-02  -2.7298329e-02  -7.8909971e-02  -6.9897765e-04   1.4941196e-03   8.3614874e-04
  -1.9356104e-02   7.3467378e-02  -5.2762154e-02  -7.9694839e-04   1.5802955e-03   5.0243083e-04
  -3.3894764e-02  -7.1240303e-02  -3.7863671e-02  -9.3117090e-04   1.7938247e-03   4.2498983e-04
  -2.8838916e-02   1.9422128e-02  -7.9812165e-02  -1.1761822e-03   1.7103632e-03   5.0501586e-04
  -2.9623799e-02   6.9473972e-02  -7.8246819e-02  -9.8149973e-04   1.6073531e-03   4.4012409e-04
  -3.2939410e-02  -2.8900807e-02  -8.5440943e-02  -3.4845309e-04   1.6840041e-03   4.5124894e-04
  -3.1182459e-02   2.3424250e-02  -5.2075657e-02  -8.1579361e-04   1.7039853e-03   6.0104507e-04
  -4.4157411e-02   2.6340870e-02  -3.8643289e-02  -1.1459349e-03   1.7041730e-03   2.6070041e-04
  -4.8303448e-02  -3.0108379e-02  -5.7732979e-02  -9.3483151e-04   1.4776004e-03   4.0961103e-04
  -4.3517799e-02   2.9155900e-02  -6.4918412e-02  -9.5013658e-04   1.5211399e-03   2.5332683e-04
  -4.9699537e-02   6.8757250e-02  -6.0616014e-02  -1.0573052e-03   1.5589197e-03   1.1938580e-04
  -5.1315546e-02  -3.7312773e-02  -7.9719297e-02  -8.1080567e-04   1.5803363e-03   2.4347802e-04
  -4.8551413e-02   2.4593376e-02  -8.6481233e-02  -1.1005626e-03   1.6426768e-03   3.0946919e-04
  -5.1501159e-02   9.3072822e-02  -8.4418614e-02  -7.9299894e-04   1.6641149e-03   1.9323678e-04
  -5.1791312e-02  -1.2324987e-02  -6.7246433e-02  -1.0760270e-03   1.5660654e-03   2.1226851e-04
  -4.8015996e-02  -3.7971087e-02  -8.4966379e-02  -8.0672956e-04   1.7250168e-03   4.2188914e-04
  -5.5445422e-02   4.9979591e-02  -9.8570986e-02  -1.1868534e-03   1.7963594e-03   3.3012699e-04
  -5.5249407e-02   6.1379306e-02  -9.0829019e-02  -8.1472187e-04   1.8423430e-03   7.8738592e-05
  -6.4935936e-02   2.2966168e-02  -8.0908926e-02  -1.2152312e-03   1.6507808e-03   1.0351669e-04
  -6.3228058e-02  -2.6990286e-02  -8.2093643e-02  -6.3288716e-04   1.6455315e-03   1.2284775e-04
  -6.8858863e-02   2.2035157e-02  -9.2162234e-02  -1.0132784e-03   1.7165860e-03  -1.2379169e-05
  -6.7271094e-02  -2.7471907e-04  -8.5399602e-02  -9.4347067e-04   1.7316131e-03  -1.7439830e-04
  -7.2168249e-02   1.7023266e-02  -9.1911492e-02  -6.9786460e-04   1.8030331e-03  -1.7587963e-04
  -6.9692971e-02   3.6229411e-03  -1.0321401e-01  -8.2972858e-04   1.8807785e-03  -4.8896143e-05
  -6.0657527e-02   3.2369972e-02  -8.7512298e-02  -1.2100459e-03   2.0145515e-03   2.8120571e-07
  -6.0749308e-02   7.6707112e-02  -9.8280808e-02  -8.7683193e-04   2.0483547e-03  -9.6276253e-05
  -6.0066995e-02   2.0552740e-02  -9.4266269e-02  -1.1944549e-03   2.1282141e-03  -8.0815786e-05
  -6.5468314e-02   1.7596669e-02  -1.1910050e-01  -8.1757445e-04   2.0137256e-03  -1.7161407e-04
  -6.9535512e-02   9.8181683e-02  -9.1033337e-02  -1.2673710e-03   2.1023113e-03  -1.4096509e-04
  -7.2052378e-02  -1.2011816e-02  -8.1532473e-02  -8.9353639e-04   1.9974040e-03  -9.9777888e-05
  -7.3745913e-02   2.6499468e-02  -7.4902388e-02  -1.3583016e-03   2.0351576e-03  -7.6913514e-05
  -7.5710694e-02   2.9398663e-02  -6.9008877e-02  -1.4025876e-03   1.9259002e-03  -2.2884927e-04
  -7.1921341e-02   2.2866765e-02  -8.3288494e-02  -1.0279267e-03   1.9097612e-03  -1.6617933e-05
  -6.8610696e-02  -4.0743205e-02  -1.1001466e-01  -1.0955155e-03   1.9338685e-03  -1.2031602e-05
  -7.2255479e-02   7.6362558e-02  -1.2748131e-01  -1.2444368e-03   1.8421619e-03  -1.6774779e-04
  -7.7263285e-02   5.4234949e-02  -1.1919586e-01  -1.0863410e-03   1.9666729e-03  -2.6546778e-04
  -7.3882605e-02   3.3799517e-03  -1.0721027e-01  -5.9797447e-04   1.9575133e-03  -1.0361395e-04
  -7.2946415e-02   6.0875478e-02  -1.0356873e-01  -1.2759026e-03   2.1253026e-03  -1.0479636e-04
  -6.8432828e-02   7.0950899e-02  -9.9098798e-02  -1.2528203e-03   2.1977425e-03   2.5725365e-05
  -6.2865015e-02   1.1812413e-02  -1.0932366e-01  -1.0377344e-03   2.1657332e-03   8.0303716e-05
  -6.3631759e-02   9.2536778e-02  -1.1714582e-01  -1.4143616e-03   2.4145849e-03  -6.9710781e-05
  -6.4169633e-02  -2.8244935e-03  -1.0884441e-01  -1.0764013e-03   2.5859377e-03  -6.7843923e-05
  -6.5439420e-02   2.9505646e-02  -1.1819370e-01  -1.2148115e-03   2.5072964e-03   3.6867274e-05
  -6.9740965e-02   1.1710378e-01  -1.0987501e-01  -1.1678356e-03   2.6052187e-03  -4.8194076e-05
  -6.7620272e-02   2.0530083e-02  -1.1199923e-01  -4.0625971e-04   2.5005115e-03  -7.5116756e-05
  -7.0396517e-02  -1.9717507e-02  -1.0156003e-01  -8.6025013e-04   2.5206353e-03  -5.8066405e-06
  -7.0301317e-02   3.3712329e-02  -1.1418307e-01  -1.0885495e-03   2.4592668e-03  -2.1030555e-05
  -7.0632450e-02   6.6836053e-02  -1.2483590e-01  -7.3523992e-04   2.5655757e-03  -6.7493304e-05
  -6.8652924e-02  -9.9842977e-03  -1.2102900e-01  -9.8825416e-04   2.4051237e-03   1.2484693e-04
  -5.8561424e-02   5.7417847e-02  -1.3782295e-01  -6.7466936e-04   2.5906492e-03   2.2030312e-04
  -6.3025069e-02   3.8153511e-02  -1.0830638e-01  -8.5152993e-04   2.4167029e-03   2.5567211e-04
  -6.8710504e-02  -5.2871973e-04  -9.2725396e-02  -9.0841280e-04   2.5142894e-03   7.6940234e-05
  -6.4981453e-02  -1.8156158e-02  -1.1154726e-01  -5.8980156e-04   2.6333723e-03   6.4310866e-05
  -7.4548839e-02   5.6021923e-02  -1.0110646e-01  -1.4166127e-03   2.8125128e-03  -1.3026716e-04
  -6.9230571e-02   7.1251958e-02  -1.1438822e-01  -1.5429753e-03   3.2475971e-03  -2.0674803e-04
  -5.5619019e-02   2.2796983e-02  -1.2818919e-01  -1.3715524e-03   3.6300710e-03  -4.0189197e-04
  -5.2466596e-02   3.2338799e-02  -1.1623514e-01  -1.5620478e-03   3.4517530e-03  -2.7107081e-04
  -5.5503227e-02   5.7096278e-02  -1.1486671e-01  -1.4869475e-03   3.6585897e-03  -3.7065131e-04
  -6.0015920e-02   2.8828574e-02  -1.1248300e-01  -1.4647482e-03   3.4803520e-03  -4.4917342e-04
  -6.3400587e-02   2.5236002e-02  -1.0154448e-01  -1.8896912e-03   3.4566400e-03  -4.0894021e-04
  -7.2783363e-02   4.8591526e-02  -1.0224862e-01  -1.4274464e-03   3.4177881e-03  -5.8045894e-04
  -7.1676672e-02  -1.5987372e-02  -9.8879422e-02  -1.5094191e-03   3.2922057e-03  -2.8664799e-04
  -7.9048300e-02   1.1327247e-01  -1.0551228e-01  -1.8874981e-03   3.4823323e-03  -6.0911338e-04
  -6.9872455e-02   1.8081995e-02  -1.0806635e-01  -1.8672325e-03   3.4358944e-03  -4.8701492e-04
  -6.9338802e-02   3.7301649e-02  -1.1436965e-01  -1.3963902e-03   3.3398925e-03  -5.3601213e-04
  -6.6145590e-02   7.0109987e-02  -9.3465376e-02  -1.8073407e-03   3.4594896e-03  -5.8307911e-04
  -6.9061399e-02   6.3427566e-02  -8.4262028e-02  -1.7486032e-03   3.5387215e-03  -6.4920631e-04
  -7.0040836e-02   2.7776745e-02  -8.1082759e-02  -1.6185246e-03   3.5753472e-03  -6.1371063e-04
  -7.9215218e-02   3.0142213e-01  -6.6104788e-02  -1.9315777e-03   3.8361020e-03  -4.7293232e-04
  -7.9846869e-02  -2.4536591e-01  -1.1406771e-01  -1.8336043e-03   3.5851911e-03  -8.0820190e-04
  -9.6865358e-02   2.9954034e-02  -1.3047549e-01  -1.2110790e-03   3.4416479e-03  -5.7374103e-04
  -1.0603448e-01   8.2014671e-02  -1.1884245e-01  -8.7080495e-04   3.4661401e-03  -6.0421067e-04
  -9.7952058e-02   1.0594884e-01  -1.2067456e-01  -3.7648134e-04   3.8567126e-03  -4.8214328e-04
  -8.9693733e-02   6.6345719e-02  -7.8164642e-02  -1.4057902e-03   3.5356300e-03  -6.2046183e-04
  -9.2789854e-02  -3.4889390e-03  -8.5339058e-02  -1.3627080e-03   3.6274319e-03  -5.0559533e-04
  -9.2945751e-02   3.3119232e-02  -8.6960274e-02  -1.7795231e-03   3.5690331e-03  -5.8867582e-04
