   0.0000000e+00  -1.0715360e-14  -1.4210855e-14   3.8518599e-34   6.6819118e-52   1.4832332e-18
   1.3781032e-03   3.9431956e-02   1.0975146e-02  -2.1014264e-04   3.7312906e-04   2.6849755e-05
  -3.8066071e-03   1.7478408e-02  -3.6413595e-03  -3.7951034e-04   2.4403188e-04  -4.7042103e-05
  -4.1866837e-03  -4.5151477e-03  -1.4349033e-02  -6.1787578e-05   2.2860849e-04  -1.1124455e-05
  -1.2788209e-02  -1.2163067e-02   2.9873732e-03  -3.1264014e-05   3.3049100e-04  -1.6437616e-04
  -1.1636890e-02   1.8460853e-02  -9.6316847e-03  -1.5524121e-04   3.0247285e-04  -5.3959208e-05
  -1.5957835e-02  -5.3206147e-03   7.3569941e-03  -1.3677801e-04   2.2655702e-04  -1.9536409e-04
  -1.1892124e-02   5.6039613e-03   6.7461416e-03  -4.4810269e-04   2.1981397e-04  -1.9265811e-04
  -8.4661862e-03  -6.7839370e-03   2.1916963e-03  -4.3857045e-04   1.3258519e-04  -2.3969043e-04
  -1.3182141e-02   1.9649863e-02   8.2207387e-03  -5.3780180e-04   4.9969818e-04  -3.5795841e-04
  -1.0029620e-02   8.0881716e-03   9.7375940e-03  -6.2770987e-04   3.0169262e-04  -3.6603123e-04
  -1.6136727e-02   3.6269744e-03   2.1764867e-02  -4.8879188e-04   2.5375563e-04  -5.9385705e-04
  -1.5315018e-02   3.4940944e-03   1.7253316e-02  -4.8877602e-04   2.0235908e-04  -5.3727943e-04
  -2.0958670e-02   1.6708532e-02   6.7298749e-03  -7.0376114e-04   5.6876666e-05  -5.2683865e-04
  -2.8354033e-02  -1.8010268e-02  -9.9341746e-03  -1.4531565e-04   2.0019830e-04  -6.9237938e-04
  -2.3724788e-02  -2.5421500e-02  -1.2546176e-02  -4.9565534e-04   3.3801537e-04  -6.5652979e-04
  -8.7524446e-03   4.4141844e-03  -2.7541610e-02  -3.7190915e-04   1.5224435e-04  -4.3731315e-04
  -2.6937834e-02   3.1595505e-02  -1.5538201e-02  -4.2498540e-04   2.4705475e-04  -5.9161518e-04
  -3.3935528e-02  -9.8084739e-03   5.3935269e-03  -3.6739696e-04   2.0642509e-04  -5.5762193e-04
  -1.5771165e-02   5.1319725e-03   2.0763077e-03  -4.7041956e-04   3.8413674e-04  -3.8149481e-04
  -1.5542578e-02   3.1484340e-03  -5.6697941e-03  -3.4290454e-04   5.6090797e-04  -5.3097625e-04
  -1.6484410e-02  -3.5655027e-03  -1.2387248e-02  -3.9221049e-04   5.8485673e-04  -4.9381086e-04
  -1.7353695e-02   6.8553219e-03  -2.2663943e-03  -6.6431545e-04   7.2958847e-04  -6.1599938e-04
  -1.5087475e-02  -1.7742014e-02  -8.3984892e-03  -1.7083990e-04   7.0492834e-04  -7.1625707e-04
  -1.5578680e-02  -3.4423413e-02  -7.1720334e-03  -5.2407801e-04   6.3816781e-04  -6.4877905e-04
  -2.8695920e-02  -1.6243479e-02  -2.6808957e-02  -2.0312883e-04   8.7419540e-04  -7.6494172e-04
  -1.6649158e-02   5.9854293e-03  -1.6471455e-02  -6.3158064e-04   1.0096956e-03  -4.6315405e-04
  -2.8520327e-02   2.4487180e-05  -1.3189736e-02  -6.3522961e-04   1.0977978e-03  -7.4776289e-04
  -2.9708127e-02  -5.1504129e-02  -1.3328324e-02  -7.3328964e-04   1.1273736e-03  -1.1100776e-03
  -3.7326141e-02  -3.4309997e-02  -5.2833836e-03  -5.9381212e-04   1.3026316e-03  -1.1964923e-03
  -3.9240614e-02   1.1328738e-03   6.4084863e-03  -3.2828023e-04   9.8713425e-04  -1.2376093e-03
  -4.2616076e-02  -3.5699713e-02   1.1498105e-02  -4.0077125e-04   8.5529129e-04  -1.2581576e-03
  -4.2880657e-02  -6.6964945e-02  -1.2593861e-03  -4.1557514e-04   1.0947354e-03  -1.2304762e-03
  -4.2719864e-02   1.2664011e-03   1.9941370e-02  -6.8182021e-04   8.3747216e-04  -1.2122385e-03
  -3.0546922e-02  -1.6501204e-02  -2.3533435e-03  -5.2228082e-04   9.2113876e-04  -1.0747479e-03
  -3.2768648e-02  -1.8970778e-03  -6.7733257e-03  -2.0357116e-05   9.9604110e-04  -1.0899118e-03
  -4.3989687e-02  -2.1304722e-02   1.1924237e-02  -4.6943925e-06   1.1186132e-03  -1.2937632e-03
  -4.2160954e-02  -3.3562336e-02   1.2575922e-02  -2.0726217e-04   1.2163780e-03  -1.2795269e-03
  -4.4588819e-02   7.3813531e-03   1.1830995e-02  -2.3537236e-04   1.2713949e-03  -1.3589085e-03
  -3.5517521e-02  -2.7333589e-03  -3.1966494e-03  -4.0014813e-05   1.0197812e-03  -1.3178196e-03
  -4.0200145e-02  -3.4992080e-02   1.0139917e-02  -7.4343655e-05   1.0456154e-03  -1.3751400e-03
  -4.9389525e-02  -1.1992643e-02  -1.0814696e-02   2.0441620e-04   1.3185621e-03  -1.4581666e-03
  -6.4420206e-02  -2.2776575e-02  -7.6329301e-03   3.6581884e-05   1.6254906e-03  -1.8871562e-03
  -6.4384692e-02  -1.2215209e-02   5.5118157e-03   2.9030045e-04   1.4824488e-03  -1.9726458e-03
  -5.9200221e-02  -1.7538902e-02   7.8540478e-03   2.6387959e-05   1.4927070e-03  -1.9977817e-03
  -6.6085731e-02  -1.6232017e-02   1.2210833e-02   1.6678919e-04   1.2992273e-03  -1.9376841e-03
  -6.4817251e-02  -3.9101559e-02   4.1384262e-03   2.6417811e-04   1.3223022e-03  -1.7939948e-03
  -6.1447751e-02  -6.9308860e-03  -1.1025626e-02   2.2290004e-04   1.4375451e-03  -1.8443994e-03
  -4.9276296e-02  -1.7676883e-03  -8.3844206e-03   6.7320833e-04   1.3104412e-03  -1.7044392e-03
  -5.4417824e-02  -4.0228506e-02   2.9553560e-03   5.0100382e-04   1.3250822e-03  -1.8807637e-03
  -5.9371385e-02   5.0675299e-04   5.8715930e-04   4.5487239e-04   1.5760463e-03  -1.8823106e-03
  -6.1254002e-02  -1.1088490e-03   2.8141275e-03   1.6806399e-04   1.6135219e-03  -1.9648836e-03
  -6.4380167e-02   1.6071796e-02  -4.4992826e-03   6.4702297e-04   1.7089468e-03  -2.0879180e-03
  -6.3904445e-02   7.0049518e-04  -1.1436564e-02   2.4473847e-04   1.4332176e-03  -2.0302935e-03
  -7.0384100e-02  -1.8493519e-02  -5.3188939e-03   8.3362914e-05   1.5108828e-03  -2.1015988e-03
  -6.3586003e-02   2.2735367e-02  -2.2737933e-03   6.6267258e-04   1.7781045e-03  -1.9944359e-03
  -4.9415524e-02  -6.2958128e-02  -2.3777710e-02   1.1505550e-03   1.4830898e-03  -1.7096820e-03
  -4.9193675e-02   4.2664980e-03  -1.6959084e-02   1.3409353e-03   1.6076675e-03  -1.7292210e-03
  -4.1556798e-02  -7.5141556e-03  -2.9193146e-03   1.3073600e-03   1.4950689e-03  -1.5363820e-03
  -4.1600634e-02   1.2058487e-03  -9.0919157e-03   1.0469941e-03   1.8538276e-03  -1.5445007e-03
  -4.4962034e-02   4.0204028e-02   1.8569934e-03   7.3623288e-04   1.8446762e-03  -1.5990889e-03
  -4.3017506e-02   1.3520361e-02  -5.5970096e-03   8.8958142e-04   1.9002206e-03  -1.5811942e-03
  -3.7663446e-02   2.3553604e-02  -1.8801723e-02   7.3270952e-04   1.9192569e-03  -1.5954140e-03
  -3.7279533e-02   1.7940057e-03  -1.9656841e-02   6.1294808e-04   1.9690274e-03  -1.5575641e-03
  -3.5312184e-02  -7.4729604e-03  -1.7541648e-02   6.1489995e-04   2.0358631e-03  -1.5708680e-03
  -2.9560851e-02   1.1324623e-02  -2.0728320e-02   6.3608275e-04   2.0450667e-03  -1.3994177e-03
  -2.9886465e-02   1.7570451e-02  -2.7727190e-02   7.4812865e-04   2.2125417e-03  -1.4871413e-03
  -4.0027271e-02   1.1207007e-02  -2.4456881e-02   6.3152480e-04   2.3000115e-03  -1.7294504e-03
  -5.1930176e-02  -6.4563886e-04  -1.8461736e-02   4.7124013e-04   2.3443198e-03  -1.9905160e-03
  -4.3152822e-02  -4.6605272e-03  -2.4721614e-02   9.5790726e-04   2.5040407e-03  -1.8584559e-03
  -4.9743579e-02  -1.1417475e-02  -2.4421640e-02   5.8073786e-04   2.9319124e-03  -2.0952171e-03
  -5.8060268e-02   1.1541011e-03  -1.0248730e-02   7.1965619e-04   2.9675323e-03  -2.1890937e-03
  -5.2789684e-02   9.4750962e-03  -4.0601649e-03   8.3651244e-04   2.6906746e-03  -1.9324840e-03
  -5.7103678e-02  -2.1784485e-02  -8.0648298e-03   6.6764585e-04   2.8926987e-03  -2.0310789e-03
  -6.2745933e-02   2.3339571e-02   9.2918438e-04   6.2590433e-04   3.0526078e-03  -2.2434964e-03
  -6.9648197e-02   1.4887435e-02   1.3834917e-02   7.9734141e-04   3.1137723e-03  -2.3716505e-03
  -6.9549039e-02   4.4122665e-02   1.5953520e-02   1.2000490e-03   3.1523049e-03  -2.3725379e-03
  -6.6770786e-02   2.1558481e-02   1.5651842e-02   8.7583651e-04   2.9767290e-03  -2.2543348e-03
  -7.4478274e-02   2.0410209e-02   4.9053813e-03   6.6048134e-04   2.9073028e-03  -2.4089117e-03
  -7.8842046e-02  -6.9448529e-03   5.6797970e-03   8.7463076e-04   2.9901750e-03  -2.4581162e-03
  -8.8361760e-02   9.5642309e-03   1.0275396e-02   4.8921724e-04   3.2640195e-03  -2.7732135e-03
  -7.8442984e-02  -4.3047411e-02   1.6670509e-03   9.8123260e-04   3.2222706e-03  -2.8507587e-03
  -7.1535136e-02  -1.6392126e-02   8.1737991e-03   1.1374794e-03   3.0819860e-03  -2.7078757e-03
  -8.0362637e-02  -1.4755288e-02  -4.2445147e-03   9.5057067e-04   3.1259107e-03  -2.7963354e-03
  -8.5108982e-02   3.2043581e-02   7.5092985e-03   8.1636882e-04   3.0122644e-03  -2.6809555e-03
  -8.7678000e-02   7.8800704e-03   1.0088690e-02   8.2112521e-04   3.0514267e-03  -2.7191635e-03
  -7.8632269e-02  -2.6923388e-02   5.5778062e-03   7.4339142e-04   2.9677597e-03  -2.6073752e-03
  -7.9939307e-02  -1.3042362e-02  -1.1459575e-02   8.1727271e-04   3.1686221e-03  -2.6766246e-03
  -8.3178893e-02  -2.9840152e-03  -7.4416371e-03   6.7105433e-04   3.5665450e-03  -2.8049636e-03
  -7.1822871e-02  -1.2020046e-02  -1.8639706e-02   9.1222717e-04   3.4002990e-03  -2.6452728e-03
  -7.1079923e-02  -3.1318469e-02  -1.6356277e-02   8.0970329e-04   3.4893630e-03  -2.7151028e-03
  -7.4313019e-02  -5.7881897e-03  -1.4040539e-02   9.7577578e-04   3.2683645e-03  -2.7386855e-03
  -7.9501855e-02  -6.0414686e-04  -6.3162086e-03   7.1908254e-04   3.5177641e-03  -2.8160674e-03
  -9.6490971e-02  -1.6520019e-02  -1.3853061e-02   6.2275406e-04   3.7062896e-03  -3.3652882e-03
  -1.0543131e-01   5.8574503e-03  -4.0008091e-02   8.3593972e-04   3.5451550e-03  -3.5581530e-03
  -1.0591691e-01  -1.5088256e-02  -2.4104659e-02   6.1566012e-04   3.6841522e-03  -3.3918350e-03
  -9.9803161e-02   5.3477737e-03  -2.4419592e-02   8.1625058e-04   3.9868082e-03  -3.4051150e-03
  -9.8438414e-02   4.4619178e-02  -1.0093331e-02   8.2943060e-04   3.7545665e-03  -3.1333251e-03
  -8.1571979e-02   1.0282965e-02  -1.5840807e-02   7.5262305e-04   3.5246192e-03  -2.8836546e-03
  -7.0953827e-02   5.2887244e-03  -2.9713651e-02   5.7127712e-04   3.4541714e-03  -2.8276454e-03
  -6.3427246e-02   8.8778694e-03  -4.0891529e-02   9.2609677e-04   3.4550210e-03  -2.7715120e-03
  -5.9462774e-02  -5.5308760e-03  -4.4096394e-02   9.2593125e-04   3.6454886e-03  -2.7697891e-03
  -6.8147877e-02   2.5011956e-02  -3.1843280e-02   8.9581246e-04   3.5253215e-03  -2.9714719e-03
  -6.4715031e-02  -1.6383251e-02  -2.6966716e-02   1.0923638e-03   3.3647724e-03  -3.0292044e-03
  -5.8818430e-02  -1.2506617e-02  -3.0993157e-02   1.1627110e-03   3.4121938e-03  -2.9232456e-03
  -7.0042605e-02   3.3964685e-02  -3.4134757e-02   7.6380300e-04   3.3614866e-03  -3.0137230e-03
  -8.1557278e-02   2.5215687e-02  -3.7376734e-02   1.3982845e-03   3.2985597e-03  -3.2551304e-03
  -9.3816604e-02  -1.7897552e-03  -1.5571303e-02   7.2063455e-04   3.4336068e-03  -3.5074801e-03
  -9.3793235e-02  -1.8296256e-02  -3.8566617e-02   5.8500124e-04   3.4135391e-03  -3.3757552e-03
  -9.9359457e-02  -1.7062935e-03  -4.1963265e-02   5.7891659e-04   3.5107512e-03  -3.4919063e-03
  -1.0806613e-01  -1.3245586e-02  -3.8899279e-02   9.3466485e-04   3.4499146e-03  -3.5138250e-03
  -9.8224129e-02  -1.4783877e-02  -2.3412953e-02   1.3527298e-03   3.2626607e-03  -3.3152524e-03
  -9.5974052e-02   1.8783069e-02  -2.3391494e-02   1.6977811e-03   3.2369523e-03  -3.3642235e-03
  -1.0598076e-01  -9.2722451e-03  -1.2047754e-02   1.3052440e-03   3.5779601e-03  -3.5283820e-03
  -1.1274137e-01  -7.6755510e-04  -1.1319652e-02   1.1081197e-03   3.6591598e-03  -3.5559151e-03
  -1.1578083e-01  -2.9227877e-02  -2.3807080e-03   1.0166640e-03   3.8061554e-03  -3.7095587e-03
  -1.0982216e-01   9.5751075e-03  -3.0434488e-03   1.0271009e-03   3.9216673e-03  -3.6843097e-03
  -1.1663444e-01  -6.7114702e-03  -5.6770876e-04   1.2351082e-03   3.8740218e-03  -3.7948931e-03
  -1.1193425e-01  -5.5671156e-03   1.0229480e-03   1.3747856e-03   3.8182282e-03  -3.7902195e-03
  -1.1281921e-01   1.4060292e-02  -7.8632870e-03   1.3847236e-03   3.7564814e-03  -4.0259289e-03
  -1.0675381e-01   1.7557157e-02  -1.8432745e-02   1.2510006e-03   3.9271174e-03  -4.1921869e-03
  -1.2027215e-01   2.1597882e-02  -1.5819898e-02   1.3675280e-03   3.9749964e-03  -4.2319610e-03
  -1.2046644e-01   1.6351897e-02  -1.7153823e-03   1.5542020e-03   4.0253351e-03  -4.2905873e-03
  -1.2190367e-01   3.1132410e-03   7.4075990e-03   1.1436364e-03   3.8244349e-03  -4.1175712e-03
  -1.1508707e-01   1.4255142e-02   1.1979416e-03   1.3027472e-03   3.7088261e-03  -3.9825203e-03
  -1.1086443e-01   2.0899369e-02  -2.4221410e-02   1.2636524e-03   3.7239440e-03  -3.8136612e-03
  -1.1116078e-01   3.4622774e-02  -3.4997501e-02   1.4137517e-03   3.6253388e-03  -3.8851724e-03
  -1.0790992e-01   1.3797701e-03  -3.2290196e-02   1.3357992e-03   3.8390689e-03  -3.9526298e-03
  -1.0427908e-01   1.0626481e-02  -3.0421156e-02   1.2152271e-03   3.9668891e-03  -3.9490036e-03
  -1.0233024e-01   1.8129628e-02  -2.1527598e-02   1.0217181e-03   3.9671382e-03  -4.0058457e-03
  -9.6143050e-02   3.8754625e-02  -2.5325669e-02   1.2007686e-03   4.0569113e-03  -3.9342991e-03
  -9.6200552e-02   3.3813348e-02  -1.6956118e-02   1.1474807e-03   4.0874977e-03  -3.8783784e-03
  -1.0652345e-01   2.2481494e-02  -2.1633193e-02   1.7752106e-03   3.9123776e-03  -3.8160203e-03
  -1.1685252e-01   2.8025120e-02  -1.0747224e-02   1.2639490e-03   4.0136874e-03  -4.0467708e-03
  -1.1885621e-01   1.6922322e-02   9.1159545e-04   1.1938578e-03   4.0249988e-03  -4.0921934e-03
  -1.1425717e-01   2.2673235e-02   7.5607618e-03   1.1527679e-03   3.6672862e-03  -4.0566919e-03
  -1.0854622e-01  -1.8586976e-02   7.4438497e-03   1.0242800e-03   3.5866121e-03  -3.8480831e-03
  -1.1310489e-01   1.5753288e-02   8.9964490e-03   7.2836202e-04   3.8499585e-03  -3.8846117e-03
  -1.1434242e-01  -1.9157762e-03   4.9524394e-03   7.5412909e-04   3.8798768e-03  -3.9898787e-03
  -1.0491972e-01  -1.7121093e-02   1.8105575e-02   7.9543594e-04   4.2991922e-03  -4.0476288e-03
  -9.3010951e-02   3.6466158e-03   3.5201852e-04   1.3338046e-03   4.2727378e-03  -3.9571193e-03
  -9.5032136e-02   1.8445819e-03  -1.8070667e-03   1.1088733e-03   4.4990756e-03  -3.8564353e-03
  -9.7256994e-02   3.4516938e-02   3.3582218e-03   9.7354232e-04   4.6068387e-03  -3.9914203e-03
  -9.7916053e-02   9.4655416e-03   6.0847670e-03   1.1006711e-03   4.3777790e-03  -4.0047770e-03
  -9.1220262e-02   1.7626472e-02   2.1749123e-02   1.1635651e-03   4.4376079e-03  -3.9577019e-03
  -1.0186313e-01   1.6015735e-02  -3.7383288e-03   1.2648147e-03   4.4647159e-03  -4.1277982e-03
  -1.2166863e-01   1.3997205e-02   1.2105690e-03   1.0903798e-03   4.9693919e-03  -4.4697778e-03
  -1.1023289e-01   3.8169425e-03   1.4359058e-02   1.2218912e-03   4.8220568e-03  -4.3696961e-03
  -1.1115473e-01  -6.6314483e-03   3.4741928e-02   1.1657782e-03   5.0291911e-03  -4.4598565e-03
  -1.1793187e-01  -2.6239923e-02   2.4310340e-02   1.2207516e-03   4.7645115e-03  -4.5170031e-03
  -1.2973640e-01   4.4079437e-03   3.1339555e-02   7.3485876e-04   5.0127086e-03  -4.5668203e-03
  -1.3340539e-01   3.4197707e-02   2.7881577e-02   7.4572662e-04   4.9172728e-03  -4.6090818e-03
  -1.3530222e-01  -7.0482629e-03   3.7114793e-02   8.7311765e-04   4.9234846e-03  -4.6034136e-03
  -1.3848046e-01  -8.2377906e-03   4.4604971e-02   8.7787339e-04   5.0811837e-03  -4.7248218e-03
  -1.3457419e-01   1.1770190e-02   5.2409013e-02   8.4773720e-04   5.1677471e-03  -4.7692269e-03
  -1.3480935e-01   2.4781905e-02   5.5170132e-02   7.0051905e-04   5.4102182e-03  -4.8754287e-03
  -1.3288884e-01   4.1816416e-03   3.9329802e-02   6.0064854e-04   5.1242299e-03  -4.7632112e-03
  -1.3732638e-01  -1.1502665e-02   2.6406245e-02   9.8679349e-04   5.2129305e-03  -4.8022951e-03
  -1.4051966e-01   6.7898425e-04   3.6716727e-02   1.3060142e-03   5.5099425e-03  -4.9457319e-03
  -1.4138381e-01   2.5257477e-02   4.6362152e-02   1.5498900e-03   5.3926683e-03  -5.0759217e-03
  -1.3559163e-01  -2.3710973e-03   3.0410239e-02   1.3105758e-03   5.3653860e-03  -5.0290455e-03
  -1.2957997e-01  -3.5098133e-02   2.9302839e-02   9.9413845e-04   5.1703034e-03  -4.8328974e-03
  -1.3758528e-01   1.1541268e-02   1.2304202e-02   6.6597823e-04   5.0694571e-03  -4.8972269e-03
  -1.2399730e-01   8.7889646e-03   2.3801705e-02   8.2441965e-04   5.2002945e-03  -4.7362293e-03
  -1.2555773e-01  -3.1236438e-02   1.7649915e-02   5.5237783e-04   5.5158703e-03  -4.7926546e-03
  -1.2124802e-01   5.8455940e-04   9.1073793e-03   5.9843705e-04   5.3823722e-03  -4.7507500e-03
  -1.2101176e-01  -6.4191782e-04   9.6987497e-03   6.4670497e-04   5.4884574e-03  -4.7010393e-03
  -1.2119950e-01   1.6097603e-02   1.3176712e-02   4.9750228e-04   5.3430205e-03  -4.7925264e-03
  -1.2750099e-01   4.0761393e-02   1.4696309e-02   4.9265043e-04   5.7457227e-03  -4.9796388e-03
  -1.2406400e-01  -2.2180168e-02   1.3400404e-02   5.2670531e-04   5.5615088e-03  -4.8660399e-03
  -1.2430261e-01   6.5032656e-03   4.8457489e-03   6.7073229e-04   5.4142816e-03  -4.9005771e-03
  -1.2359431e-01   1.4015192e-02   8.5764330e-03   7.2761598e-04   5.5742393e-03  -4.8702980e-03
  -1.2342499e-01   1.8666259e-02  -2.9476369e-02   2.1099897e-03   5.3022243e-03  -4.8210202e-03
  -1.4193376e-01  -1.7883430e-02  -6.6053761e-03   1.6655555e-03   5.5996851e-03  -5.2451574e-03
  -1.3710182e-01   1.2789951e-02  -1.1160149e-02   1.4883535e-03   5.4797914e-03  -5.0505909e-03
  -1.4203334e-01   4.3746114e-03   1.8344867e-02   1.6809597e-03   5.3439876e-03  -5.0580464e-03
  -1.4337368e-01  -1.3604392e-02   1.5415420e-02   1.4038638e-03   5.5834989e-03  -5.1979037e-03
  -1.3847566e-01  -8.9950403e-04   1.8794804e-02   1.1467571e-03   5.3890389e-03  -5.0110253e-03
  -1.2527785e-01  -5.7966931e-03   2.0853039e-03   1.1493194e-03   5.5042501e-03  -4.8294760e-03
  -1.0099629e-01   1.6700096e-02  -6.9873012e-02   3.7077373e-03   5.0242385e-03  -4.0357101e-03
  -1.1581917e-01   5.1689460e-02  -3.6274215e-02   2.9921513e-03   5.2620091e-03  -4.5800957e-03
  -1.1192281e-01   7.8140504e-03  -2.5685475e-02   2.6683630e-03   5.3569277e-03  -4.5301809e-03
  -1.1702578e-01   3.4578306e-02  -2.1419354e-02   2.5038969e-03   5.5577623e-03  -4.7867585e-03
  -1.1283431e-01   1.4288732e-02  -5.1208091e-03   2.1461132e-03   5.8530244e-03  -4.8730654e-03
  -1.1007376e-01  -1.2649923e-02  -1.9304020e-03   2.0876570e-03   5.7245606e-03  -4.8650429e-03
  -1.1610397e-01   1.2920981e-03  -1.4312808e-02   1.9744226e-03   5.7893600e-03  -4.8531914e-03
  -1.3014382e-01   1.0484448e-02   2.8826942e-03   1.7341308e-03   5.9704401e-03  -5.0931447e-03
  -1.3506601e-01   3.6710304e-02   4.6936660e-04   1.6887871e-03   6.0013705e-03  -5.1087051e-03
  -1.2186582e-01  -1.1571793e-02  -4.2915646e-03   2.3179317e-03   5.5331972e-03  -4.7770487e-03
  -1.2538482e-01  -1.7189951e-02  -8.2232446e-03   2.0979193e-03   5.7757441e-03  -4.7963234e-03
  -1.2479122e-01   8.3848574e-03  -9.0902954e-03   1.7664047e-03   5.6574109e-03  -4.7616355e-03
  -1.3199848e-01  -3.9198211e-04  -4.4875016e-03   1.7830681e-03   5.6556979e-03  -4.8836264e-03
  -1.3563555e-01  -1.9651675e-02   5.3501087e-04   1.8091445e-03   5.7884594e-03  -4.9373660e-03
  -1.2979256e-01  -2.4986842e-02   2.6118165e-02   1.8507272e-03   5.9526359e-03  -5.0893011e-03
  -1.2642561e-01   5.3544681e-03   3.0419991e-02   2.2402598e-03   5.9456612e-03  -5.1761092e-03
  -1.2815132e-01  -1.5672072e-03   3.9298716e-02   2.2637160e-03   6.0533806e-03  -5.1694463e-03
  -1.2434033e-01   3.2731163e-02   4.3733134e-02   2.2605260e-03   6.0133726e-03  -5.0880005e-03
  -1.2367587e-01  -1.3936459e-03   3.7920864e-02   2.2385804e-03   6.0246574e-03  -4.9185001e-03
  -1.2353362e-01  -6.2669223e-04   2.6480580e-02   2.3522089e-03   5.7706072e-03  -4.9060714e-03
  -1.2289963e-01  -9.0110352e-03   2.6297632e-02   2.5234046e-03   5.7565439e-03  -4.8999551e-03
  -1.2418004e-01  -4.6318427e-03   1.5326458e-02   2.2727639e-03   5.7368474e-03  -4.9320631e-03
  -1.3099094e-01  -2.4542765e-02   2.1095950e-02   2.1460533e-03   5.8478732e-03  -5.2606608e-03
  -1.2519329e-01  -1.9377878e-02   1.3214577e-02   2.2146403e-03   5.9674797e-03  -5.0121510e-03
  -1.1870527e-01  -5.7265615e-03   2.6400306e-02   2.2471592e-03   6.0516076e-03  -4.9595931e-03
  -1.1545997e-01   1.1056971e-03   3.1660700e-02   2.2222411e-03   6.0129987e-03  -4.9169747e-03
  -1.2367437e-01  -3.7102613e-04   3.8651300e-02   2.1097243e-03   6.0627407e-03  -5.0280966e-03
  -1.2095742e-01  -3.1153341e-02   3.8894438e-02   2.1463783e-03   6.1809446e-03  -5.0887600e-03
  -1.1926478e-01  -2.6496441e-03   4.4302799e-02   2.1076914e-03   6.1901984e-03  -5.0501460e-03
  -1.2109522e-01   1.6379360e-02   4.1285301e-02   2.0712613e-03   6.0800100e-03  -5.0256512e-03
  -1.2239399e-01   1.0580561e-02   2.3404815e-02   2.3417907e-03   5.9942839e-03  -4.9556088e-03
