   1.1090480e-14   0.0000000e+00   0.0000000e+00  -2.4028766e-52   2.3138860e-86  -9.6296497e-35
   4.0931064e-02   2.0209830e-01  -5.6705083e-02   3.1809128e-03  -8.6668104e-04   8.6885523e-04
   2.3348955e-02  -3.0417445e-01  -9.9742936e-02   3.5851278e-03  -2.5779947e-04   2.0447814e-04
   2.0780579e-02   6.2194826e-02   1.6937610e-02   1.1875613e-03  -4.4287892e-04   1.5141428e-04
   3.0237743e-02   2.2046949e-02   3.3922413e-02   1.2407416e-03  -5.7456245e-04   5.0219860e-04
   3.3366191e-02   2.6853544e-02   6.2343772e-02   5.5036242e-04  -5.6933666e-04   3.9426772e-04
   3.4300558e-02   3.4734399e-02   5.6756745e-02   5.0349004e-04  -5.6208379e-04   2.6973039e-04
   3.2418765e-02   3.9673126e-02   5.3560062e-02  -2.9684797e-04  -5.6035734e-04   3.5529564e-04
   4.9662406e-02   9.9063445e-02   4.0940454e-02  -6.0619317e-04  -1.0287593e-03   7.2303883e-04
   3.8468599e-02   8.8107728e-02   3.4856538e-02  -1.0189213e-03  -7.5833251e-04   6.1283505e-04
   3.7783597e-02   4.6202437e-02   2.9642695e-02  -8.7255392e-04  -9.0724767e-04   4.7532036e-04
   4.0210716e-02   4.7434775e-02   2.0965334e-02  -7.7557422e-04  -8.8755187e-04   5.8683804e-04
   2.4812635e-02   9.6701845e-02   5.9226674e-02  -1.3213147e-03  -1.1117506e-03   3.9635720e-04
   2.1255923e-02   6.3991809e-02   6.8953331e-02  -1.3676292e-03  -1.0614778e-03   3.6299712e-04
   3.4678567e-02   5.9681012e-02   5.2154476e-02  -7.4370300e-04  -8.8677318e-04   5.1587126e-04
   3.1480431e-02   8.5610468e-02   5.9351468e-02  -1.2088509e-03  -1.3897523e-03   5.3032194e-04
   3.8561953e-02   8.3199554e-02   7.4637624e-02  -1.5251945e-03  -1.2061360e-03   7.0891787e-04
   2.9058686e-02   4.3758017e-02   6.5598876e-02  -1.2248233e-03  -8.6122851e-04   4.7914776e-04
   5.4337770e-02   7.7639177e-02   6.9283968e-02  -1.4851347e-03  -1.3043258e-03   7.2810466e-04
   5.1081623e-02   6.3584846e-02   6.9858524e-02  -1.6097988e-03  -1.1432929e-03   9.1292601e-04
   4.6021682e-02   4.7280524e-02   6.5375986e-02  -1.1258094e-03  -1.1354503e-03   8.3492166e-04
   5.4500768e-02   7.5416808e-02   6.6087859e-02  -1.3057895e-03  -1.5077146e-03   1.0244300e-03
   4.5105851e-02   7.8949399e-02   8.4836507e-02  -1.0374089e-03  -1.5871035e-03   1.0325428e-03
   5.1417769e-02   7.2993489e-02   9.5263683e-02  -1.2083998e-03  -1.9297517e-03   1.1504543e-03
   5.4155705e-02   1.8723623e-02   9.4325333e-02  -1.3200611e-03  -2.3842098e-03   1.2006242e-03
   6.6460567e-02   1.0017979e-01   1.0036144e-01  -1.4240669e-03  -2.6177478e-03   1.5580568e-03
   6.9721215e-02   3.2608059e-02   9.3351189e-02  -1.0684847e-03  -2.6525577e-03   1.6280786e-03
   9.4347112e-02  -2.1118530e-02   2.8252202e-02   9.8732453e-04  -3.2987139e-03   2.0184803e-03
   9.9571745e-02   1.2205566e-01   1.3592514e-02   1.0446414e-03  -3.2964023e-03   1.9031360e-03
   1.0372355e-01   1.4788565e-02   2.5072748e-02   7.3520336e-04  -3.0152142e-03   1.9635769e-03
   1.0803616e-01   3.6330360e-02   3.0328956e-02   8.2176980e-04  -3.3793306e-03   1.9767561e-03
   1.0531504e-01   9.0278908e-02   4.8436869e-02   5.9630259e-05  -3.3100453e-03   2.0311276e-03
   9.0108490e-02   5.9661662e-02   5.8396341e-02  -6.2959983e-04  -3.0970263e-03   1.9097424e-03
   8.0683092e-02   3.3868406e-03   6.4544013e-02  -5.4209058e-04  -3.1071110e-03   1.5900314e-03
   8.3138026e-02   9.0321387e-02   8.1432458e-02  -1.3048695e-03  -3.3403420e-03   1.5384235e-03
   7.7071849e-02   8.8326413e-02   9.2114153e-02  -1.3435497e-03  -3.2468822e-03   1.6970333e-03
   6.9636056e-02   8.7935110e-02   1.0447935e-01  -2.1678373e-03  -3.1980346e-03   1.4482879e-03
   6.9603918e-02   6.2114833e-02   1.0520853e-01  -2.2036598e-03  -3.1421450e-03   1.4426927e-03
   6.5885696e-02   4.1235250e-02   1.0622862e-01  -2.1147254e-03  -3.4163285e-03   1.3230858e-03
   6.8114526e-02   9.4850746e-02   1.3343683e-01  -2.5270832e-03  -3.3054958e-03   1.3698913e-03
   8.3359800e-02   6.7301807e-02   9.7783699e-02  -1.7487176e-03  -3.7404030e-03   1.4933583e-03
   7.7124192e-02   3.0207516e-03   7.1931061e-02  -1.0969281e-03  -3.1868068e-03   1.5964572e-03
   8.5733433e-02   8.4820887e-02   9.9055103e-02  -1.8251561e-03  -3.5264007e-03   1.8917966e-03
   5.1539380e-02   3.8351250e-02   6.4933706e-02  -1.6152197e-03  -2.0605992e-03   1.5884290e-03
   8.0809769e-02   7.7094981e-02   1.1220381e-01  -2.2864531e-03  -3.3852054e-03   1.8286060e-03
   7.6817064e-02   1.8678273e-02   1.1475847e-01  -2.3987139e-03  -3.4667401e-03   1.7030742e-03
   8.7961695e-02   1.1769461e-01   1.2146317e-01  -2.6118729e-03  -3.8471198e-03   1.7728406e-03
   9.1300715e-02   2.4341991e-02   1.0464752e-01  -2.5395972e-03  -3.6680049e-03   1.7431665e-03
   8.8564641e-02   6.0408005e-02   1.1578266e-01  -2.5745753e-03  -3.6528576e-03   1.7961022e-03
   8.3220804e-02   3.8231475e-02   1.4506621e-01  -2.9579870e-03  -3.5433356e-03   1.7111067e-03
   8.4889153e-02   4.4766395e-02   1.2898723e-01  -2.9712517e-03  -3.6225846e-03   1.7544719e-03
   8.9588510e-02   5.2763702e-02   1.2405745e-01  -2.8701597e-03  -3.9129538e-03   1.6947684e-03
   8.7029042e-02   4.8777894e-02   1.2686242e-01  -2.8025998e-03  -3.7925302e-03   1.7740196e-03
   9.3301221e-02   6.1284884e-02   1.2806345e-01  -2.6264379e-03  -4.1183429e-03   1.7643713e-03
   8.8724702e-02   2.4660313e-02   1.0899471e-01  -2.3254393e-03  -3.9198641e-03   1.7035432e-03
   9.2813507e-02   8.1936664e-02   1.1893867e-01  -2.8371273e-03  -3.8425389e-03   1.7386923e-03
   9.6812618e-02   5.6775161e-02   1.0400910e-01  -2.2270763e-03  -4.1351797e-03   1.7232644e-03
   1.0187788e-01   3.4566970e-01   1.3106623e-01  -2.8300505e-03  -4.0504354e-03   1.9907030e-03
   9.6233490e-02   1.4719669e-01   9.6548012e-02  -2.7276510e-03  -4.2600993e-03   1.6692171e-03
   1.0950563e-01   1.3811735e-01   7.3844106e-02  -2.3064933e-03  -4.1801967e-03   1.9901845e-03
   1.0799850e-01   5.0872443e-02   6.6876164e-02  -1.9346735e-03  -4.1698883e-03   1.9018846e-03
   1.0148414e-01   1.0182184e-01   9.1941564e-02  -2.1547948e-03  -4.2589834e-03   1.8140682e-03
   9.9929619e-02   2.4861578e-02   9.5709991e-02  -1.8550740e-03  -4.0293392e-03   1.8226391e-03
   1.0408741e-01   9.4167202e-02   1.0024160e-01  -1.9200072e-03  -4.3540370e-03   1.7151031e-03
   1.0240320e-01   9.0715171e-02   1.2715360e-01  -2.3103893e-03  -4.3193544e-03   1.8319020e-03
   9.4833713e-02   5.8066347e-02   1.2671495e-01  -2.6055275e-03  -4.4324097e-03   1.6014361e-03
   1.2265991e-01   6.4845892e-02   1.0200168e-01  -1.0002151e-03  -4.7991696e-03   2.2622863e-03
   1.5518308e-01   6.4549131e-02   6.0760397e-02  -1.4747742e-04  -5.7558818e-03   2.5847777e-03
   1.3035759e-01   8.6843847e-03   4.9667627e-02   1.3748734e-04  -4.6709692e-03   2.4078656e-03
   1.1999411e-01   6.8688989e-04   5.5652342e-02   1.3125033e-04  -4.5914353e-03   2.1656833e-03
   1.2826629e-01   4.9067328e-02   6.2459918e-02  -5.8799074e-04  -4.8649649e-03   2.0539869e-03
   1.1862858e-01   5.9098893e-02   8.0371587e-02  -1.5615923e-03  -4.6969016e-03   1.8128641e-03
   1.1881369e-01   1.2422988e-03   2.1387221e-03   1.4296375e-04  -4.9347247e-03   1.7279108e-03
   1.3837671e-01   3.3598979e-02   7.2336727e-03   9.9235809e-04  -5.3513183e-03   1.8479424e-03
   1.4786139e-01   2.2308681e-02   2.3065672e-02   3.1506324e-04  -5.6669019e-03   2.2561341e-03
   1.3155112e-01   5.7885000e-02   4.3657876e-02  -4.6830000e-04  -5.5361930e-03   1.8892822e-03
   1.4345774e-01   3.3195110e-02   4.5271907e-02  -5.0788263e-04  -5.5794439e-03   2.1952873e-03
   1.2705150e-01   4.6049415e-02   5.6554590e-02  -1.2858186e-03  -5.3393124e-03   1.7236010e-03
   1.3836440e-01   8.5665157e-02   3.5126734e-02  -1.2858563e-03  -5.3383198e-03   1.8918090e-03
   1.4938158e-01   1.1496916e-01   4.2202313e-02  -1.0770759e-03  -5.8541057e-03   2.0241687e-03
   1.4714816e-01   4.0671008e-02   3.4841587e-02  -3.6735807e-04  -5.3959889e-03   2.1537688e-03
   1.5502796e-01   9.9598989e-03   2.7772972e-02   3.5187560e-04  -5.3791225e-03   2.5508386e-03
   1.3491275e-01   9.1010210e-02   5.1181101e-02  -1.1043502e-03  -5.7114820e-03   2.0928361e-03
   1.3553117e-01   4.1372521e-02   4.2113476e-02  -4.6458905e-04  -4.8602184e-03   2.3659290e-03
   1.3320107e-01   9.0977174e-04   3.7348943e-02  -7.8743572e-04  -5.4740691e-03   1.9899886e-03
   1.4226996e-01   8.9238942e-02   4.3611813e-02  -9.5990580e-04  -5.5725025e-03   2.0593621e-03
   1.3466833e-01   6.5103500e-02   5.1045456e-02  -1.3042228e-03  -5.4416231e-03   1.9406853e-03
   1.2750814e-01   4.0960209e-02   6.3363198e-02  -1.3668218e-03  -5.2886028e-03   1.8695047e-03
   1.3079895e-01   4.0252123e-02   6.0945398e-02  -1.4997125e-03  -5.4005200e-03   1.7736493e-03
   1.2638716e-01   4.7743157e-02   7.1262599e-02  -1.9507757e-03  -5.2680355e-03   1.6971923e-03
   1.2746784e-01   9.9777603e-02   8.7354836e-02  -2.4881501e-03  -5.1204205e-03   1.7763905e-03
   1.3932766e-01   7.1943052e-02   6.6971989e-02  -2.2291512e-03  -5.2555458e-03   1.8250821e-03
   1.3834681e-01   4.8386140e-02   5.0272699e-02  -1.6422893e-03  -4.9578181e-03   1.8462613e-03
   1.3110435e-01   9.8421137e-03   2.9401074e-02  -1.1777693e-03  -4.5919956e-03   2.0493631e-03
   1.5123131e-01   9.1090246e-02   6.5068442e-02  -1.3622863e-03  -5.2786338e-03   2.1603062e-03
   1.4480572e-01   2.2090609e-02   6.5709970e-02  -1.9871805e-03  -5.1897860e-03   2.0195032e-03
   1.4608897e-01   1.0663590e-02   1.7068965e-02  -1.0753668e-03  -5.3444749e-03   2.1797235e-03
   1.6454921e-01   1.0995903e-01   1.2386106e-02  -4.9026223e-04  -5.8562010e-03   2.4621117e-03
   1.5901516e-01   2.8793425e-02   1.3910253e-02  -8.0048076e-04  -5.6294100e-03   2.2689283e-03
   1.4136879e-01  -1.1946117e-01   2.1292212e-02  -7.4236544e-04  -5.2855189e-03   2.0689348e-03
  -3.2292863e-02  -4.4321503e-02   1.7347293e-01  -1.7875912e-03  -2.3627600e-03   1.4962321e-03
   1.2004082e-01  -3.6727680e-02   5.5253823e-02  -1.8196228e-03  -4.1688363e-03   2.5417815e-03
   2.0995567e-01   1.7415533e-02   4.1726505e-02  -2.0149727e-03  -6.7964588e-03   2.9812969e-03
   2.1898847e-01   5.5008422e-02   5.0332753e-02  -2.0440603e-03  -7.1018734e-03   3.2212962e-03
   2.1501935e-01   6.5188563e-02   5.6246736e-02  -2.2323339e-03  -7.1722022e-03   3.1579323e-03
   2.2826029e-01   7.3713066e-02   2.2589074e-02  -9.3804979e-04  -7.3875055e-03   3.3058954e-03
   2.6103418e-01  -8.7123878e-03  -5.2962715e-02   8.2063444e-04  -7.7354933e-03   3.8373434e-03
   2.4402486e-01  -6.9864623e-03  -3.7030637e-02   4.2445861e-04  -7.2024682e-03   3.6371298e-03
   2.4479993e-01  -1.8489792e-02  -2.3250546e-02   4.3519906e-04  -7.7565205e-03   3.6051155e-03
   2.2892258e-01   4.0982143e-02  -1.0585565e-02  -3.4291566e-04  -7.2601943e-03   3.3668156e-03
   2.3444517e-01   3.2775731e-02  -5.9222063e-03  -8.8583042e-04  -7.3010422e-03   3.2408172e-03
   2.3689746e-01  -1.6202978e-02  -2.8794514e-03  -7.2293938e-04  -7.3751576e-03   3.2216138e-03
   2.4092028e-01   5.0507349e-02   6.7618672e-03  -9.0968155e-04  -7.5584949e-03   3.3731723e-03
   2.3123941e-01   3.8307864e-02   1.0246915e-02  -1.2830093e-03  -7.2133228e-03   3.3506031e-03
   2.4409364e-01   6.3505972e-02   1.0215103e-02  -1.2359535e-03  -7.2069795e-03   3.4798603e-03
   2.4464963e-01   1.6575446e-02   6.9044688e-03  -1.1274995e-03  -7.2825342e-03   3.5452424e-03
   2.4535087e-01   6.0871843e-02   5.6061968e-03  -1.2362513e-03  -7.3560868e-03   3.5965816e-03
   2.4209065e-01   7.3583951e-02   5.7879669e-03  -1.4672379e-03  -7.4305886e-03   3.6935082e-03
   2.3873043e-01   5.5109318e-02  -1.3183024e-02  -8.9993250e-04  -7.3982142e-03   3.5895460e-03
   2.5058442e-01   5.0066570e-02   4.3322957e-03  -1.2197164e-03  -7.3519014e-03   3.6369699e-03
   2.4313388e-01   1.5556638e-02   2.2507930e-03  -7.1265707e-04  -7.6099216e-03   3.6208159e-03
   2.5427430e-01   6.2825356e-02   1.4616755e-02  -1.0143644e-03  -7.6343368e-03   3.6112009e-03
   2.6503718e-01   3.5810814e-02   5.3724212e-03  -1.0542487e-03  -7.4797505e-03   3.6245079e-03
   2.6046883e-01   6.7210380e-02  -1.2584953e-02  -8.2038722e-04  -7.3643729e-03   3.7808944e-03
   2.5932310e-01   1.8930451e-03  -1.7667609e-02  -1.6110546e-04  -7.5042607e-03   3.9760799e-03
   2.6276727e-01   7.2181963e-02  -3.8695297e-03  -6.0272239e-04  -7.8425828e-03   3.9067146e-03
   2.5618773e-01   1.6538904e-02   2.7519508e-03  -3.7457135e-04  -7.5460179e-03   3.8807587e-03
   2.4906575e-01   3.9544276e-02   4.2094754e-03  -4.8114314e-04  -7.6248812e-03   3.7690898e-03
   2.4347939e-01   3.9175340e-02   1.2350354e-02  -6.4795709e-04  -7.6715103e-03   3.6702855e-03
   2.4528780e-01   9.2811890e-03   2.0558690e-02  -9.7662563e-04  -7.6220892e-03   3.4445009e-03
   2.5164399e-01   8.8213012e-02   1.4504676e-02  -9.9564039e-04  -7.9188781e-03   3.6288352e-03
   2.8054835e-01   1.6237063e-01   2.8179300e-02   9.1125053e-04  -9.0261170e-03   4.3143697e-03
   2.6343521e-01   1.5855039e-01   7.2129713e-02   3.9290944e-04  -9.1700528e-03   3.5258217e-03
   2.0195442e-01  -2.0739294e-01  -9.2883444e-03  -1.2796509e-03  -7.0304708e-03   2.6181362e-03
   2.1125267e-01   4.1303275e-02   1.1061302e-02  -6.2341811e-04  -7.0576743e-03   2.6402706e-03
   2.0281617e-01   5.1020927e-02   4.1414246e-02  -1.0653320e-03  -7.0097278e-03   2.4902771e-03
   2.0120114e-01   4.3996846e-02   6.6892807e-02  -1.2375582e-03  -6.7306311e-03   2.6215443e-03
   1.9420425e-01   2.0230885e-02   6.5739735e-02  -1.5621956e-03  -7.0129988e-03   2.2937018e-03
   1.9510522e-01   3.7611688e-02   5.7525956e-02  -1.7350206e-03  -6.9625075e-03   2.2618976e-03
   2.1499092e-01   7.5788955e-02   1.4039513e-02  -1.3483049e-03  -7.4636022e-03   2.6476315e-03
   2.1292392e-01  -8.3224290e-03   2.1052761e-02  -9.9744989e-04  -7.5396172e-03   2.7978525e-03
   2.1906301e-01   9.9206434e-03   9.6811234e-03  -1.1009130e-03  -7.8151830e-03   2.8007349e-03
   2.2425706e-01   6.3351454e-02   8.2989506e-03  -1.3207478e-03  -7.9889442e-03   2.8234021e-03
   2.2903767e-01   7.3760099e-02   6.5368418e-03  -1.1208098e-03  -7.7607352e-03   3.3582194e-03
   2.4954548e-01   7.3307283e-02   2.5794681e-02  -1.6323354e-03  -7.9864954e-03   3.4969836e-03
   2.2299333e-01   2.3791741e-02  -5.8160758e-03  -1.1438776e-03  -7.3780871e-03   2.8588601e-03
   2.2985129e-01   9.9843886e-02  -8.3113222e-03  -6.8115867e-04  -7.4762760e-03   3.1006129e-03
   2.1826718e-01   2.0708781e-02  -5.8460602e-03  -1.1588410e-03  -7.6014140e-03   2.8553843e-03
   2.1264857e-01   3.9734398e-02  -1.1513249e-02  -1.2469021e-03  -7.4379106e-03   2.8750063e-03
   2.2105099e-01   6.4978835e-02  -9.7912808e-03  -1.6071732e-03  -7.7192724e-03   2.9452583e-03
   2.2165582e-01   1.1328666e-01  -1.1221589e-02  -1.1951935e-03  -7.6668999e-03   3.1807113e-03
   2.2771975e-01   6.1203396e-02  -1.7664758e-02  -9.9160825e-04  -7.5338079e-03   3.4435347e-03
   2.0509764e-01   2.9930432e-02  -2.9165013e-04  -1.1557749e-03  -7.8359370e-03   3.0013229e-03
   2.0981149e-01   3.0483386e-02  -8.7346474e-03  -1.0863896e-03  -7.7036892e-03   3.0026515e-03
   2.2024508e-01   3.6398030e-02  -5.2043732e-03  -1.2480736e-03  -7.8554745e-03   2.9910919e-03
   2.1601148e-01   7.6187944e-02   1.9106677e-02  -1.7090623e-03  -7.8388552e-03   3.0317572e-03
   2.1696775e-01   1.8352986e-02   2.1614581e-02  -1.8523500e-03  -7.8641836e-03   3.0425109e-03
   2.2969887e-01   2.9640476e-02  -5.9470185e-03  -1.4675062e-03  -7.6707543e-03   2.9201785e-03
   2.3087069e-01   7.1844231e-02  -5.8828543e-03  -1.9175463e-03  -7.6042432e-03   2.9147040e-03
   2.2427794e-01   8.0390930e-02  -1.1553230e-02  -1.5678819e-03  -7.7808001e-03   3.0821419e-03
   2.1784334e-01   4.1351034e-02   7.7463023e-03  -1.8434138e-03  -7.5113119e-03   2.8747604e-03
   2.2465930e-01   1.3673981e-02  -1.7189572e-03  -1.7080412e-03  -7.5420205e-03   2.9430465e-03
   2.2843585e-01   9.4189588e-02   6.2336808e-03  -1.5719140e-03  -7.9446055e-03   3.0856581e-03
   2.4137547e-01   6.1631129e-02  -1.3009864e-02  -1.2432278e-03  -7.9056223e-03   3.2164478e-03
   2.3986729e-01   3.8207561e-02  -2.1338731e-02  -8.2527036e-04  -7.8458754e-03   3.1979440e-03
   2.4402473e-01   6.4806880e-02  -1.7554688e-02  -1.0154972e-03  -8.1110851e-03   3.3830620e-03
   2.3733655e-01   4.1726309e-02  -1.7603546e-02  -1.3012550e-03  -7.9159762e-03   3.1918865e-03
   2.5329042e-01   4.5984560e-02  -2.1910805e-02  -1.2602914e-03  -7.6813415e-03   3.6154287e-03
   2.3912089e-01   4.5885276e-02  -1.3400418e-02  -1.1958535e-03  -7.9092696e-03   3.2307254e-03
   2.3655614e-01   2.1189327e-02  -4.4195156e-03  -1.2921876e-03  -7.9739040e-03   3.1366206e-03
   2.3407294e-01   7.7063749e-02   4.7331782e-03  -1.7080358e-03  -7.9378001e-03   3.1400109e-03
   2.3598696e-01   3.8672370e-02   3.2674298e-03  -1.5190031e-03  -7.9135529e-03   3.1337565e-03
   2.4001284e-01   5.4389573e-02   1.1220655e-02  -1.6522697e-03  -8.0340288e-03   3.2523491e-03
   2.3409618e-01   9.3546773e-03  -3.6276896e-03  -1.5941761e-03  -7.9567077e-03   3.0843866e-03
   2.3524386e-01   8.0285677e-02  -1.7542019e-02  -1.7484859e-03  -7.9703704e-03   3.1298257e-03
   2.4970166e-01   1.4049376e-01  -8.4471591e-03  -2.0034683e-03  -8.3476757e-03   3.3763320e-03
   2.4778882e-01  -2.1893968e-02  -9.7126178e-02  -2.6985680e-04  -8.1333037e-03   3.1681909e-03
   2.5206190e-01   5.8100422e-02  -6.2201238e-02  -1.1876591e-03  -8.3068317e-03   3.3620706e-03
   2.5090081e-01  -1.2014043e-02  -5.1439125e-02  -1.0166362e-03  -8.4301299e-03   3.3590142e-03
   2.6426807e-01   4.8422206e-02  -4.6156203e-02  -1.6760947e-03  -8.7527576e-03   3.6215818e-03
   2.4408956e-01   2.9352129e-02  -3.8994142e-02  -1.9119739e-03  -8.7727494e-03   3.5277718e-03
   2.3414513e-01   5.8770266e-02  -5.2249110e-02  -2.0114588e-03  -8.6516125e-03   3.4135413e-03
   2.3858903e-01   4.6425528e-02  -7.2288497e-02  -1.5718741e-03  -8.5588515e-03   3.2817401e-03
   2.4530473e-01   2.4177021e-02  -8.5848301e-02  -1.3871001e-03  -8.4071423e-03   3.2076296e-03
   2.7245419e-01   1.0421969e-01  -7.5632398e-02  -7.7383307e-04  -9.1768876e-03   3.7523212e-03
   2.6238443e-01   5.1972976e-02  -9.6072193e-02  -3.4157080e-04  -8.6676487e-03   3.6597178e-03
   2.6287218e-01   9.5431661e-03  -1.0880465e-01   2.6989105e-04  -8.5646159e-03   3.7731196e-03
   2.7668779e-01   7.8071125e-02  -9.7992984e-02   9.5848618e-05  -9.0565394e-03   4.0435255e-03
   2.6904862e-01   2.8373514e-02  -9.1580124e-02   4.6088164e-06  -8.7087698e-03   3.9883874e-03
   2.6727682e-01  -1.4920815e-02  -6.8282000e-02  -3.0295988e-04  -8.7342537e-03   3.8574890e-03
   2.6821140e-01   2.7414945e-02  -7.5203186e-02  -3.5101937e-04  -8.7670572e-03   3.9538000e-03
   2.7395937e-01   2.7552105e-02  -6.7343750e-02  -9.7239871e-05  -8.8952514e-03   4.0614897e-03
   2.8085661e-01   1.1911310e-02  -7.2541317e-02  -2.2614757e-04  -9.0408810e-03   4.0152752e-03
   2.7129562e-01   2.0183465e-02  -6.9016338e-02  -5.8319838e-04  -9.0377494e-03   3.8137428e-03
   2.7565938e-01   5.9921234e-02  -7.2108439e-02  -7.2263940e-04  -9.1896793e-03   3.8150149e-03
   2.7152848e-01   6.6340529e-02  -5.4376230e-02  -1.0893535e-03  -9.5434603e-03   3.8515974e-03
   3.0591403e-01   1.2752721e-01  -6.1117470e-02   5.1334133e-04  -1.0232097e-02   4.4785906e-03
   2.9231091e-01  -4.5434797e-03  -9.1937180e-02   3.6559097e-04  -1.0220284e-02   3.9623083e-03
   2.6232537e-01  -8.4489992e-02  -1.0009788e-01  -3.5900015e-04  -8.9943116e-03   3.7554168e-03
   2.5977102e-01  -2.5030517e-02  -7.9818801e-02   8.8231704e-05  -9.1411949e-03   3.7804738e-03
   2.5378415e-01   6.8705173e-02  -4.7987740e-02  -6.6194142e-06  -9.2091241e-03   3.9520660e-03
   2.5166929e-01   1.0841852e-03  -3.8229858e-02  -1.1303670e-04  -9.5026549e-03   3.8404770e-03
   2.3286941e-01  -2.2667811e-02  -3.4172586e-02  -4.4273464e-04  -9.8145957e-03   3.5347639e-03
   2.3650008e-01   3.8255642e-02  -3.8752445e-02  -7.0639061e-04  -9.7965769e-03   3.5229214e-03
   2.3345793e-01   2.1794501e-02  -3.7255462e-02  -9.9628300e-04  -9.6688683e-03   3.4475014e-03
   2.2558073e-01   2.4445107e-02  -2.9758634e-02  -1.0677262e-03  -9.6701927e-03   3.3509738e-03
   2.2556918e-01   3.8010814e-04  -4.4949074e-02  -9.0634772e-04  -9.8873265e-03   3.4093767e-03
   2.2137377e-01   7.1867189e-02  -3.3971759e-02  -1.2822336e-03  -1.0072418e-02   3.3231990e-03
   2.0920308e-01   4.9792211e-02  -3.8758173e-02  -1.5901545e-03  -9.8483597e-03   3.1796608e-03
   2.2146683e-01   1.0345030e-01  -3.8371183e-02  -1.0740130e-03  -9.6040111e-03   3.3841416e-03
