   0.0000000e+00   0.0000000e+00   0.0000000e+00   0.0000000e+00   0.0000000e+00   0.0000000e+00
   1.0939912e-02   4.8826052e-02   1.0089008e-02   2.2756733e-04   1.8662797e-05   1.9200681e-04
   4.1244891e-02   4.6812416e-03   4.5822662e-02   1.8070277e-05  -1.2726165e-04   3.9925705e-04
   4.5443629e-02  -1.5286687e-02   3.6596272e-02   4.9989554e-04   8.1671765e-05   4.0550047e-04
   4.6296917e-02   5.5303221e-02   3.8191882e-02   1.9664964e-04   2.3434884e-04   4.1775898e-04
   6.4836909e-02   5.5883200e-03   2.8038349e-02   7.3651962e-05   1.9820688e-04   7.5621152e-04
   9.8273109e-02  -9.2193162e-04   4.6265906e-02  -6.6268634e-05   8.2354988e-05   1.2202180e-03
   1.3223930e-01   7.5537670e-04   2.7561886e-02   3.4079192e-04   2.3894518e-04   1.8140796e-03
   1.2196532e-01   2.8877404e-02   2.2158986e-02  -9.0114006e-05   1.0967333e-04   1.8346896e-03
   1.2779325e-01  -1.2647319e-02   4.4286752e-02   1.0034115e-04   7.1509787e-04   2.2878403e-03
   1.3911781e-01  -1.1732940e-03   8.9748761e-02   1.8944134e-04   1.0662599e-03   2.6752676e-03
   1.3930559e-01  -1.2689789e-02   1.1695737e-01  -2.3755940e-04   1.4528187e-03   2.7974625e-03
   1.7617102e-01  -1.3829360e-02   1.0048753e-01   9.6639009e-05   1.0214875e-03   3.2411716e-03
   1.7708455e-01   7.7001818e-02   8.8405526e-02  -3.7965365e-04   1.5709077e-03   3.5964537e-03
   1.8222843e-01   1.9236968e-02   9.6547008e-02   3.4615852e-04   1.1821376e-03   3.3729305e-03
   1.8042839e-01  -3.9041945e-03   1.0748887e-01   6.2983196e-05   1.3097392e-03   3.4322639e-03
   1.8215298e-01  -3.6860311e-02   4.1064044e-02   8.9392510e-04   1.4721943e-03   4.0046037e-03
   1.9129161e-01   1.0081422e-01   7.5815256e-02   5.8193035e-04   1.3287717e-03   4.0638997e-03
   2.0953297e-01   5.0419995e-02   7.9526261e-02   2.8662926e-04   1.0031133e-03   4.3526188e-03
   2.1127209e-01   4.1683587e-03   8.8117197e-02   9.0394752e-05   1.2563388e-03   4.5248609e-03
   2.1751193e-01   2.3511867e-02   8.8460008e-02  -8.4188497e-05   1.1463751e-03   5.0333587e-03
   2.0230826e-01   2.6673178e-02   1.3424984e-01   1.2214447e-04   2.1241204e-03   4.9966869e-03
   2.4418083e-01   5.9069982e-02   1.5050722e-01   2.2546993e-04   1.4674513e-03   5.5398722e-03
   2.6890511e-01   2.2887062e-02   1.5182160e-01   3.7878539e-04   1.2660340e-03   6.1720724e-03
   2.6862831e-01   6.0508193e-02   1.6511091e-01   4.4557305e-04   1.2005147e-03   6.4857485e-03
   2.6304658e-01   4.3917411e-02   1.5926188e-01   5.1990076e-04   1.1962371e-03   6.4662103e-03
   2.7693041e-01   5.1893391e-02   1.5183976e-01   7.6304534e-04   8.7332939e-04   7.0076974e-03
   2.7896973e-01   9.7811835e-02   6.2513025e-02   1.7296684e-03   1.1532833e-03   7.3330287e-03
   2.9731955e-01   4.0314654e-02   8.0275907e-02   1.6619679e-03   9.9931032e-04   7.6071562e-03
   3.0716475e-01   3.6126601e-02   1.1154037e-01   1.9438657e-03   8.6842126e-04   7.6075132e-03
   3.0911983e-01   7.3678368e-02   5.2950362e-02   2.5468570e-03   9.2620092e-04   7.9841550e-03
   4.7919476e-01   2.8978698e-01  -6.4044146e-01   1.5164337e-02  -1.7868225e-04   1.3358554e-02
   3.1017308e+00  -5.0853508e-01   2.2347703e+00  -6.8685888e-04   3.5746875e-03   5.7280521e-03
   2.9833988e+00  -1.0700121e+00   1.6505999e+00   1.5979090e-02   4.9029334e-03   2.1788432e-05
   2.8780394e+00  -9.4248542e-06   1.7981189e+00   2.0799755e-02   6.1749672e-03  -3.6511995e-03
   2.8762518e+00   1.3051902e-01   1.8489646e+00   2.4632470e-02   7.0781952e-03  -3.5879835e-03
   2.8492770e+00   5.9861777e-02   1.9343471e+00   2.5348808e-02   7.6906076e-03  -5.1148831e-03
   2.8240364e+00   1.3945851e-01   1.9070886e+00   2.4909614e-02   7.6598825e-03  -5.2960794e-03
   2.7594605e+00   5.8470585e-02   1.9978348e+00   2.6328053e-02   6.5893259e-03  -6.4324474e-03
   2.7691722e+00   6.8693627e-02   1.8643938e+00   2.7628132e-02   7.4440645e-03  -5.9473157e-03
   2.7299680e+00   1.1617186e-01   1.8722600e+00   2.9059929e-02   7.8237052e-03  -6.8746922e-03
   2.7380873e+00   1.3902545e-01   1.8824651e+00   2.9455197e-02   8.1909548e-03  -6.6829304e-03
   2.7302187e+00   1.5704368e-01   1.9017679e+00   3.0029806e-02   8.5809776e-03  -6.3470432e-03
   2.7431820e+00   1.6368746e-01   1.8807545e+00   3.0457901e-02   9.2019487e-03  -5.5435570e-03
   2.7425025e+00   2.2716703e-01   1.9248818e+00   3.0780263e-02   9.4314920e-03  -5.4316739e-03
   2.7567289e+00   2.2893986e-01   1.9674308e+00   3.0663720e-02   9.5883861e-03  -4.9214959e-03
   2.7603818e+00   1.5071582e-01   1.9559240e+00   3.1285626e-02   9.9289819e-03  -5.0829633e-03
   2.7344825e+00   2.0078087e-01   1.9719950e+00   3.1666815e-02   1.0917770e-02  -4.9581603e-03
   2.7217148e+00   2.7189939e-01   1.9430154e+00   3.1218319e-02   9.6942838e-03  -5.7567206e-03
   2.6764634e+00   3.1283166e-01   2.0208597e+00   3.3373321e-02   1.0547698e-02  -6.3197847e-03
   2.5473971e+00   5.6734961e-01   2.8858820e+00   5.6477504e-02  -7.4357513e-04  -1.1039064e-02
   2.6969860e+00  -2.4504852e-02   2.1356960e+00   4.4436877e-02   6.5705400e-03  -9.1303317e-03
   2.6689530e+00   2.7140117e-01   2.2627590e+00   4.0969731e-02   9.5647704e-03  -8.4678414e-03
   2.6921274e+00   2.2600849e-01   2.2463011e+00   4.1472419e-02   1.0226643e-02  -7.7246322e-03
   2.6546311e+00   3.5726863e-01   2.2321467e+00   4.1815106e-02   1.0427672e-02  -8.5753107e-03
   2.6360945e+00   3.0787854e-01   2.2322689e+00   4.2301568e-02   1.0696149e-02  -9.0405120e-03
   2.6366984e+00   3.4087984e-01   2.2445024e+00   4.2451561e-02   1.0736579e-02  -9.1390078e-03
   2.6347176e+00   3.2169100e-01   2.2662655e+00   4.2007742e-02   1.0930483e-02  -9.1911914e-03
   2.6232118e+00   3.2450139e-01   2.2956374e+00   4.2421072e-02   1.1986251e-02  -8.3013771e-03
   2.6174866e+00   3.1853430e-01   2.2925304e+00   4.1365138e-02   1.1610415e-02  -8.2711299e-03
   2.6294362e+00   3.0673351e-01   2.2911951e+00   4.1920067e-02   1.1430957e-02  -8.4410868e-03
   2.5974725e+00   4.1788086e-01   2.3083589e+00   4.0825266e-02   1.2071956e-02  -8.3437633e-03
   2.6237123e+00   2.6944602e-01   2.2776017e+00   4.0992167e-02   1.1269691e-02  -8.1233374e-03
   2.6197562e+00   3.5473175e-01   2.2208352e+00   4.0901072e-02   1.0949105e-02  -8.5844858e-03
   2.6053414e+00   3.5267195e-01   2.2772285e+00   4.0135284e-02   1.0813542e-02  -9.1014410e-03
   2.6093509e+00   3.4829411e-01   2.3099948e+00   4.0537992e-02   1.0514191e-02  -8.9772152e-03
   2.5864212e+00   3.5775840e-01   2.2428739e+00   4.1843023e-02   1.1177201e-02  -9.6169383e-03
   2.5707179e+00   4.0186397e-01   2.2975389e+00   4.2007555e-02   1.1412011e-02  -1.0116193e-02
   2.5630200e+00   4.0945430e-01   2.2808321e+00   4.1553594e-02   1.1991102e-02  -1.0179416e-02
   2.5425635e+00   3.7584269e-01   2.3080676e+00   4.1628661e-02   1.2113381e-02  -1.0595362e-02
   2.5513523e+00   3.5369407e-01   2.3227152e+00   4.1755240e-02   1.2258767e-02  -1.0382949e-02
   2.5901871e+00   3.9997125e-01   2.2780826e+00   4.0706945e-02   1.1862256e-02  -8.9113407e-03
   2.5891747e+00   4.1934724e-01   2.2631548e+00   4.0307698e-02   1.1645612e-02  -9.6158808e-03
   2.5893235e+00   3.7784321e-01   2.2163395e+00   4.0029071e-02   1.1544023e-02  -8.3980335e-03
   2.5883088e+00   3.8725252e-01   2.2672170e+00   4.0593358e-02   1.1542899e-02  -8.6097314e-03
   2.6202591e+00   3.7645068e-01   2.2786285e+00   4.0684041e-02   1.1377788e-02  -7.9236317e-03
   2.5891725e+00   4.0576407e-01   2.3237794e+00   4.0523037e-02   1.2202858e-02  -8.3167946e-03
   2.5708725e+00   4.0743736e-01   2.4078098e+00   4.1109291e-02   1.2945567e-02  -8.2310982e-03
   2.5878097e+00   3.5339406e-01   2.3314085e+00   4.0871513e-02   1.1998821e-02  -8.0435869e-03
   2.5904334e+00   3.6576792e-01   2.3278179e+00   4.0659336e-02   1.2047288e-02  -8.8309187e-03
   2.5827609e+00   4.2399786e-01   2.3066472e+00   4.0420121e-02   1.1957946e-02  -8.5525563e-03
   2.5909109e+00   3.9087860e-01   2.3340549e+00   4.0728180e-02   1.2380185e-02  -8.1852104e-03
   2.5729714e+00   4.4464442e-01   2.3112961e+00   4.0495783e-02   1.2513814e-02  -8.4328780e-03
   2.5671910e+00   4.0783848e-01   2.3065071e+00   4.0302678e-02   1.2276852e-02  -8.5367899e-03
   2.5677994e+00   4.3188029e-01   2.3275739e+00   4.0355346e-02   1.2134661e-02  -8.5310137e-03
   2.5731454e+00   3.8458942e-01   2.3231788e+00   4.0373538e-02   1.2151483e-02  -8.4565324e-03
   2.5715074e+00   4.0043477e-01   2.3227314e+00   4.0732717e-02   1.2234211e-02  -8.3996949e-03
   2.5515477e+00   4.4682798e-01   2.3691059e+00   4.0235064e-02   1.3012272e-02  -8.3792080e-03
   2.5531133e+00   4.3397875e-01   2.3319438e+00   4.0200747e-02   1.3173903e-02  -8.2650692e-03
   2.5648060e+00   4.0655310e-01   2.3292700e+00   4.0512771e-02   1.2620942e-02  -8.2523239e-03
   2.5606487e+00   4.3289505e-01   2.3407268e+00   4.0699087e-02   1.2637460e-02  -8.3463012e-03
   2.5656074e+00   4.0191631e-01   2.3533242e+00   4.0873146e-02   1.2994188e-02  -8.0917261e-03
   2.5548187e+00   4.1821489e-01   2.3423567e+00   4.1151884e-02   1.2619340e-02  -8.6550013e-03
   2.5588261e+00   4.6845602e-01   2.3123418e+00   4.1363499e-02   1.2734892e-02  -8.6822582e-03
   2.5462597e+00   4.4568186e-01   2.3391222e+00   4.1112323e-02   1.2806375e-02  -8.8796201e-03
   2.5390735e+00   4.6966843e-01   2.3359905e+00   4.1250766e-02   1.3039117e-02  -8.9716468e-03
   2.5727586e+00   4.3369642e-01   2.3162747e+00   4.1526370e-02   1.2926258e-02  -8.3149869e-03
   2.5928402e+00   4.6872166e-01   2.3138392e+00   4.1456287e-02   1.2904917e-02  -8.0849115e-03
   2.5880960e+00   4.5425800e-01   2.3432150e+00   4.1993606e-02   1.2947785e-02  -8.1770532e-03
   2.6090787e+00   4.2469254e-01   2.3354203e+00   4.2264326e-02   1.2523309e-02  -7.8303971e-03
   2.6328177e+00   4.2915175e-01   2.3575149e+00   4.2219312e-02   1.2402926e-02  -7.3910268e-03
   2.6155347e+00   4.2165718e-01   2.3745597e+00   4.2251167e-02   1.2484595e-02  -7.7652962e-03
   2.6207933e+00   4.2227122e-01   2.3556628e+00   4.2423871e-02   1.2422536e-02  -7.5162410e-03
   2.6204493e+00   4.3606896e-01   2.3491977e+00   4.2146968e-02   1.2495051e-02  -7.3827587e-03
   2.6209741e+00   4.3768493e-01   2.3670724e+00   4.2037201e-02   1.2359359e-02  -7.5346230e-03
   2.6228694e+00   4.6264577e-01   2.3388536e+00   4.2670696e-02   1.1902758e-02  -7.5548103e-03
   2.4885985e+00   8.4544006e-01   2.4161578e+00   5.9640767e-02   6.2045796e-03  -9.7023370e-03
   2.6067974e+00   3.2921938e-01   2.3787062e+00   5.9532579e-02   5.7068030e-03  -1.1554853e-02
   2.7034914e+00   3.9054966e-01   2.1748998e+00   5.6089425e-02   5.7538773e-03  -1.1101307e-02
   2.6826763e+00   4.8848120e-01   2.1747859e+00   5.4857604e-02   6.5433812e-03  -1.1173183e-02
   2.6854865e+00   4.7091946e-01   2.2481341e+00   5.2379455e-02   7.2142390e-03  -1.0555568e-02
   2.6885534e+00   4.9027056e-01   2.2619116e+00   5.1276247e-02   7.4292124e-03  -1.0079419e-02
   2.7002647e+00   5.0151721e-01   2.2822121e+00   5.0971618e-02   7.5415015e-03  -9.6519607e-03
   2.6591962e+00   4.4104450e-01   2.2980022e+00   5.0596422e-02   8.4018871e-03  -9.9251547e-03
   2.6798495e+00   4.6201138e-01   2.2845010e+00   5.0605891e-02   8.3151685e-03  -9.6621005e-03
   2.6634370e+00   4.9714818e-01   2.2889836e+00   4.9909860e-02   8.2021915e-03  -9.9496693e-03
   2.6547382e+00   4.5351446e-01   2.3065361e+00   4.9783683e-02   8.4871408e-03  -1.0029334e-02
   2.6545470e+00   4.7486142e-01   2.3172351e+00   4.9991976e-02   8.4723639e-03  -1.0004944e-02
   2.6356894e+00   4.7330864e-01   2.2932865e+00   5.0048628e-02   8.7390596e-03  -1.0555350e-02
   2.6206522e+00   5.0005737e-01   2.3097631e+00   4.9798023e-02   8.8935493e-03  -1.0764544e-02
   2.6342600e+00   4.8740159e-01   2.3152768e+00   5.0326515e-02   8.8784984e-03  -1.0564152e-02
   2.6164493e+00   5.3603445e-01   2.2890939e+00   4.9596068e-02   9.0509382e-03  -1.0738726e-02
   2.6140736e+00   5.3275175e-01   2.2672332e+00   4.9105070e-02   9.0765701e-03  -1.0692365e-02
   2.6243110e+00   4.8877604e-01   2.2535765e+00   4.9813319e-02   9.3065675e-03  -1.0479413e-02
   2.6113613e+00   6.1477330e-01   2.2535385e+00   4.9423853e-02   9.3198492e-03  -1.0626163e-02
   2.6098423e+00   5.5433447e-01   2.2819905e+00   4.9223388e-02   9.2604792e-03  -1.0730219e-02
   2.6097741e+00   4.9719964e-01   2.2893176e+00   4.9394581e-02   9.2490843e-03  -1.0799534e-02
   2.6163983e+00   4.9651721e-01   2.2977914e+00   4.9049069e-02   9.2052368e-03  -1.0721096e-02
   2.6049807e+00   5.5559865e-01   2.3099866e+00   4.8810392e-02   9.2960133e-03  -1.1102276e-02
   2.6042996e+00   5.1200600e-01   2.3245861e+00   4.8746155e-02   9.4267289e-03  -1.1088898e-02
   2.5907977e+00   5.3273871e-01   2.3256299e+00   4.8817025e-02   9.4178203e-03  -1.1320803e-02
   2.5937318e+00   5.0555902e-01   2.3410263e+00   4.8953433e-02   9.1426977e-03  -1.1416276e-02
   2.5864866e+00   5.0892219e-01   2.3457442e+00   4.9082144e-02   9.5316627e-03  -1.1609718e-02
   2.5738522e+00   5.7047346e-01   2.3349167e+00   4.8640114e-02   9.5612632e-03  -1.1699658e-02
   2.5667614e+00   5.6143275e-01   2.3867294e+00   4.8607145e-02   9.5459143e-03  -1.1855603e-02
   2.5844707e+00   6.1588910e-01   2.5316546e+00   5.1568623e-02   8.2519808e-03  -1.2470461e-02
   2.6197527e+00   3.8106580e-01   2.3429654e+00   4.9251632e-02   9.2661955e-03  -1.1783070e-02
   2.6045818e+00   6.3149443e-01   2.3470105e+00   4.9021656e-02   9.5232165e-03  -1.1762264e-02
   2.6233537e+00   5.2593826e-01   2.3532269e+00   4.9409948e-02   9.3588890e-03  -1.1638856e-02
   2.6089179e+00   5.5787150e-01   2.3577982e+00   4.9410967e-02   9.5576735e-03  -1.1785990e-02
   2.6185371e+00   5.2132461e-01   2.3840332e+00   4.8864347e-02   9.4659131e-03  -1.1755775e-02
   2.6170676e+00   4.7274864e-01   2.3937411e+00   4.8970864e-02   9.5096362e-03  -1.1820288e-02
   2.6149274e+00   5.1257362e-01   2.3689359e+00   4.8723646e-02   9.6027788e-03  -1.1803983e-02
   2.5961459e+00   4.7069099e-01   2.3867719e+00   4.8867045e-02   9.7173368e-03  -1.2066785e-02
   2.5878746e+00   4.8326691e-01   2.3636126e+00   4.9084074e-02   9.7562545e-03  -1.2109534e-02
   2.5913138e+00   5.0291979e-01   2.3551747e+00   4.9068939e-02   9.9782916e-03  -1.2190010e-02
   2.5731319e+00   5.1616323e-01   2.3728419e+00   4.8807450e-02   1.0207903e-02  -1.2328664e-02
   2.5728373e+00   5.1555582e-01   2.3851489e+00   4.8969751e-02   1.0093791e-02  -1.2412074e-02
   2.5790736e+00   5.0345359e-01   2.3704666e+00   4.9158237e-02   1.0303918e-02  -1.2164806e-02
   2.5699644e+00   5.4075982e-01   2.3712167e+00   4.8593631e-02   1.0273024e-02  -1.2231677e-02
   2.5601799e+00   5.2290231e-01   2.3886165e+00   4.8876301e-02   1.0381362e-02  -1.2289192e-02
   2.5622716e+00   4.9334339e-01   2.3914740e+00   4.8753934e-02   1.0202073e-02  -1.2311328e-02
   2.5685190e+00   5.2976702e-01   2.3664640e+00   4.9010671e-02   1.0411547e-02  -1.2186945e-02
   2.5550324e+00   5.7588509e-01   2.3658860e+00   4.8638935e-02   1.0384830e-02  -1.2407810e-02
   2.5635653e+00   5.2033947e-01   2.3881038e+00   4.8910243e-02   1.0485983e-02  -1.2323334e-02
   2.5591343e+00   5.4798795e-01   2.3850791e+00   4.8717225e-02   1.0410018e-02  -1.2387127e-02
   2.5644910e+00   5.2016969e-01   2.3942158e+00   4.9170220e-02   1.0323420e-02  -1.2308172e-02
   2.5630941e+00   5.4120689e-01   2.3806798e+00   4.9122327e-02   1.0394045e-02  -1.2261551e-02
   2.4984421e+00   8.5909497e-01   2.3569671e+00   5.9786969e-02   8.8983438e-03  -1.3007928e-02
   2.5853033e+00   4.7535025e-01   2.4104582e+00   6.1108744e-02   8.4804512e-03  -1.3103536e-02
   2.6116711e+00   4.6078437e-01   2.1836614e+00   5.7248799e-02   9.0095102e-03  -1.3506156e-02
   2.6017996e+00   6.4042761e-01   2.3019379e+00   5.5761409e-02   9.2085086e-03  -1.3948849e-02
   2.6138639e+00   5.3744436e-01   2.3545190e+00   5.5491674e-02   9.5862844e-03  -1.3538322e-02
   2.5914796e+00   6.0425836e-01   2.3869762e+00   5.3579325e-02   1.0038142e-02  -1.3716195e-02
   2.5992337e+00   5.3242268e-01   2.4077707e+00   5.2917882e-02   1.0092447e-02  -1.3558194e-02
   2.6070581e+00   5.0734031e-01   2.4020406e+00   5.3272235e-02   1.0098209e-02  -1.3423984e-02
   2.5950224e+00   5.3272857e-01   2.4198782e+00   5.2382731e-02   1.0310415e-02  -1.3462513e-02
   2.5968700e+00   5.3898211e-01   2.4040446e+00   5.2496214e-02   1.0247630e-02  -1.3486533e-02
   2.5941993e+00   5.1829644e-01   2.4050252e+00   5.1627820e-02   1.0067862e-02  -1.3550453e-02
   2.5862355e+00   5.7146055e-01   2.3843155e+00   5.1769857e-02   1.0426475e-02  -1.3409917e-02
   2.5823570e+00   5.1596297e-01   2.3780210e+00   5.1973001e-02   1.0361736e-02  -1.3383547e-02
   2.5829522e+00   5.3630692e-01   2.4007603e+00   5.1818241e-02   1.0424593e-02  -1.3418623e-02
   2.5809616e+00   4.9424249e-01   2.3952892e+00   5.1655785e-02   1.0589086e-02  -1.3592205e-02
   2.5581757e+00   7.6524998e-01   2.2374124e+00   5.5461290e-02   9.7106240e-03  -1.4161113e-02
   2.5756082e+00   5.1465984e-01   1.2076947e+00   8.3144326e-02   3.6534149e-03  -1.0597061e-02
   2.6057386e+00   5.5907461e-01   2.0812223e+00   5.7817412e-02   9.6810820e-03  -1.3550949e-02
   2.6075904e+00   5.0575429e-01   2.2665554e+00   5.4792320e-02   9.9254960e-03  -1.3819205e-02
   2.5982576e+00   5.8809130e-01   2.2214617e+00   5.4392962e-02   1.0040482e-02  -1.3854005e-02
   2.5943890e+00   5.6029739e-01   2.2555817e+00   5.4404216e-02   1.0384645e-02  -1.3880080e-02
   2.5749066e+00   6.0431779e-01   2.2589492e+00   5.4274252e-02   1.0339517e-02  -1.3954836e-02
   2.5871168e+00   5.3611242e-01   2.2915086e+00   5.4407868e-02   1.0321014e-02  -1.4091551e-02
   2.5965385e+00   5.4763871e-01   2.2736976e+00   5.3959601e-02   1.0254103e-02  -1.4048468e-02
   2.5955263e+00   5.1552407e-01   2.3060572e+00   5.3894953e-02   1.0185338e-02  -1.4173897e-02
   2.5916974e+00   5.6737628e-01   2.2662424e+00   5.3775977e-02   1.0336729e-02  -1.4256395e-02
   2.5950464e+00   5.2695832e-01   2.2895623e+00   5.3693728e-02   1.0193128e-02  -1.4296019e-02
   2.5668517e+00   6.0441557e-01   2.2624783e+00   5.3236309e-02   1.0460631e-02  -1.4641716e-02
   2.5604111e+00   5.5431946e-01   2.2429969e+00   5.3839032e-02   1.0500762e-02  -1.4736773e-02
   2.5533840e+00   5.5699184e-01   2.1252970e+00   5.5255762e-02   1.0785285e-02  -1.4657610e-02
   2.5433123e+00   5.5542663e-01   2.2690385e+00   5.3001687e-02   1.0651418e-02  -1.5099668e-02
   2.5564317e+00   5.8397408e-01   2.2457202e+00   5.3294459e-02   1.0448429e-02  -1.5035374e-02
   2.5481002e+00   6.2516633e-01   2.2393068e+00   5.2999291e-02   1.0623144e-02  -1.5101440e-02
   2.5320646e+00   5.8486839e-01   2.2540991e+00   5.2303760e-02   1.0764565e-02  -1.5383256e-02
   2.5465198e+00   5.4955128e-01   2.2599808e+00   5.2864280e-02   1.0771719e-02  -1.5098788e-02
   2.5589735e+00   5.9292426e-01   2.2333047e+00   5.2962845e-02   1.0501697e-02  -1.4982745e-02
   2.5421490e+00   6.2234822e-01   2.2296279e+00   5.2448680e-02   1.0709801e-02  -1.5087385e-02
   2.5389342e+00   6.0947349e-01   2.2386170e+00   5.2525670e-02   1.0818785e-02  -1.5108477e-02
   2.5470669e+00   5.9932062e-01   2.2621159e+00   5.3010200e-02   1.0724898e-02  -1.5077292e-02
   2.5649842e+00   6.3803032e-01   2.0517278e+00   5.6150300e-02   1.0008345e-02  -1.5356575e-02
   2.5910182e+00   6.0327488e-01   2.2562888e+00   5.4322493e-02   1.0311224e-02  -1.5336890e-02
   2.5598666e+00   6.4188569e-01   2.2962711e+00   5.3476004e-02   1.0310980e-02  -1.5364589e-02
   2.5793424e+00   6.1996818e-01   2.2950504e+00   5.3526071e-02   1.0188721e-02  -1.5304426e-02
   2.5706973e+00   6.2371197e-01   2.3142808e+00   5.2945191e-02   1.0414871e-02  -1.5478691e-02
   2.5870985e+00   5.6556882e-01   2.3177601e+00   5.2853711e-02   1.0356258e-02  -1.5248811e-02
   2.5718085e+00   6.0619612e-01   2.2846279e+00   5.2572527e-02   1.0491592e-02  -1.5561439e-02
   2.5658470e+00   6.1958401e-01   2.2843370e+00   5.2565638e-02   1.0491640e-02  -1.5606832e-02
   2.5711395e+00   5.8316372e-01   2.3315344e+00   5.2779523e-02   1.0245499e-02  -1.5704248e-02
   2.4488261e+00   8.1752606e-01   2.8358661e+00   5.3159434e-02   6.4256685e-03  -1.8586706e-02
   2.5455861e+00   4.7672297e-01   2.7485479e+00   5.4510882e-02   8.2726618e-03  -1.6896717e-02
   2.5441441e+00   5.9835806e-01   2.5808775e+00   5.3850462e-02   8.5875368e-03  -1.6974370e-02
   2.5539947e+00   5.9433265e-01   2.5411638e+00   5.4329234e-02   8.7383858e-03  -1.7166061e-02
