   1.0630115e-14   0.0000000e+00   0.0000000e+00  -4.4740465e-52   3.8518599e-34   0.0000000e+00
  -5.9787241e-02   1.8420979e-01   2.5564308e-01   2.1461110e-03  -1.1527892e-03  -1.0897740e-04
  -2.2615899e-02   6.9227248e-02   2.5069285e-01   1.0983489e-03  -2.8701277e-04   1.3954800e-03
  -2.1857953e-02  -3.3019357e-02   1.5802860e-01  -3.2813789e-04  -1.0566097e-03   1.9287349e-03
  -1.4441475e-02   1.4754550e-02   1.1139324e-01  -2.7656363e-03  -2.1641040e-04   1.1135219e-03
  -3.4359278e-02  -8.6959198e-02   1.2337493e-01  -3.6683980e-03  -3.5865018e-04   6.5486605e-04
  -2.7951066e-02  -8.6962326e-02   1.2323209e-01  -3.5412852e-03  -2.1327238e-05   5.2704574e-04
  -2.5733450e-02   9.0652972e-03   9.8923597e-02  -4.7559668e-03   1.6491729e-05   2.0919945e-04
  -2.6840394e-02  -2.3931698e-01   9.9826504e-02  -3.8372485e-03   6.7443804e-05   3.6420022e-04
  -2.9187282e-02  -5.3998509e-02   1.2940479e-01  -3.8870658e-03  -8.8144968e-05   5.2263489e-04
  -3.6655084e-02  -8.9822625e-03   1.0073553e-01  -4.4664458e-03  -3.0888734e-04   2.6795753e-04
  -1.8287258e-02   1.3670681e-02   7.4174561e-02  -5.2213409e-03  -2.2765316e-04   3.2576303e-04
  -5.4978689e-02  -2.3767234e-01   7.7673296e-02  -4.7276558e-03  -3.7645911e-04   3.1483034e-04
  -7.4056486e-02  -1.6696114e-01   1.0830932e-01  -4.4640203e-03  -5.6741620e-04   5.7455466e-05
  -9.4300114e-02   1.9389739e-01   1.9507775e-01  -3.8370072e-03  -8.9271624e-04  -3.5213560e-04
  -8.7674858e-02   1.3762040e-01   1.3441630e-01   1.5177620e-03  -9.2357930e-04  -5.7396935e-04
  -3.1838907e-02  -3.2079200e-01   3.5345595e-02   9.8083691e-04  -7.6777862e-04   4.8333202e-04
  -2.8540156e-02   1.1092881e-03   1.2081595e-01  -6.5186333e-04  -2.9923434e-04   2.9468259e-04
  -2.8671961e-02  -3.4455437e-02   1.3936882e-01  -2.0154470e-03  -1.3106119e-04  -1.8625280e-04
  -1.4618239e-02  -5.4072651e-02   1.4822134e-01  -1.6702022e-03  -1.3428206e-04   2.3375531e-05
  -2.6780552e-02  -3.9916915e-02   1.4773892e-01  -1.6402601e-03  -4.1187362e-04  -5.5924334e-05
  -3.4412373e-02  -7.0099228e-02   1.5741769e-01  -2.1745844e-03  -8.4977945e-04   1.4196311e-04
  -7.4983470e-02   9.6658521e-02   3.1328053e-01  -3.2793619e-03  -1.9800780e-03  -2.8868542e-04
  -9.4838378e-02   8.6413097e-02   3.9671383e-01  -2.6838954e-03  -1.5571783e-03  -4.8743400e-04
  -4.8212924e-02  -4.8572678e-01   1.5617446e-01  -1.6672513e-03  -8.2613461e-04  -1.8697674e-05
  -3.2541343e-02  -1.4144379e-01   1.8819311e-01  -2.5615427e-03  -5.9247386e-04  -2.6634682e-04
  -5.1960217e-02  -8.6563087e-02   1.6886204e-01  -2.9248929e-03  -6.5408139e-04  -7.3448263e-04
  -6.9731167e-02  -9.4712995e-02   1.5712665e-01  -2.6918956e-03  -5.6851514e-04  -1.0508680e-03
  -2.0288960e-01   5.8238086e-03   3.4159724e-01  -4.2282251e-03  -2.9539152e-03  -3.1615409e-03
  -3.1776440e-01   8.0273354e-02   4.8419012e-01  -6.7436792e-03  -3.9989257e-03  -5.3164281e-03
  -2.3351689e-01  -2.9066163e-01   3.5146010e-01  -4.4280363e-03  -2.7611672e-03  -3.4155767e-03
  -1.9325981e-01  -1.7530816e-01   4.0443181e-01  -2.6631392e-03  -2.5663093e-03  -2.5725012e-03
  -1.7743516e-01  -8.3459800e-02   4.0219903e-01  -3.3384121e-03  -2.3544724e-03  -2.3714256e-03
  -1.4111637e-01  -8.7058306e-02   3.4226078e-01  -3.0738025e-03  -1.7083862e-03  -2.1741016e-03
  -1.4635922e-01  -6.5964454e-02   3.3231830e-01  -2.6650243e-03  -1.8977339e-03  -2.3921539e-03
  -1.3948535e-01  -8.8892600e-02   3.4131799e-01  -2.7430960e-03  -1.5985907e-03  -2.4325267e-03
  -1.3758637e-01  -8.2667647e-02   3.5157478e-01  -3.3709387e-03  -1.4702134e-03  -2.5239084e-03
  -1.3529481e-01  -2.9519788e-02   3.2650344e-01  -4.1475975e-03  -1.2312760e-03  -2.6353659e-03
  -1.3563535e-01  -1.3505730e-01   3.1795558e-01  -3.6506872e-03  -1.1835705e-03  -2.4932807e-03
  -1.2884522e-01  -4.2635822e-02   3.0864440e-01  -4.1811492e-03  -1.1369619e-03  -2.5593216e-03
  -1.5144193e-01   3.0061956e-01   3.4247866e-01  -3.2422889e-03  -3.9857777e-04  -2.7594877e-03
  -1.6662054e-01  -2.9907163e-01   1.6762403e-01  -1.8879012e-03  -2.1710731e-04  -2.8613803e-03
  -1.4006541e-01  -1.9399445e-01   2.0673613e-01  -2.1364715e-03  -8.3521836e-04  -2.4934581e-03
  -1.5279352e-01  -3.1681000e-02   2.4449483e-01  -2.4561524e-03  -8.2760598e-04  -2.7519683e-03
  -2.0195732e-01   7.4179465e-02   3.5061421e-01  -3.3726384e-03  -1.7538082e-03  -2.7732946e-03
  -2.3381582e-01   2.7250224e-01   3.7412756e-01   9.3982799e-04  -2.9115934e-03  -2.3598074e-03
  -2.3421839e-01  -2.3825099e-01   3.6651187e-01   1.6403425e-03  -2.5430319e-03  -2.3074625e-03
  -1.9865924e-01  -2.9335925e-02   3.8777061e-01   2.1561668e-03  -2.0909702e-03  -2.3003983e-03
  -1.8454733e-01  -5.7776899e-03   3.7966999e-01   9.4074858e-04  -2.0306159e-03  -2.2807189e-03
  -1.8193789e-01  -1.6294340e-02   3.4393822e-01   4.6064425e-04  -1.8407911e-03  -2.4679702e-03
  -1.8859928e-01  -2.3362687e-02   3.5976828e-01  -3.8856392e-05  -1.7357394e-03  -2.6049190e-03
  -2.4556515e-01   1.5659295e-01   5.3832620e-01  -8.7427091e-04  -3.2014064e-03  -2.8652975e-03
  -2.6834862e-01   2.7448888e-01   6.1175684e-01   1.5557815e-03  -4.0157030e-03  -2.5319811e-03
  -2.5613055e-01  -3.1206593e-01   3.4543826e-01   2.8381352e-03  -3.3206945e-03  -2.4923972e-03
  -2.2585014e-01  -7.0520429e-02   3.4869652e-01   4.2065462e-04  -2.7455162e-03  -2.2107753e-03
  -2.3993750e-01   5.7034727e-03   3.3429513e-01   5.3865024e-04  -2.4956660e-03  -2.6541536e-03
  -3.9936607e-01   1.8921572e-02   5.6632768e-01  -1.8237911e-03  -5.3434355e-03  -4.8357029e-03
  -3.3106692e-01   1.2154973e-01   6.6657058e-01  -1.7000209e-03  -5.3994108e-03  -3.8722620e-03
  -2.7731818e-01   6.2776222e-02   5.7642466e-01   1.9255769e-03  -4.8312863e-03  -2.7568804e-03
  -2.5882456e-01  -2.4831345e-01   5.8843598e-01   3.1076277e-03  -5.4974598e-03  -1.8955732e-03
  -2.3561785e-01   9.9627087e-03   6.0577220e-01   3.6060070e-03  -5.0852988e-03  -1.7101304e-03
  -2.2457345e-01   4.6466337e-02   5.8943736e-01   3.5681107e-03  -4.8258400e-03  -1.8437381e-03
  -2.2244017e-01   7.3763006e-02   5.8175285e-01   2.0102780e-03  -4.8276529e-03  -1.9660519e-03
  -2.0716893e-01  -4.2193054e-02   5.3612838e-01   3.1751806e-03  -4.6411796e-03  -2.0042660e-03
  -2.1919789e-01  -2.6129166e-02   5.4878415e-01   2.5956748e-03  -4.7058943e-03  -2.2115053e-03
  -2.2308750e-01   9.8522528e-03   5.5366646e-01   2.1424844e-03  -4.7946712e-03  -2.3262327e-03
  -2.1251576e-01   1.7368254e-01   6.1658733e-01   2.7481554e-03  -4.7029613e-03  -1.8332903e-03
  -2.8576278e-01   4.9437073e-01   8.0054099e-01   7.2734440e-03  -6.1213966e-03  -1.3889074e-03
  -3.0294564e-01   5.4931693e-02   7.9866494e-01   1.1666514e-02  -6.2792226e-03  -1.4852378e-03
  -2.9088857e-01  -5.7981139e-02   7.5729563e-01   8.0301592e-03  -6.5811054e-03  -1.3417302e-03
  -2.5931056e-01   1.4679038e-01   6.6861946e-01   7.2747829e-03  -5.7929223e-03  -8.8288909e-04
  -2.3700361e-01   2.1179144e-01   6.6508079e-01   6.7009955e-03  -6.0652390e-03  -5.6193095e-04
  -2.2455848e-01   1.7217846e-01   6.4320029e-01   6.8490198e-03  -5.5712957e-03  -6.1819400e-04
  -1.7279659e-01   3.3668553e-01   4.4897841e-01   8.6965040e-03  -3.7072082e-03  -4.9972331e-04
  -5.9897326e-03   3.3546812e-01   1.9954930e-02   1.7126946e-02  -2.5234038e-03   2.3127506e-03
  -1.5589207e-02  -2.3151929e-01   2.9405334e-01   6.4114563e-03  -4.8489670e-03   4.1486930e-03
   2.2142631e-02   4.5876474e-02   3.9755732e-01   5.4463024e-03  -4.9940228e-03   4.7719315e-03
   4.5161393e-02   4.4713734e-02   4.0208931e-01   5.5061937e-03  -4.7628412e-03   4.8025277e-03
   7.2499482e-02   4.0737145e-02   4.0800290e-01   5.7185312e-03  -4.6762897e-03   4.7408813e-03
   7.4729887e-02   6.0464769e-02   4.1131420e-01   5.1573671e-03  -4.8875295e-03   4.7458123e-03
   6.5798380e-02   6.0695419e-02   4.2659238e-01   4.5241183e-03  -4.9245393e-03   4.5229286e-03
   5.9719689e-02   8.0682937e-02   4.1496523e-01   4.3534510e-03  -4.8974487e-03   4.6057353e-03
   1.7461400e-02   1.4605526e-01   3.7321625e-01   2.8296006e-03  -5.0576736e-03   4.4613467e-03
  -7.4462831e-02  -2.4558079e-01   3.8824597e-01   3.3851295e-03  -5.7830271e-03   3.1316948e-03
  -8.5146293e-02  -2.5066308e-02   4.4327519e-01   2.2760471e-03  -6.0907033e-03   2.8267723e-03
  -1.0995874e-01   2.6372308e-02   4.2570931e-01   2.1564081e-03  -6.2642557e-03   2.2667933e-03
  -1.2256948e-01  -8.5341104e-03   4.4519695e-01   1.1478647e-03  -6.2527296e-03   2.1800498e-03
  -1.4155264e-01   1.0297895e-02   5.1422337e-01   6.2429355e-04  -6.7656224e-03   2.2520511e-03
  -1.7167867e-01   5.1492371e-02   5.7178240e-01   3.2781835e-04  -8.3472766e-03   1.9780010e-03
  -1.9047892e-01  -2.3222289e-01   5.8618025e-01   1.7784926e-03  -8.5700882e-03   2.4341853e-03
  -1.4903965e-01  -4.0812390e-02   5.5023732e-01   2.4112737e-03  -8.4153758e-03   2.8500677e-03
  -1.2090993e-01   7.4818205e-02   4.9334905e-01   1.7465712e-03  -7.9761057e-03   2.7764970e-03
  -1.7865891e-01   6.9153509e-01   7.8270135e-01   1.1782205e-02  -8.7537067e-03   2.9526893e-03
  -2.1843646e-01   1.6477992e-01   1.0492792e+00   1.5049811e-02  -1.1355667e-02   5.3952350e-03
  -1.2029251e-01  -3.0527559e-03   9.7668558e-01   1.0540220e-02  -1.1591438e-02   6.2204754e-03
  -1.0536704e-01   2.4530682e-01   9.3948325e-01   9.5244872e-03  -1.0882200e-02   5.8223478e-03
  -9.4698383e-02   1.0190919e-01   9.6820461e-01   1.0124571e-02  -1.0760112e-02   5.7034360e-03
  -6.0562100e-02   1.7933008e-01   9.5196470e-01   9.4910699e-03  -1.0607178e-02   5.7609005e-03
  -1.8618913e-02   7.3033706e-02   9.3924687e-01   1.0464371e-02  -1.0687620e-02   6.1335954e-03
  -1.6766061e-03   1.2220884e-01   8.8981153e-01   1.0446654e-02  -1.0714330e-02   6.1743082e-03
  -1.0072595e-02   1.4375763e-01   8.7261487e-01   9.0705662e-03  -1.0960956e-02   5.8296754e-03
  -1.8267413e-02   2.1234975e-01   8.2167216e-01   7.5913098e-03  -1.1098446e-02   5.7685996e-03
  -1.0750183e-01   6.1716688e-01   1.0392994e+00   1.4775706e-02  -1.0831530e-02   4.5371620e-03
  -8.4282851e-02  -6.8010330e-02   1.0051351e+00   1.5705337e-02  -1.1136732e-02   5.7369316e-03
  -2.8526504e-03   1.6359043e-01   9.1920477e-01   1.4547111e-02  -1.1019178e-02   6.5492386e-03
   1.7131934e-01   4.2161907e-01   1.7817227e-01   2.3310467e-02  -6.1721115e-03   4.9368457e-03
   3.8350462e-01   5.7099643e-01  -3.8180647e-01   3.2044496e-02  -4.7417551e-03   9.0770985e-03
   2.4409047e-01   1.6475605e-01   2.9469295e-01   1.4784164e-02  -7.7456740e-03   1.0944079e-02
   2.6767899e-01   2.3296864e-01   3.6288120e-01   1.4167030e-02  -7.3726028e-03   1.0661380e-02
   2.7629735e-01   2.5011545e-01   4.6624014e-01   1.2528893e-02  -7.6864809e-03   1.0360401e-02
   2.5865960e-01   1.1607906e-01   5.1675851e-01   1.1687289e-02  -7.8977734e-03   9.9157554e-03
   2.1190097e-01   1.6619673e-01   5.0477766e-01   1.0678177e-02  -7.6645251e-03   9.0436464e-03
   2.1044894e-01   7.5956000e-02   5.1044824e-01   9.0035522e-03  -7.2860239e-03   8.7214190e-03
   2.2519103e-01   2.1538723e-01   5.5284645e-01   8.0249083e-03  -7.5951435e-03   8.6984692e-03
   2.0161363e-01   3.1156917e-01   5.7082572e-01   7.1518583e-03  -8.2737632e-03   8.2536837e-03
   1.3569670e-01  -1.4318181e-01   5.4972724e-01   8.3745817e-03  -8.8903376e-03   7.6601144e-03
   1.0038984e-01   3.4650469e-02   4.5477888e-01   6.6113631e-03  -9.1881643e-03   6.7488548e-03
   1.5087899e-01   1.7367785e-01   4.6321778e-01   5.7105447e-03  -8.9618162e-03   7.3923772e-03
   1.0132084e-01   6.3786681e-01   7.0048154e-01   1.0503041e-02  -8.8161587e-03   7.8650063e-03
  -1.4115295e-02   2.0537452e-01   8.2017340e-01   1.5152979e-02  -9.4255650e-03   7.3753728e-03
  -1.8272856e-02  -8.3031138e-02   7.0319685e-01   9.6191144e-03  -1.0665475e-02   8.1021104e-03
   3.5133122e-02   1.6591476e-01   7.2274742e-01   1.0694472e-02  -9.9514364e-03   8.2785676e-03
   4.8728823e-02   1.4218111e-01   7.3332817e-01   9.9407989e-03  -9.9225581e-03   8.5519002e-03
   7.1559789e-02   7.4466173e-02   7.4204861e-01   8.2205168e-03  -9.5066243e-03   8.3348259e-03
   8.4406275e-02   8.8491191e-02   7.5421449e-01   8.2543482e-03  -9.2658995e-03   8.4693737e-03
   7.7574894e-02   9.6689864e-02   7.5926695e-01   6.6871563e-03  -8.9964730e-03   8.0302336e-03
   7.5224870e-02  -1.2961862e-02   7.4479182e-01   6.4928807e-03  -8.8641016e-03   7.6722985e-03
   5.4998410e-02   2.6396872e-02   7.2906267e-01   5.9653060e-03  -9.3115147e-03   7.4643237e-03
   2.7577258e-02   3.2656818e-02   7.1700338e-01   5.6353079e-03  -9.3676206e-03   7.0210218e-03
   8.8662100e-02   3.4321453e-01   7.0725823e-01   4.9969329e-03  -9.4703055e-03   7.7447718e-03
   5.3996930e-02  -3.1806680e-01   6.0204650e-01   5.9101073e-03  -9.6636814e-03   7.3007249e-03
   1.1726377e-02  -2.4383674e-02   5.8945539e-01   4.8182458e-03  -9.9636344e-03   6.4972804e-03
  -3.3907634e-02  -8.0811154e-03   6.1507115e-01   2.3950507e-03  -9.3356598e-03   5.2663608e-03
   9.1589118e-02   3.2871662e-01   5.0591088e-01   7.9086272e-03  -8.4973195e-03   7.3754870e-03
   4.1884739e-02   6.5940251e-01   8.8348740e-01   1.7636753e-02  -8.7665612e-03   7.3377661e-03
   8.9014830e-02  -1.3182651e-01   8.0457254e-01   1.5253281e-02  -8.7343987e-03   8.7399692e-03
   1.6963809e-01   2.0323455e-01   7.2667108e-01   1.3613985e-02  -8.1060854e-03   8.9367490e-03
   2.0006585e-01   1.7957945e-01   6.6701178e-01   1.1838892e-02  -8.5673612e-03   8.9799165e-03
   2.1149470e-01   2.9517788e-01   7.7071543e-01   1.1050100e-02  -8.7606782e-03   9.1794291e-03
   7.9848769e-02   1.0784819e-01   6.8452564e-01   1.0973352e-02  -9.4191790e-03   7.9693666e-03
   1.5785728e-02   5.6017388e-02   6.4011538e-01   6.9934543e-03  -9.9938428e-03   6.5251385e-03
   3.1927086e-03   3.6880167e-02   6.0419876e-01   6.4615880e-03  -9.8423322e-03   6.3527673e-03
  -5.6807191e-03   1.6440984e-01   6.0830764e-01   4.5149391e-03  -9.9153939e-03   6.2317976e-03
   3.5383706e-02   3.8543636e-01   6.4811032e-01   8.3235270e-03  -9.2974868e-03   6.8083141e-03
  -4.6986018e-02   7.2401256e-01   1.0790098e+00   2.1182981e-02  -9.6832868e-03   6.4519012e-03
   6.9798852e-02  -4.6135350e-02   8.9262410e-01   1.6785134e-02  -8.8830858e-03   8.2876435e-03
   1.2426165e-01   1.4409596e-01   7.5180472e-01   1.3360319e-02  -8.0742802e-03   8.4498753e-03
   8.6792269e-02   1.5796158e-01   6.9253827e-01   1.1290196e-02  -8.3011804e-03   7.4277369e-03
   2.4763898e-02   1.7405691e-01   6.8279481e-01   1.0124202e-02  -9.1167082e-03   6.6269403e-03
   1.0075226e-02   1.7768535e-01   6.6308244e-01   9.9763298e-03  -9.2257212e-03   6.4952767e-03
  -1.6620165e-02   1.3634833e-01   5.9950383e-01   8.8877073e-03  -9.1503139e-03   6.1718338e-03
  -4.3156415e-02   8.0164975e-02   5.8223623e-01   7.0909932e-03  -9.5788360e-03   5.7420602e-03
  -2.5932753e-01  -3.8831411e-02   6.5162737e-01  -3.9832986e-04  -1.0734143e-02   1.3878256e-03
  -1.6767687e-01   5.6966251e-02   5.0893274e-01  -7.1779806e-04  -9.3898360e-03   2.1950925e-03
  -1.5660628e-01  -1.8132461e-01   5.3610317e-01   1.7089744e-03  -9.3673572e-03   3.0636390e-03
  -1.4000872e-01  -3.5440287e-02   5.8484052e-01   2.0774228e-03  -9.2373424e-03   3.3754217e-03
  -1.2878702e-01  -5.3230038e-02   5.8275692e-01   1.9803431e-03  -8.9824375e-03   3.5552504e-03
  -7.2693984e-02   1.3301455e-01   4.7439719e-01   3.4684980e-03  -9.0267608e-03   4.2209016e-03
  -2.0877649e-01   9.3063083e-01   1.0833942e+00   1.6766045e-02  -8.3202010e-03   3.0746580e-03
  -2.7015223e-01   1.1720341e-01   1.3016176e+00   1.7834455e-02  -1.1228056e-02   6.2848597e-03
  -1.4855684e-01   1.1139214e-01   1.0834022e+00   1.4092202e-02  -1.0704871e-02   7.7609382e-03
  -1.0034007e-01   2.6547767e-01   1.0363154e+00   1.2899509e-02  -9.9217923e-03   8.0636339e-03
  -8.7274085e-02   2.4571629e-01   9.9337462e-01   1.2823581e-02  -9.5516684e-03   7.9163627e-03
  -4.5695021e-02   1.7428901e-01   9.6527803e-01   1.3476990e-02  -9.2077257e-03   7.7108758e-03
  -5.4935572e-02   2.3357827e-01   9.8761946e-01   1.2293685e-02  -9.5385129e-03   7.5363260e-03
  -4.5316433e-02   1.3936674e-01   9.3858055e-01   1.2959290e-02  -9.5809529e-03   7.5080382e-03
  -6.7350761e-03   3.4388859e-01   6.4600983e-01   1.5418245e-02  -8.3484171e-03   6.4397075e-03
   1.1728274e-01   6.1230283e-01   1.0290244e-01   2.6836538e-02  -6.8349946e-03   6.6266760e-03
   1.2177488e-01  -3.2121638e-02   3.8510617e-01   1.2660124e-02  -9.9860895e-03   9.3548493e-03
   1.6640502e-01   2.4745055e-01   4.4486713e-01   1.1994601e-02  -1.0146053e-02   1.0175900e-02
   1.8264834e-01   2.1330118e-01   4.9323760e-01   1.2238646e-02  -1.0468433e-02   1.0646682e-02
   2.0264628e-01   1.9952166e-01   5.9313459e-01   1.1842457e-02  -1.0890167e-02   1.0820741e-02
   2.0172688e-01   9.6225050e-02   5.5744531e-01   1.0826380e-02  -1.0394354e-02   1.0561918e-02
   1.9923868e-01   1.1925291e-01   6.1912352e-01   9.0996751e-03  -1.0988647e-02   1.0374574e-02
   1.4214493e-01   6.5348678e-02   7.0124213e-01   6.2020232e-03  -1.0498260e-02   9.7137796e-03
   1.4191539e-01   1.2746427e-01   7.4340042e-01   6.2931608e-03  -1.0254499e-02   9.7651943e-03
   1.0899051e-01   4.4733768e-02   7.3032630e-01   3.1738739e-03  -9.7834532e-03   8.8303857e-03
   1.4802761e-01  -3.3493778e-01   6.6279966e-01   4.9716365e-03  -1.0098306e-02   9.1133178e-03
   1.3555149e-01   1.0659872e-01   7.7367430e-01   3.4749275e-03  -1.0292153e-02   8.7542543e-03
   1.5322721e-01  -2.3285308e-01   7.1276314e-01   4.4663879e-03  -1.0034668e-02   8.8469539e-03
   1.4704489e-01  -6.6053045e-02   7.2550743e-01   4.5187828e-03  -9.6783676e-03   8.6848249e-03
   1.5712971e-01  -6.4197273e-02   7.5415401e-01   4.4353727e-03  -9.6664310e-03   8.8051202e-03
   1.3151805e-01  -2.5680938e-02   7.4036864e-01   3.4563389e-03  -9.6685382e-03   8.4086281e-03
   3.2185739e-02   2.4642281e-01   9.7945933e-01   3.7661418e-04  -9.9242132e-03   7.6811149e-03
  -6.6239405e-03  -4.5584558e-01   7.6035178e-01   1.6917331e-03  -9.8874741e-03   7.1783787e-03
  -2.1968363e-02  -2.6779383e-01   6.8963344e-01   1.3377659e-03  -9.4081648e-03   6.2543534e-03
  -1.4338422e-01  -4.6979283e-03   8.0342247e-01  -1.0360860e-03  -1.0595722e-02   3.9273142e-03
  -1.6876847e-01   1.7885685e-01   1.0274711e+00  -7.9504536e-04  -1.0282162e-02   4.2873888e-03
  -1.8087398e-01  -4.4863135e-01   8.5265528e-01   1.4531148e-03  -1.0842373e-02   4.2599257e-03
  -1.3873704e-01  -2.7161589e-01   7.9266380e-01   1.0187277e-03  -1.0357972e-02   4.1764164e-03
  -1.0617178e-01  -1.5584765e-01   7.6706511e-01   5.7786503e-04  -9.7441749e-03   4.2376010e-03
  -1.0325959e-01  -1.4411134e-01   7.3347401e-01   6.9453950e-04  -9.5272695e-03   4.2104652e-03
  -1.0688482e-01  -8.1624811e-02   7.5256900e-01   2.8206430e-04  -9.7752190e-03   4.2133758e-03
  -1.5673363e-01   6.2927131e-02   1.0240099e+00  -1.7557092e-03  -1.1312507e-02   4.3165249e-03
  -2.7627364e-01   2.0269452e-01   1.1958787e+00   4.4154800e-03  -1.2048367e-02   3.3228622e-03
  -2.1490122e-01  -4.1013868e-01   9.5194006e-01   5.5803697e-03  -1.1634017e-02   4.0639123e-03
  -2.8988978e-01  -1.4844077e-01   8.6955322e-01   2.9488808e-03  -1.1789146e-02   1.9196934e-03
  -3.4520715e-01  -5.7229529e-02   8.1129784e-01   1.3702154e-03  -1.1593135e-02   1.0297350e-03
  -2.8027508e-01  -9.1238049e-02   8.2210407e-01   6.9753976e-04  -1.0928008e-02   1.5322743e-03
  -2.1816596e-01   4.0680309e-02   8.7807904e-01  -8.6618274e-04  -1.1012046e-02   1.9887864e-03
  -2.9644103e-01   3.3387142e-01   1.3043333e+00   1.7559355e-03  -1.1988770e-02   1.5721386e-03
  -3.1573740e-01   3.2317462e-01   1.8318850e+00   1.3155430e-02  -1.3850218e-02   4.0690144e-03
  -1.6933830e-01  -4.2028643e-01   1.6060400e+00   8.0925810e-03  -1.5064512e-02   6.1525276e-03
  -9.6883681e-02  -1.0539197e-01   1.4751844e+00   8.0693818e-03  -1.3693290e-02   6.4533846e-03
   2.8455167e-02   2.3910586e-01   8.3381379e-01   1.5230301e-02  -1.0398208e-02   6.6433913e-03
   2.6630947e-01   4.2690689e-01   1.4080656e-01   2.8236129e-02  -3.8290449e-03   7.4708167e-03
   4.2568098e-01  -4.8640518e-02   5.5403384e-01   8.8619482e-03  -4.7433560e-03   1.2896698e-02
   5.2084728e-01   1.9444183e-02   6.2519888e-01   5.3044876e-03  -4.7225038e-03   1.4066775e-02
   5.4602396e-01  -3.6014602e-02   6.6782104e-01   2.9009359e-03  -4.4521328e-03   1.3797748e-02
   5.2803597e-01  -9.2019949e-02   6.6651588e-01   3.6888796e-03  -3.8606096e-03   1.3111226e-02
