   1.0818422e-14   0.0000000e+00  -7.1054274e-15  -1.9093082e-53  -4.8148249e-35   2.4074124e-35
  -9.2742040e-04   7.7757498e-02  -2.9381866e-03  -6.1303962e-04  -1.9555750e-04   9.9189722e-05
  -3.6518797e-03   8.0574047e-03  -2.6868493e-03  -5.3478797e-04   1.1656076e-04   1.3983130e-04
  -1.6331066e-02  -5.9992552e-02  -8.1630525e-03  -9.8169615e-05   3.0184790e-04   7.2496500e-05
  -2.3574450e-02  -2.3033200e-02  -2.0977749e-02   2.2564707e-04   9.8136386e-05  -5.6133324e-05
  -1.3038572e-02   3.6561026e-02   2.2226546e-02  -9.1735701e-04  -5.0066280e-05  -1.5451260e-04
   1.0828973e-02  -3.7552130e-03   3.3296083e-02  -1.6309102e-03  -1.1844225e-04  -1.4505635e-04
   2.6832545e-03  -4.2932641e-02   1.4783225e-02  -1.3294971e-03   6.3599506e-05   1.3681910e-05
  -5.8822695e-03  -1.9128455e-03   1.4711330e-03  -1.5800193e-03  -9.7108782e-05   9.8987546e-06
   6.0845057e-04   3.9819033e-02   2.8206668e-02  -1.7187496e-03  -2.6721083e-04   2.6183650e-05
  -4.0789041e-03  -2.3812028e-02   1.3416325e-02  -1.3098943e-03   1.2951288e-04  -2.8712159e-05
  -1.1845703e-02  -2.7135183e-02   1.3510556e-03  -1.3619335e-03  -1.1315120e-04   3.1576963e-05
  -1.3234272e-02   3.8408435e-03   7.4244465e-03  -1.5832727e-03   3.4020826e-04   1.2785025e-04
   1.4019115e-02   1.0199895e-01   1.4224147e-01  -2.5318536e-03  -3.1685188e-04   5.7656725e-04
   2.0902570e-02  -3.1323625e-02   1.0813637e-01  -2.5569908e-03  -2.4946969e-04   6.7922172e-04
   2.4995170e-02  -7.8136776e-02   8.0557223e-02  -1.7306523e-03  -3.9935489e-04   7.5786150e-04
   2.0196347e-02  -7.1790519e-03   6.6896603e-02  -1.6804238e-03  -6.1208867e-04   8.6191903e-04
   1.7169431e-02   1.5075684e-02   1.3211436e-01  -2.3354303e-03  -4.3555216e-04   8.4702572e-04
  -5.4896920e-03  -1.1881348e-02   1.2337026e-01  -2.2706596e-03  -3.4867796e-05   5.8079216e-04
   6.9248021e-03  -4.2675940e-02   1.1114522e-01  -2.1636663e-03  -1.5703648e-04   7.1465174e-04
   1.0006134e-02  -6.2847624e-02   1.0986694e-01  -2.3271929e-03  -3.4313986e-04   8.4801789e-04
   1.5076912e-02   3.9424575e-02   1.5669892e-01  -2.8773295e-03  -4.9693442e-04   8.0798729e-04
   2.0050089e-03  -4.5651818e-02   1.4090199e-01  -2.8663949e-03  -3.3478689e-04   6.3892938e-04
  -1.2632257e-02  -5.0231409e-02   1.2917556e-01  -2.4977744e-03  -5.3570307e-04   7.1412652e-04
  -2.0847542e-02   4.6741593e-03   1.1890265e-01  -2.6567971e-03  -6.0583243e-04   6.2340750e-04
  -1.8414935e-02   1.6520952e-02   1.4022473e-01  -3.0864189e-03  -6.8779138e-04   7.7013604e-04
  -2.4144978e-02  -3.9299195e-02   1.4814747e-01  -2.8169985e-03  -5.3312984e-04   7.5898220e-04
  -4.6087731e-02  -4.9620566e-02   1.2470593e-01  -2.2484339e-03  -2.8456646e-04   5.5223686e-04
  -6.5969105e-02  -5.4299582e-03   1.3472565e-01  -2.7928345e-03  -1.7490882e-04   5.5554544e-04
  -6.3264428e-02  -3.2341645e-03   1.4214218e-01  -3.2392225e-03  -2.8594248e-04   4.0856211e-04
  -6.6327418e-02  -4.4803728e-02   1.1931897e-01  -2.5107280e-03  -2.2666577e-04   4.0650894e-04
  -7.1633530e-02   3.6365786e-02   1.2853852e-01  -3.0577088e-03  -5.2337881e-05   4.1661837e-04
  -5.6578959e-02  -1.0230518e-02   1.7126583e-01  -3.3893685e-03  -2.3220020e-04   5.0562469e-04
  -4.2810863e-02  -2.7411071e-02   1.4882227e-01  -3.3551366e-03  -6.7624086e-04   6.9823752e-04
  -3.8913207e-02   5.1956918e-02   1.7933424e-01  -3.8773829e-03  -8.8124774e-04   8.6938734e-04
  -4.9359616e-02  -5.0593297e-02   1.8510964e-01  -3.3535527e-03  -7.3471235e-04   7.9811934e-04
  -4.6539652e-02  -1.8211607e-02   1.7418320e-01  -3.5485866e-03  -9.1736465e-04   8.3201994e-04
  -5.2525368e-02   1.8577549e-02   1.9274646e-01  -4.1333380e-03  -9.2261272e-04   7.3001516e-04
  -5.0497641e-02  -2.5549414e-02   2.1003324e-01  -3.9175758e-03  -6.4752489e-04   6.4103075e-04
  -5.2577218e-02  -7.3376326e-02   1.9387658e-01  -3.1413693e-03  -4.7135735e-04   6.6390887e-04
  -6.4116034e-02  -6.2469397e-03   1.9823202e-01  -3.6922269e-03  -4.4930963e-04   4.6989268e-04
  -4.9792584e-02  -2.6258994e-02   2.1427197e-01  -3.9967583e-03  -6.2333588e-04   7.7949785e-04
  -4.9051012e-02  -6.0022884e-02   1.9755771e-01  -3.3521369e-03  -2.2352585e-04   6.4584839e-04
  -3.7974204e-02  -5.3400901e-02   1.7651909e-01  -3.0515715e-03  -2.4125679e-04   8.1349931e-04
  -3.5696292e-02   1.4507321e-02   2.2213639e-01  -3.8663431e-03  -5.5292167e-04   7.0254664e-04
  -4.1003702e-02  -2.3901204e-02   2.2230241e-01  -4.4316588e-03  -5.0505024e-04   4.7640182e-04
  -3.3097312e-02  -3.4337053e-02   1.9656845e-01  -3.7597404e-03  -9.2102282e-04   5.5505551e-04
  -1.3373259e-02   3.6332537e-02   2.1560981e-01  -4.5416664e-03  -1.1070919e-03   7.5646305e-04
  -5.6437793e-03   8.0260392e-04   2.4797739e-01  -4.7836302e-03  -1.1590885e-03   6.4174374e-04
  -2.2796637e-02  -5.9393654e-02   2.3587386e-01  -4.4403116e-03  -1.0853410e-03   5.3327433e-04
  -3.8334465e-02  -5.5671605e-02   2.1194033e-01  -3.9283369e-03  -7.9455825e-04   3.5625509e-04
  -3.4436018e-02   7.7251120e-03   2.4271688e-01  -4.8727648e-03  -1.1525092e-03   4.7456931e-04
  -4.1042036e-02  -4.9240184e-02   2.5453754e-01  -4.5209829e-03  -5.8606273e-04   2.2986651e-04
  -4.7739744e-02  -5.3531615e-02   2.3037485e-01  -3.6087791e-03  -3.6003320e-04   8.5972661e-05
  -6.8819680e-02   1.7007722e-02   2.5525871e-01  -4.5067368e-03  -4.3824061e-04   3.6816121e-04
  -7.9797404e-02  -2.8460531e-02   2.6087468e-01  -4.9114561e-03  -6.0488724e-04   2.8228731e-05
  -7.3746849e-02  -1.5122362e-03   2.2799970e-01  -4.8879596e-03  -8.7632498e-04   1.8338553e-04
  -6.4450426e-02   4.3020510e-02   2.7074080e-01  -5.2894016e-03  -8.6621049e-04   3.5731049e-04
  -6.6180901e-02  -6.5866889e-02   2.7008554e-01  -4.5566722e-03  -5.8462426e-04   3.6242436e-04
  -6.1531872e-02  -6.5504311e-02   2.6584988e-01  -4.5591891e-03  -4.6548938e-04   3.7725074e-04
  -5.8477315e-02   1.2735952e-02   2.7677789e-01  -5.2159734e-03  -8.6453946e-04   3.9475863e-04
  -6.4900686e-02  -1.7648611e-02   2.7846380e-01  -5.1837174e-03  -5.8851543e-04   1.9489986e-04
  -7.3265877e-02  -8.6265331e-02   2.4979821e-01  -4.6011687e-03  -6.1936147e-04   2.4159503e-04
  -8.0130004e-02  -2.4286907e-02   2.4855357e-01  -4.8603691e-03  -6.7747062e-04   3.1437835e-04
  -8.0770120e-02  -1.1528463e-02   2.7337066e-01  -5.1270747e-03  -7.0269179e-04   2.5479602e-04
  -8.9963167e-02  -3.8442586e-02   2.7073817e-01  -4.9247675e-03  -4.0981611e-04   9.0476625e-05
  -8.8058396e-02  -8.9994999e-02   2.3986928e-01  -4.4702663e-03  -7.6356629e-04   1.8893595e-04
  -8.7674058e-02  -9.1781264e-03   2.4958406e-01  -4.6759151e-03  -6.8225942e-04   1.6849336e-04
  -1.0818317e-01  -2.2742743e-02   2.4792689e-01  -4.1701668e-03   2.0974132e-05  -2.6862483e-04
  -1.2127224e-01  -8.6415064e-02   2.0780208e-01  -3.5769828e-03   3.7863550e-04  -1.5298517e-04
  -1.1931725e-01   5.4550658e-02   2.2852112e-01  -5.0860781e-03  -3.2024251e-04  -1.0921841e-04
  -1.0604260e-01   2.3243393e-02   2.4651592e-01  -5.1293839e-03  -5.3417830e-04  -3.9089078e-06
  -8.8151149e-02  -3.6072319e-02   1.5134181e-01  -3.8203923e-03  -7.1098867e-04   1.6526129e-04
  -7.7655118e-02   2.6965693e-02   1.2079233e-01  -2.4132400e-03  -4.4517172e-04   3.5272233e-04
  -9.8821426e-02  -3.4739938e-02   1.8600236e-01  -3.7750430e-03  -4.5985688e-06   1.3329192e-04
  -1.0426053e-01  -4.0875704e-02   1.9882957e-01  -3.7153110e-03  -5.2962022e-05   1.3214004e-04
  -9.0728494e-02   1.2775803e-02   2.8426364e-01  -4.8668422e-03  -1.0878374e-04   2.7183870e-04
  -1.0474440e-01  -4.9485859e-02   2.6078911e-01  -4.5205844e-03   2.8170218e-04   5.3469331e-05
  -9.7061757e-02  -6.9097445e-02   2.2926638e-01  -3.9633231e-03   1.7424580e-04   7.3549507e-05
  -5.1281455e-02  -1.7435022e-02   8.4908215e-02  -3.4380211e-03  -4.9031066e-04   5.2428349e-04
  -6.8314876e-02  -3.3522448e-02   2.3150673e-01  -4.4355892e-03   4.0666611e-05   6.0771495e-04
  -5.6278591e-02  -8.8416754e-02   2.2040974e-01  -3.9447308e-03  -1.0124588e-05   8.3147284e-04
  -5.9468396e-02   2.4666141e-02   2.3637547e-01  -4.8978436e-03   1.1393702e-05   7.9118696e-04
  -5.3710627e-02  -6.5699113e-02   2.5726207e-01  -4.8656561e-03   4.1117309e-04   7.5509907e-04
  -4.3767530e-02  -6.7904248e-02   2.8125200e-01  -4.9211525e-03   1.9391996e-04   8.8518244e-04
  -4.3943727e-02   2.0612759e-02   2.8252253e-01  -5.6287843e-03  -1.9732191e-04   1.0089782e-03
  -5.6766000e-02  -4.3062771e-02   2.7429997e-01  -5.5585225e-03   2.3105412e-04   6.4635835e-04
  -7.2241699e-02  -3.9363674e-02   2.7155063e-01  -5.0459571e-03   3.1218227e-04   4.6112571e-04
  -7.3331883e-02  -7.9549647e-03   3.1522173e-01  -5.6987734e-03   6.2658903e-05   4.2340028e-04
  -6.9962239e-02   7.2486774e-02   3.5797510e-01  -6.8756405e-03  -5.4521828e-04   6.4109787e-04
  -7.1278981e-02  -1.5961585e-02   3.5531764e-01  -6.4872913e-03  -6.5836881e-05   4.2303374e-04
  -7.4299058e-02  -5.9526799e-02   3.1871326e-01  -5.8350419e-03   7.6943782e-05   3.7978232e-04
  -5.8397460e-02  -2.1701773e-02   3.1053458e-01  -6.3591723e-03  -4.6606991e-04   5.6621477e-04
  -5.1669891e-02   2.7644387e-02   3.2030112e-01  -6.7200197e-03  -4.2949422e-04   4.4706388e-04
  -5.6161049e-02  -6.7575058e-02   2.6960351e-01  -5.6324972e-03  -2.4206665e-04   3.7619486e-04
  -5.3297971e-02   5.4659886e-02   2.8487024e-01  -6.2650561e-03  -4.6992913e-04   5.0946192e-04
  -6.8718777e-02   2.2687206e-03   3.1832135e-01  -6.2519532e-03  -2.1074797e-04   4.1668073e-04
  -7.1285623e-02  -6.4221596e-02   3.0254271e-01  -5.9746737e-03  -4.1989766e-04   3.4928473e-04
  -6.0163240e-02   6.1053270e-02   3.2926991e-01  -7.5325348e-03  -9.0292205e-04   4.9488486e-04
  -4.9826922e-02  -1.7926003e-02   3.3248860e-01  -7.2495838e-03  -7.1833510e-04   3.8065122e-04
  -5.3300574e-02  -7.1445346e-02   3.3395709e-01  -6.4114350e-03  -8.4539901e-04   5.2070512e-04
  -5.4549672e-02  -6.7550951e-04   3.3942478e-01  -6.9037418e-03  -9.0690195e-04   5.6217818e-04
  -4.0414328e-02  -2.1162278e-03   3.5471374e-01  -7.0199448e-03  -7.0225150e-04   4.8189121e-04
  -4.8509447e-02  -9.0222984e-02   3.4162741e-01  -6.1962412e-03  -6.7484274e-04   3.6486272e-04
  -5.3994305e-02   2.6602976e-02   3.3175693e-01  -6.6960035e-03  -8.9921772e-04   5.2752508e-04
  -3.9111873e-02   1.6741403e-02   3.4627032e-01  -6.6565966e-03  -7.9282841e-04   4.5980423e-04
  -4.7166089e-02  -6.9099181e-02   3.4014447e-01  -6.3701613e-03  -1.2487349e-03   5.0714575e-04
  -4.8934618e-02   3.2455779e-02   3.1785591e-01  -6.5614412e-03  -1.2922865e-03   6.3284346e-04
  -4.2318211e-02  -3.1836319e-02   3.1414934e-01  -6.2426788e-03  -9.7671598e-04   5.2646435e-04
  -5.7676283e-02  -4.6245827e-02   3.1715442e-01  -5.7808765e-03  -4.5851843e-04   5.2195393e-04
  -4.2077567e-02  -3.3826398e-02   3.1784902e-01  -6.4722674e-03  -1.0969309e-03   5.3442498e-04
  -4.0853468e-02   2.4891383e-02   2.9853224e-01  -6.8930982e-03  -1.3848655e-03   5.9580556e-04
  -3.0470124e-02  -1.7719326e-03   3.1687963e-01  -6.7704272e-03  -1.1595427e-03   5.8380173e-04
  -3.1452684e-02  -6.5322050e-02   3.3707713e-01  -6.0238768e-03  -1.0832142e-03   7.2265764e-04
  -2.0688111e-02  -3.5109590e-02   3.4339634e-01  -6.5889452e-03  -1.5805337e-03   6.8560876e-04
  -1.1153819e-02   6.5097181e-03   3.7367407e-01  -7.0831874e-03  -1.6506246e-03   6.9606386e-04
  -1.2772250e-02  -4.3944547e-02   3.7338153e-01  -6.9709905e-03  -1.3253035e-03   6.3061522e-04
  -6.6500231e-03  -9.8430597e-02   3.4945214e-01  -6.2954560e-03  -1.4233100e-03   7.0347056e-04
  -1.8223294e-02   2.3040261e-02   3.4509704e-01  -6.6863217e-03  -1.4992990e-03   7.4116828e-04
  -2.2793041e-02  -5.7087841e-02   3.5231213e-01  -6.6804114e-03  -1.0771322e-03   5.0836917e-04
  -6.7907878e-02  -8.4636197e-02   3.2523304e-01  -5.9320475e-03  -4.3480520e-04   2.9979345e-04
  -8.7299039e-02  -1.6015450e-02   2.9328116e-01  -5.7473361e-03  -2.7059406e-04   2.5593922e-04
  -6.5961765e-02   8.4901590e-03   3.3230271e-01  -6.4403603e-03  -5.0111549e-05   2.7204002e-04
  -6.5054985e-02  -3.2038346e-02   3.1833013e-01  -6.7025202e-03  -7.3669063e-04   3.1617245e-04
  -6.0901660e-02   5.3026442e-02   3.1054402e-01  -7.0292744e-03  -1.1942904e-03   5.0350534e-04
  -6.4192817e-02   6.7254258e-02   3.3951163e-01  -6.7608889e-03  -7.4902181e-04   4.7566287e-04
  -8.3052809e-02  -5.1397550e-02   3.4763604e-01  -6.1818188e-03  -6.1989173e-04   4.9058505e-04
  -8.3714704e-02  -8.6229412e-02   3.4256302e-01  -5.8013244e-03  -5.3185323e-04   3.8258754e-04
  -8.1070775e-02   1.5924507e-02   3.5269099e-01  -6.5274288e-03  -7.8642298e-04   4.6561419e-04
  -8.8472463e-02  -6.0949611e-02   3.5304976e-01  -6.2641911e-03  -5.0159692e-04   2.7718460e-04
  -1.0544885e-01  -7.3606081e-02   2.6230201e-01  -5.2150427e-03  -8.9441914e-04   3.4431321e-04
  -8.3410657e-02   3.3634988e-02   3.1173232e-01  -5.6253141e-03  -1.6940366e-03   5.1314112e-04
  -8.7619085e-02   7.6215305e-03   3.3955729e-01  -6.3746934e-03  -1.5091874e-03   5.1276493e-04
  -8.4715112e-02  -5.3970084e-02   3.1626039e-01  -5.8537550e-03  -1.7305501e-03   5.9443041e-04
  -9.5697443e-02   4.8985969e-02   3.6458750e-01  -6.8428987e-03  -1.5545826e-03   7.0143936e-04
  -7.3225618e-02   1.2823642e-02   3.7882503e-01  -6.6315841e-03  -1.2355440e-03   6.6677582e-04
  -5.7973395e-02  -8.0522886e-02   3.7417692e-01  -6.2440293e-03  -1.4677124e-03   8.2291843e-04
  -5.0319243e-02  -3.6797688e-02   3.6301677e-01  -6.3746421e-03  -1.4713356e-03   8.8501687e-04
  -4.9755617e-02   2.6497139e-02   3.7697940e-01  -6.8601178e-03  -1.3613611e-03   8.5239402e-04
  -6.3073981e-02  -6.0410038e-02   3.5607894e-01  -6.4542618e-03  -1.1521548e-03   7.8066436e-04
  -5.0494103e-02  -8.3669903e-02   3.4768713e-01  -6.1836237e-03  -1.2637786e-03   8.3611015e-04
  -5.9517145e-02   1.1930879e-02   3.6433699e-01  -6.6380844e-03  -1.5901215e-03   8.3631361e-04
  -8.0218354e-02  -8.4617856e-02   3.5284459e-01  -6.2339192e-03  -1.0127121e-03   6.8346780e-04
  -7.6469708e-02  -7.5971070e-02   3.4583262e-01  -6.1113622e-03  -1.3935257e-03   7.3868986e-04
  -7.8349077e-02   3.7705904e-02   3.5013601e-01  -6.9725171e-03  -1.5903024e-03   7.0869936e-04
  -8.0225041e-02  -4.7512739e-02   3.2978903e-01  -6.2943162e-03  -1.0958318e-03   6.4395872e-04
  -7.8004653e-02  -7.6268136e-02   3.1364538e-01  -5.5680718e-03  -1.0862899e-03   6.2264084e-04
  -1.0552784e-01  -2.5796790e-02   2.8314199e-01  -5.6170369e-03  -7.8671101e-05   3.4235516e-04
  -8.9203275e-02   6.4871469e-02   3.3751688e-01  -6.9076425e-03  -9.6895315e-04   5.0443803e-04
  -9.3866843e-02  -6.2105576e-02   2.9813183e-01  -6.1113253e-03  -1.3075530e-03   5.2104905e-04
  -8.0584003e-02   3.7793359e-02   3.1504687e-01  -6.4761493e-03  -1.5813254e-03   7.6256364e-04
  -6.4736495e-02   2.2112574e-02   3.7767658e-01  -6.7492165e-03  -1.5656910e-03   6.9502237e-04
  -6.3686877e-02  -6.1154719e-02   3.8711818e-01  -6.6877861e-03  -1.6166080e-03   6.3852746e-04
  -6.7726557e-02  -1.0692386e-02   3.5055764e-01  -6.3287790e-03  -1.6226927e-03   8.0133387e-04
  -6.1476642e-02   2.2432302e-02   3.5031858e-01  -7.1280768e-03  -1.9127484e-03   6.6505518e-04
  -6.8047396e-02  -5.9160408e-02   3.5003014e-01  -6.7132587e-03  -1.6926930e-03   6.6298637e-04
  -7.3154245e-02  -5.2509051e-02   3.4074538e-01  -6.2887322e-03  -1.6988652e-03   6.2917730e-04
  -7.1098477e-02   2.9293060e-03   3.4504992e-01  -6.6290126e-03  -2.1384287e-03   8.2886153e-04
  -6.7144503e-02  -1.7714243e-03   3.6223113e-01  -6.9248688e-03  -1.7156001e-03   6.0587875e-04
  -6.9883057e-02  -6.5749597e-02   3.2818148e-01  -5.9233426e-03  -1.2804387e-03   5.6227497e-04
  -7.8417857e-02  -3.1159987e-02   3.0420608e-01  -5.7170143e-03  -1.1180505e-03   6.4135264e-04
  -8.4525280e-02   2.1817982e-02   3.3915213e-01  -6.3364336e-03  -1.0362758e-03   4.7405446e-04
  -7.8747922e-02  -2.3916220e-02   3.2171632e-01  -6.5063615e-03  -1.3476954e-03   4.2869327e-04
  -6.7988009e-02   2.7444567e-02   3.1369772e-01  -6.7861318e-03  -1.7996404e-03   7.8505537e-04
  -6.7207209e-02   2.1901379e-02   3.4134677e-01  -6.6543959e-03  -1.3382063e-03   5.8115124e-04
  -7.8825437e-02  -1.1729177e-01   3.2138016e-01  -5.9373028e-03  -1.1152662e-03   5.0219420e-04
  -7.5412075e-02  -5.8620298e-03   3.3369831e-01  -6.6523111e-03  -1.5001000e-03   6.4807764e-04
  -9.8276406e-02  -7.2285542e-02   3.2013840e-01  -5.9516839e-03  -8.3511322e-04   3.4556415e-04
  -8.2524412e-02  -4.3178399e-03   3.0240818e-01  -6.2494284e-03  -1.4711560e-03   6.0958640e-04
  -7.6308224e-02   1.3129242e-02   3.3108077e-01  -6.2025710e-03  -1.3412731e-03   6.1395084e-04
  -1.1762346e-01  -8.4892053e-02   3.0008968e-01  -5.2821081e-03  -5.8191804e-04   3.9679567e-04
  -9.9085172e-02   6.9182091e-02   3.4493331e-01  -6.5510915e-03  -1.4412004e-03   5.7336041e-04
  -1.0369548e-01  -3.3589221e-02   3.2291675e-01  -6.2668272e-03  -9.6325287e-04   5.2589260e-04
  -1.0736778e-01  -4.1998093e-02   2.9745686e-01  -5.4107018e-03  -1.0749483e-03   6.3488363e-04
  -1.0833276e-01   5.2875491e-02   3.2418686e-01  -5.9963056e-03  -9.9001508e-04   5.7046392e-04
  -1.0546005e-01  -3.4838716e-02   3.3624461e-01  -6.2019341e-03  -8.1797515e-04   4.8155253e-04
  -1.0533898e-01  -1.0401070e-01   3.0532886e-01  -5.2663366e-03  -7.5059711e-04   6.0658032e-04
  -9.7411469e-02   3.2543598e-02   3.3174812e-01  -6.2944255e-03  -1.1000948e-03   7.8474454e-04
  -9.8580496e-02  -3.1372568e-02   3.0280286e-01  -5.9249466e-03  -8.3065518e-04   5.6790261e-04
  -1.0639824e-01  -4.4077291e-02   2.8445186e-01  -5.3005998e-03  -7.5863760e-04   7.6451355e-04
  -1.0622022e-01  -1.2709503e-02   2.8790417e-01  -5.7152330e-03  -8.7612303e-04   7.4368016e-04
  -1.1683794e-01   4.5736490e-04   3.0622099e-01  -5.8482259e-03  -7.2359928e-04   6.0346492e-04
  -1.0654607e-01  -8.7098179e-02   2.8977965e-01  -4.9385198e-03  -5.5303289e-04   6.5321803e-04
  -1.0189407e-01   9.7594801e-03   2.8773029e-01  -5.8953773e-03  -9.5686919e-04   7.2074499e-04
  -7.2583094e-02   1.4758914e-01   2.9548401e-01  -5.6629051e-03  -1.0740467e-03   1.0470390e-03
  -4.1930013e-02  -2.2015982e-01   1.4144448e-01  -3.3348317e-03  -1.1239213e-03   1.2067045e-03
  -4.4355465e-02  -9.7315617e-02   1.5752194e-01  -2.9263753e-03  -5.1765360e-04   8.3495057e-04
   7.2741799e-03  -2.6080241e-02   8.5247417e-02  -6.2287330e-04   3.4890741e-05   9.1122319e-04
   4.6592145e-02  -8.7223742e-02  -1.6858764e-01   2.4342469e-03   6.3555771e-04   2.2413501e-03
   5.8671915e-02   3.5827579e-02   7.1868303e-03  -7.6556098e-04   1.0929629e-04   2.3328193e-03
   6.9133295e-02   4.3746996e-02   3.3842692e-02  -1.7713235e-03   2.1414623e-04   2.2950652e-03
   6.8633259e-02  -1.0463475e-01   5.4451659e-02  -1.5954735e-03   5.5260520e-04   2.2696334e-03
   6.8336283e-02  -4.3847289e-02   4.7123115e-02  -1.8347633e-03   7.7453564e-04   2.2201913e-03
   8.4103534e-02   2.5505090e-02   6.9251504e-02  -2.4309600e-03   7.2865688e-04   2.3750922e-03
   1.1215109e-01   2.4345472e-02   1.0309036e-01  -3.0361765e-03   8.3445060e-04   2.3750569e-03
   1.1705764e-01  -6.2303284e-02   8.7156893e-02  -2.5187855e-03   8.4110548e-04   2.4368506e-03
   1.2519960e-01   1.3195157e-02   1.1365368e-01  -3.4281543e-03   7.1708827e-04   2.4765373e-03
   1.2916529e-01   6.3348119e-03   1.3290691e-01  -3.4119512e-03   7.5551970e-04   2.4583067e-03
   1.2650058e-01   1.0346336e-02   1.4285100e-01  -3.3522791e-03   1.2127108e-03   2.2496460e-03
   1.3699444e-01  -5.6748732e-02   1.2233004e-01  -2.8241477e-03   1.3491746e-03   2.2202313e-03
   1.5061198e-01   5.0115531e-02   1.3984810e-01  -3.4136274e-03   1.6056046e-03   2.3027065e-03
   1.5967313e-01  -5.3004354e-02   1.1097280e-01  -3.1085970e-03   1.8821660e-03   2.1660355e-03
   1.7315519e-01   3.9806601e-02   1.5227716e-01  -3.9871101e-03   1.3868906e-03   2.2747984e-03
   2.0259971e-01   2.9617200e-02   1.6851062e-01  -4.3139893e-03   1.1218402e-03   2.4685579e-03
   2.1566564e-01   4.4436667e-03   1.7613131e-01  -4.0400541e-03   1.2712984e-03   2.4278860e-03
   2.1762451e-01  -4.4146434e-02   1.6527929e-01  -3.7359336e-03   1.2419908e-03   2.3567559e-03
   2.0964197e-01  -6.0805032e-03   1.8436398e-01  -3.9162487e-03   1.1640779e-03   2.3984574e-03
   2.1388681e-01   2.3925710e-02   1.9582081e-01  -4.6570106e-03   1.1008401e-03   2.3799392e-03
   2.2568989e-01  -3.1022980e-03   2.0924257e-01  -4.8436763e-03   1.3235101e-03   2.2173423e-03
   2.2546130e-01  -7.5576270e-02   1.9997912e-01  -3.7554956e-03   1.6259825e-03   2.2080236e-03
