   0.0000000e+00   0.0000000e+00   7.1054274e-15   0.0000000e+00   0.0000000e+00   0.0000000e+00
   3.9047689e-02  -8.6850498e-02   2.7108312e-02  -7.6350755e-04  -1.3326041e-04   4.5646475e-04
   5.8059569e-02   7.1699043e-02   2.1785141e-02  -1.8442611e-04  -3.6959553e-04   4.9131642e-04
   6.2535469e-02   3.8962466e-02   6.5742730e-02  -9.3133124e-05  -3.4826232e-04   7.1460190e-04
   6.6751920e-02   1.1002865e-01   5.4609317e-02  -2.1428025e-04  -3.6778530e-04   8.1627077e-04
   6.8142293e-02   7.2917849e-02   8.7825332e-02  -5.1298777e-04  -9.7224196e-04   6.3420269e-04
   7.5630254e-02   6.1052322e-02   8.6714475e-02  -4.9490007e-04  -9.7928535e-04   5.6375471e-04
   7.5115330e-02   1.6637450e-01   8.5686598e-02  -5.0582587e-04  -1.2603852e-03   5.6030631e-04
   6.0292664e-02   2.6556617e-01   8.8430165e-02  -3.2091725e-04  -9.5765925e-04   9.1888505e-05
  -4.6153008e-02   1.4489283e-01   9.1340075e-02  -3.8589979e-04  -2.9914256e-05  -1.6227811e-03
   1.8918163e-02  -3.1819143e-01   1.5456649e-01  -1.2672203e-03  -1.1181609e-03  -2.0161503e-03
   1.4735152e-02   9.4640482e-02   1.4324031e-01  -1.2457064e-03  -1.8088792e-03  -2.2397292e-03
   1.8998547e-02   7.2459934e-02   1.6740215e-01  -1.3622788e-03  -1.8691815e-03  -2.3692934e-03
   2.5783845e-02   9.9094332e-02   1.8915346e-01  -1.4868606e-03  -2.0385062e-03  -2.3214566e-03
  -2.1512994e-02   3.6079493e-02   6.8095539e-02  -5.7497795e-04  -5.6304913e-05  -2.3781160e-03
  -1.5553621e-02   2.0332552e-01   5.4308035e-02  -1.9258410e-03  -1.0578651e-04  -3.3370167e-03
  -9.6214675e-03  -1.6085661e-02   1.0171286e-01  -1.0758615e-03  -4.1752663e-04  -3.9914492e-03
   2.1944737e-03   1.5137061e-01   1.0531431e-01  -1.4610753e-03  -1.2227812e-03  -4.2416288e-03
   3.5864368e-03   1.4726556e-01   8.7051377e-02  -1.4672234e-03  -1.2770709e-03  -4.2855349e-03
   1.3765957e-02   7.0283506e-02   1.0286333e-01  -1.4398606e-03  -1.5458265e-03  -4.2336956e-03
   2.0600229e-02   1.5726570e-01   1.0300143e-01  -1.7630969e-03  -1.8647047e-03  -4.3579887e-03
   1.4660473e-02   1.9409338e-01   1.0599177e-01  -2.0390431e-03  -2.1374009e-03  -4.5666174e-03
   7.6377026e-03   1.8058521e-01   1.0483029e-01  -1.7120308e-03  -2.1634196e-03  -4.6875087e-03
   2.2834653e-02   5.1230763e-02   1.1215996e-01  -1.4535517e-03  -2.4334671e-03  -4.8765351e-03
   1.9469590e-02   1.6278461e-01   1.1024347e-01  -1.3317660e-03  -2.4795814e-03  -4.7686991e-03
   1.5291542e-02   1.1934914e-01   1.0423781e-01  -1.3385130e-03  -2.5923667e-03  -4.7354330e-03
   1.6963653e-02   2.1464025e-01   9.8716778e-02  -1.6134285e-03  -2.6836589e-03  -4.7381802e-03
   2.9514509e-02   2.1474749e-01   1.0998787e-01  -1.8114051e-03  -2.6505390e-03  -4.7182157e-03
   6.6990401e-02   6.5482508e-02   1.6891096e-01  -1.7728573e-03  -2.7687618e-03  -3.7024020e-03
   1.0849412e-01   1.2726049e-01   2.2326930e-01  -1.3353728e-03  -3.0400128e-03  -3.4933559e-03
   1.1362558e-01   1.4796931e-01   2.3133857e-01  -1.2425838e-03  -3.1533157e-03  -3.5189354e-03
   1.1239085e-01   1.3369349e-01   2.1848986e-01  -1.2854168e-03  -3.1352426e-03  -3.5313892e-03
   8.4336293e-02   2.0298920e-01   2.2214053e-01  -1.5498453e-03  -3.1972064e-03  -3.7208886e-03
   8.7200501e-02   1.0684112e-01   2.3378798e-01  -1.2235518e-03  -3.3604230e-03  -3.6815361e-03
   9.4380705e-02   1.0311097e-01   2.3395709e-01  -1.4354126e-03  -3.3556522e-03  -3.6627711e-03
   1.0134108e-01   1.1320047e-01   2.2892134e-01  -1.4050269e-03  -3.4979727e-03  -3.5662735e-03
   4.6379969e-02   4.1110598e-01   2.3579871e-01  -1.7771413e-03  -3.3160477e-03  -3.9526674e-03
   8.8364757e-02  -8.8042469e-02   2.4876722e-01  -1.5328597e-03  -3.0135812e-03  -3.8639433e-03
   9.4786009e-02   1.3576154e-01   2.3502707e-01  -1.2718037e-03  -3.1812268e-03  -3.9315971e-03
   9.4217608e-02   1.6904993e-01   2.2318855e-01  -1.1200430e-03  -3.1549563e-03  -3.9268541e-03
   9.8950200e-02   6.9953790e-02   1.5904252e-01  -4.5606275e-04  -2.8788767e-03  -4.0382674e-03
   3.1267191e-04   4.4188952e-01   1.6414053e-01   7.9049241e-04  -1.5978302e-03  -4.3910091e-03
   1.4636118e-02   1.5612380e-01   2.3637077e-01   3.2221492e-03   2.4279474e-03  -5.9544276e-03
   4.3939710e-02  -7.2598206e-02   3.7090216e-01   2.6273465e-03   1.8357239e-03  -6.5499947e-03
   5.1589124e-02   1.9368836e-01   3.7815028e-01   3.0627978e-03   1.3585186e-03  -6.2051064e-03
   5.0905958e-02   2.1710170e-01   3.9923911e-01   3.1580840e-03   1.3097119e-03  -6.1564285e-03
   7.5162474e-02   2.0844402e-01   4.2908524e-01   2.7502269e-03   9.7561220e-04  -6.0298285e-03
   8.7629215e-02   1.8360797e-01   4.2392671e-01   2.5433168e-03   5.3001589e-04  -5.9591962e-03
   8.7448103e-02   1.9218566e-01   4.1151129e-01   2.3015452e-03   5.4952692e-04  -5.9844478e-03
   8.9605648e-02   1.8678403e-01   4.2172927e-01   2.1456490e-03   2.8015629e-04  -5.9515967e-03
   8.4504766e-02   2.6405953e-01   4.0669050e-01   2.0060514e-03   1.2461890e-04  -6.0586411e-03
   7.7743922e-02   1.1747353e-01   4.1215368e-01   2.4187322e-03  -3.2223713e-05  -6.1663273e-03
   6.7889713e-02   2.3428619e-01   3.9526476e-01   2.4027979e-03  -1.5705806e-04  -6.3131544e-03
   2.1344584e-02   1.7830533e-01   2.0005488e-01   3.0626689e-03   7.7928190e-04  -6.0960348e-03
   2.0638399e-02   2.2064971e-01   3.9224706e-01   1.3860154e-03   9.5446251e-05  -7.0940986e-03
   1.1098869e-02   3.0078722e-01   3.9303341e-01   1.5048923e-03   3.8994701e-04  -7.4573037e-03
   2.9036878e-02   1.9353332e-01   4.0616698e-01   1.7309079e-03   2.2674336e-04  -7.4050081e-03
   2.0998566e-02   3.4964307e-01   3.8046055e-01   1.2094122e-03   2.1565072e-04  -7.5024798e-03
   3.4352105e-02   1.9630448e-01   3.7762965e-01   1.4307812e-03   8.4897252e-05  -7.5729101e-03
   3.2214688e-02   2.5656163e-01   3.6772588e-01   1.9125585e-03   2.2668341e-04  -7.6426604e-03
   4.3460512e-02   2.3711875e-01   3.8833481e-01   1.9481147e-03   1.9815679e-04  -7.3745432e-03
   4.6228145e-02   2.0957750e-01   3.9749833e-01   2.0605546e-03   1.6691642e-04  -7.4130431e-03
   5.0911710e-02   2.6701378e-01   3.9569548e-01   2.1324073e-03  -1.5076279e-05  -7.3574104e-03
   4.7719827e-02   2.9309737e-01   4.0385726e-01   1.8406021e-03  -3.3740047e-05  -7.4691109e-03
   6.2854269e-02   2.4306767e-01   4.1963036e-01   1.8172975e-03  -1.3387336e-04  -7.4009242e-03
   7.1054576e-02   2.4470255e-01   3.5230434e-01   2.1708581e-03  -2.7549223e-04  -7.2478194e-03
   2.5727054e-01   5.1468219e-01   7.2659046e-02  -3.0518330e-03  -7.2647415e-04  -7.0865944e-03
   1.7497703e-01   3.1591658e-01   3.2801146e-01  -3.4171595e-03   7.5874916e-04  -6.2533775e-03
   1.8944677e-01   4.1092730e-01   2.9625821e-01  -2.9609709e-03   2.5829198e-04  -6.1680219e-03
   2.0464706e-01   2.9358573e-01   2.8761949e-01  -1.9532913e-03   3.3339460e-04  -5.9883736e-03
   2.0494484e-01   2.9355202e-01   2.9516014e-01  -1.8363519e-03   4.4237945e-06  -5.9677328e-03
   2.0725327e-01   2.2884212e-01   2.8622027e-01  -1.4894407e-03  -4.9756748e-06  -5.7854342e-03
   2.0721386e-01   3.2927600e-01   2.8554780e-01  -1.6060924e-03  -5.2444393e-04  -5.7793058e-03
   2.5091778e-01   2.5775571e-01   3.2926964e-01  -1.4899870e-03  -7.1588140e-04  -5.7310054e-03
   2.2988794e-01   4.3165203e-01   2.8849299e-01  -1.7117889e-03  -5.0355475e-04  -5.7044277e-03
   2.2947467e-01   1.8586369e-01   3.1577416e-01  -9.0130263e-04  -3.0290163e-04  -5.4362848e-03
   2.2595220e-01   2.9986650e-01   2.9447668e-01  -8.5185549e-04  -3.0346862e-04  -5.3659838e-03
   1.5017287e-01   5.4585628e-01   2.9594389e-01  -4.8528357e-04  -3.5342827e-05  -5.5856387e-03
   2.7847360e-02   4.6078557e-01   3.1747715e-01  -1.4761623e-03   2.8281711e-03  -6.1351548e-03
  -3.2712422e-02   1.1365563e-01   2.7120417e-01  -1.3268271e-03   4.8155029e-03  -7.3706236e-03
  -7.6270592e-03  -6.8416682e-02   2.6425677e-01  -1.2706029e-03   4.8742405e-03  -6.8595439e-03
  -3.0215003e-02   2.0904531e-01   2.8422644e-01  -4.8130162e-04   5.1345618e-03  -6.7510292e-03
  -6.6931159e-02   4.1257915e-01   3.0780046e-01  -8.0606797e-04   5.9224805e-03  -7.0059113e-03
  -6.0816581e-02   1.5628450e-01   2.8067308e-01  -8.2021109e-04   6.5890233e-03  -6.3542209e-03
  -2.1501835e-01  -8.3902371e-02  -1.0057684e-01   1.2316977e-03   1.0040941e-02  -6.4984437e-03
  -1.2253055e-01   2.0917807e-01  -2.8316487e-02   5.7417348e-05   8.6621561e-03  -6.6934444e-03
  -1.1012326e-01   2.1103975e-01  -4.6078523e-04   1.3283966e-04   8.4984132e-03  -6.4415448e-03
  -9.9048180e-02   2.0901065e-01   1.4011846e-02   3.0001957e-04   8.2920485e-03  -6.2792076e-03
  -9.9633808e-02   2.0917932e-01  -1.6361834e-04   1.4147750e-04   8.1414732e-03  -6.2681759e-03
  -9.9871838e-02   2.5561792e-01  -1.5212145e-02  -8.0577438e-05   7.9293167e-03  -6.4013139e-03
  -9.2930557e-02   1.6866235e-01  -1.5116567e-02   3.7452399e-04   7.8385477e-03  -6.1015387e-03
  -8.2374443e-02   3.2396752e-01  -7.1895989e-03   8.0714462e-05   7.4369556e-03  -6.1595962e-03
   2.3350904e-02   1.8151434e-01   4.1811771e-02   3.7282259e-04   5.3541657e-03  -6.0745589e-03
   2.4570691e-01   4.2345509e-01   2.2012317e-01  -4.4925589e-03   5.8858129e-04  -4.7520608e-03
   2.9708252e-01   3.2877122e-01   3.1574380e-01  -7.1883834e-03  -2.5538126e-04  -4.7922894e-03
   2.3268158e-01   4.5629639e-01   1.9014924e-01  -3.5805234e-03   7.0322357e-04  -5.1379830e-03
   2.2627449e-01   2.1327272e-01   1.9873527e-01  -1.2076522e-03   1.0639121e-03  -4.7640497e-03
   2.3063903e-01   3.4731062e-01   1.8668580e-01  -8.3623841e-04   9.5812666e-04  -4.6741005e-03
   2.4104433e-01   2.7126015e-01   1.8618599e-01  -7.3628279e-04   8.6707598e-04  -4.6350964e-03
   2.3272284e-01   4.2386338e-01   1.7287967e-01  -7.3109921e-04   1.0977232e-03  -4.6301023e-03
   1.3856970e-01   5.7156482e-01   1.1629783e-01  -5.9923801e-04   2.8438484e-03  -5.3336702e-03
   2.1509868e-01  -1.0672131e-01   1.5518383e-01  -1.9421321e-04   2.6325087e-03  -4.3899493e-03
   2.0912639e-01   2.2634605e-01   1.3662454e-01   4.5724479e-04   2.6799863e-03  -4.0833474e-03
   1.9291192e-01   2.8344156e-01   1.3811878e-01   8.3019376e-04   2.6726367e-03  -4.0340673e-03
   1.8658842e-01   2.5357806e-01   1.4934018e-01   1.2231067e-03   2.7324163e-03  -3.9677345e-03
   1.9563562e-01   2.0358731e-01   1.1519681e-01   1.6393672e-03   3.4393872e-03  -3.6654088e-03
   1.8460024e-01   2.0448779e-01   1.1833697e-01   1.2403908e-03   3.6763329e-03  -3.4095647e-03
   1.7941618e-01   4.4871028e-01   1.1613603e-01   1.1743426e-03   3.6870870e-03  -3.7621324e-03
   8.5517284e-02   4.1578631e-01   2.0186600e-02   3.5655521e-03   4.6406252e-03  -4.8569853e-03
   9.1342446e-02  -2.0906944e-01   4.2326835e-02   3.1605649e-03   5.7794927e-03  -4.4870299e-03
   1.0379310e-01   3.0957646e-02   4.0828559e-02   3.0212166e-03   5.4641855e-03  -4.0131097e-03
   9.5862542e-02   2.0391664e-01   3.8258096e-02   3.0503933e-03   5.3998219e-03  -3.8528023e-03
   9.7527536e-02   1.9025714e-01   6.9884671e-02   3.1568478e-03   5.6887113e-03  -3.5404942e-03
   1.0144124e-01   1.9482312e-01   8.1160837e-02   2.9414141e-03   5.4990380e-03  -3.6727309e-03
   9.7902807e-02   2.0383044e-01   7.3776616e-02   2.8940455e-03   5.4337288e-03  -3.4764527e-03
   1.0076268e-01   2.2703755e-01   7.1117178e-02   2.8656862e-03   5.5274905e-03  -3.4595170e-03
   1.2362708e-01   1.3188766e-01   5.2833566e-02   2.5606287e-03   5.1476129e-03  -3.5871056e-03
   1.0278524e-01   2.2774348e-01   3.8750950e-02   2.8655734e-03   5.3004258e-03  -3.4683262e-03
   1.6647009e-01   2.2520832e-01  -5.7500481e-02   3.3199403e-03   5.2958051e-03  -3.1015079e-03
   1.2967059e-01   2.1510800e-01  -7.2291143e-02   3.1789970e-03   6.3571664e-03  -2.9390652e-03
   1.4879294e-01   1.6553691e-01  -5.6491451e-02   3.2200467e-03   6.1432887e-03  -2.9670345e-03
   1.5324302e-01   1.8782758e-01  -5.7145088e-02   3.4010418e-03   5.9964447e-03  -2.9943623e-03
   1.5454259e-01   1.4873443e-01  -5.6825702e-02   3.5724893e-03   5.9646796e-03  -2.9254325e-03
   1.5709105e-01   2.2073534e-01  -4.5504734e-02   3.5456756e-03   5.9936815e-03  -2.7093582e-03
   1.6787580e-01   2.0086965e-01  -5.0200763e-02   3.5841012e-03   5.9178013e-03  -2.7696859e-03
   1.6390447e-01   1.3403659e-01  -4.9249279e-02   3.7968707e-03   5.8773032e-03  -2.6814809e-03
   1.6471033e-01   1.8167910e-01  -5.4133932e-02   3.7961318e-03   5.7996434e-03  -2.6474783e-03
   1.5615234e-01   1.6938913e-01  -6.1272962e-02   4.1137830e-03   5.9557128e-03  -2.6265348e-03
   1.5299744e-01   1.8440092e-01  -7.0972598e-02   4.0074097e-03   5.9611571e-03  -2.5500830e-03
   1.5308605e-01   1.6628215e-01  -7.3029765e-02   3.9914877e-03   5.9293865e-03  -2.4256160e-03
   1.6049379e-01   1.4232561e-01  -7.6169888e-02   4.0848330e-03   5.8859269e-03  -2.2257143e-03
   1.3779134e-01   1.8823165e-01  -6.1839989e-02   4.3603711e-03   6.2733266e-03  -2.0197776e-03
   1.4243631e-01   1.7730144e-01  -5.8052072e-02   4.2721289e-03   6.1352755e-03  -2.1972789e-03
   1.4308179e-01   1.3276276e-01  -5.5410781e-02   4.4154922e-03   6.0435795e-03  -2.2255561e-03
   1.4244822e-01   1.4300044e-01  -7.1733717e-02   4.5407698e-03   6.1213201e-03  -2.0396278e-03
   1.4191944e-01   1.8052351e-01  -5.8209121e-02   4.4888543e-03   6.0829978e-03  -2.0656422e-03
   1.4191375e-01   1.6151148e-01  -5.9554145e-02   4.5191217e-03   6.0211680e-03  -2.0785660e-03
   1.2697503e-01   1.8584466e-01  -7.0055881e-02   4.8580597e-03   6.3066191e-03  -1.9477667e-03
   1.3999616e-01   1.6352052e-01  -7.3779891e-02   4.7044183e-03   6.0600200e-03  -2.1034947e-03
   1.4276706e-01   1.7482413e-01  -7.1509528e-02   4.8678216e-03   5.9750061e-03  -2.1495646e-03
   1.3887967e-01   2.1078872e-01  -6.9623222e-02   4.9832879e-03   6.0288168e-03  -2.0955211e-03
   1.3633559e-01   1.9536427e-01  -7.0766707e-02   4.7624894e-03   6.0117360e-03  -2.1204933e-03
   1.4924998e-01   1.3717392e-01  -6.4953765e-02   4.8892880e-03   5.8919608e-03  -2.1059819e-03
   1.4609724e-01   1.1895955e-01  -6.2360741e-02   4.9538653e-03   5.8560060e-03  -2.0369412e-03
   1.4032406e-01   1.1794060e-01  -7.1158372e-02   5.1200901e-03   5.8330974e-03  -2.0563054e-03
   1.3206858e-01   1.7292959e-01  -7.9739176e-02   4.9736661e-03   5.8587437e-03  -2.0916635e-03
   1.1037128e-01   3.0264162e-01  -7.3887690e-02   4.7595265e-03   5.9671137e-03  -2.3616718e-03
   1.2560222e-01   5.3559041e-02  -8.2716523e-02   4.6687194e-03   6.1752422e-03  -2.2526065e-03
   1.2217414e-01   9.8975377e-02  -8.0265264e-02   5.3450920e-03   6.1262107e-03  -2.0605298e-03
   1.3865828e-01   1.1019895e-01  -8.5310227e-02   5.1399482e-03   5.9188106e-03  -2.1097011e-03
   1.4286652e-01   1.3477045e-01  -9.2812485e-02   5.2564133e-03   5.8517447e-03  -2.0811187e-03
   1.3567355e-01   1.5395183e-01  -8.6106745e-02   5.5584644e-03   5.8508184e-03  -1.9078564e-03
   1.3837650e-01   1.1052116e-01  -7.9374714e-02   5.5492929e-03   5.8826532e-03  -2.0943698e-03
   1.4948141e-01   1.1151025e-01  -7.7688312e-02   5.2814367e-03   5.6589613e-03  -1.8988298e-03
   1.3929583e-01   1.2896872e-01  -8.9763950e-02   5.4269043e-03   5.7624258e-03  -1.8193285e-03
   1.3886659e-01   1.4699686e-01  -9.4181073e-02   5.1278866e-03   5.6289196e-03  -1.9558961e-03
   1.4115154e-01   1.3828837e-01  -1.0148017e-01   5.1145300e-03   5.5321661e-03  -2.0846634e-03
   1.3805157e-01   2.0424366e-01  -7.5746456e-02   5.5878686e-03   5.2418733e-03  -2.1905291e-03
  -3.9584301e-02   4.9484628e-01   2.2943400e-01   9.0472156e-03   8.5108766e-03  -4.7597487e-03
  -7.2484228e-02  -3.1528438e-01   6.9988222e-02   8.6133288e-03   1.1153225e-02  -5.2571119e-03
  -9.5521042e-02   7.3414759e-02   1.5787424e-02   9.1583124e-03   1.1530871e-02  -5.3290637e-03
  -7.9664826e-02   1.3667410e-01   6.8473915e-02   9.4454094e-03   1.0687452e-02  -6.1124176e-03
  -5.6471797e-02   1.1209868e-01   1.4419679e-01   9.6762927e-03   1.0373168e-02  -6.2310197e-03
  -5.2957354e-02   1.2859608e-01   1.3619688e-01   9.1413731e-03   9.9755071e-03  -6.2623448e-03
  -6.3811410e-02   1.2808362e-01   1.2835625e-01   8.9677834e-03   9.9561088e-03  -6.0655800e-03
  -6.6969829e-02   9.2821809e-02   1.2452463e-01   9.1120643e-03   9.8652814e-03  -6.0875066e-03
  -6.7453155e-02   4.9501210e-02   1.2205459e-01   9.1366449e-03   9.8415953e-03  -6.1081923e-03
  -6.0792000e-02   1.3405213e-01   8.7237803e-02   8.8629403e-03   9.4831055e-03  -6.4921879e-03
  -7.3352986e-02   1.6404437e-01   9.2406169e-02   8.9817411e-03   9.5674084e-03  -6.4474999e-03
  -8.2531251e-02   9.3104262e-02   1.0823234e-01   9.1848937e-03   9.6074370e-03  -6.4905496e-03
   1.4042251e-02   6.9463301e-02   7.0809274e-02   9.1527808e-03   8.5062119e-03  -6.6447552e-03
  -1.2889952e-01   4.2958400e-01   5.8124313e-02   1.1242317e-02   1.0183383e-02  -6.4306731e-03
  -1.9451877e-01   3.3084087e-01   1.3199700e-01   1.2238885e-02   1.1746940e-02  -7.4006362e-03
  -1.7226935e-01  -3.3252270e-01   1.4841277e-01   1.1216796e-02   1.2236203e-02  -8.0381253e-03
  -1.8485198e-01   2.3308985e-02   1.1668759e-01   1.2063188e-02   1.2094735e-02  -7.9563732e-03
  -1.8152916e-01   7.5866508e-02   1.2357963e-01   1.2133197e-02   1.2171902e-02  -8.1824333e-03
  -1.7785436e-01   1.1279805e-01   1.3891456e-01   1.1834235e-02   1.1891931e-02  -8.0669751e-03
  -1.6153239e-01   2.1259744e-02   1.8663148e-01   1.1687334e-02   1.1577027e-02  -7.9089810e-03
  -1.5778121e-01   5.8934330e-02   1.7149367e-01   1.1782129e-02   1.1429156e-02  -7.7232577e-03
  -1.5308150e-01   7.5032646e-02   1.5201938e-01   1.1322823e-02   1.1305421e-02  -7.8631128e-03
  -1.6651021e-01   1.0714158e-01   1.3054852e-01   1.1302775e-02   1.1351122e-02  -7.7542046e-03
  -1.6599182e-01   7.2688261e-02   1.2286365e-01   1.1412026e-02   1.1274248e-02  -7.8155194e-03
  -1.6443645e-01   1.1424958e-01   1.1317390e-01   1.1675682e-02   1.1293683e-02  -7.7676532e-03
  -1.7235653e-01   1.0631502e-02  -1.0536144e-01   1.2934726e-02   1.2602888e-02  -7.9800382e-03
  -1.5968344e-01   2.0820179e-02  -1.0809887e-01   1.1549060e-02   1.2547053e-02  -8.4970794e-03
  -1.6730668e-01   1.2599918e-01  -7.0471798e-02   1.1901719e-02   1.2104560e-02  -8.6161503e-03
  -1.6812314e-01   1.9810802e-03  -2.8430912e-02   1.2377886e-02   1.2169482e-02  -8.7013902e-03
  -1.5559539e-01   1.5765461e-02  -3.0002306e-02   1.2357094e-02   1.2141924e-02  -8.6198631e-03
  -1.5668241e-01   1.2778665e-01  -4.4779893e-02   1.2008460e-02   1.1882307e-02  -8.8331669e-03
  -1.5351791e-01   6.6592398e-02  -4.6237367e-02   1.2164708e-02   1.1747786e-02  -8.7653800e-03
  -1.6019381e-01   1.6130173e-02  -3.4692842e-02   1.2639031e-02   1.1810108e-02  -8.7041673e-03
  -1.6730565e-01   1.7336200e-01  -3.4204386e-02   1.2684992e-02   1.1747121e-02  -8.7946013e-03
  -1.4431126e-01   1.3372396e-02  -2.9596705e-02   1.2634075e-02   1.1820857e-02  -8.8557101e-03
  -1.5140037e-01   5.4798061e-02  -2.9829168e-02   1.2689992e-02   1.1902685e-02  -8.7079056e-03
  -1.5701497e-01   5.6664027e-02  -2.1773540e-02   1.2907299e-02   1.1894551e-02  -8.5525123e-03
  -1.4562392e-01   4.6563631e-02  -3.6114368e-02   1.2717850e-02   1.1735687e-02  -8.7219692e-03
  -1.5639764e-01   6.0558757e-02  -2.2790674e-02   1.2932924e-02   1.2029366e-02  -8.6443609e-03
  -1.4608105e-01   6.6482832e-02  -2.0287354e-02   1.2807382e-02   1.1779439e-02  -8.4779739e-03
  -1.4332750e-01   2.2929380e-01  -4.8280075e-02   1.2901685e-02   1.1946363e-02  -7.7710985e-03
  -1.1227140e-01  -9.1952679e-02   7.8042719e-03   1.2838240e-02   1.1881451e-02  -7.9122534e-03
  -1.2299619e-01   6.4409582e-02  -5.4177626e-03   1.3023861e-02   1.1530609e-02  -8.1812873e-03
  -1.1214773e-01   4.7950376e-02   2.8122352e-03   1.3054376e-02   1.1345879e-02  -8.3217363e-03
  -1.0830397e-01   6.1996272e-02   8.6787346e-03   1.3146720e-02   1.1276228e-02  -8.2251787e-03
  -1.1864237e-01   3.2583526e-02   1.7363569e-02   1.3262215e-02   1.1362940e-02  -8.2326962e-03
  -1.4732046e-01   2.6166263e-01  -1.1412503e-02   1.2897563e-02   1.1615458e-02  -8.2960697e-03
  -1.1763540e-01  -1.4702999e-01   1.9425447e-02   1.2963234e-02   1.1315336e-02  -8.4346982e-03
  -1.1952825e-01   6.1607524e-02   9.4865577e-03   1.3444659e-02   1.1365244e-02  -8.1187600e-03
  -1.0860879e-01   4.2132669e-02   1.9765523e-02   1.2956050e-02   1.1110912e-02  -8.2840690e-03
  -1.2160666e-01   3.7589612e-02   2.4722290e-02   1.2918265e-02   1.1135966e-02  -8.2544253e-03
  -1.1067077e-01   7.9954525e-02   2.1247349e-02   1.3418775e-02   1.1027293e-02  -8.0990776e-03
