   0.0000000e+00   0.0000000e+00  -7.1054274e-15   0.0000000e+00   0.0000000e+00   0.0000000e+00
  -9.1470306e-03   3.4658055e-02   1.8705492e-02   3.3032394e-04   3.0176101e-04  -6.3479939e-05
  -1.3081907e-02  -3.0217341e-03   3.0554025e-02   6.1786866e-04   5.2994034e-04   5.7888343e-05
  -1.8900857e-02  -1.2271428e-02   3.2940481e-02   7.3748896e-04   4.4413661e-04  -1.6586031e-04
  -2.5775028e-02   1.3401688e-02   9.9306639e-03   4.5519125e-04   4.1742774e-04  -2.5390403e-04
  -2.2769096e-02  -2.1066332e-02   1.8462212e-02   4.5766623e-04   3.3997486e-04  -2.3226744e-04
  -2.8681957e-02  -1.7078873e-02   9.2088021e-03   7.5473448e-04   7.7383320e-04  -2.1129557e-04
  -1.8292991e-02  -4.0796779e-02   3.5109410e-02   6.3802815e-04   3.5008472e-04  -1.3040242e-04
  -2.4135592e-02  -3.3169083e-02   2.4575759e-02   6.4541522e-04   4.3045811e-04  -1.3299218e-04
  -1.6956218e-02   8.2379466e-03  -9.7226207e-04   5.1705904e-04   1.4273946e-04  -1.7677755e-04
  -1.7703599e-02  -2.0973271e-02   2.9782273e-02   7.1848148e-04   1.8281187e-04  -2.9072556e-04
  -1.6138749e-02  -5.0713676e-02   5.6828547e-02   7.4901695e-04   1.8372298e-04  -2.2180809e-04
  -1.4176856e-02  -2.9195841e-02   4.4369851e-02   3.7846239e-04   1.7092339e-04  -3.1535369e-04
  -1.9216812e-02  -1.8009005e-02   1.2266615e-02   1.0682699e-03   2.8666864e-04  -2.3860959e-04
  -2.7805553e-02  -2.9948303e-02   1.0368253e-02   9.0554778e-04   3.0014603e-04  -3.8556803e-04
  -2.9298406e-02  -1.1678246e-02   2.1752989e-02   1.2144241e-03   2.2615254e-04  -2.9900706e-04
  -3.9071339e-02  -2.5497994e-02   2.7607711e-02   9.7853803e-04   4.7418632e-04  -2.9811274e-04
  -3.3663058e-02  -1.8950473e-02   2.9012903e-02   1.4086784e-03   4.6849663e-04  -3.2160857e-04
  -2.4614845e-02   1.2997113e-03   1.3294962e-02   9.8849390e-04   2.7123741e-04  -3.0620372e-04
  -3.4476580e-02  -2.0743901e-02   2.3815796e-02   1.3700438e-03   4.1213448e-04  -3.9466212e-04
  -2.8066853e-02  -7.4630216e-02   4.9869842e-02   1.1608914e-03   4.8614319e-04  -3.0948178e-04
  -2.6485263e-02  -5.9099547e-02   2.9278059e-02   1.1449922e-03   2.9695056e-04  -3.1491331e-04
  -3.0999625e-02  -6.9056892e-03   1.5005232e-02   1.3339015e-03   5.7294170e-04  -3.3790221e-04
  -2.3032835e-02  -1.9536107e-02   2.7153679e-02   1.2262727e-03   3.9037861e-04  -3.2715364e-04
  -2.5144284e-02  -1.9202168e-02   2.5923223e-02   1.2901360e-03   3.2963451e-04  -3.9671855e-04
  -2.7184033e-02  -4.6010077e-02   2.4849999e-02   1.2501760e-03   3.2916647e-04  -4.2778752e-04
  -2.7328116e-02  -3.2750267e-02   1.9820705e-02   1.4384127e-03   4.2313033e-04  -4.8277146e-04
  -2.2331820e-02  -3.9259802e-02   3.1745708e-02   1.5509648e-03   3.7280659e-04  -3.9282166e-04
  -2.0726257e-02   9.4177342e-03   2.2871143e-02   1.5109128e-03   3.3141389e-04  -2.7709861e-04
  -2.2674750e-02  -3.0551632e-02   3.0821195e-02   1.2520238e-03   4.9829542e-04  -3.3499673e-04
  -3.2248253e-02  -4.5905283e-02   3.0791390e-02   1.5945683e-03   5.2357176e-04  -3.4481302e-04
  -3.6129630e-02  -7.1924179e-02   5.2114265e-02   1.9001574e-03   5.3656931e-04  -1.9690560e-04
  -3.6388369e-02  -2.2133987e-02   3.4634876e-02   1.4386930e-03   4.7377400e-04  -2.5206112e-04
  -3.5880953e-02  -3.7110400e-02   4.3672761e-02   1.4803838e-03   6.8826290e-04  -2.2093556e-04
  -3.4075423e-02  -3.9858585e-02   3.2166596e-02   1.3305976e-03   6.5375139e-04  -2.8133635e-04
  -3.5754969e-02  -8.6378264e-02   3.2862117e-02   1.6467875e-03   8.2146701e-04  -3.8006066e-04
  -4.0715806e-02   1.5778092e-02   3.4675782e-02   1.2914039e-03   9.3464563e-04  -4.3139113e-04
  -5.4511468e-02  -4.8453382e-02   7.8059782e-02   1.3947955e-03   1.0194233e-03  -4.6495633e-04
  -5.9510393e-02  -4.1109779e-02   6.0490227e-02   1.3464956e-03   1.0346029e-03  -5.2149085e-04
  -5.4782337e-02  -3.2740414e-02   5.3789498e-02   1.3793680e-03   9.9396918e-04  -6.0225984e-04
  -5.3828109e-02  -3.8296259e-02   5.4282507e-02   1.5470967e-03   1.2050135e-03  -4.2433445e-04
  -5.6436073e-02  -3.9068419e-02   6.0136349e-02   1.9583135e-03   1.3394892e-03  -3.8386171e-04
  -5.8535050e-02   2.1687400e-03   4.7974663e-02   1.5012297e-03   1.1899225e-03  -5.0481769e-04
  -6.7100808e-02  -6.1240148e-02   6.4494680e-02   1.6744626e-03   1.3806689e-03  -6.4406561e-04
  -7.3997522e-02  -5.4641170e-02   6.2260865e-02   1.5006982e-03   1.5480436e-03  -6.6721351e-04
  -7.5894932e-02  -4.6174560e-02   6.0240125e-02   1.6215991e-03   1.6974512e-03  -5.3291685e-04
  -7.0943169e-02   2.2004454e-03   4.3568643e-02   1.4753946e-03   1.5868422e-03  -6.0356121e-04
  -5.3973227e-02  -4.3582186e-02   6.4069204e-02   1.5158690e-03   1.2360335e-03  -6.0121725e-04
  -6.5003326e-02  -6.3967910e-02   6.1407732e-02   1.0782945e-03   1.2291869e-03  -6.4001065e-04
  -8.6706482e-02  -6.3733953e-02   3.9981164e-02   1.9254552e-03   1.8388034e-03  -7.1105645e-04
  -7.2727535e-02  -1.3575904e-02   2.9160037e-02   1.5665004e-03   1.5606858e-03  -7.2575495e-04
  -7.2019036e-02  -4.2620374e-02   4.9268565e-02   1.5480806e-03   1.4804980e-03  -6.7256222e-04
  -7.3100065e-02  -4.9814341e-02   5.4266869e-02   1.4937864e-03   1.5865381e-03  -6.5217680e-04
  -7.7369326e-02  -5.6162972e-02   4.7442142e-02   1.5766544e-03   1.4990119e-03  -7.0479217e-04
  -7.9115057e-02  -6.2898197e-02   3.6750978e-02   1.8452566e-03   1.5575278e-03  -7.6172596e-04
  -7.6643907e-02   3.1873174e-02   2.7293986e-02   1.7188083e-03   1.6564116e-03  -8.0425029e-04
  -7.5775328e-02  -3.9139273e-02   5.8431967e-02   1.8711891e-03   1.6780945e-03  -8.3060758e-04
  -8.3235034e-02  -3.5293429e-02   5.6582283e-02   1.7183818e-03   1.4923585e-03  -8.3976910e-04
  -8.5160464e-02  -5.3597839e-02   6.5646785e-02   1.6949055e-03   1.7424976e-03  -7.6255396e-04
  -7.5227099e-02  -3.4441944e-02   5.3331083e-02   1.8617405e-03   1.7053988e-03  -8.7879493e-04
  -7.2400946e-02  -6.3380450e-02   6.1577593e-02   1.7805272e-03   1.6047996e-03  -7.0909340e-04
  -8.9042151e-02  -6.7161182e-02   6.6327427e-02   1.7257977e-03   1.7760421e-03  -1.0169738e-03
  -8.8619603e-02  -8.4576745e-02   7.6053417e-02   1.7488202e-03   1.8390963e-03  -1.0953470e-03
  -9.1023726e-02  -4.2033355e-02   5.7342823e-02   1.9595765e-03   1.7818493e-03  -1.0673331e-03
  -8.8713161e-02  -6.1901927e-02   7.4048883e-02   1.9657355e-03   1.8418935e-03  -9.0055562e-04
  -8.7791976e-02  -4.3808756e-02   6.0167296e-02   1.7885614e-03   1.8005744e-03  -1.0160771e-03
  -8.5681294e-02  -5.2684521e-02   6.5346807e-02   2.2121564e-03   1.7727365e-03  -9.1617316e-04
  -8.7964833e-02  -1.8617987e-02   5.9943302e-02   2.1861889e-03   1.7462374e-03  -1.1316361e-03
  -9.2240059e-02  -5.5130868e-02   7.9738650e-02   2.3790889e-03   1.8499443e-03  -1.2064191e-03
  -9.1032586e-02  -7.6280655e-02   8.7949960e-02   2.3418016e-03   1.7604894e-03  -1.1011369e-03
  -9.1031108e-02  -6.6198182e-02   7.7325963e-02   2.4397930e-03   1.7933604e-03  -1.0316526e-03
  -9.1989055e-02  -5.9519030e-02   7.0678599e-02   2.2738402e-03   1.6654875e-03  -1.1703371e-03
  -9.6102178e-02  -1.3827446e-02   6.3773684e-02   2.5278983e-03   1.6254410e-03  -1.1838782e-03
  -9.5840947e-02  -4.3490755e-02   7.0906511e-02   2.3272285e-03   1.7402561e-03  -1.2497097e-03
  -9.1847482e-02  -5.4735865e-02   6.7430382e-02   2.3203332e-03   1.8848501e-03  -1.1586639e-03
  -9.6704008e-02  -1.0133813e-01   8.9059672e-02   2.8221373e-03   1.9251714e-03  -1.1627740e-03
  -9.4561039e-02  -4.7607362e-02   7.1962203e-02   2.6873391e-03   1.8268853e-03  -1.1015278e-03
  -9.2201099e-02  -5.2052366e-02   8.6527722e-02   2.7793812e-03   1.8051306e-03  -1.1316638e-03
  -9.6729766e-02  -9.5864957e-02   9.0312567e-02   2.4336457e-03   1.9607358e-03  -1.1217305e-03
  -9.8287951e-02  -9.4794374e-02   7.2060828e-02   2.6206366e-03   1.9351592e-03  -1.1297190e-03
  -9.6875073e-02  -9.6316901e-03   4.0074950e-02   2.4019120e-03   1.8142863e-03  -1.2015766e-03
  -9.3285581e-02  -4.0080809e-02   6.8258472e-02   2.7582061e-03   1.7768687e-03  -1.2536401e-03
  -8.8970201e-02  -7.8763270e-02   8.5700899e-02   2.7516212e-03   1.8912800e-03  -1.1114213e-03
  -7.7991782e-02  -9.5052424e-02   7.5352357e-02   3.1951960e-03   1.6426664e-03  -1.0416696e-03
  -8.3788876e-02  -1.4734059e-02   5.9609559e-02   2.4022635e-03   1.7424352e-03  -1.0730733e-03
  -8.9451664e-02  -3.6710920e-02   8.3487298e-02   2.8202768e-03   1.7630438e-03  -1.1297311e-03
  -8.9799671e-02  -4.9971710e-02   8.6337459e-02   2.9567446e-03   1.7161240e-03  -1.2400915e-03
  -9.0178605e-02  -6.1873308e-02   9.0382329e-02   3.2993981e-03   1.8370086e-03  -1.1979609e-03
  -8.7938262e-02  -9.0607397e-02   8.8839371e-02   3.3297708e-03   1.7566994e-03  -1.2414810e-03
  -8.6996522e-02  -2.1466328e-02   6.4219701e-02   2.8906558e-03   1.6621253e-03  -1.2570238e-03
  -8.7527921e-02  -4.8575395e-02   9.0047556e-02   3.2210767e-03   1.8093207e-03  -1.1383962e-03
  -8.7711063e-02  -4.2981314e-02   9.3809229e-02   3.2541297e-03   1.9953736e-03  -1.2503913e-03
  -9.8479418e-02  -9.7559486e-02   9.2259719e-02   3.5844859e-03   2.1968983e-03  -1.1362283e-03
  -1.0208109e-01  -7.8422579e-02   6.4112827e-02   3.1181311e-03   2.0232804e-03  -1.3191010e-03
  -1.0563039e-01  -3.7119416e-02   6.2633616e-02   3.5739211e-03   2.1211588e-03  -1.4441680e-03
  -1.0612690e-01  -1.1514729e-01   8.7174536e-02   3.5432635e-03   2.2065870e-03  -1.4403132e-03
  -1.0383311e-01  -1.1091986e-01   8.2685799e-02   3.4833241e-03   2.2017264e-03  -1.3035427e-03
  -1.0790267e-01  -5.6247967e-02   4.1132760e-02   3.1872933e-03   1.9387303e-03  -1.3488518e-03
  -1.1192084e-01  -4.2511395e-02   5.2753471e-02   3.7999334e-03   2.1965254e-03  -1.4732230e-03
  -1.1012287e-01  -5.6527789e-02   9.2418830e-02   3.3494808e-03   2.3997321e-03  -1.3629944e-03
  -1.1533758e-01  -8.5183414e-02   7.4621447e-02   3.2472835e-03   2.5362645e-03  -1.4309285e-03
  -1.1681644e-01  -7.6377324e-02   5.3401716e-02   3.1706842e-03   2.4170386e-03  -1.4322457e-03
  -1.1993116e-01  -6.1196906e-02   4.8544697e-02   3.4844667e-03   2.5152820e-03  -1.4805073e-03
  -1.2281496e-01  -5.5119001e-02   7.2582314e-02   3.4739372e-03   2.6635923e-03  -1.5055619e-03
  -1.2154343e-01  -7.6840661e-02   8.2929512e-02   3.4741311e-03   2.6621061e-03  -1.5333890e-03
  -1.1735921e-01  -1.2723833e-01   7.8773532e-02   3.7118140e-03   2.5561883e-03  -1.2185394e-03
  -1.1294045e-01   1.7087600e-02   3.4383068e-02   3.6181539e-03   2.7301995e-03  -1.2080347e-03
  -1.0424885e-01  -6.8813242e-02   8.3077842e-02   3.4240948e-03   2.5782335e-03  -1.3673939e-03
  -1.0592902e-01  -5.2327387e-02   9.6268751e-02   3.4145828e-03   2.5398410e-03  -1.4262888e-03
  -1.1197617e-01  -7.7086493e-02   8.7253059e-02   3.5560912e-03   2.5667862e-03  -1.4552274e-03
  -1.1756592e-01  -1.0591479e-02   5.6419816e-02   3.4416722e-03   2.4750728e-03  -1.4445228e-03
  -1.1061034e-01  -7.4848892e-02   8.1914714e-02   3.7358264e-03   2.4669201e-03  -1.4410804e-03
  -1.1113973e-01  -8.2341806e-02   8.0409995e-02   3.7497220e-03   2.6593876e-03  -1.3852267e-03
  -1.1160066e-01  -7.9708359e-02   7.2382712e-02   3.8337305e-03   2.5039963e-03  -1.4356707e-03
  -1.1673368e-01  -5.8754471e-02   5.6999029e-02   3.7887315e-03   2.5166507e-03  -1.4966142e-03
  -1.1768709e-01  -2.6686068e-02   5.9803538e-02   3.9265365e-03   2.5165730e-03  -1.5958606e-03
  -1.1628179e-01  -9.6234464e-02   7.4744465e-02   3.9825896e-03   2.5471260e-03  -1.5306297e-03
  -1.1528820e-01  -6.8047699e-02   6.1905417e-02   4.0360376e-03   2.4731783e-03  -1.6403214e-03
  -1.1313730e-01  -7.9604163e-02   8.0642168e-02   4.5178400e-03   2.5182650e-03  -1.6055819e-03
  -1.1098503e-01  -2.2235322e-02   7.5784025e-02   4.6369412e-03   2.4742034e-03  -1.6878719e-03
  -1.0298474e-01  -4.3332522e-02   1.0043729e-01   4.1276007e-03   2.3109678e-03  -1.5928326e-03
  -1.0417496e-01  -6.8056173e-02   1.1351535e-01   4.1313746e-03   2.3342513e-03  -1.7467308e-03
  -1.0528212e-01  -5.5391706e-02   1.2556121e-01   4.1367348e-03   2.3970813e-03  -1.6468623e-03
  -9.9566027e-02  -6.5783693e-02   1.2091152e-01   4.2017091e-03   2.2746625e-03  -1.5259591e-03
  -9.9292808e-02  -1.4668434e-03   7.8087532e-02   3.6693406e-03   2.2326527e-03  -1.4299178e-03
  -1.1947865e-01  -5.3950622e-02   9.4689647e-02   3.8009440e-03   2.3202246e-03  -1.5735365e-03
  -1.2394371e-01  -6.0627107e-02   1.1080944e-01   4.1431376e-03   2.6143712e-03  -1.7217314e-03
  -1.2138543e-01  -4.5026335e-02   1.2425510e-01   4.4462653e-03   2.5974872e-03  -1.7537567e-03
  -1.1580763e-01  -7.2331842e-02   1.2919668e-01   4.3394621e-03   2.4565316e-03  -1.5737218e-03
  -1.1492579e-01  -7.0804075e-02   1.2820799e-01   4.2957451e-03   2.3060453e-03  -1.7504341e-03
  -1.1339385e-01  -3.8195688e-02   1.1411805e-01   4.2879385e-03   2.2917698e-03  -1.8415106e-03
  -1.0484467e-01  -4.7372946e-02   1.2827730e-01   4.5363696e-03   2.3737580e-03  -1.7132082e-03
  -1.1268383e-01  -6.3608383e-02   1.3681389e-01   4.6978829e-03   2.5929940e-03  -1.6201971e-03
  -1.0100207e-01  -8.8771557e-02   1.3662428e-01   4.9334221e-03   2.3314729e-03  -1.6073807e-03
  -1.0282262e-01  -2.9837420e-02   1.0635992e-01   4.7530558e-03   2.2117351e-03  -1.6064471e-03
  -1.0732053e-01  -2.8844728e-02   1.2757673e-01   4.7433334e-03   2.3643968e-03  -1.5153878e-03
  -9.8556215e-02  -5.1531205e-02   1.2813562e-01   4.5728365e-03   2.3402774e-03  -1.4183861e-03
  -1.0154249e-01  -9.8385394e-02   1.3835635e-01   4.8028565e-03   2.4377971e-03  -1.3975887e-03
  -1.0595167e-01  -5.4510597e-02   1.1683436e-01   4.6093429e-03   2.3509921e-03  -1.5937606e-03
  -1.0460824e-01  -2.1536465e-02   1.3073038e-01   4.4966924e-03   2.4719347e-03  -1.6258744e-03
  -9.9760693e-02  -5.6366789e-02   1.4981460e-01   4.6104821e-03   2.5992393e-03  -1.5800766e-03
  -9.9233644e-02  -9.4857108e-02   1.6529401e-01   4.7858371e-03   2.5618788e-03  -1.4275610e-03
  -1.0193145e-01  -5.3018737e-02   1.5446999e-01   4.7880957e-03   2.3180885e-03  -1.6035099e-03
  -9.7459283e-02  -2.5536977e-02   1.4779285e-01   4.6320934e-03   2.2556850e-03  -1.6047840e-03
  -1.0491016e-01  -7.7791626e-02   1.7969836e-01   4.9166694e-03   2.3500163e-03  -1.6604022e-03
  -1.0054839e-01  -7.4055084e-02   1.7169402e-01   4.7622818e-03   2.2868791e-03  -1.5752638e-03
  -9.0206338e-02  -6.7267375e-02   1.6945251e-01   4.8554689e-03   2.2050333e-03  -1.5028484e-03
  -8.7845330e-02  -2.3710002e-03   1.3676998e-01   4.5462398e-03   1.9237196e-03  -1.6754630e-03
  -9.0190926e-02  -3.1565060e-02   1.5247227e-01   4.6652516e-03   1.9850079e-03  -1.6200924e-03
  -9.6745219e-02  -2.9774819e-02   1.5812346e-01   4.5359154e-03   2.3209876e-03  -1.5600762e-03
  -8.4912416e-02  -6.0949224e-02   1.5948515e-01   4.5193493e-03   2.3036713e-03  -1.3874734e-03
  -8.4949082e-02  -2.7668738e-02   1.4625180e-01   4.2528434e-03   2.2035861e-03  -1.5254843e-03
  -8.8234764e-02  -3.2550420e-02   1.4544648e-01   4.3547392e-03   2.1080515e-03  -1.5162792e-03
  -9.9756363e-02  -4.7294740e-02   1.3592475e-01   4.8046329e-03   2.3726607e-03  -1.5612408e-03
  -1.0028062e-01  -7.6492652e-02   1.6202383e-01   4.7636449e-03   2.2733084e-03  -1.5891085e-03
  -9.9427676e-02  -5.8288732e-02   1.6256435e-01   4.8187470e-03   2.3469916e-03  -1.6041811e-03
  -9.1920475e-02  -4.9538927e-02   1.3761867e-01   4.4625672e-03   2.0744583e-03  -1.6416043e-03
  -9.1233197e-02  -2.5512305e-02   1.4719870e-01   4.8317755e-03   2.1262863e-03  -1.6414439e-03
  -9.7842571e-02  -4.7645779e-02   1.6276031e-01   5.0266492e-03   2.3599796e-03  -1.5766026e-03
  -9.2483153e-02  -7.4184462e-02   1.7689717e-01   4.7407110e-03   2.2418709e-03  -1.5598796e-03
  -9.5467213e-02  -6.6765910e-02   1.6052268e-01   4.8208360e-03   2.1420519e-03  -1.5650670e-03
  -9.6817810e-02  -2.9818661e-02   1.4324151e-01   4.4674280e-03   2.1889221e-03  -1.5533896e-03
  -9.7760701e-02  -3.7532460e-02   1.5234523e-01   4.6073172e-03   2.2667717e-03  -1.4920274e-03
  -1.0187518e-01  -4.6656019e-02   1.6911940e-01   4.6323118e-03   2.3841370e-03  -1.5072048e-03
  -9.9384109e-02  -4.3450548e-02   1.4667762e-01   4.3877440e-03   2.2229169e-03  -1.6245817e-03
  -9.9554729e-02  -4.2549797e-02   1.4774266e-01   4.6098823e-03   2.2583721e-03  -1.5418835e-03
  -1.0255817e-01  -3.6329903e-02   1.3648726e-01   4.5432462e-03   2.2257484e-03  -1.6685307e-03
  -9.9500193e-02  -3.2575936e-02   1.4436177e-01   4.9958445e-03   2.2989503e-03  -1.6829001e-03
  -1.0281800e-01  -3.5671170e-02   1.5374013e-01   4.7303183e-03   2.3263402e-03  -1.6608162e-03
  -1.0311067e-01  -7.3164464e-02   1.6736288e-01   4.7601768e-03   2.3454842e-03  -1.6626985e-03
  -1.0703115e-01  -4.2816057e-02   1.3651996e-01   4.7493290e-03   2.2074223e-03  -1.6059670e-03
  -1.1163749e-01  -3.0832145e-02   1.4458734e-01   4.9296151e-03   2.1884168e-03  -1.8363126e-03
  -1.0792561e-01  -2.8225532e-02   1.5825699e-01   4.9301717e-03   2.2927942e-03  -1.7163897e-03
  -9.8441855e-02  -8.5357484e-02   1.8227410e-01   4.9955707e-03   2.1277024e-03  -1.6618313e-03
  -9.8703145e-02  -3.9632681e-02   1.3416731e-01   4.8333239e-03   2.0886009e-03  -1.5559175e-03
  -9.9413883e-02  -6.5654589e-03   1.3694585e-01   4.7841334e-03   2.1943666e-03  -1.5580859e-03
  -9.9011217e-02  -5.9814822e-02   1.6884533e-01   4.7711408e-03   2.2313037e-03  -1.7041152e-03
  -1.0520667e-01  -6.5847559e-02   1.7481152e-01   5.0054471e-03   2.3551005e-03  -1.6848897e-03
  -1.0005394e-01  -1.0094398e-01   1.7939422e-01   5.1135960e-03   2.2445238e-03  -1.6935838e-03
  -9.5755338e-02  -3.9191654e-02   1.5931768e-01   4.7912037e-03   2.0899633e-03  -1.7944706e-03
  -1.1185490e-01  -1.4464734e-02   1.5832093e-01   4.5584903e-03   2.4740250e-03  -1.7587141e-03
  -1.0969284e-01  -5.2080800e-02   1.7665600e-01   4.5717146e-03   2.3840424e-03  -1.7407568e-03
  -1.1537414e-01  -5.3327265e-02   1.6697083e-01   4.7977509e-03   2.5629581e-03  -1.7500234e-03
  -1.1003204e-01  -7.5296931e-02   1.6388286e-01   5.0027595e-03   2.5367226e-03  -1.7067499e-03
  -1.1269169e-01  -3.4127599e-02   1.6115850e-01   4.9658305e-03   2.4802153e-03  -1.8645301e-03
  -1.1061399e-01  -1.9026903e-02   1.7005225e-01   4.7463820e-03   2.5809544e-03  -1.8044483e-03
  -1.0734307e-01  -4.2277019e-02   1.6889518e-01   5.2143802e-03   2.6667507e-03  -1.7821354e-03
  -1.0560496e-01  -7.2956831e-02   1.8424918e-01   4.7245358e-03   2.6704296e-03  -1.7412708e-03
  -1.1149021e-01  -6.4483714e-02   1.8194637e-01   4.8518657e-03   2.7307960e-03  -1.6931818e-03
  -1.1361188e-01  -1.6786881e-02   1.6542523e-01   4.5478739e-03   2.5868365e-03  -1.7563216e-03
  -1.1115870e-01  -4.8717706e-02   1.7429449e-01   4.6743254e-03   2.5819086e-03  -1.6962187e-03
  -1.1965819e-01  -1.5402721e-02   1.6411854e-01   5.0314664e-03   2.7379310e-03  -1.7717140e-03
  -1.2122312e-01  -5.5599629e-02   1.8610245e-01   5.1365103e-03   2.7167791e-03  -1.8647388e-03
  -1.1604365e-01  -9.0904458e-02   1.7881483e-01   5.2932652e-03   2.6670261e-03  -1.8192656e-03
  -1.2108461e-01  -4.1346084e-02   1.6726413e-01   5.2542849e-03   2.6742654e-03  -1.8607131e-03
  -1.2317618e-01  -5.3379739e-02   1.6348927e-01   5.0858406e-03   2.6781090e-03  -1.8392643e-03
  -1.2170154e-01  -7.2199290e-02   1.8340584e-01   5.3311615e-03   2.9561352e-03  -1.7540277e-03
  -1.1966411e-01  -7.8730916e-02   1.7317236e-01   5.3405105e-03   2.8051342e-03  -1.8115207e-03
  -1.1653052e-01  -1.6475449e-02   1.5630210e-01   5.2240604e-03   2.7939154e-03  -1.8259296e-03
  -1.1527388e-01  -2.9618645e-02   1.6411957e-01   5.4573222e-03   2.7974787e-03  -1.8847693e-03
  -1.2228727e-01  -8.3360754e-02   1.9183050e-01   5.5577016e-03   2.9103318e-03  -1.7255501e-03
  -1.3294596e-01  -4.8871694e-02   1.5911194e-01   5.5778140e-03   3.1663437e-03  -1.7206222e-03
  -1.1696441e-01  -8.0624762e-02   1.6332688e-01   5.3803156e-03   2.7859989e-03  -1.7157260e-03
  -1.1094906e-01  -3.5752505e-02   1.5000309e-01   5.2677068e-03   2.6730768e-03  -1.7752125e-03
  -7.2831046e-02  -1.8743983e-02   1.7055838e-01   5.3361540e-03   2.7389019e-03  -1.8638320e-03
  -1.2895884e-02  -8.5710368e-02   1.0752674e-01   2.8963877e-03   2.2903109e-04  -1.6347649e-03
  -4.1591502e-02  -1.4233564e-01   1.2593423e-01   3.4774687e-03   1.1012886e-03  -1.6065682e-03
  -4.2306326e-02  -2.6652572e-02   1.2759789e-01   3.8877054e-03   1.3982758e-03  -1.6585036e-03
  -5.6686028e-02  -7.0933359e-02   1.5044989e-01   4.1638781e-03   1.8524439e-03  -1.7163732e-03
  -8.8886067e-02  -7.5122865e-02  -3.5237853e-02   5.7387440e-03   3.1104124e-03  -2.0311261e-03
