   0.0000000e+00   0.0000000e+00   0.0000000e+00   0.0000000e+00   0.0000000e+00   0.0000000e+00
  -2.0592454e-02   1.1912388e-01  -5.5834421e-03  -2.5701633e-04   2.0072013e-04  -2.9350377e-04
  -2.1703603e-02   1.7431096e-02   6.5807394e-03  -7.3541656e-04   2.5278627e-04  -1.9153333e-04
  -2.4798781e-02   6.0035796e-02  -9.1410320e-04  -3.9446894e-04   3.7475152e-04  -3.3205583e-04
  -3.2497970e-02   2.2228682e-02   2.3402761e-02  -1.0945370e-03   3.5361621e-04  -4.7659953e-04
  -3.5881546e-02   6.3895729e-02  -3.6935428e-03  -8.5058601e-04   1.4992724e-04  -5.9734888e-04
  -3.9246221e-02   3.1503684e-03   1.7893229e-02  -5.9927553e-04  -1.0956334e-04  -3.2248086e-04
  -4.8903183e-02   9.2912265e-02   2.3293103e-02  -4.5604136e-04  -9.2116872e-05  -5.3691383e-04
  -5.1524539e-02   3.5316276e-02   4.3869716e-02  -8.7248834e-04  -3.6299599e-05  -4.6382408e-04
  -4.9246937e-02  -4.1588522e-02   3.5825699e-02  -9.0536666e-04  -2.4227056e-04  -4.1698088e-04
  -5.6780138e-02   6.2897654e-02   4.5590096e-03  -1.0745796e-03  -1.4012432e-04  -4.3649084e-04
  -5.4988877e-02   5.9207771e-02  -3.1576626e-03  -1.0391280e-03  -3.0699094e-04  -4.9433750e-04
  -5.9098107e-02   1.9991989e-02  -1.1535016e-02  -7.5492504e-04  -4.2049136e-04  -4.9877515e-04
  -6.5894313e-02   2.4765770e-02   3.7603827e-03  -7.4172518e-04  -4.1443044e-04  -5.7634701e-04
  -5.4942643e-02   7.6859522e-02   1.0535379e-02  -7.9394381e-04   3.0676138e-05  -3.3412629e-04
  -5.2408158e-02  -1.3138657e-02   2.4898291e-03  -8.5451609e-04   7.1667996e-05  -3.0684264e-04
  -6.3694112e-02   2.9388268e-02  -7.2400192e-03  -1.1849880e-03  -1.3219554e-04  -3.5086834e-04
  -7.7371600e-02   1.2054101e-01   1.5784636e-02  -8.6353896e-04  -2.2012553e-04  -4.8138316e-04
  -7.5404623e-02   9.5883316e-03   2.5153677e-02  -7.9159393e-04  -2.5172091e-04  -5.5117572e-04
  -7.9433468e-02  -1.9355021e-02   5.3006446e-03  -8.2976630e-04  -3.6180796e-04  -5.2421578e-04
  -7.5103674e-02   7.4466563e-02   5.6605929e-04  -7.1457367e-04  -6.0198600e-04  -5.1679262e-04
  -7.9890437e-02   3.6508799e-02   1.0654825e-02  -9.7198131e-04  -4.8885410e-04  -6.2849409e-04
  -7.2287720e-02  -1.8749261e-02   1.3610195e-02  -8.0087331e-04  -7.4086505e-04  -4.6760499e-04
  -7.4402442e-02   5.6601260e-02   7.1351854e-03  -1.1537318e-03  -7.0002827e-04  -4.7512663e-04
  -7.1245762e-02   1.9680591e-02   5.2491795e-03  -1.5175722e-03  -7.7586326e-04  -5.0905713e-04
  -6.4173427e-02  -3.2849857e-02  -8.9993374e-03  -1.3023845e-03  -8.1214227e-04  -3.4234281e-04
  -6.5707740e-02   4.1323885e-02  -3.4131950e-03  -1.1850645e-03  -8.9325259e-04  -3.8405426e-04
  -6.0284247e-02   1.0596407e-01  -3.8688958e-03  -1.3637051e-03  -4.1906404e-04  -3.3886802e-04
  -6.2169219e-02  -1.2082362e-02  -3.3405570e-04  -1.1606169e-03  -7.6887085e-04  -2.8958808e-04
  -7.1487434e-02   4.3729706e-02  -5.7535982e-02  -6.6439073e-04  -6.1183383e-04  -2.8271173e-04
  -7.0557222e-02   7.6576476e-02  -3.0663525e-02  -9.9369124e-04  -8.0777012e-04  -3.9477385e-04
  -7.0667232e-02  -2.6138602e-03  -9.4878138e-03  -1.1049734e-03  -1.0230317e-03  -4.5032945e-04
  -7.5841905e-02   5.6089200e-02  -9.3644170e-03  -1.1029848e-03  -9.8241529e-04  -5.0413288e-04
  -8.4051127e-02   4.9027820e-02  -7.0859671e-03  -1.3258575e-03  -9.5858511e-04  -5.9467451e-04
  -8.2543705e-02   4.5973666e-02  -1.3734210e-02  -1.1183460e-03  -1.1399304e-03  -5.8969831e-04
  -7.4316751e-02   1.1458374e-02  -3.2965315e-02  -8.7025417e-04  -1.3068758e-03  -5.0886008e-04
  -8.4477493e-02   8.9259705e-02  -3.4086054e-02  -1.1188665e-03  -1.2574454e-03  -6.0247132e-04
  -8.6408512e-02   6.1051538e-02  -1.8292746e-02  -1.1038035e-03  -1.2466969e-03  -4.8502284e-04
  -8.2000671e-02   2.4942818e-02  -6.1567460e-04  -1.1173922e-03  -1.3176091e-03  -2.6984097e-04
  -8.7686525e-02   4.2844433e-02  -5.6920284e-03  -1.4321700e-03  -1.1729381e-03  -2.0204534e-04
  -9.3542872e-02   5.7743042e-02   1.4125922e-02  -1.7231170e-03  -1.1624441e-03  -1.4823157e-04
  -8.4031553e-02  -1.9446481e-02   2.3839497e-02  -1.9107469e-03  -1.2141474e-03   1.3079387e-05
  -8.7799017e-02   1.2037899e-01  -7.6351906e-03  -2.1077710e-03  -8.8662102e-04  -1.6731540e-04
  -8.7316056e-02   7.3602655e-02   4.0694060e-03  -2.4408116e-03  -1.0239287e-03  -1.3138369e-04
  -1.0810330e-01   1.6450141e-01   3.1645210e-02  -2.1833542e-03  -1.0517301e-03   1.2082792e-04
  -1.0757914e-01   1.1020157e-01   2.8984908e-02  -1.5743348e-03  -8.0087776e-04  -1.9234307e-04
  -9.7609013e-02  -1.8898935e-01   9.1397924e-02  -1.5035019e-03  -1.6811220e-03  -5.0721923e-04
  -1.0326756e-01   3.1576277e-02   9.9643364e-02  -1.4023806e-03  -1.9284242e-03  -5.9048353e-04
  -1.0999979e-01   4.2130439e-02   9.7727245e-02  -1.7425488e-03  -1.9154730e-03  -6.5759864e-04
  -1.1835551e-01   7.7131815e-02   1.1746845e-01  -2.2903896e-03  -1.9437905e-03  -7.7124145e-04
  -1.2632870e-01  -3.8131336e-02   9.9252118e-02  -2.0732619e-03  -1.9520846e-03  -7.1292718e-04
  -1.2971307e-01   7.6377426e-02   1.0227044e-01  -2.4357456e-03  -1.7564710e-03  -7.5877332e-04
  -1.3006378e-01   5.9964719e-03   7.2996998e-02  -1.8655845e-03  -1.8716330e-03  -2.7499022e-04
  -1.2591709e-01  -1.4483248e-02   2.6249458e-02  -1.1302794e-03  -1.4611785e-03  -1.0923722e-04
  -1.4046168e-01   7.8465305e-02   5.4399202e-02  -2.0472065e-03  -1.6655702e-03  -4.3774950e-04
  -1.3114960e-01   9.7808024e-02   4.4500343e-02  -2.2942405e-03  -1.2875938e-03  -4.0113507e-04
  -1.1541917e-01   3.7066630e-02   3.5241509e-02  -2.0057791e-03  -1.3954622e-03  -3.1541604e-04
  -1.1389382e-01   1.2471218e-01   3.7014891e-02  -2.2401809e-03  -1.1282461e-03  -2.3195259e-04
  -1.2659796e-01   8.9290076e-02   6.2587353e-02  -2.0999493e-03  -1.3787482e-03  -2.1168021e-04
  -1.2532566e-01   1.4234145e-02   4.7845109e-02  -1.8004318e-03  -1.5536511e-03  -1.5619657e-04
  -1.1674069e-01   7.3844749e-02  -3.9154117e-02  -6.1633001e-04  -1.7895008e-03  -1.4379958e-05
  -1.0383433e-01  -3.9561839e-02  -3.0226916e-02  -9.1710257e-04  -2.5078081e-03  -9.6358802e-05
  -1.1325439e-01  -4.0290807e-02  -6.7731286e-03  -9.1557243e-04  -2.1596084e-03  -3.4988895e-04
  -1.2527014e-01   8.7923040e-02   2.8352818e-02  -1.7730479e-03  -2.2756058e-03  -6.0582672e-04
  -1.2044295e-01  -5.5621339e-02   2.8325982e-02  -1.7889857e-03  -2.1638660e-03  -4.0150022e-04
  -1.1877703e-01  -3.9837950e-02   2.7800796e-03  -1.7406072e-03  -2.4069026e-03  -2.3611811e-04
  -1.2209536e-01   1.9113781e-02  -2.0806194e-02  -1.9457212e-03  -2.0202624e-03  -3.8239718e-04
  -1.0932091e-01   3.2266548e-02  -9.1599888e-03  -2.1929515e-03  -1.8673944e-03  -3.5650512e-04
  -1.0281312e-01   3.6522425e-02   1.0525139e-02  -1.8233092e-03  -1.7365405e-03  -1.3249797e-05
  -1.0994309e-01   9.1764593e-03  -7.3897231e-04  -1.7229394e-03  -1.8635107e-03   2.1204677e-04
  -1.1847464e-01   9.2983116e-02   3.3167858e-02  -3.0530681e-03  -1.8023132e-03  -5.8275692e-05
  -1.0683346e-01  -4.2542208e-02   3.8301737e-02  -2.9938883e-03  -2.1610864e-03  -2.6936842e-05
  -1.0921734e-01   8.2806429e-02   6.0627567e-02  -2.8935657e-03  -2.0524825e-03  -1.6242901e-04
  -1.1687604e-01   2.0088759e-02   7.7402702e-02  -3.4760234e-03  -1.9356289e-03  -2.9162516e-04
  -1.2068493e-01  -8.4511137e-03   5.3916876e-02  -2.9419210e-03  -1.8055225e-03  -2.0896622e-04
  -1.2733010e-01   1.9939560e-02   3.5618645e-02  -3.4027572e-03  -1.9927132e-03  -3.2210774e-04
  -1.3063351e-01   1.1415051e-01   7.8287686e-02  -3.6909339e-03  -2.1880049e-03  -4.0399638e-04
  -1.3229940e-01   2.0382572e-02   7.5036440e-02  -3.0948812e-03  -2.3392054e-03  -1.9147107e-04
  -1.4342441e-01   1.2877592e-01   1.0143507e-01  -3.9075992e-03  -2.0889570e-03  -4.3223823e-04
  -1.3661510e-01   9.1925839e-03   4.2974539e-02  -2.3786373e-03  -1.6304001e-03   1.2674054e-05
  -1.3572889e-01  -1.3484836e-02   5.9780700e-02  -2.9784564e-03  -1.6503823e-03  -9.0721985e-05
  -1.3052449e-01   1.3909112e-01   6.9869688e-02  -3.6105461e-03  -1.4097349e-03  -1.7599427e-04
  -1.2629713e-01   1.9344411e-02   7.1680961e-02  -2.7697615e-03  -1.4808314e-03   8.9598315e-05
  -1.2702053e-01   5.0787718e-02   6.6697303e-02  -2.8498864e-03  -1.4086365e-03   1.5805846e-04
  -1.2723208e-01   8.1594911e-02   7.5451658e-02  -3.0396352e-03  -1.2961174e-03   1.2743177e-04
  -1.1550471e-01   6.9847710e-02   6.7006629e-02  -2.8075331e-03  -1.1268447e-03   1.8907166e-04
  -1.1204375e-01  -3.9902474e-02   5.0477058e-02  -2.7881949e-03  -9.8967136e-04   2.6121684e-04
  -1.2937608e-01   9.2153798e-02   5.7085039e-02  -2.9775648e-03  -9.4961492e-04   5.3304775e-05
  -1.4356672e-01   1.1121212e-01   7.9029025e-02  -2.6175698e-03  -4.5432834e-04   9.2701729e-05
  -1.3145483e-01  -1.1448527e-01   5.2929228e-02  -1.8371134e-03  -8.3915946e-04   2.4817242e-04
  -1.4048901e-01   5.0485490e-02   5.6260995e-02  -2.0288421e-03  -9.8364661e-04   2.1762803e-04
  -1.3934391e-01  -2.4807591e-02   4.4904441e-02  -1.6467513e-03  -1.0467693e-03   2.3794769e-04
  -1.4141509e-01   1.9004591e-01   6.7877522e-02  -2.3702960e-03  -8.2428654e-04   3.5289158e-04
  -1.3377448e-01   3.5584783e-01   7.0340783e-02  -1.4910942e-03  -1.1328869e-03   7.2919798e-04
  -9.1308963e-02  -3.4727037e-01   5.7483007e-02  -1.6856807e-03  -2.3560532e-03   6.7485542e-04
  -1.1652113e-01   8.5336517e-02   5.5713433e-02  -1.4912513e-03  -2.4078081e-03   1.4612850e-04
  -1.3133238e-01   3.9541672e-02   5.2422789e-02  -8.7816563e-04  -2.5498622e-03  -3.4448982e-05
  -1.4308606e-01   9.1567904e-02   7.0925177e-02  -9.6916330e-04  -2.7933124e-03  -7.6937186e-05
  -1.4893253e-01   8.3887860e-02   8.9982973e-02  -1.0382964e-03  -3.0494663e-03  -2.5899304e-04
  -1.5532732e-01   2.6010625e-02   1.0357376e-01  -1.9735455e-03  -3.0589113e-03  -6.3384275e-04
  -1.4573424e-01   4.3696682e-02   7.0178180e-02  -1.8983235e-03  -3.1377067e-03  -5.6007169e-04
  -1.3886815e-01  -4.8349342e-02   4.9419197e-02  -2.1074534e-03  -3.1044314e-03  -4.6237584e-04
  -1.4246517e-01   1.1453786e-01   2.2725676e-02  -2.2071947e-03  -3.0836226e-03  -7.0226074e-04
  -1.3931717e-01   9.1163870e-02   2.5380515e-02  -1.8624506e-03  -3.2379757e-03  -5.9169704e-04
  -1.3780550e-01   3.9290562e-02   3.0108174e-02  -1.6159027e-03  -3.1143196e-03  -4.9639868e-04
  -1.2849884e-01   1.5117724e-01  -4.3036930e-02  -7.2531989e-04  -2.6844318e-03  -7.5428224e-04
  -1.0878790e-01   4.4938226e-02  -6.8972749e-02   1.2188808e-04  -3.2438963e-03  -4.1192154e-04
  -1.2161401e-01   7.4736855e-02  -1.3397370e-02  -5.4837381e-04  -2.7573710e-03  -4.7649483e-04
  -1.2039764e-01   8.5470344e-02   1.0732361e-01  -1.0581978e-03  -2.4998467e-03  -4.7101570e-04
  -1.1929892e-01   3.0196736e-02   9.7566156e-02  -5.7571124e-04  -3.1348616e-03   1.3251928e-04
  -1.4560889e-01  -1.1539825e-02   8.1614862e-02   1.4248632e-04  -3.6386876e-03  -2.6261389e-05
  -1.5624693e-01   6.2335648e-02   6.8900308e-02  -5.9984944e-04  -3.6661524e-03  -7.6885937e-04
  -1.3114550e-01   1.4628771e-01   5.1450908e-02  -1.5108492e-03  -2.7579667e-03  -1.1851189e-03
  -1.0796989e-01  -2.2937965e-01   1.4478781e-02  -4.5057956e-04  -3.7633756e-03  -6.6418392e-04
  -1.2218548e-01   6.6716124e-03   5.9826443e-03   1.7305337e-05  -4.3271602e-03  -4.7544415e-04
  -1.3013993e-01   6.9024760e-02   3.7589519e-02  -3.2105082e-04  -3.9720406e-03  -8.6446811e-04
  -9.4367802e-02   8.0848340e-02  -4.2580652e-02   5.9564305e-04  -2.8225089e-03  -2.2898387e-04
  -1.0301807e-01  -1.9587442e-01  -3.2374959e-01   4.7625071e-03   5.0867615e-04  -2.5266178e-04
  -1.4665799e-01  -3.7566308e-01  -4.1189392e-02   3.8755275e-04   1.1673517e-04  -2.0486617e-03
  -1.2334084e-01  -1.3569284e-01  -6.3736255e-02   2.0219139e-03  -1.1910847e-03  -9.5274013e-04
  -9.9269877e-02   1.0279840e-02  -5.5819724e-02   2.2102290e-03  -9.9565683e-04  -7.6301493e-04
  -9.7142295e-02  -8.6355188e-02  -7.1890281e-02   1.5147423e-03  -9.2256936e-04  -6.8700612e-04
  -9.3689556e-02  -7.5627450e-02  -9.5379879e-02   2.1853261e-03  -1.2236680e-03  -9.2177738e-04
  -9.4805055e-02   2.6378688e-02  -1.0721480e-01   1.8258484e-03  -1.4789680e-03  -8.6798317e-04
  -1.0157947e-01   2.3813795e-02  -1.0937742e-01   1.7039826e-03  -1.5841910e-03  -9.6773767e-04
  -9.5582274e-02   2.7015385e-02  -1.1452951e-01   1.8682208e-03  -1.2795049e-03  -8.0845709e-04
  -9.6618543e-02  -1.4215562e-02  -1.0674551e-01   1.1248953e-03  -1.6406921e-03  -9.9313728e-04
  -9.2960160e-02   1.5988374e-02  -1.3038984e-01   1.6305964e-03  -1.4759403e-03  -1.0280197e-03
  -9.1179706e-02   6.6203384e-02  -9.5423815e-02   8.7089150e-04  -1.1951569e-03  -9.6440149e-04
  -8.4925448e-02   6.2413693e-02  -9.3040213e-02   1.6463901e-03  -8.6053731e-04  -7.5418708e-04
  -7.9661774e-02   4.4876984e-02  -1.0072771e-01   1.6810000e-03  -9.7308859e-04  -4.6268684e-04
  -6.6147621e-02   6.2418870e-02  -1.3050393e-01   2.3339555e-03  -1.1902650e-03  -3.9721418e-05
  -1.1820747e-01   3.3064986e-02  -1.5449899e-01   4.4802322e-03  -1.7575994e-03  -9.6893626e-04
  -1.3054980e-01  -1.6594439e-01  -7.2028872e-02   4.4883804e-03  -2.5835492e-03  -1.3206384e-03
  -1.2676264e-01   3.7972608e-02  -7.7273501e-02   4.4896092e-03  -2.6973666e-03  -1.0624684e-03
  -1.2985053e-01   6.3585882e-02  -7.0926399e-02   3.3600231e-03  -2.2327372e-03  -1.2347693e-03
  -1.1328540e-01  -2.7138976e-02  -8.7155344e-02   3.9403154e-03  -2.1974821e-03  -1.0717978e-03
  -1.0827295e-01  -2.7912656e-02  -1.1137971e-01   3.6471018e-03  -1.8131671e-03  -8.9171881e-04
  -1.0605675e-01   5.7629566e-02  -1.1592396e-01   3.5687392e-03  -1.7834346e-03  -1.1061584e-03
  -1.0144592e-01  -1.6710965e-03  -1.4500630e-01   3.3346977e-03  -1.2268952e-03  -8.8738755e-04
  -1.0096647e-01  -3.1393856e-02  -1.5820581e-01   4.0122766e-03  -1.5455859e-03  -7.9715548e-04
  -1.0283386e-01   8.8000627e-02  -1.5396772e-01   3.7451447e-03  -1.3506765e-03  -5.6780052e-04
  -1.1060527e-01   6.4620834e-02  -1.2958408e-01   3.5058245e-03  -1.2696281e-03  -8.1318831e-04
  -9.2463643e-02   1.9249983e-03  -1.4930143e-01   3.9557362e-03  -1.0124773e-03  -4.0269285e-04
  -8.9682093e-02   8.1658558e-02  -1.6875837e-01   4.8535543e-03  -6.8237977e-04  -6.4545451e-04
  -7.6752396e-02   1.4603333e-01  -1.8523910e-01   4.5896991e-03  -8.5753686e-04  -2.8015797e-04
  -1.1843665e-01   2.0907208e-01  -2.2672046e-01   7.8330234e-03  -2.9952502e-04  -2.0406579e-03
  -1.2158029e-01  -2.3253050e-01  -7.0304311e-02   6.8162399e-03  -7.0908780e-04  -2.0758469e-03
  -1.1740015e-01  -8.7348006e-03  -5.4207011e-02   6.6546306e-03  -5.9913035e-04  -1.8952162e-03
  -1.1034421e-01  -6.5932750e-02  -6.5287966e-02   6.5997758e-03  -7.0561698e-04  -1.7331766e-03
  -1.1075993e-01   9.6094717e-02  -7.8674490e-02   6.8152512e-03  -9.5077044e-04  -1.6440051e-03
  -1.1333130e-01   1.2048842e-02  -9.9097595e-02   6.9237198e-03  -9.5931458e-04  -1.8036336e-03
  -1.1785620e-01   1.1034130e-01  -8.3211785e-02   6.0862225e-03  -8.8295565e-04  -2.1209111e-03
  -1.0832222e-01   2.9468611e-02  -9.2619941e-02   6.5318218e-03  -6.1383193e-04  -1.9389557e-03
  -1.0029821e-01  -1.2483021e-02  -1.1843026e-01   6.4603905e-03  -6.0707925e-04  -1.4275226e-03
  -1.0533582e-01   1.2491230e-01  -1.4751283e-01   7.1512123e-03  -4.3965730e-04  -1.5002014e-03
  -1.0017536e-01   9.4238758e-02  -1.3079054e-01   7.0791993e-03  -7.2157582e-04  -1.5523825e-03
  -1.0076020e-01   6.3079307e-02  -1.1255844e-01   6.6671533e-03  -5.7353500e-04  -1.6202409e-03
  -8.6072368e-02   8.3843392e-02  -1.1373084e-01   5.9599610e-03  -4.9744239e-04  -1.2245769e-03
  -8.4299633e-02   9.3566557e-02  -1.4289394e-01   6.3942383e-03  -2.5080268e-04  -9.9512390e-04
  -7.7643529e-02   3.3823773e-02  -1.4769726e-01   6.4580078e-03  -4.1942709e-04  -5.1254047e-04
  -8.4798200e-02   1.6900353e-01  -1.2478902e-01   6.4989982e-03  -5.5493160e-04  -6.7623830e-04
  -8.7670445e-02   4.4391790e-02  -1.2261822e-01   6.7107063e-03  -7.4171171e-04  -6.0431473e-04
  -9.5079620e-02   7.0907015e-02  -1.0966623e-01   6.6390099e-03  -7.8237239e-04  -5.8392965e-04
  -9.9866587e-02   1.3027584e-01  -8.6330296e-02   5.7052310e-03  -5.4204737e-04  -7.5574034e-04
  -8.6793388e-02   3.9446570e-02  -1.0790507e-01   5.9232816e-03  -6.0265451e-04  -5.9289019e-04
  -8.6585198e-02   8.5046858e-03  -1.2207112e-01   6.0580985e-03  -6.1697098e-04  -4.5008535e-04
  -8.7401208e-02   8.5582334e-02  -1.2912861e-01   6.2882920e-03  -6.4047043e-04  -4.8637676e-04
  -8.3173413e-02   9.7459894e-02  -1.3073360e-01   6.0408250e-03  -4.7569508e-04  -5.3526165e-04
  -8.6079313e-02   6.4513542e-02  -1.5386524e-01   6.4352512e-03  -4.1530270e-04  -2.0524374e-04
  -7.9117849e-02   4.3028610e-03  -1.5076221e-01   6.8038115e-03  -4.3987087e-04   2.4694578e-04
  -9.6681185e-02   1.2960743e-01  -1.6444391e-01   6.5239506e-03  -5.0716775e-04  -2.7225247e-04
  -1.0404320e-01   1.1098567e-01  -1.4518704e-01   6.9299313e-03  -3.6932679e-04  -2.9957227e-04
  -1.0115072e-01   5.5694738e-02  -1.2411930e-01   5.9494480e-03  -4.9282468e-05  -2.7880736e-04
  -9.7242445e-02   1.1709830e-01  -1.2919534e-01   5.9056593e-03  -1.8886162e-04  -4.2353140e-04
  -7.7652648e-02   7.4778114e-02  -1.5259448e-01   7.1513419e-03  -1.1487780e-04  -6.6402448e-05
  -8.0847841e-02   1.3410052e-01  -1.2015174e-01   6.7460231e-03  -3.7782474e-04  -2.1508424e-04
  -8.7666229e-02   1.4823898e-01  -1.2768998e-01   6.1602402e-03  -3.6434707e-04  -4.4278250e-04
  -9.2409083e-02   4.1262632e-02  -1.2103360e-01   5.6799464e-03  -5.7416681e-04  -4.8474028e-04
  -8.5043828e-02   9.7133531e-03  -1.6357424e-01   6.3172619e-03  -6.5060076e-04  -1.2773637e-04
  -1.0153425e-01   1.7746556e-01  -1.8347988e-01   6.1065180e-03  -5.3087732e-04  -4.8800072e-04
  -9.5087253e-02   9.2374432e-02  -1.5796286e-01   5.9665089e-03  -4.9045260e-04  -4.8543838e-04
  -9.5427184e-02   5.2309925e-02  -1.3362602e-01   6.0941118e-03  -4.4156132e-04  -4.1219589e-04
  -1.0346341e-01   1.6275439e-01  -1.1470916e-01   6.1172717e-03  -6.4704428e-05  -3.9852828e-04
  -1.0409366e-01  -1.4893483e-02  -1.3466175e-01   5.9409917e-03  -3.1537322e-04  -3.8839284e-04
  -9.5911650e-02   4.0752914e-02  -1.7735328e-01   6.9319982e-03   1.0172309e-04  -2.3205256e-04
  -8.4955729e-02   1.1732670e-01  -1.8301953e-01   6.6020376e-03  -1.0386221e-04  -2.8562547e-05
  -8.2004933e-02   4.2246408e-02  -1.4048923e-01   6.0864243e-03  -2.6706396e-05   6.7036922e-05
  -1.0996460e-01   1.4185345e-01  -1.1014124e-01   5.9334860e-03   6.0270036e-05  -2.1673433e-04
  -9.0941369e-02   5.0371995e-02  -1.2330095e-01   6.0280698e-03   6.0597726e-05  -1.7481479e-04
  -9.8830736e-02   1.2414983e-01  -1.2216468e-01   5.6529479e-03   3.2540198e-04  -1.9710540e-04
  -8.2064602e-02  -5.9709488e-03  -1.5988392e-01   6.4924540e-03   2.9543324e-04  -1.5414613e-05
  -5.4944074e-02  -3.6356881e-02  -3.5114453e-01   1.0399965e-02   1.3854654e-03   6.4359827e-04
  -9.2804274e-02   4.3020963e-02  -2.1044124e-01   1.1084686e-02   6.5103345e-04   7.7897886e-04
  -8.1279676e-02   7.3567483e-02  -1.8853762e-01   1.0384054e-02   5.0241726e-04   4.7203177e-04
  -7.6400366e-02   1.1970298e-02  -1.5730043e-01   1.0132802e-02   5.3315294e-04   4.1728247e-04
  -6.7546871e-02   1.4308008e-01  -1.7553432e-01   9.8320528e-03  -5.6570973e-04   7.5895119e-04
  -5.4668495e-02  -8.0928243e-03  -2.1899026e-01   1.0420393e-02  -5.7837443e-05   7.6764754e-04
  -7.6894024e-02   1.6768117e-01  -1.9470030e-01   9.8664726e-03  -7.0414573e-05   2.5791344e-04
  -7.5857299e-02   4.1500787e-02  -2.0895763e-01   9.9934824e-03  -5.0121984e-04   7.0219891e-04
  -7.7488842e-02   7.7971307e-02  -2.5296094e-01   1.0305755e-02  -4.5058990e-04   7.5023877e-04
  -6.8810066e-02   1.5386590e-01  -2.3679544e-01   1.0343312e-02  -4.1998554e-04   9.1359838e-04
  -6.8651503e-02   7.5938931e-02  -2.2201619e-01   1.0652568e-02  -5.2685359e-04   9.5415760e-04
  -6.3746315e-02   1.2176676e-01  -2.1900446e-01   1.0308212e-02  -5.4253643e-04   9.6418711e-04
  -6.6187568e-02   1.3909619e-01  -2.3896699e-01   1.0909849e-02  -2.6226422e-04   1.1633755e-03
  -6.4158762e-02   2.6563015e-02  -2.2265829e-01   1.0150990e-02  -2.6938534e-04   1.1393187e-03
  -6.4862620e-02   1.8786827e-01  -2.1028526e-01   9.6061252e-03  -2.7341433e-04   8.2318674e-04
  -7.0957091e-02   1.2388994e-01  -1.8933584e-01   9.2708619e-03  -2.1873661e-04   7.2776017e-04
  -6.6518828e-02   3.5134500e-02  -1.9873062e-01   9.5535791e-03  -2.0875647e-04   8.8607480e-04
  -6.7559334e-02   2.0345172e-01  -2.1112438e-01   9.3963940e-03  -5.9571829e-05   7.4097296e-04
