   0.0000000e+00   0.0000000e+00   0.0000000e+00   0.0000000e+00   0.0000000e+00   0.0000000e+00
   1.0997670e-02   6.1833225e-02   9.4584711e-03   1.2070813e-03  -1.1981506e-04   1.2976534e-04
   1.7906371e-02   2.6211104e-02   7.7673955e-03   1.4235082e-03  -1.6426542e-04   1.6438421e-04
   2.0208966e-02  -7.7787556e-03  -2.3666451e-02   1.8358059e-03  -1.2537459e-04   1.4196297e-04
   2.4723962e-02  -2.5514728e-02  -2.2198080e-02   1.7542512e-03  -2.0799368e-05   2.4643701e-04
   2.3850433e-02  -1.5925525e-02  -1.5364741e-02   1.5160514e-03   1.4175803e-04   1.8749358e-04
   1.8570585e-02   7.9407405e-03  -5.6828262e-03   1.3675142e-03   5.2934314e-04   3.5297371e-04
   3.0102316e-02  -3.6875302e-02  -1.2921018e-02   1.7848544e-03   3.6975306e-04   4.5041446e-04
   3.4154065e-02  -4.5724314e-03  -2.9924846e-02   2.0605014e-03   1.5994170e-04   3.3201567e-04
   3.3602636e-02  -2.6508855e-02  -3.4804507e-02   1.9131875e-03   2.4546415e-04   3.8580361e-04
   3.6862765e-02  -4.5635330e-03  -4.7313885e-02   2.3687805e-03   2.0751954e-04   3.9955405e-04
   3.3261252e-02  -2.2394843e-02  -5.6291450e-02   2.5277878e-03   2.9511823e-04   3.3840917e-04
   3.5186543e-02  -3.7718444e-02  -6.4718505e-02   2.7107067e-03   6.0610103e-04   4.7177830e-04
   4.3088158e-02  -5.6451069e-02  -5.8594709e-02   2.5002637e-03   4.8481039e-04   4.9505269e-04
   7.3888431e-02  -2.7045848e-02  -1.8675870e-01   6.6725116e-03   2.1251934e-04   1.0373774e-03
   7.5575229e-02  -4.1515444e-02  -1.8334589e-01   6.8745661e-03  -6.6093365e-05   7.2268335e-04
   6.3041061e-02  -1.0887948e-02  -1.9153335e-01   6.6123304e-03   3.2676583e-04   3.3892627e-04
   6.1016329e-02  -2.2999193e-02  -1.6765534e-01   5.7285095e-03   3.5734603e-04   2.0729985e-04
   5.6489554e-02  -3.2205988e-02  -2.0616179e-01   6.5220443e-03   5.5877844e-04   6.3806732e-05
   4.5942796e-02  -3.6032379e-02  -2.1199085e-01   6.6382240e-03   8.1093554e-04  -4.9487884e-05
   4.7423870e-02  -2.8742959e-03  -2.0413697e-01   6.1030288e-03   9.0532546e-04   7.2264653e-07
   3.9351271e-02  -2.1032595e-02  -2.0085263e-01   5.7366095e-03   1.0671416e-03   5.8902254e-05
   3.6554852e-02  -2.6485480e-02  -1.9632564e-01   5.9928240e-03   1.0644974e-03  -1.3514269e-04
   4.3596946e-02  -4.4305222e-02  -1.8436760e-01   5.9025795e-03   1.0953449e-03  -2.9590644e-05
   4.3218871e-02  -7.0441322e-02  -1.6347178e-01   5.7796671e-03   7.4012662e-04  -1.2953900e-04
   4.5651153e-02  -4.6211767e-02  -1.7188031e-01   5.6870141e-03   7.5701211e-04  -1.5983891e-04
   5.4765978e-02  -5.1508389e-02  -1.6316284e-01   5.5166666e-03   5.9723331e-04   7.5662206e-05
   6.0614008e-02  -6.1747958e-02  -1.8623522e-01   5.6364573e-03   1.1182688e-03   1.8225122e-04
   5.3654913e-02  -5.5382986e-02  -1.3776895e-01   5.0278599e-03   7.3262236e-04  -2.3725797e-04
   2.7258978e-02   3.2688646e-02  -1.3629514e-01   4.3531394e-03   1.0955386e-03  -4.2030344e-04
   4.1206681e-04   7.8016768e-03  -9.4518869e-02   3.4409262e-03   9.3348143e-04  -1.9379116e-04
   1.0992079e-02  -1.8114354e-02  -1.0286397e-01   3.1109700e-03   8.0874022e-04   4.6895101e-05
   1.5966493e-02  -2.2520492e-02  -1.3352019e-01   3.5470183e-03   1.2060296e-03  -1.8577689e-04
   2.0221624e-02   6.6053388e-03  -1.5723208e-01   4.2354606e-03   1.3705897e-03  -4.0836265e-04
   1.3155897e-02  -2.8319478e-03  -1.5426306e-01   4.1539927e-03   1.4320923e-03  -4.4034937e-04
   8.4987341e-03  -1.0768052e-02  -1.5568096e-01   4.1275348e-03   1.5262522e-03  -5.6984288e-04
  -1.3061143e-04  -2.5893464e-02  -1.7497869e-01   4.4465577e-03   1.7294803e-03  -5.2152449e-04
  -8.5301989e-03  -2.6868341e-02  -1.5799492e-01   4.3048305e-03   1.7357231e-03  -6.5184523e-04
  -2.2332647e-02  -1.7704820e-02  -1.5813748e-01   4.3437589e-03   1.7026165e-03  -9.3594144e-04
  -1.8710057e-02  -5.3105772e-03  -1.6522400e-01   4.2896428e-03   1.4898541e-03  -9.3522299e-04
  -1.2344304e-02  -1.0898086e-02  -1.5164460e-01   4.1421898e-03   1.4884037e-03  -8.2599217e-04
  -3.2312054e-03   2.1371421e-02  -1.3927377e-01   4.0067818e-03   1.5185094e-03  -9.7313748e-04
  -5.6128009e-03   4.2493259e-02  -1.3495522e-01   4.1454631e-03   1.6105083e-03  -8.8961745e-04
  -7.3304169e-03  -1.5685736e-02  -1.2617901e-01   4.1476324e-03   1.4674582e-03  -1.1433542e-03
   6.4354343e-03   1.5818561e-02  -1.5349088e-01   3.8809665e-03   1.3042793e-03  -1.0089696e-03
   1.6920125e-02   2.3557932e-02  -1.8256773e-01   4.2667269e-03   1.3904019e-03  -1.0165745e-03
   2.0863645e-02  -1.3197773e-03  -1.9879481e-01   4.7034593e-03   1.5254973e-03  -8.2944893e-04
   2.7396045e-02  -3.8193925e-02  -2.1012936e-01   5.2988200e-03   1.5983031e-03  -6.8905853e-04
   4.1509618e-02  -3.6400278e-02  -2.0364414e-01   5.2404639e-03   1.4279952e-03  -5.4989470e-04
   4.1734675e-02  -4.8857119e-02  -1.9294827e-01   4.9716365e-03   1.5208078e-03  -4.8637840e-04
   4.6294473e-02  -3.3864177e-02  -1.9871728e-01   5.0845738e-03   1.6191480e-03  -4.5021955e-04
   5.4051629e-02  -6.3989815e-02  -2.0599074e-01   5.0357440e-03   1.4122040e-03  -1.9812315e-04
   4.9634345e-02  -6.4623936e-02  -1.9764739e-01   4.8347697e-03   1.3606345e-03  -1.6763499e-04
   4.7396346e-02  -2.3553298e-02  -2.0597628e-01   4.9041760e-03   1.5161411e-03  -1.0623273e-04
   4.4628405e-02  -5.2442797e-02  -2.0082633e-01   5.1767162e-03   1.3820819e-03  -4.1034879e-04
   3.6921305e-02  -2.8051749e-02  -2.0764542e-01   5.1896366e-03   1.3470388e-03  -5.0220206e-04
   3.1622234e-02  -4.1328464e-02  -2.5836455e-01   6.4980384e-03   1.6306573e-03  -8.2816396e-04
   6.2376555e-02  -8.5321706e-02  -2.6567306e-01   6.7285678e-03   1.5719672e-03  -5.3008793e-04
   6.9344874e-02  -9.0692112e-02  -2.8654838e-01   6.8277362e-03   1.7086358e-03  -4.0563994e-04
   7.2154182e-02  -7.0674942e-02  -2.8647985e-01   6.9808024e-03   1.7565251e-03  -2.8995773e-04
   8.1281079e-02  -6.1284452e-02  -2.8604347e-01   6.7960832e-03   1.9048058e-03  -1.9893608e-04
   8.5055387e-02  -8.8886203e-02  -2.7876577e-01   7.0983316e-03   1.7452280e-03  -3.5530099e-04
   8.2161689e-02  -5.2858228e-02  -2.8121138e-01   6.8228463e-03   1.7948252e-03  -2.8162813e-04
   7.5733564e-02  -8.5886940e-02  -2.5832217e-01   6.5032270e-03   1.6765409e-03  -4.2734195e-04
   8.0230428e-02  -7.9988417e-02  -2.6764046e-01   6.5446203e-03   1.8289844e-03  -4.4714753e-04
   7.4977733e-02  -5.7890441e-02  -2.7317412e-01   6.6485363e-03   1.7998628e-03  -3.4531403e-04
   7.9908793e-02  -7.6857722e-02  -2.7431614e-01   6.8980235e-03   1.7208614e-03  -3.5978578e-04
   8.7306614e-02  -4.1958604e-02  -2.9807706e-01   7.2123327e-03   1.6899076e-03  -4.6231311e-04
   9.9077484e-02  -7.9503298e-02  -2.6514794e-01   5.5894446e-03   1.2957599e-03  -2.7773666e-05
   1.0704417e-01  -2.9272615e-02  -2.7318427e-01   6.3264263e-03   1.0262615e-03   5.2284728e-05
   1.0549929e-01  -9.2716621e-02  -2.8081944e-01   6.3458521e-03   9.8636812e-04  -2.2603341e-06
   1.1315838e-01  -1.2203436e-01  -2.5510163e-01   5.9510212e-03   1.5560960e-03   2.6487117e-04
   1.1092263e-01  -1.0558292e-01  -2.7537035e-01   6.3602811e-03   1.4423995e-03   9.8369641e-05
   1.0289495e-01  -1.0963753e-01  -2.7659517e-01   6.3451103e-03   1.3875963e-03   1.5532032e-04
   1.0643447e-01  -9.3678477e-02  -2.6773411e-01   5.9909805e-03   1.2252117e-03   2.6082489e-04
   1.0253704e-01  -1.0418583e-01  -2.6354287e-01   5.6772446e-03   1.1140949e-03   1.8035984e-04
   9.5259594e-02  -8.2345144e-02  -2.6184646e-01   5.9181543e-03   9.6646490e-04   8.3273236e-05
   9.1212831e-02  -1.1855220e-01  -2.6728192e-01   6.0050618e-03   9.5921707e-04  -5.3582907e-05
   8.5547729e-02  -1.0222976e-01  -2.6997018e-01   6.0525551e-03   7.5462133e-04  -3.1170973e-04
   8.1719437e-02  -8.4434739e-02  -2.6401479e-01   6.0812353e-03   5.0872167e-04  -3.4576926e-04
   8.2311865e-02  -9.4109857e-02  -2.6174031e-01   5.6928596e-03   3.1376613e-04  -5.4543294e-04
   7.9385708e-02  -9.9422233e-02  -2.7624618e-01   6.0502861e-03   4.5441260e-04  -6.3179728e-04
   8.0287760e-02  -8.5584581e-02  -2.6023114e-01   5.8052009e-03   1.1928449e-04  -3.5633086e-04
   7.6501517e-02  -1.0542104e-01  -2.4625720e-01   5.6183287e-03   4.4358705e-04  -4.6004836e-04
   7.1542603e-02  -1.2005487e-01  -2.5964839e-01   6.0961221e-03   6.6136094e-04  -5.9105267e-04
   6.7347737e-02  -1.0103725e-01  -2.4622229e-01   5.8115064e-03   6.4929997e-04  -5.3092464e-04
   4.9609450e-02  -9.4392360e-02  -2.5424818e-01   5.9966383e-03   9.3874924e-04  -4.6969396e-04
   3.6390708e-02  -7.9704682e-02  -2.2814818e-01   5.3246822e-03   6.3081994e-04  -7.0366751e-04
   2.2984879e-02  -8.4797016e-02  -2.4849387e-01   5.4203592e-03   7.5921461e-04  -9.1392272e-04
   2.7775158e-02  -1.0829148e-01  -2.4906060e-01   5.1911293e-03   6.2717574e-04  -7.0391008e-04
   3.5318915e-02  -1.0459764e-01  -2.4366023e-01   4.9133782e-03   6.0143075e-04  -5.3681749e-04
   3.2978919e-02  -8.5825628e-02  -2.3239213e-01   4.9021984e-03   5.2271932e-04  -7.6312284e-04
   2.1472151e-02  -8.2423002e-02  -2.2200585e-01   4.6706576e-03  -9.1708759e-05  -1.0754864e-03
   3.1256895e-02  -4.8967045e-02  -2.2852702e-01   4.0113577e-03  -4.0323162e-05  -7.8740206e-04
   2.6171968e-02  -4.4234022e-02  -2.1531728e-01   3.3722586e-03  -7.4324997e-05  -7.6005885e-04
   2.6158711e-02  -5.2852018e-02  -2.4634806e-01   4.1638284e-03  -2.4160620e-05  -8.9143760e-04
   2.4344327e-02  -1.0533030e-01  -2.4778304e-01   4.2302629e-03  -2.8097766e-05  -9.3802608e-04
   3.0954880e-02  -1.0782335e-01  -2.5724988e-01   4.8515585e-03   1.4941138e-04  -8.9473040e-04
   3.4091966e-02  -1.3629746e-01  -2.5489864e-01   4.8567535e-03   2.6756892e-04  -7.2116280e-04
   3.7765520e-02  -1.1584151e-01  -2.6405776e-01   4.6611891e-03   2.1312498e-04  -6.3911945e-04
   4.5490730e-02  -1.1070820e-01  -2.7869703e-01   4.9682892e-03   8.9971783e-05  -7.1536748e-04
   4.2526776e-02  -9.0776165e-02  -2.7440998e-01   4.9711495e-03   2.5649691e-04  -5.3121995e-04
   5.4238463e-02  -1.0996882e-01  -2.5991240e-01   4.7978710e-03   2.5035792e-05  -3.9379361e-04
   5.8561148e-02  -1.0405372e-01  -2.7178948e-01   5.0673538e-03   5.8655825e-05  -4.4463444e-04
   5.0512500e-02  -9.9731167e-02  -2.7477184e-01   4.8873014e-03   2.3910154e-04  -3.3121180e-04
   5.7163768e-02  -9.2080980e-02  -2.7895875e-01   5.1868463e-03   3.5348075e-04  -4.2691449e-04
   7.0209842e-02  -5.3056865e-02  -2.5747212e-01   4.9504658e-03   5.6081065e-04  -3.3156169e-04
   7.9848424e-02  -1.1085848e-01  -2.7502036e-01   5.0759947e-03   8.4995450e-05  -2.1407323e-04
   7.5748872e-02  -1.3677897e-01  -2.6911762e-01   4.8712974e-03   2.7931404e-04  -3.1048248e-04
   6.5876420e-02  -1.3824019e-01  -2.8802258e-01   5.0216210e-03   4.8251279e-04  -6.3713530e-04
   7.3200590e-02  -1.0226429e-01  -3.0056561e-01   5.1593730e-03   3.3451315e-04  -4.7271259e-04
   7.2656786e-02  -1.0835167e-01  -3.0791912e-01   5.0186383e-03   5.1896915e-04  -4.3803182e-04
   8.1764496e-02  -1.0566134e-01  -3.0394676e-01   5.0787830e-03   3.6901848e-04  -4.2902895e-04
   7.9901543e-02  -1.0296011e-01  -3.0362047e-01   5.1611106e-03   4.3451922e-04  -4.2160821e-04
   8.2164490e-02  -8.8874300e-02  -3.0728432e-01   5.4257238e-03   3.2288534e-04  -3.9752990e-04
   8.0279756e-02  -5.9777888e-02  -3.1265839e-01   5.2974301e-03   3.8187861e-04  -4.7322153e-04
   8.1268677e-02  -1.2085879e-01  -3.0089165e-01   5.0702092e-03   5.0095375e-04  -3.0188726e-04
   8.3487453e-02  -1.2467409e-01  -2.9408264e-01   5.0892454e-03   4.7849023e-04  -2.3246497e-04
   7.7149438e-02  -1.1120821e-01  -2.8608623e-01   4.8094362e-03   7.6887000e-04  -3.8851677e-04
   9.0588974e-02  -1.1884499e-01  -3.0195146e-01   4.9761691e-03   6.0783322e-04  -2.9671753e-04
   9.0203015e-02  -1.0872172e-01  -2.9728913e-01   5.0540613e-03   5.2682623e-04  -1.2913881e-04
   2.1582835e-02  -1.1576256e-01  -4.1375973e-02   2.9389512e-03   1.5572158e-03  -5.2380799e-04
   8.5629762e-02  -3.8109601e-02  -7.6986249e-02   2.1755212e-03  -8.2085922e-04   3.6715887e-05
   5.1467335e-03  -5.6414281e-02  -4.6438988e-02   2.3677436e-03   5.3518875e-04   3.1590534e-04
   5.8152545e-02  -9.2506989e-02  -1.8247631e-01   6.5631787e-03   2.0835622e-04  -7.1120484e-04
   7.8743032e-02  -1.1332898e-01  -1.5607667e-01   5.2076645e-03  -4.1090099e-04  -5.6333956e-04
   7.0149906e-02  -7.9750133e-02  -1.9016771e-01   5.8355877e-03  -3.5029479e-04  -7.3616753e-04
   5.3420125e-02  -5.6271653e-02  -1.9670613e-01   5.4435515e-03  -1.7211099e-04  -8.2928329e-04
   4.3477044e-02  -4.9978579e-02  -2.0173216e-01   5.3911553e-03  -4.8792882e-05  -1.2113189e-03
   4.6741900e-02  -4.0263480e-02  -2.0132101e-01   5.1361534e-03  -2.6519219e-04  -1.3489254e-03
   4.6495764e-02  -5.7632246e-02  -2.0806252e-01   5.0470518e-03  -2.3662256e-04  -1.3864703e-03
   2.4247073e-02  -7.9762673e-02  -2.0636306e-01   4.9275802e-03   1.2788412e-04  -1.4967776e-03
   1.2070687e-02  -7.3404962e-02  -2.4257689e-01   5.1623584e-03   4.5373226e-04  -1.6384935e-03
   9.0730788e-03  -5.4998162e-02  -2.3955995e-01   5.5689792e-03   5.8204933e-04  -1.7251223e-03
   3.5465548e-03  -6.6882675e-02  -2.4249783e-01   5.5913565e-03   9.8328299e-04  -1.9638824e-03
  -5.2240379e-04  -6.4952321e-02  -2.3471079e-01   5.3973374e-03   9.1077023e-04  -2.2090113e-03
   1.5463811e-03  -8.7110113e-02  -2.4000348e-01   4.9760693e-03   7.6672954e-04  -2.2526364e-03
   2.6366078e-02  -7.3784486e-02  -2.4756220e-01   4.8284014e-03   4.4004597e-04  -1.8466349e-03
   3.5399857e-02  -5.7302409e-02  -2.5970731e-01   5.1714804e-03   3.6490565e-04  -1.6208792e-03
   4.4127062e-02  -6.5787207e-02  -2.6262079e-01   5.1879546e-03   2.9615172e-04  -1.6669135e-03
   4.9511259e-02  -5.6690604e-02  -2.5736629e-01   4.9803093e-03   1.4394565e-04  -1.6670935e-03
   5.1755843e-02  -7.5533699e-02  -2.6659630e-01   4.9103859e-03   7.1440283e-05  -1.7961930e-03
   4.9951437e-02  -7.5609197e-02  -2.6425415e-01   5.3812967e-03   1.2300828e-04  -1.8983247e-03
   4.7446623e-02  -7.9987534e-02  -2.6509857e-01   5.3401017e-03   5.6980694e-05  -1.8925662e-03
   5.2812773e-02  -7.4109369e-02  -2.5984305e-01   5.1137798e-03   2.8938429e-04  -1.8958027e-03
   5.4612681e-02  -7.9950886e-02  -2.6976808e-01   5.6570397e-03   4.5824125e-04  -1.9255037e-03
   7.0070245e-02  -2.8316406e-02  -2.6837260e-01   4.7664600e-03   2.1281755e-04  -1.6175052e-03
   1.1078568e-01  -1.0329448e-01  -2.2491333e-01   3.8805960e-03   2.6093569e-04  -9.8324588e-04
   1.2894040e-01  -6.5056490e-02  -2.7418400e-01   5.7600435e-03  -1.8236044e-04  -8.5464267e-04
   1.5673011e-01  -1.2319744e-01  -2.7415898e-01   6.0122921e-03  -5.8960441e-04  -7.0899554e-04
   1.4174974e-01  -2.2026478e-02  -3.0337693e-01   6.2306900e-03  -1.9710500e-04  -1.0023351e-03
   1.5501338e-01  -8.4719077e-02  -3.0851551e-01   6.2665569e-03  -2.9704673e-04  -7.7191646e-04
   1.7238163e-01  -8.0488752e-02  -3.1423260e-01   5.8125423e-03  -3.9358062e-04  -5.4187283e-04
   1.7958917e-01  -1.0181657e-01  -3.0956400e-01   5.6752114e-03  -7.6466818e-04  -2.7080313e-04
   1.8405309e-01  -1.0157086e-01  -3.1495856e-01   5.9884160e-03  -8.3616061e-04  -1.4180341e-04
   1.7814834e-01  -1.1452000e-01  -2.9912443e-01   5.5691492e-03  -7.0352475e-04  -9.8480091e-05
   1.8634008e-01  -9.0913521e-02  -2.8524025e-01   5.2430681e-03  -8.7132809e-04  -3.6335719e-04
   1.8110402e-01  -9.7095932e-02  -2.9272941e-01   5.3263297e-03  -9.7851943e-04  -3.9090232e-04
   1.7983514e-01  -5.7564864e-02  -2.9760554e-01   5.8331790e-03  -9.0129830e-04  -1.9145944e-04
   1.8994376e-01  -7.2732919e-02  -2.9406395e-01   5.9804948e-03  -1.2340290e-03  -1.1964959e-04
   1.9739345e-01  -1.2226566e-01  -2.8971893e-01   6.0269421e-03  -1.7568783e-03   3.9162396e-05
   1.9031010e-01  -1.0222867e-01  -3.4013688e-01   7.2416049e-03  -1.1651616e-03  -4.1649715e-04
   2.0033691e-01  -7.4902509e-02  -3.4037170e-01   6.7247887e-03  -1.4756319e-03  -1.2583036e-05
   2.0351225e-01  -1.2034816e-01  -3.3803577e-01   6.3201662e-03  -9.8727123e-04   4.8216729e-05
   2.0164979e-01  -1.0364331e-01  -3.2583754e-01   6.1516039e-03  -1.1266633e-03  -1.7124494e-05
   2.0278526e-01  -1.0850128e-01  -3.1749934e-01   5.8449203e-03  -1.1218763e-03  -9.9926492e-06
   2.0121846e-01  -1.1771754e-01  -3.1281728e-01   5.7880995e-03  -1.1169735e-03   3.1968243e-04
   2.0480273e-01  -1.3188709e-01  -3.0906695e-01   6.1060391e-03  -1.2747418e-03   1.4997578e-04
   2.1412470e-01  -1.0277035e-01  -3.1744359e-01   5.7766696e-03  -1.3890470e-03   1.1474604e-04
   2.1870140e-01  -1.1348955e-01  -3.1337160e-01   5.9577488e-03  -1.5044903e-03   5.0010381e-04
   2.2651904e-01  -8.5441876e-02  -3.1486099e-01   5.7151502e-03  -1.4538630e-03   4.3523924e-04
   2.3876373e-01  -9.9270248e-02  -3.1478040e-01   5.9318121e-03  -1.7029108e-03   4.1622198e-04
   2.2056802e-01  -8.9405141e-02  -3.2476184e-01   6.0207577e-03  -1.4502882e-03   2.6301678e-04
   2.2066007e-01  -7.3613143e-02  -3.5363347e-01   6.3950068e-03  -1.5412462e-03   2.6951777e-04
   2.1560155e-01  -7.9510842e-02  -3.5696482e-01   6.6898439e-03  -1.4644982e-03   4.7097095e-04
   2.3048194e-01  -1.2105629e-01  -3.6473781e-01   6.7695943e-03  -1.7232252e-03   6.1188325e-04
   2.3711516e-01  -8.6250332e-02  -3.5128283e-01   6.2514916e-03  -1.8103363e-03   6.6351116e-04
   2.4326639e-01  -1.0878840e-01  -3.5514742e-01   6.6254709e-03  -1.7082847e-03   8.5472132e-04
   2.5078230e-01  -9.3573279e-02  -3.7522082e-01   6.9984385e-03  -1.8432550e-03   8.7097101e-04
   2.5159506e-01  -8.6920454e-02  -3.8515038e-01   7.1729217e-03  -1.6854344e-03   8.8163739e-04
   2.4432884e-01  -9.9227133e-02  -3.8203429e-01   7.1259510e-03  -1.7946045e-03   7.0367126e-04
   2.4420358e-01  -7.6042563e-02  -3.3176691e-01   6.9812677e-03  -1.6331988e-03   6.9937324e-04
   2.4836026e-01  -1.2349554e-01  -3.3948091e-01   7.3178129e-03  -1.5732237e-03   7.6857680e-04
   2.4405481e-01  -1.1480103e-01  -3.3622421e-01   7.1599252e-03  -1.5189998e-03   7.0826289e-04
   2.4392444e-01  -8.3078302e-02  -3.3910703e-01   7.0003731e-03  -1.9338424e-03   5.4870549e-04
   2.6173798e-01  -8.3860617e-02  -3.5623653e-01   7.4230970e-03  -2.1919768e-03   1.2023577e-03
   2.4734603e-01  -4.0663702e-02  -3.9444124e-01   8.2969080e-03  -2.0939259e-03   5.8902536e-04
   2.2358486e-01  -1.4570188e-01  -3.7187678e-01   8.1188498e-03  -2.2602530e-03   2.2121791e-04
   2.3653721e-01  -1.4602653e-01  -3.8731624e-01   8.6528807e-03  -1.7749121e-03   2.3674126e-04
   2.3437990e-01  -1.6380762e-01  -4.0082389e-01   8.8798722e-03  -1.5824855e-03   1.7161661e-04
   2.1994125e-01  -1.2684036e-01  -4.2271388e-01   9.0325280e-03  -1.4912301e-03  -4.5034519e-05
   2.1973134e-01  -1.2810812e-01  -4.3142227e-01   8.9861694e-03  -1.5183851e-03  -1.2350618e-04
   2.1260299e-01  -1.4406937e-01  -4.5508987e-01   8.9279636e-03  -1.0559814e-03  -2.5464104e-04
   1.9764915e-01  -1.1872332e-01  -4.5414103e-01   8.7121180e-03  -9.0344187e-04  -7.8296913e-05
   2.0327501e-01  -8.6083214e-02  -4.6218322e-01   8.8105152e-03  -1.1027096e-03   4.7124517e-05
   2.0971005e-01  -1.3487496e-01  -4.5655129e-01   8.7216761e-03  -1.1720511e-03   2.9121651e-04
   2.1459164e-01  -1.1103747e-01  -4.6877056e-01   9.0854040e-03  -1.2001380e-03   2.6549624e-04
   2.3154315e-01  -1.2262222e-01  -4.9042386e-01   9.4397880e-03  -1.3286891e-03   5.3836359e-04
   2.2797656e-01  -9.1869218e-02  -4.9859697e-01   1.0025939e-02  -1.4069830e-03   4.2232654e-04
   2.2545165e-01  -9.5023672e-02  -4.7093588e-01   9.4702982e-03  -1.3460161e-03   1.5514996e-04
   2.2025276e-01  -1.2988699e-01  -4.4136823e-01   9.0881836e-03  -1.7426862e-03   2.5314466e-04
   2.0658386e-01  -9.9512981e-02  -4.3585122e-01   8.6899140e-03  -1.6629720e-03   1.5131709e-05
   2.1259590e-01  -1.4607483e-01  -4.5255473e-01   8.7461031e-03  -1.3760153e-03   1.0964874e-04
   2.1434910e-01  -1.5587929e-01  -4.6175684e-01   8.6805009e-03  -1.4780208e-03   2.4471691e-05
   2.3037039e-01  -1.5641680e-01  -4.7552807e-01   9.0099964e-03  -1.3300633e-03   3.7611712e-04
   2.4519294e-01  -1.4525941e-01  -4.7186635e-01   8.7306381e-03  -1.8132765e-03   5.0712666e-04
   2.4141833e-01  -1.6996796e-01  -4.5404782e-01   8.5657022e-03  -2.3843805e-03   5.0599550e-04
   2.5293238e-01  -1.5406535e-01  -4.6679387e-01   8.2176504e-03  -2.0031088e-03   5.8695830e-04
   2.4603166e-01  -1.5343238e-01  -4.6946887e-01   8.1458717e-03  -1.7406858e-03   3.9528319e-04
   2.5263382e-01  -1.4347899e-01  -4.6857461e-01   8.2771811e-03  -1.8308517e-03   5.3925077e-04
