   0.0000000e+00   0.0000000e+00  -1.4210855e-14   0.0000000e+00   0.0000000e+00   0.0000000e+00
   7.1463291e-03  -2.6322946e-01   1.0288204e-01  -3.1001280e-03  -2.2333502e-04   3.2965585e-04
   2.0221729e-02   4.2027439e-02   1.1756288e-01  -2.8368047e-03  -5.0118844e-04   9.2877222e-04
   3.1516587e-02   1.8181625e-01   1.3440789e-01  -3.1377890e-03  -5.8907853e-04   1.1707362e-03
   3.3231010e-02   8.6938634e-02   1.5381094e-01  -3.0425071e-03  -3.7289612e-04   1.0677180e-03
   3.1913292e-02   6.5152763e-02   1.9042289e-01  -4.1505316e-03  -4.5729321e-04   1.2628262e-03
   3.9672810e-02   7.5830860e-02   1.5067383e-01  -4.0359647e-03  -7.5335281e-04   1.2380712e-03
   3.1839770e-02   8.4067500e-02   1.3988552e-01  -3.6221109e-03  -8.6418307e-04   1.2848998e-03
   3.6255305e-02   7.4061251e-02   1.3451188e-01  -3.6373513e-03  -7.3545834e-04   1.3228266e-03
   4.0421396e-02   5.5829868e-02   1.4886520e-01  -3.6192198e-03  -6.5200891e-04   1.2916460e-03
   4.0870595e-02   4.1729789e-02   1.4933166e-01  -3.3875677e-03  -9.1330615e-04   1.0991447e-03
   3.6201486e-02   9.4034694e-02   1.5430143e-01  -3.8292174e-03  -8.0880464e-04   1.1329825e-03
   4.5861242e-02   5.2919723e-02   1.5477698e-01  -3.6101858e-03  -9.5487873e-04   1.0017254e-03
   4.6516032e-02   4.8965397e-02   1.5945007e-01  -3.7489514e-03  -8.9502129e-04   1.0418624e-03
   4.5448892e-02   7.1835121e-02   1.5968773e-01  -3.9939207e-03  -9.3299269e-04   1.1498319e-03
   4.9866402e-02   6.9740497e-02   1.6374634e-01  -4.6761908e-03  -1.0796004e-03   1.1617693e-03
   4.6765643e-02   5.0539038e-02   1.3487062e-01  -4.0901378e-03  -1.0651532e-03   1.1472200e-03
   4.9425970e-02   5.4154875e-02   1.4385707e-01  -3.8172342e-03  -9.4188138e-04   1.1365632e-03
   4.5269789e-02   6.3961643e-02   1.6705353e-01  -4.0991451e-03  -6.6349571e-04   9.3596764e-04
   5.0470568e-02   9.3639392e-02   1.6295172e-01  -4.9522737e-03  -8.2319268e-04   1.0603656e-03
   5.2343927e-02   5.7485424e-02   1.5036725e-01  -4.8350444e-03  -1.0081346e-03   1.1683924e-03
   5.6330873e-02   7.2787096e-02   1.4568188e-01  -4.9042883e-03  -1.0453706e-03   1.2592223e-03
   5.4719853e-02   3.5605907e-02   1.6704740e-01  -4.6100489e-03  -9.1016788e-04   1.2755113e-03
   5.3279325e-02   4.7889664e-02   1.6684843e-01  -4.8988592e-03  -9.2156640e-04   1.2389119e-03
   5.5694363e-02   4.5850519e-02   1.5364087e-01  -4.7399384e-03  -9.7325018e-04   1.2023297e-03
   5.8504218e-02   7.1072474e-02   1.6158255e-01  -4.9134457e-03  -9.5972518e-04   1.2520791e-03
   5.8819108e-02   4.5589889e-02   1.5366001e-01  -4.7201968e-03  -1.1989092e-03   1.2877448e-03
   4.5959310e-02  -3.3368489e-02   1.1467562e-01  -3.0063131e-03  -9.2933925e-04   1.0920143e-03
   6.2371096e-02   1.0336337e-01   1.1610682e-01  -3.3382647e-03  -1.3584167e-03   1.6004055e-03
   6.9387524e-02   7.2618450e-02   1.1153329e-01  -3.3082419e-03  -1.6662079e-03   1.6834122e-03
   6.9186896e-02   6.5523720e-02   1.5034541e-01  -4.1835282e-03  -1.5150015e-03   1.7212185e-03
   6.4833847e-02   4.3505509e-02   1.5809701e-01  -4.5935657e-03  -1.2163954e-03   1.4316055e-03
   6.8771599e-02   5.4422736e-02   1.4416078e-01  -4.8049320e-03  -1.1798167e-03   1.2965064e-03
   6.3198600e-02   6.7931158e-02   1.3933564e-01  -4.8970628e-03  -1.2522979e-03   1.2159051e-03
   6.1907068e-02   7.2025193e-02   1.4550505e-01  -4.8621079e-03  -1.5263841e-03   1.1938488e-03
   6.3034133e-02   4.9055980e-02   1.5263187e-01  -4.9908975e-03  -1.4836348e-03   1.0103448e-03
   6.3987664e-02   4.9595635e-02   1.5139320e-01  -5.0924099e-03  -1.4406591e-03   9.1561516e-04
   6.4663273e-02   6.5850478e-02   1.5508266e-01  -4.8379370e-03  -1.4850132e-03   7.5111443e-04
   6.2623521e-02   4.9189970e-02   1.5535716e-01  -5.1054820e-03  -1.3667893e-03   7.4932279e-04
   6.0991322e-02   5.1895645e-02   1.6929940e-01  -5.8296075e-03  -1.4779644e-03   7.8788937e-04
   5.2857030e-02   5.1118270e-02   1.1657444e-01  -4.6454451e-03  -1.1456284e-03   2.7796049e-04
   5.2607786e-02   7.7874606e-02   1.4421311e-01  -5.0118953e-03  -1.2342369e-03   5.8893460e-04
   6.0526591e-02   6.3300824e-02   1.7512223e-01  -5.8992426e-03  -1.3892516e-03   7.4369633e-04
   5.8318079e-02   1.8208906e-02   1.6948397e-01  -6.1086492e-03  -1.2823082e-03   5.4388743e-04
   6.3253173e-02   3.0911782e-02   1.6205347e-01  -5.5605386e-03  -1.1313687e-03   4.9179555e-04
   5.9507630e-02   5.0653867e-02   1.6185787e-01  -5.5869694e-03  -1.2713628e-03   5.2643555e-04
   5.4435776e-02   6.2872922e-02   1.7880280e-01  -5.7026680e-03  -1.3423748e-03   4.2805950e-04
   5.3354574e-02   2.6100485e-02   1.8263603e-01  -5.2363398e-03  -1.1350847e-03   2.7123595e-04
   5.9310739e-02   8.5220477e-02   1.8601890e-01  -6.0692266e-03  -1.2425100e-03   1.8966129e-04
   6.1847644e-02   4.9136730e-02   1.7146509e-01  -6.5449238e-03  -1.4135893e-03   4.0175226e-04
   5.2323689e-02   6.4745223e-02   1.5252185e-01  -5.6600150e-03  -1.3227613e-03   2.9440588e-04
   5.6562303e-02   4.0929415e-02   1.6753137e-01  -5.4114058e-03  -1.2866750e-03   2.5283716e-04
   5.6975941e-02   5.4223583e-02   1.5777771e-01  -5.5300106e-03  -1.2995444e-03   2.0774075e-04
   5.5854533e-02   9.3237402e-02   1.2533616e-01  -4.6143221e-03  -7.6787894e-04  -1.7588276e-04
   5.7827809e-02   5.8251998e-02   1.5582890e-01  -6.0113763e-03  -1.2857537e-03   2.1561154e-04
   4.8741799e-02   8.2530850e-02   1.4599734e-01  -6.2272544e-03  -1.3262812e-03   1.8594036e-04
   6.0448786e-02   9.3177914e-02   1.3469224e-01  -5.5047431e-03  -1.0890304e-03   1.3622904e-04
   7.3680928e-02   6.4496103e-02   1.5692598e-01  -6.1066914e-03  -1.5719592e-03   5.9166442e-04
   6.5840117e-02   1.5600674e-02   1.4666484e-01  -6.1152688e-03  -1.4997132e-03   3.1897639e-04
   6.3545036e-02   4.3413100e-02   1.5506045e-01  -6.1053052e-03  -1.4334801e-03   4.7250168e-04
   6.2178403e-02   4.7508701e-02   1.6083840e-01  -6.4273318e-03  -1.5990287e-03   4.8752012e-04
   7.2542525e-02   2.3916415e-02   1.7213411e-01  -6.3959021e-03  -1.6798736e-03   3.8287748e-04
   6.6844737e-02   3.7726402e-02   1.5799719e-01  -6.4870077e-03  -1.6489857e-03   4.4499384e-04
   6.7069678e-02   3.3690190e-02   1.5606457e-01  -6.5157244e-03  -1.6704540e-03   4.0545152e-04
   6.5663670e-02   2.9318759e-02   1.6062114e-01  -5.9970182e-03  -1.5071894e-03   3.9415039e-04
   5.8961296e-02   2.7088380e-02   1.6833668e-01  -6.5538198e-03  -1.5672821e-03   3.8520047e-04
   4.2094383e-02   2.5026441e-02   1.2913481e-01  -4.8195028e-03  -9.9209679e-04  -5.8567912e-04
   4.6218369e-02   8.4938800e-02   1.4551067e-01  -5.5736500e-03  -1.3512668e-03  -2.4502327e-04
   5.3998392e-02   5.8337574e-02   1.5387507e-01  -5.9872958e-03  -1.4128817e-03   2.9284704e-04
   5.4769616e-02   4.4795782e-02   1.4389233e-01  -5.9684441e-03  -1.2209578e-03   1.1955252e-04
   4.5172805e-02   7.9536577e-02   1.4277782e-01  -5.8892932e-03  -1.1378892e-03   2.5408231e-05
   5.2164679e-02   4.5379749e-02   1.7447083e-01  -7.2569022e-03  -1.5974459e-03   2.6054243e-04
   5.5444545e-02   5.8729813e-02   1.5630119e-01  -7.3163526e-03  -1.5376514e-03   1.2312169e-04
   5.9103953e-02   4.8437847e-02   1.5395896e-01  -6.3177478e-03  -1.2567679e-03   1.8374082e-04
   6.3164902e-02   2.3354232e-02   1.6587881e-01  -6.6416511e-03  -1.5696828e-03   2.9695339e-04
   6.0197045e-02   5.2973528e-02   1.6634723e-01  -6.7246291e-03  -1.5042753e-03   2.3378773e-04
   6.2146949e-02   5.6739309e-02   1.7020686e-01  -6.2616713e-03  -1.2655891e-03   1.7293718e-04
   6.5801734e-02   2.8400111e-02   1.6223993e-01  -6.1126221e-03  -1.3005445e-03   1.4857079e-04
   6.3039687e-02   1.4862337e-02   1.6048810e-01  -6.3530736e-03  -1.2993392e-03   1.6034300e-04
   5.9072915e-02   5.1975408e-02   1.5335593e-01  -6.0039193e-03  -1.1492293e-03  -2.8876622e-04
   5.5090310e-02   7.4483105e-02   1.2535236e-01  -6.3459526e-03  -1.2171011e-03  -9.5984474e-05
   5.5315362e-02   9.3833645e-02   9.5526515e-02  -5.9981175e-03  -1.1122234e-03  -1.1451688e-04
   5.8122172e-02   1.6365501e-01   1.6153195e-01  -7.3367781e-03  -1.9352834e-03   4.3426557e-04
   5.7284370e-02  -6.2498646e-02   1.6994075e-01  -7.1373832e-03  -1.5315113e-03   3.1559316e-04
   6.6851799e-02   5.6823501e-02   1.6688527e-01  -6.9462594e-03  -1.6688922e-03   3.4321463e-04
   6.8274824e-02   3.1821635e-02   1.6377935e-01  -6.6443812e-03  -1.6273951e-03   3.3159628e-04
   6.2929846e-02   3.3034066e-02   1.7354771e-01  -6.9491632e-03  -1.5385844e-03   4.1419949e-04
   6.1666706e-02   3.7483029e-02   1.8984837e-01  -6.9210416e-03  -1.3849330e-03   3.9253611e-04
   6.5033648e-02   4.0901675e-02   1.7042098e-01  -6.8912834e-03  -1.4697234e-03   2.8322317e-04
   6.9588090e-02   5.3549228e-02   1.5984522e-01  -6.9162976e-03  -1.4934420e-03   2.6804052e-04
   6.7224151e-02   3.7231948e-02   1.6806480e-01  -6.8874069e-03  -1.4463426e-03   3.1439040e-04
   6.5111628e-02   3.3402483e-02   1.6347732e-01  -6.5257411e-03  -1.4637150e-03   3.1382641e-04
   5.4201002e-02   5.1152790e-02   1.4980169e-01  -5.8671415e-03  -1.2851288e-03  -2.2506818e-04
   4.9701285e-02   6.9815301e-02   1.6568126e-01  -6.6626617e-03  -1.0278525e-03  -2.1437873e-04
   5.6360867e-02   8.1889607e-02   1.7601246e-01  -7.6722910e-03  -1.5124459e-03   3.5682023e-04
   5.9708474e-02   3.4444446e-02   1.5252184e-01  -7.2251695e-03  -1.5728646e-03   1.9722821e-04
   5.7250227e-02   2.7542857e-02   1.4743778e-01  -6.7319471e-03  -1.3324470e-03   2.4011769e-04
   5.4431882e-02   7.5537959e-02   1.5341173e-01  -6.9545857e-03  -1.1891081e-03   1.8505918e-04
   4.5490919e-02   5.0760901e-02   1.5198019e-01  -7.0636665e-03  -1.3529287e-03   1.4162878e-04
   5.0809508e-02   6.5453076e-02   1.5174427e-01  -6.0910800e-03  -1.4073938e-03  -1.5871490e-04
   5.3562224e-02   8.7352898e-02   1.7715352e-01  -5.9367763e-03  -1.1372604e-03  -5.9337983e-05
   5.5019583e-02   8.8017614e-02   1.7941352e-01  -6.5594162e-03  -1.3301734e-03   4.6062951e-06
   6.1898022e-02   8.3963604e-02   1.6302328e-01  -6.2523128e-03  -1.4466077e-03  -1.1958009e-04
   6.3411968e-02   1.1044500e-01   1.7655186e-01  -6.2356113e-03  -1.4559123e-03  -5.7973878e-07
   6.4245595e-02   7.4220294e-02   1.8953076e-01  -6.9610641e-03  -1.6009794e-03   1.4953044e-04
   4.6643469e-02   3.5880334e-02   9.7924705e-02  -5.3161850e-03  -1.2021382e-03  -3.9544315e-04
   5.1870292e-02   9.9457122e-02   5.4298766e-02  -4.6644407e-03  -1.3198986e-03  -1.4167829e-04
   4.9271776e-02   2.3073292e-02   6.3948142e-02  -4.5900248e-03  -1.5375394e-03  -2.7569035e-04
   7.2454377e-02   5.0180069e-02   1.1443280e-01  -5.3551191e-03  -2.0510577e-03   4.7659264e-04
   6.4801630e-02   1.5819705e-02   1.4466974e-01  -5.8941169e-03  -1.8922287e-03   3.2591858e-04
   5.4718542e-02   3.0154239e-02   1.5429948e-01  -6.3726113e-03  -1.6569873e-03   2.7199010e-04
   5.3383972e-02   3.5009693e-02   1.3717032e-01  -6.3286337e-03  -1.8073732e-03   2.7085444e-04
   5.9898153e-02   5.4746122e-02   1.4380112e-01  -6.0897011e-03  -1.9674883e-03   2.0681666e-04
   6.3857705e-02   5.6035036e-02   1.5051084e-01  -6.4003353e-03  -1.8912461e-03   3.1921820e-04
   5.6333035e-02   6.3454020e-02   1.3905028e-01  -6.2775140e-03  -1.5486246e-03   1.7487615e-04
   5.8096579e-02   7.5427364e-02   1.5044529e-01  -6.1145401e-03  -1.6430655e-03  -6.6178578e-05
   5.5064822e-02   8.6496847e-02   1.6200860e-01  -5.4068254e-03  -1.7042796e-03  -1.0637536e-04
   5.9481751e-02   1.2597786e-01   1.5651328e-01  -6.2263027e-03  -1.7889018e-03   1.6590768e-04
   4.7057214e-02   1.9520179e-01   1.1549336e-01  -6.2173164e-03  -1.3767482e-03  -4.8688407e-04
   6.1368507e-02  -3.9814132e-02   1.1240124e-01  -6.4058306e-03  -1.5670297e-03  -1.7708039e-04
   4.7431877e-02   3.5783183e-03   1.2059658e-01  -6.2806348e-03  -1.3973456e-03  -3.8388089e-04
   5.6112392e-02   5.8735039e-02   1.5631228e-01  -6.2763987e-03  -1.3125370e-03   2.8792551e-04
   6.5920550e-02   8.6268797e-02   1.6946320e-01  -6.4465676e-03  -1.3329483e-03   2.8026486e-04
   6.3839457e-02   5.6657393e-02   1.3752804e-01  -6.9636356e-03  -1.5556206e-03   1.7775204e-04
   6.3270772e-02   1.3119419e-01   1.4628018e-01  -6.9140824e-03  -2.0402219e-03   1.7335237e-04
   5.9965028e-02   8.6349863e-02   1.4046900e-01  -6.7995470e-03  -1.9902387e-03   2.0371975e-04
   6.1924784e-02   1.8573406e-02   1.3303553e-01  -6.5899328e-03  -1.8471604e-03   1.5870099e-04
   6.7952355e-02   5.0892334e-02   1.4474437e-01  -6.3990703e-03  -1.9619862e-03   1.9067485e-04
   6.9302017e-02   2.3246550e-02   1.5490409e-01  -6.3214762e-03  -1.9490968e-03   2.1705308e-04
   6.8590473e-02   3.4819045e-02   1.4520074e-01  -6.1069838e-03  -1.8510580e-03   1.2168978e-04
   6.7552118e-02   1.3298239e-01   1.5586061e-01  -5.1252428e-03  -1.6942202e-03  -2.4402030e-04
   5.5455041e-02   6.6498401e-02   1.6040840e-01  -5.4027529e-03  -1.4753546e-03  -4.1646044e-04
   5.3727739e-02   1.2095402e-01   1.3766612e-01  -6.3350117e-03  -1.4770051e-03  -2.6814208e-04
   6.1655538e-02   5.3483479e-02   1.1979834e-01  -6.6383166e-03  -1.4361402e-03   1.9860598e-04
   6.1535670e-02   8.9089921e-02   1.2949624e-01  -7.3450936e-03  -1.8916683e-03   1.2822577e-04
   5.9543845e-02   5.4483964e-02   1.3233232e-01  -7.2840729e-03  -1.8803244e-03   2.1810759e-04
   5.2144426e-02   4.4558877e-02   1.3717750e-01  -7.0191689e-03  -2.0368812e-03   1.8894430e-04
   6.0712536e-02   5.9748131e-02   1.3725467e-01  -6.7669209e-03  -1.9087743e-03   1.1433402e-04
   7.0007206e-02   7.7882645e-02   1.3580259e-01  -6.6373021e-03  -1.9434503e-03   8.6884975e-05
   6.7019647e-02   5.6220302e-02   1.5081014e-01  -6.8167751e-03  -1.8755963e-03   1.3574023e-04
   6.5909085e-02   4.7356068e-02   1.4207120e-01  -6.6952500e-03  -1.9541991e-03   1.9751946e-04
   6.4448829e-02   6.1275158e-02   1.3196803e-01  -6.6558881e-03  -1.7988951e-03   3.2380779e-05
   7.1332819e-02   5.4362070e-02   1.3446197e-01  -6.4184021e-03  -1.8222356e-03   5.4989188e-05
   6.7988051e-02   5.5519303e-02   1.6529862e-01  -7.0305726e-03  -1.9674889e-03   1.9732166e-04
   5.2638650e-02   1.5953757e-01   9.3789853e-02  -5.9207326e-03  -1.8731503e-03  -3.8470357e-04
   6.4577322e-02  -5.0201783e-02   9.3552195e-02  -6.5275988e-03  -1.6256536e-03  -2.6080436e-04
   4.7830199e-02   4.8334253e-02   8.2548884e-02  -5.1579875e-03  -1.9612724e-03  -4.8215431e-04
   4.9700347e-02   2.6346210e-02   1.1384248e-01  -5.5493847e-03  -1.6127373e-03  -6.3212356e-04
   5.5146166e-02   4.7785011e-02   1.3308543e-01  -6.9813713e-03  -1.7182121e-03   9.0810522e-07
   6.3038744e-02   6.4120165e-02   1.2202524e-01  -7.1652243e-03  -2.0772021e-03   2.7334920e-06
   6.1888193e-02   7.6726647e-02   1.1151723e-01  -6.9800589e-03  -2.1231925e-03   1.2062012e-04
   5.6199516e-02   8.9354988e-03   1.1371490e-01  -6.3046060e-03  -1.7001914e-03  -2.6904886e-05
   5.6374089e-02   4.7924770e-02   1.2555667e-01  -6.2547698e-03  -1.7718089e-03  -7.7587702e-05
   6.2225139e-02   1.2680451e-01   1.4700449e-01  -5.7012648e-03  -1.7233458e-03  -3.9193620e-04
   7.4596682e-02   1.9348624e-01   1.4021039e-01  -4.8049878e-03  -1.6847319e-03  -4.6438330e-04
   7.4122415e-02   1.8930293e-01   1.4324325e-01  -4.6002252e-03  -1.7410626e-03  -5.4726943e-04
   7.2165013e-02   1.4421293e-01   1.6617854e-01  -5.6541425e-03  -1.8477540e-03  -2.4434592e-04
   6.5505325e-02   7.5575303e-02   1.2990253e-01  -6.9883522e-03  -1.7393910e-03  -1.6176931e-05
   6.5390127e-02   4.7634803e-02   6.4072972e-02  -6.0158656e-03  -2.4854520e-03   2.5730832e-04
   9.4884445e-02   1.1311268e-01   6.4394231e-02  -5.3672187e-03  -3.1153811e-03   6.6712123e-04
   8.8182683e-02   3.0178468e-02   7.0534890e-02  -4.9126941e-03  -2.7372546e-03   6.0247762e-04
   7.5398739e-02   2.2557976e-02   9.4485537e-02  -5.1317380e-03  -2.1605168e-03   2.6365320e-04
   8.0695917e-02   8.8053100e-02   1.1776104e-01  -5.5387737e-03  -2.2988923e-03   2.9893809e-04
   7.5150605e-02   5.7772679e-02   1.1635169e-01  -5.5509656e-03  -2.3734326e-03   2.1147792e-04
   6.4749724e-02   1.0497754e-01   8.2001371e-02  -5.8821859e-03  -2.5269157e-03   2.2945880e-04
   6.1484006e-02   4.7590367e-02   7.8620297e-02  -5.5044101e-03  -2.3729605e-03   1.4524010e-04
   6.8327425e-02   7.1322500e-02   9.9390610e-02  -4.6048945e-03  -2.1814965e-03  -1.8662076e-04
   7.3547604e-02   1.3390435e-01   1.1626089e-01  -4.3073153e-03  -1.9879888e-03  -4.7608008e-04
   5.7040353e-02   1.0188057e-01   1.1680550e-01  -5.5129527e-03  -2.2571485e-03  -3.3362803e-04
   6.7159408e-02   2.0805995e-01   1.0980441e-01  -3.0269499e-03  -1.7443666e-03  -1.1664318e-03
   4.4726427e-02   1.6514270e-01   6.8107708e-02  -3.3600393e-03  -1.6046794e-03  -1.3292585e-03
   3.4211688e-02   1.0503424e-01   9.1242237e-02  -5.1846330e-03  -1.6755118e-03  -8.2803232e-04
   3.9940045e-02   2.6127180e-01   6.7334125e-02  -4.8550212e-03  -2.0180168e-03  -8.7739823e-04
   4.5429075e-02   1.1736106e-03   9.2385292e-02  -5.8746103e-03  -2.3274636e-03  -2.6866425e-04
   5.4891818e-02   8.4246117e-02   1.0887361e-01  -5.4189630e-03  -2.4542397e-03  -2.0121833e-04
   5.1812311e-02   9.6184442e-02   1.0852308e-01  -5.6385330e-03  -2.3260174e-03  -1.1936409e-04
   4.9288590e-02   6.1994877e-02   1.0864770e-01  -5.3520760e-03  -2.1645985e-03  -2.3803296e-04
   5.1697020e-02   8.3650907e-02   1.1473361e-01  -4.9358209e-03  -2.0699269e-03  -6.0863374e-04
   6.7583693e-02   1.3575175e-01   1.2410145e-01  -4.1054770e-03  -2.2050554e-03  -8.1564317e-04
   7.0679306e-02   2.1601684e-01   1.6019645e-01  -3.6226030e-03  -2.1320249e-03  -1.0161241e-03
   6.6340490e-02   2.9007679e-01   1.5927280e-01  -3.3195397e-03  -2.1321787e-03  -1.2816075e-03
   6.7167830e-02   3.5689743e-01   1.7568227e-01  -2.6307230e-03  -2.3178502e-03  -1.7407129e-03
   5.7046533e-02   2.2378045e-01   1.6510947e-01  -3.7896247e-03  -2.2827443e-03  -1.2201221e-03
   5.1170563e-02   8.6942024e-02   1.2594418e-01  -5.9876868e-03  -2.5263950e-03  -4.0404658e-04
   3.5801815e-02   8.8760151e-02   8.8249300e-02  -5.0672799e-03  -1.9840374e-03  -9.4813644e-04
   5.6594331e-02   3.1292133e-01   1.0242363e-01  -5.9587565e-03  -2.1820909e-03  -1.2880658e-05
   3.7978972e-02  -2.1674404e-01   9.3681837e-02  -4.8615573e-03  -1.9086582e-03  -5.5773214e-04
   4.0057802e-02   1.2021160e-01   1.1032732e-01  -5.0893622e-03  -2.1000225e-03  -4.8276859e-04
   4.5368861e-02   9.3330918e-02   1.1260647e-01  -4.8242991e-03  -2.1448922e-03  -6.0861554e-04
   4.9467804e-02   1.1046107e-01   1.0518456e-01  -4.9460677e-03  -1.9644800e-03  -7.0962166e-04
   4.0159245e-02   1.1919269e-01   9.5365463e-02  -4.7555703e-03  -1.8886476e-03  -1.1169755e-03
   3.3666542e-02   1.7539065e-01   1.0647169e-01  -4.1182235e-03  -1.7589624e-03  -1.6871416e-03
   4.8591672e-02   2.5855406e-01   1.5805136e-01  -3.4818229e-03  -2.4761116e-03  -1.4539585e-03
   5.4490410e-02   1.5945880e-01   8.5647452e-02  -4.6892437e-03  -2.5486198e-03  -6.5216346e-04
   4.9109373e-02   8.6531581e-02  -4.2968422e-02  -4.0805522e-03  -2.8895149e-03  -6.4356616e-04
   4.8162967e-02   1.4864800e-01  -2.3391316e-03  -4.1925879e-03  -2.8555779e-03  -7.2653825e-04
   5.1411962e-02   1.2308030e-01  -2.5424390e-03  -3.9372968e-03  -2.7492142e-03  -7.0564725e-04
   4.1199424e-02   7.2309619e-02  -1.1472015e-02  -4.1528273e-03  -3.4208485e-03  -1.9961104e-04
   6.1880197e-02   1.3864349e-01  -2.9729105e-02  -3.1494739e-03  -3.8527837e-03  -6.4166395e-05
   5.9995329e-02   1.2530107e-01  -2.9945498e-02  -2.8444056e-03  -3.6721466e-03  -2.0439134e-04
   5.0558742e-02   1.0778959e-01   2.4869748e-02  -3.4710956e-03  -3.7187268e-03  -3.6546111e-04
   4.9003893e-02   1.1755833e-01   3.4634693e-02  -3.5932481e-03  -3.8387476e-03  -5.7055716e-04
   4.9375236e-02   8.1076999e-02   1.2111119e-02  -3.9797746e-03  -3.7506426e-03  -6.4634896e-04
   4.2519997e-02   1.7139291e-01  -2.3099477e-02  -3.6165943e-03  -3.6835731e-03  -6.9377888e-04
   4.2377401e-02   1.6503280e-01  -3.9153941e-02  -3.4485526e-03  -3.7153815e-03  -6.0406048e-04
   4.9503531e-02   1.1236565e-01  -4.1779354e-02  -3.0048122e-03  -3.6315430e-03  -5.7926138e-04
   4.8107356e-02   1.4459560e-01  -2.9114406e-02  -3.2856931e-03  -3.6064174e-03  -5.6348991e-04
   4.2190921e-02   1.2476762e-01  -2.3349352e-02  -3.1526408e-03  -3.6995192e-03  -7.8425743e-04
   4.7012111e-02   1.4073226e-01  -1.8449933e-02  -3.3740753e-03  -3.6663456e-03  -6.9327072e-04
   8.3413692e-02  -3.2958786e-01  -6.5051607e-02  -8.0923585e-04  -4.4637980e-03   4.0337520e-04
