   0.0000000e+00   0.0000000e+00   0.0000000e+00   0.0000000e+00   0.0000000e+00   0.0000000e+00
   4.3671905e-03   4.5292724e-02  -4.2485924e-04  -5.4129256e-04  -2.2845170e-04   1.7536243e-04
   1.9864477e-04   6.9636878e-02   1.1561390e-02  -1.4773718e-04  -3.7956556e-04   1.8035088e-04
   8.3037543e-03   2.9875042e-02   1.5462924e-02   1.9751906e-04  -4.1503472e-04   1.4588480e-04
  -6.9738946e-03   6.0762165e-02   1.2073785e-02  -4.8701361e-04  -8.4963893e-05   9.6871452e-05
  -3.8358065e-03   4.2125149e-02   2.2137032e-02  -5.4961611e-04  -1.8419429e-04  -6.5272856e-05
  -1.0084185e-03   4.9171679e-02   1.3246984e-02  -6.7360712e-04  -2.9137005e-04   4.8600195e-05
  -2.0130987e-03   2.7015048e-02   1.6984091e-02  -4.0727879e-04  -1.7147415e-04   1.0185819e-04
   2.6346049e-03   3.8481031e-02   1.0211261e-02  -2.5182553e-04  -3.5122139e-04   1.6264948e-04
   1.0896313e-02   4.5780245e-02   2.6059476e-02  -1.8510636e-04  -3.2975995e-04   1.5895905e-04
   8.9527848e-03   4.7194409e-02   1.0880983e-02  -3.7835695e-04  -3.1203958e-04   1.6653981e-04
   6.0476105e-04   3.0318986e-02   1.5558192e-02  -4.5066547e-05  -7.4867987e-05   8.2026438e-05
   6.9689636e-03   5.6893564e-02   3.7181475e-02  -2.0308358e-04  -2.0450249e-04   1.1690197e-04
   6.8427998e-03   2.3692522e-02   2.7841302e-02  -3.4051896e-04  -7.6049607e-05   2.0281296e-05
   9.9701031e-03   4.5280405e-02   1.4581021e-02   1.2258218e-04  -1.1165290e-05   8.7571326e-05
   4.4002466e-03   7.8852992e-03   4.4572254e-02  -4.4414107e-04   5.6816412e-05   5.9246698e-05
   3.6302101e-03   6.8255668e-03   2.9724902e-02  -2.9878122e-04   2.5948610e-04  -1.2020790e-04
   7.5044725e-03   4.8961345e-02   2.3546649e-02  -5.6517464e-04   5.1903777e-05  -4.6447706e-05
  -7.2512687e-04   3.0125424e-02   3.5908603e-02  -3.9202750e-04   1.6989354e-04  -1.4217891e-04
   4.8630838e-03   4.6932535e-02   3.5493950e-02  -5.0241054e-04  -1.7438854e-05  -2.0373779e-04
   2.1113364e-03   4.2980338e-02   2.3540631e-02  -5.8189913e-04  -1.4299870e-04  -1.3916744e-04
   8.3786673e-04   5.8552636e-02   2.4271553e-02  -5.3659958e-04  -1.1983675e-04  -9.3190494e-05
   6.6432000e-03   2.5142683e-02   2.1148309e-02  -2.6246362e-04  -9.3556825e-05  -1.2162434e-04
   1.2247835e-02   2.3947104e-02   1.9391950e-02  -3.9736003e-04  -9.1606867e-06  -6.9606859e-05
   8.6976766e-03   3.4276455e-02   2.5867110e-02  -3.6955089e-04  -2.2943561e-05  -4.3134141e-05
   3.3151567e-03   4.0034943e-02   2.4463292e-02  -2.2658917e-04  -3.3815090e-05  -1.4754657e-04
  -3.1598008e-05   2.6128186e-02   1.9789361e-02  -2.6997192e-04   3.1041207e-04  -2.9345329e-04
   1.5359847e-03   3.7974931e-02   3.4953322e-02  -6.9760588e-04   3.7779534e-04  -2.6613180e-04
   2.8280239e-03   2.9220128e-02   3.4916436e-02  -9.4882666e-04  -6.3097920e-05  -1.6566394e-04
   6.3434333e-03   6.7903175e-02   2.8611029e-02  -1.0563019e-03  -1.6438057e-04  -1.7856635e-05
   5.4570135e-03  -1.8380147e-02   3.0210186e-02  -9.2743438e-04  -3.1810690e-04  -2.5532098e-05
   7.5068903e-03   6.6828874e-03  -2.7452714e-02  -9.5731490e-05   4.4125170e-05   1.6198631e-04
  -1.1482456e-02   7.5589731e-02  -2.3605162e-02  -2.7675915e-05   8.1133663e-05   7.2878812e-05
  -1.0236742e-02  -8.6795766e-03  -5.5589806e-03  -1.2569590e-04  -9.7737503e-06   9.7337741e-06
   9.0292345e-04   1.6686406e-02   1.4498340e-02  -4.1551629e-04   1.1705417e-07  -1.8804953e-05
   2.3762811e-03   4.0863780e-03   1.3169319e-02  -6.7259649e-04   1.0656821e-04  -7.2831495e-05
   1.8832069e-03   3.1712514e-02  -1.1903200e-02  -3.6971984e-04  -3.9767778e-05  -1.7374999e-04
   2.5565199e-03   4.6626298e-02  -2.9721277e-03  -5.0684120e-04   6.0642714e-05  -1.1683466e-04
  -9.5475114e-04   1.1799347e-02   1.3975640e-02  -5.8584608e-04   1.0028281e-04  -1.4643191e-05
   3.3876271e-04  -5.5640871e-03  -4.0222905e-04  -4.4749526e-04   1.1839985e-04  -1.5050942e-04
  -6.9845592e-03   3.6201293e-02  -2.0633404e-02   4.8998701e-04   4.3332073e-04  -6.6017594e-04
  -1.2160803e-03   8.5499699e-03   1.7445585e-02  -3.0374990e-04   1.6432825e-04   5.7816832e-06
   5.5633995e-03   5.0734337e-02   1.8067423e-02  -5.9773933e-04   1.7621743e-04  -1.6375485e-04
   1.9954969e-03   4.1402147e-02  -1.6201509e-02  -5.8180200e-05   3.0993146e-04  -5.2386255e-04
  -2.9274488e-03   3.3291942e-02   2.9719902e-04  -6.2747987e-04  -1.8044742e-04  -1.2795172e-04
   4.3581921e-03   1.7942929e-02   9.4955709e-03  -6.5080673e-04  -4.4851492e-05  -1.5251170e-04
   1.0870179e-02   3.1861313e-02   9.3237560e-03  -8.5817331e-04   8.0338210e-05  -2.0091597e-04
   4.1279995e-03   1.7248057e-02   1.3825138e-02  -8.5264339e-04   7.9427328e-05  -2.0955900e-04
   5.9799163e-04  -2.0416148e-03   1.5046447e-02  -1.1414406e-03   2.8691288e-04  -2.6219647e-04
   8.4929931e-03   7.3172503e-02   1.2170605e-02  -1.5869161e-03  -4.4937697e-05  -2.2307245e-04
  -8.6284932e-04   2.3775525e-02   2.1607822e-03  -1.1132697e-03   1.1851740e-04  -2.1240938e-04
  -1.9961825e-03   2.2086689e-02   8.7175101e-03  -9.8333186e-04   2.6609628e-04  -4.6203402e-04
  -7.9304146e-03   2.4481141e-02   3.0704680e-02  -1.6470079e-03   3.4381696e-04  -5.5238552e-04
  -6.3536022e-03   3.9083696e-02   1.6575115e-02  -1.1193626e-03   4.8559670e-04  -8.0732516e-04
  -4.7539884e-03   3.3392756e-02   1.5441808e-02  -1.0659708e-03   6.8556470e-04  -7.3434401e-04
  -1.2265756e-02   4.5734399e-02   3.4911789e-02  -1.6983362e-03   5.0007346e-04  -5.7885891e-04
  -2.9994556e-02  -2.9590583e-04   2.6108589e-02  -1.4400493e-03   4.7839718e-04  -1.0710460e-03
  -2.9444767e-02   4.5648211e-02   4.1532695e-02  -2.1943919e-03   1.0400202e-03  -1.2066778e-03
  -2.6011815e-02   4.0048673e-02   1.3642061e-02  -1.6308628e-03   6.8671433e-04  -1.0328644e-03
  -2.2060658e-02   5.8272063e-02  -1.6078586e-03  -1.1962751e-03   5.6872261e-04  -9.2783397e-04
  -2.1360391e-02   2.8862851e-02   8.2722314e-03  -1.0608472e-03   7.4275398e-04  -8.9996286e-04
  -9.6168940e-03  -1.2122388e-02   2.3261411e-02  -1.3884964e-03   6.6333143e-04  -9.4079674e-04
  -1.2561816e-02  -3.6502102e-03   1.8577291e-02  -1.3012511e-03   8.0598175e-04  -9.5204714e-04
  -1.5762379e-02   1.3815633e-02   1.6535059e-02  -1.1762274e-03   7.7374785e-04  -9.5529737e-04
  -1.4493237e-02   3.4938386e-02   2.5892875e-02  -1.2370330e-03   8.8655235e-04  -9.9737891e-04
  -1.3832818e-02   5.3305747e-02   2.7324265e-02  -1.0902583e-03   7.5910164e-04  -1.0810485e-03
  -3.0929748e-02   2.5628732e-02  -8.9276256e-03  -1.9360740e-04   1.1761400e-03  -1.7587574e-03
  -2.4049452e-02   3.4688992e-02   1.6486481e-02  -1.3160298e-03   7.4997547e-04  -1.1312863e-03
  -2.1688814e-02   1.0608723e-01   2.0337379e-02  -1.4398942e-03   6.5975295e-04  -1.1089588e-03
  -2.1003228e-02   9.0276139e-02   4.6475532e-04  -7.6854511e-04   7.0945571e-04  -1.0299351e-03
  -1.6177436e-02   5.5944864e-02   1.6715672e-02  -1.1684749e-03   7.0919553e-04  -9.5282796e-04
  -1.5807696e-02   1.5331575e-02   2.1095191e-02  -1.4924813e-03   8.1574063e-04  -1.0897182e-03
  -2.1270159e-02   1.7496552e-02   1.0691970e-02  -1.4197925e-03   6.9436830e-04  -1.0250628e-03
  -2.3553813e-02   5.2759104e-02   8.5977443e-03  -1.1936144e-03   6.9740992e-04  -1.1236329e-03
  -2.5399465e-02   4.0442153e-02   7.8684926e-03  -1.1674542e-03   8.1684599e-04  -1.0362539e-03
  -2.4646198e-02   1.7603587e-02   1.8616827e-02  -1.0794332e-03   9.3642569e-04  -1.0806078e-03
  -2.2577207e-02   7.8846616e-02   2.0180240e-02  -9.0027891e-04   8.4097476e-04  -1.2324650e-03
  -2.0364950e-02   6.6263900e-02   2.9871789e-02  -1.1054679e-03   7.2410839e-04  -1.1334223e-03
  -2.1698128e-02   6.6255508e-02   2.4522142e-02  -8.2107690e-04   8.4730361e-04  -1.3595367e-03
  -1.8680045e-02   1.0800242e-01   1.1471292e-02  -7.6439631e-04   9.4012548e-04  -1.3128705e-03
  -2.2504542e-02   2.7610010e-02   1.1288410e-02  -1.3240718e-03   5.4423332e-04  -1.0174541e-03
  -2.9178800e-02   6.9831913e-02   6.7299157e-03  -1.2676921e-03   2.5979630e-04  -1.0870062e-03
  -3.5592518e-02   6.8964586e-02   2.1200753e-02  -1.1771516e-03   4.1820392e-04  -1.1310632e-03
  -3.2127935e-02  -6.9471055e-03   2.9165563e-02  -1.3870228e-03   6.3225911e-04  -1.1238933e-03
  -3.2308035e-02   2.5106783e-02   2.3055010e-02  -8.9732272e-04   9.0464457e-04  -1.1684819e-03
  -3.0808248e-02   6.2973257e-02   4.0728661e-02  -1.4478039e-03   7.9803655e-04  -1.2393628e-03
  -2.7487329e-02   3.7758359e-02   2.9035741e-02  -1.2951964e-03   8.3643796e-04  -1.3304130e-03
  -2.3947857e-02   8.4965143e-02   2.7697986e-02  -1.2954970e-03   7.7504865e-04  -1.2893031e-03
  -2.1888940e-02   1.0558489e-01   3.7854271e-02  -6.7430492e-04   9.8239653e-04  -1.4249029e-03
  -2.3674953e-02   6.0650109e-02   4.1299940e-02  -2.0534350e-03   4.8198474e-04  -1.4374044e-03
  -2.9038496e-02   9.3236765e-02   2.0992433e-03  -1.9506727e-03   3.5326510e-04  -1.2822230e-03
  -3.3336193e-02   6.7732276e-02   9.4980316e-04  -1.5325554e-03   3.8793807e-04  -1.2597668e-03
  -1.0359036e-02   3.3181493e-01  -2.1017075e-02  -1.0343402e-03   1.0412000e-03  -1.4686125e-03
  -1.3808191e-02  -3.0372413e-01   5.6180168e-03  -1.4994340e-03   1.3200116e-04  -8.7843656e-04
  -2.8948758e-02   6.3526212e-02  -7.9339590e-03  -7.7105046e-04   2.3281449e-04  -9.6342126e-04
  -3.5811840e-02   1.1166298e-01   1.1186311e-02  -1.0161942e-03   3.0910468e-04  -9.8043549e-04
  -2.8708708e-02   2.5588900e-02   3.8923501e-02  -1.2529709e-03   8.4213899e-04  -1.0703295e-03
  -2.4367366e-02   6.6624302e-02   4.7961078e-02  -2.1930135e-03   6.9629784e-04  -1.1806899e-03
  -3.8098028e-02   6.1331092e-02   2.5876588e-02  -2.0280428e-03   6.9481923e-04  -1.3329194e-03
  -3.9661062e-02   5.1295134e-02   8.3938841e-03  -1.8161767e-03   5.3358597e-04  -1.4359802e-03
  -3.9141665e-02   6.4676523e-02   1.1619429e-02  -1.7039357e-03   9.7449906e-04  -1.5021039e-03
  -4.4461996e-02   4.7124899e-02   2.7010511e-02  -2.2376507e-03   9.5876891e-04  -1.6456239e-03
  -4.4951666e-02   6.9093469e-02   1.4156882e-02  -2.0256313e-03   1.0442179e-03  -1.7293167e-03
  -4.9674716e-02   7.9492293e-02   1.6437873e-02  -2.2912320e-03   9.8948755e-04  -1.8208860e-03
  -5.0927132e-02   1.0067651e-01   3.5810375e-02  -2.2954154e-03   9.5090014e-04  -1.8249764e-03
  -3.7216616e-02   9.8011618e-02   9.3644270e-03  -1.9671331e-03   1.0538291e-03  -1.7733924e-03
  -2.1025515e-02   6.6700390e-02   1.2641689e-02  -1.3869119e-03   5.2716051e-04  -2.0266340e-03
  -3.8130267e-02   4.5257212e-02   2.4379918e-02  -1.9754714e-03   8.1197375e-04  -1.7423814e-03
  -3.6659473e-02   4.6294703e-02   2.6996018e-02  -1.6206172e-03   9.5556682e-04  -1.8651005e-03
  -3.3258733e-02   6.3264168e-02   3.5548947e-02  -2.1929046e-03   1.1115787e-03  -1.8402325e-03
  -2.7588774e-02   9.7647685e-02   4.3566748e-02  -2.4952133e-03   8.4274548e-04  -1.7804622e-03
  -3.8187170e-02   5.9996262e-02   4.7345156e-02  -2.1780107e-03   9.3730279e-04  -1.7835252e-03
  -4.1588009e-02   1.0551371e-01   2.3978678e-02  -1.4973474e-03   1.0600170e-03  -2.0830350e-03
  -3.7216850e-02   9.5963931e-02   2.0890516e-02  -1.5153889e-03   9.2956087e-04  -2.1010013e-03
  -3.5382165e-02   2.2869769e-02   3.1160385e-02  -2.2657263e-03   8.0776412e-04  -1.7363185e-03
  -3.0853984e-02   8.9020853e-02   4.1365544e-02  -2.6924440e-03   6.2525176e-04  -1.8507703e-03
  -3.3491908e-02   7.6289277e-02   1.7623400e-02  -2.0260959e-03   9.0720296e-04  -1.8119300e-03
  -3.0918238e-02   6.9395364e-02   2.4703636e-02  -2.4644993e-03   8.7849293e-04  -1.8510061e-03
  -4.0077638e-02   8.0045280e-02   2.0098852e-03  -1.6428969e-03   9.4963316e-04  -2.3620229e-03
  -4.4021771e-02   8.2163031e-02  -9.2407749e-03  -1.3896216e-03   1.3325629e-03  -2.3488557e-03
  -3.0334997e-02   8.0925488e-02   3.3477450e-02  -2.9715517e-03   1.1748050e-03  -1.6465145e-03
  -4.0168287e-02   1.0114640e-01   3.9395575e-02  -2.3200916e-03   9.4049883e-04  -2.1669285e-03
  -3.3711223e-02   8.2940554e-02   5.6906306e-02  -2.2015165e-03   1.1785526e-03  -2.1143864e-03
  -2.9044107e-02   8.0735326e-02   3.7784689e-02  -2.6718288e-03   1.1050197e-03  -2.0830891e-03
  -3.2224188e-02   1.1317939e-01   2.2346335e-02  -2.7672607e-03   9.4112930e-04  -1.9620891e-03
  -3.4714532e-02   7.4103383e-02   5.3481571e-03  -1.8892641e-03   5.8421235e-04  -1.7340594e-03
  -2.0604848e-02   4.6545551e-02   2.1165521e-02  -1.7481271e-03   5.5615093e-04  -1.7011596e-03
  -2.3192147e-02   6.0862091e-02   2.7982607e-02  -1.8059762e-03   7.7113096e-04  -1.7056504e-03
  -2.6437582e-02   3.3865659e-02   2.7670606e-02  -1.7287076e-03   6.9354697e-04  -1.7723863e-03
  -3.1877328e-02   7.4374923e-02   1.6625621e-02  -1.9138043e-03   8.4433722e-04  -1.8024768e-03
  -2.9015431e-02   6.0869575e-02   3.9735482e-02  -2.2652013e-03   8.6705246e-04  -1.7244053e-03
  -2.9072774e-02   6.6405229e-02   1.1735272e-02  -1.4877827e-03   1.1196910e-03  -1.8936840e-03
  -3.4348969e-02   9.7122797e-02   1.2842455e-02  -2.3571176e-03   9.1862587e-04  -2.0580902e-03
  -3.5061879e-02   4.1469024e-02   1.9900394e-02  -2.4460042e-03   9.2677002e-04  -1.8712637e-03
  -3.2059374e-02   8.0345468e-02   3.0121244e-02  -2.5488514e-03   1.0660830e-03  -1.9796837e-03
  -2.8791976e-02   8.0900242e-02   3.3088715e-02  -3.0658511e-03   8.6724053e-04  -1.9534718e-03
  -3.0756491e-02   5.8180951e-02   3.8501114e-02  -3.4424754e-03   9.1920021e-04  -1.8229429e-03
  -2.9649250e-02   9.7696770e-02   2.5147539e-02  -3.1468974e-03   6.0240347e-04  -1.8724716e-03
  -2.7112742e-02   6.9643583e-02   7.9594158e-03  -2.7210945e-03   5.4394206e-04  -1.9278349e-03
  -2.3389054e-02   1.0882874e-01   5.8929785e-03  -2.4725723e-03   7.3436493e-04  -1.9388392e-03
  -3.0869428e-02   7.1731177e-02   2.1176661e-02  -2.4787783e-03   8.3811208e-04  -1.9601711e-03
  -3.1292540e-02   5.1554192e-02   2.7551612e-02  -2.5254480e-03   8.6405901e-04  -2.0364958e-03
  -2.9797178e-02   6.0936076e-02   3.1568228e-02  -2.6935151e-03   9.2219486e-04  -1.9881371e-03
  -2.6315545e-02   8.1163698e-02   4.0437246e-02  -2.5357243e-03   8.0684933e-04  -2.2390183e-03
  -3.4222506e-02   8.2388748e-02   2.8186094e-02  -2.7740839e-03   1.1054094e-03  -2.5344784e-03
  -2.3640077e-02   8.6866807e-02   1.6020646e-02  -2.9658599e-03   9.8404044e-04  -2.1546918e-03
  -3.0529828e-02   6.6629470e-02   2.2489018e-02  -2.9786860e-03   1.1057858e-03  -2.2282881e-03
  -3.6816969e-02   1.0013228e-01   2.4781727e-02  -2.2124632e-03   1.2825584e-03  -2.2312923e-03
  -3.3137189e-02   1.0271529e-01   4.6444915e-02  -2.0927650e-03   1.2801674e-03  -2.3677477e-03
  -1.9968787e-02   1.0637351e-01   5.7317927e-02  -2.8713912e-03   1.1446750e-03  -2.2166240e-03
  -1.4379375e-02   1.3356718e-01   6.7940263e-02  -2.8999888e-03   6.6794297e-04  -2.5762775e-03
  -3.3257612e-02   4.8742719e-02   3.8457073e-02  -2.1368363e-03   1.0012737e-03  -2.5657126e-03
  -2.8774070e-02   7.7881788e-02   5.6337879e-02  -2.2209676e-03   1.0026989e-03  -2.3715748e-03
  -1.9364622e-02   7.3349356e-02   4.3025418e-02  -2.1394375e-03   9.9779697e-04  -2.3744056e-03
  -2.1095240e-02   7.2379123e-02   4.5170487e-02  -2.2305262e-03   1.0641985e-03  -2.4395232e-03
  -2.5310487e-02   9.5042496e-02   4.1131105e-02  -2.0061653e-03   1.1436918e-03  -2.6028539e-03
  -2.8183524e-02   1.1077555e-01   3.1045807e-02  -1.7230968e-03   1.1181563e-03  -2.5787135e-03
  -1.9265451e-02   1.6236765e-01  -3.4985161e-02  -6.2617148e-04   1.8321382e-03  -3.2053339e-03
  -2.5304852e-02  -2.8571205e-02   5.1007619e-02  -2.6355898e-03   9.8178504e-04  -2.5553660e-03
  -4.3275374e-02   7.5124543e-02   3.1432012e-02  -2.4487372e-03   1.1364642e-03  -2.6785017e-03
  -4.5157807e-02   7.8663088e-02   3.7103816e-02  -2.0984458e-03   1.1354932e-03  -2.6245016e-03
  -4.7500206e-02   4.0147288e-02   4.7083392e-02  -2.4641274e-03   1.4716182e-03  -2.7474010e-03
  -4.4332900e-02   1.0108244e-01   5.7989703e-02  -3.0349427e-03   1.3110129e-03  -2.8776246e-03
  -4.1552150e-02   8.1483613e-02   4.9872170e-02  -3.1901966e-03   1.2275917e-03  -2.8311267e-03
  -4.5433619e-02   7.7088139e-02   4.5266735e-02  -3.1990124e-03   1.3301815e-03  -2.8812278e-03
  -3.3340369e-02   8.3427604e-02   4.3162229e-02  -3.1866678e-03   1.3211699e-03  -2.8531717e-03
  -3.3328453e-02   7.6386407e-02   4.0795279e-02  -3.2768689e-03   1.3605561e-03  -2.8874724e-03
  -4.3943953e-02   9.4176165e-02   3.1736232e-02  -3.1206458e-03   1.2940247e-03  -2.9210076e-03
  -4.0207545e-02   6.3892807e-02   5.5937844e-02  -3.0941427e-03   1.2289697e-03  -2.9463934e-03
  -3.4849616e-02   7.1749064e-02   4.8941108e-02  -2.8890276e-03   1.3167891e-03  -2.9873807e-03
  -4.6682018e-02   1.0423935e-01   3.2609070e-02  -2.7180422e-03   1.4714156e-03  -3.3192198e-03
  -4.4171016e-02   8.0934779e-02   4.1749434e-02  -3.5528526e-03   1.4049593e-03  -2.9965661e-03
  -4.5640867e-02   8.3167230e-02   3.5669193e-02  -3.5300005e-03   1.2558397e-03  -3.0544998e-03
  -4.7303047e-02   1.7232880e-01   6.3755181e-02  -2.3185572e-03   1.4171893e-03  -3.5261441e-03
  -4.2206912e-02   1.7988516e-01   1.0782574e-01  -2.5336689e-03   1.7028602e-03  -3.3299663e-03
  -4.9639815e-02   1.0668611e-01   7.2169743e-02  -3.8592473e-03   1.3848468e-03  -3.3465917e-03
  -4.4479456e-02   5.3394622e-02   3.8728755e-02  -3.9994686e-03   9.5614020e-04  -3.3244268e-03
  -4.5911062e-02   9.3062725e-02   2.8715800e-02  -3.5205525e-03   6.3457706e-04  -3.2818366e-03
  -4.8858906e-02   6.2797748e-02   5.8792525e-02  -3.5716704e-03   7.3126882e-04  -3.2368697e-03
  -4.5286080e-02   6.5612668e-02   5.5601719e-02  -3.9108286e-03   6.8460017e-04  -3.2568831e-03
  -4.7043987e-02   8.0736699e-02   6.5121272e-02  -3.8704469e-03   5.3059589e-04  -3.2645200e-03
  -4.3103825e-02   8.1822438e-02   6.5144274e-02  -3.5317312e-03   6.6224652e-04  -3.2459129e-03
  -5.3272195e-02   7.8239961e-02   6.5576379e-02  -3.7884231e-03   7.2329983e-04  -3.3163190e-03
  -6.4226349e-02  -5.4728571e-02   1.7921053e-03  -2.0173256e-03   1.0819248e-03  -3.4813759e-03
  -4.1213605e-02   1.9000216e-01  -8.6368531e-03  -3.0198387e-03  -5.8836658e-05  -2.4115089e-03
  -4.5679819e-02   8.9766768e-02   5.8464066e-03  -3.0318166e-03  -4.4461524e-05  -2.5568011e-03
  -3.5594778e-02   5.8699279e-02   4.9405262e-02  -2.9742599e-03   1.1393422e-04  -2.5832923e-03
  -3.7102294e-02   4.8300818e-02   6.0463876e-02  -3.9351468e-03  -7.3342005e-05  -2.5498601e-03
  -4.6474276e-02   6.5024337e-02   5.0953338e-02  -3.6065107e-03   4.2391690e-04  -2.7276330e-03
  -4.8228142e-02   7.9065928e-02   3.8979795e-02  -3.8215733e-03   2.1611293e-04  -2.7766092e-03
  -4.9412390e-02   8.7022840e-02   4.6647517e-02  -3.4271316e-03   3.7450482e-04  -2.9193687e-03
  -4.1583780e-02   7.5780854e-02   6.0743780e-02  -3.5680029e-03   4.5846707e-04  -2.8080072e-03
  -3.8536045e-02   1.6435704e-01   7.2873617e-02  -3.2560794e-03   4.7237251e-04  -3.2127939e-03
  -3.2338819e-02   1.7788007e-01   8.9828989e-02  -2.8910919e-03   5.0955529e-04  -3.3992842e-03
  -2.4581595e-02   1.4731655e-01   7.8637707e-02  -3.2642259e-03   5.1012982e-04  -3.3341970e-03
  -3.5184747e-02   1.9409587e-01   1.0185865e-01  -2.6925101e-03   6.8711120e-04  -3.6700196e-03
  -5.3429561e-02   1.5357857e-01   7.3183242e-02  -2.3386620e-03   8.1433229e-04  -4.1759369e-03
  -7.5238409e-02   1.2093659e-01   5.1280166e-02  -3.2824598e-03   7.6324073e-04  -4.2051991e-03
  -5.3896293e-02   4.6289293e-02   6.8475749e-02  -4.7277042e-03   2.2047408e-04  -2.8805892e-03
  -6.0495114e-02   1.1848204e-01   5.1152467e-02  -3.9967813e-03   2.9516911e-04  -3.2183273e-03
  -5.4778622e-02   9.6802264e-02   5.7612043e-02  -4.6366834e-03  -2.8537429e-05  -2.8774761e-03
  -6.0630764e-02   8.2487694e-02   6.1839186e-02  -4.8503414e-03  -2.4911908e-04  -2.9753348e-03
  -5.4331043e-02   1.9395670e-02   6.7849846e-02  -4.8812963e-03  -2.3391085e-04  -2.9302817e-03
  -5.8269657e-02   7.7446879e-02   8.1996021e-02  -4.5235104e-03  -2.6505963e-04  -2.9020970e-03
  -5.3896697e-02   6.3258111e-02   7.5458207e-02  -4.6745980e-03  -1.3748800e-04  -2.9388908e-03
  -4.7423377e-02   5.3955870e-02   7.6586467e-02  -4.9260789e-03  -2.5094821e-04  -2.9981212e-03
  -4.8679124e-02   8.0237038e-02   7.7581907e-02  -4.8368277e-03  -3.5479575e-04  -3.0370566e-03
  -5.4002700e-02   6.3350029e-02   6.6064802e-02  -4.6025032e-03  -1.8897224e-04  -3.0434648e-03
  -6.0809086e-02   6.8959567e-02   6.4881427e-02  -4.7325929e-03  -2.0883592e-04  -3.2376016e-03
  -7.7241442e-02   1.1740297e-01   1.2804448e-01  -2.1776808e-03   1.2141029e-04  -3.5643133e-03
