   0.0000000e+00   0.0000000e+00  -7.1054274e-15   0.0000000e+00   0.0000000e+00   0.0000000e+00
   8.2628496e-04   7.5269297e-02   1.1297772e-04   1.8639927e-04   1.2548069e-04   7.3061534e-06
   1.9620717e-03   5.4194482e-02  -2.0060281e-02   6.0392556e-04   7.1924734e-05   2.5835183e-05
  -9.0710276e-03   1.9006467e-01   2.7772487e-04   1.3434344e-03   2.7635905e-04   4.0982147e-04
  -1.1445008e-02   2.4239585e-01  -1.5132332e-03   2.1186981e-03  -7.6469069e-05   5.0820262e-04
  -3.3705636e-02   1.5522248e-01   2.8922481e-02   7.0299089e-04   3.1087666e-04   3.2075067e-04
  -2.8630914e-02   2.5827548e-01   6.6426385e-03   4.8568544e-04   2.1171163e-04   2.8491899e-04
  -4.1477605e-02   1.7079615e-01   3.1654077e-02   4.8463512e-04   3.3461331e-04   2.0552618e-04
  -4.5060467e-02   1.5478500e-01   3.5810344e-02   4.1427244e-04   3.9141214e-04   1.9132844e-04
  -5.6128876e-02   1.1869103e-01   5.5029913e-02   4.0826395e-04   5.3462786e-04   2.5307822e-04
  -5.9190647e-02   1.6035247e-01   4.7157673e-02   4.8244090e-04   4.5561449e-04   2.4350003e-04
  -5.9705228e-02   1.3085237e-01   5.5473386e-02   4.6423644e-04   5.4549960e-04   3.3393737e-04
  -7.2083614e-02   1.5524210e-01   8.2775501e-02   2.9821032e-04   3.5873700e-04   2.0965493e-04
  -9.2577388e-02   1.9573665e-01   9.5342242e-02   3.4523537e-04   6.0954227e-04   8.6430057e-05
  -9.5373479e-02   1.0485366e-01   7.7222769e-02   7.2734980e-04   6.8050165e-04   2.2155788e-05
  -9.8010641e-02   9.9169446e-02   8.5764892e-02   5.5925412e-04   7.8633952e-04   1.2090381e-04
  -9.3095003e-02   1.2321159e-01   1.0752428e-01   7.0764956e-04   7.2251968e-04   2.3870975e-04
  -9.5393511e-02   1.1899590e-01   1.0330041e-01   4.7419731e-04   7.5758511e-04   2.3775418e-04
  -9.8630090e-02   1.6642636e-01   1.1730092e-01   4.1995295e-04   8.6281655e-04   1.4326758e-04
  -1.0120867e-01   1.1205426e-01   1.3170000e-01   2.1368295e-04   8.2425514e-04   1.6950432e-04
  -1.0474667e-01   1.0281098e-01   1.0759173e-01   9.0256506e-05   9.4472385e-04   1.4419881e-04
  -1.0860903e-01   1.2946995e-01   1.0469274e-01   4.3445266e-04   1.0309307e-03   1.7556260e-04
  -1.1685280e-01   1.1449850e-01   1.9434309e-01   4.8384861e-04   1.0007758e-03   5.6212201e-06
  -1.1892142e-01   6.2092487e-02   1.7185508e-01   4.4114377e-04   9.9604290e-04  -3.5875756e-05
  -1.1682309e-01   1.6114579e-01   1.7828446e-01   6.0135176e-05   1.0999762e-03   5.9856083e-05
  -1.1253487e-01   1.2463486e-01   1.7949037e-01  -7.3999248e-05   1.0979483e-03   5.2277190e-05
  -1.1501776e-01   1.0415440e-01   1.6881574e-01  -2.7999502e-05   1.0950363e-03   1.2613784e-04
  -1.0724948e-01   9.5952258e-02   1.6711122e-01   1.9004802e-04   9.5954255e-04   1.6949899e-04
  -1.2136678e-01   6.1826151e-02   1.6951474e-01   3.1700826e-04   1.1627977e-03   5.9113313e-05
  -1.0905593e-01   2.0215440e-01   1.5589690e-01   2.4012130e-04   9.2767681e-04   7.5669234e-05
  -1.1963390e-01   1.1026066e-01   1.7479553e-01   7.5113783e-05   1.0405363e-03   2.4594032e-05
  -1.3104188e-01   9.2402352e-02   2.4523214e-01  -1.7891473e-04   1.0145552e-03   5.0532541e-05
  -1.2838257e-01   1.6225379e-01   1.9444551e-01   1.1337281e-03   1.3269565e-03   3.3905112e-04
  -1.3019705e-01   2.7836200e-01   2.1161015e-01   1.3628571e-03   1.1878202e-03   2.2748438e-04
  -1.2730211e-01   1.6827618e-01   2.4657188e-01   4.3911262e-04   1.2468072e-03   1.4252718e-04
  -1.3523961e-01   1.3978458e-01   2.4166627e-01   1.6569088e-04   1.2167517e-03   5.4754065e-05
  -1.3466057e-01   1.4282110e-01   2.5449209e-01  -1.6165685e-04   1.2701018e-03   5.0224693e-05
  -1.3952157e-01   1.0029632e-01   2.6624050e-01   3.2791048e-04   1.1986961e-03   1.1443172e-04
  -1.3681232e-01   1.3381372e-01   2.6532209e-01  -1.0422653e-04   1.0471901e-03  -1.0267810e-04
  -1.4091361e-01   1.8504012e-01   2.6050634e-01  -5.9736935e-05   1.2092083e-03   3.1649260e-05
  -1.3919192e-01   1.5875034e-01   2.6750794e-01   1.3128156e-04   1.2152484e-03  -2.0993972e-05
  -1.4309864e-01   1.3030782e-01   2.8550511e-01  -3.7375196e-04   1.2981980e-03   2.2849847e-05
  -1.4794054e-01   8.3726077e-02   2.8485272e-01   1.2261963e-04   1.1692118e-03   2.3822430e-06
  -1.4131762e-01   2.0788230e-01   2.7561632e-01   1.1945362e-04   9.6467936e-04  -1.8347076e-05
  -1.5250778e-01   1.5521071e-01   3.0119971e-01   3.1727570e-05   9.8715212e-04  -1.6438177e-04
  -1.4269043e-01   1.2350750e-01   3.1221137e-01  -2.3628102e-04   8.7142096e-04  -1.1130506e-04
  -1.3744179e-01   1.2050033e-01   3.0056368e-01  -1.7153370e-05   6.6489139e-04  -1.0876171e-04
  -1.3425019e-01   9.7137992e-02   2.8216044e-01  -2.4613199e-04   6.6312713e-04  -2.7779075e-04
  -1.5225688e-01   1.3597064e-01   2.8433830e-01  -1.7153570e-04   8.4913820e-04  -3.2049793e-04
  -1.5748114e-01   1.3849456e-01   2.9185233e-01  -2.9922426e-04   1.0641860e-03  -2.2323317e-04
  -1.5196705e-01   1.6448202e-01   2.8867339e-01  -3.6916723e-04   1.3267322e-03  -1.5257264e-04
  -1.6402630e-01   6.6040041e-02   2.9001942e-01  -1.1371072e-04   1.1901029e-03  -1.3666468e-04
  -1.7106539e-01   9.2472573e-02   3.0752781e-01  -7.8102205e-05   1.2240213e-03  -2.0252244e-04
  -1.5998012e-01   1.7966053e-01   2.9769170e-01  -1.5552163e-04   1.1682193e-03  -1.7155129e-04
  -1.7137143e-01   1.3534922e-01   3.2276687e-01  -2.6871836e-04   1.1081257e-03  -2.8151445e-04
  -1.9183734e-01   1.1939342e-01   3.3077778e-01  -3.0676677e-05   9.7464268e-04  -3.8459797e-04
  -1.9880141e-01   8.9581328e-02   3.1927933e-01   6.8750325e-05   9.5895692e-04  -5.2986181e-04
  -2.0088663e-01   1.8317919e-01   3.3695949e-01  -1.8859103e-04   1.0720249e-03  -6.1880468e-04
  -2.1348540e-01   9.8587596e-02   3.4206413e-01  -2.2082164e-04   9.9001449e-04  -6.4410732e-04
  -2.1858157e-01   1.1600836e-01   3.2672994e-01  -3.0278323e-04   9.8277947e-04  -7.5901372e-04
  -2.2718451e-01   9.9308207e-02   3.7346159e-01   1.1670046e-04   1.2670676e-03  -6.5745471e-04
  -2.1868216e-01   1.0194609e-01   3.2138988e-01   2.9465264e-04   8.8728804e-04  -6.1922397e-04
  -2.2429704e-01   1.4151101e-01   3.4451096e-01  -1.1134145e-04   1.1261038e-03  -6.4310038e-04
  -2.1944310e-01   1.5119330e-01   3.7318396e-01  -1.9630006e-04   1.2061539e-03  -4.6933014e-04
  -2.2703397e-01   8.0989678e-02   3.4567635e-01  -1.5385098e-04   1.1631436e-03  -8.1774179e-04
  -2.1447696e-01   1.1404912e-01   3.7412563e-01   5.3514075e-04   1.1671358e-03  -2.7452570e-04
  -2.3118450e-01   1.1404583e-01   3.7621514e-01   2.2480947e-04   9.8092352e-04  -5.0857102e-04
  -2.0026649e-01   4.5364073e-01   3.3060309e-01  -8.9304435e-04   8.6733456e-04  -7.6313017e-04
  -2.4786242e-01  -1.4345689e-01   3.5868769e-01  -5.5636029e-05   1.6951558e-03  -9.9466035e-04
  -2.4972116e-01   1.2201881e-01   3.6274664e-01   1.9167063e-05   1.3296374e-03  -8.4457800e-04
  -2.5531935e-01   1.1962379e-01   3.4920137e-01   8.0696965e-05   1.4097802e-03  -8.3659360e-04
  -2.8113873e-01   1.2529339e-01   3.6103791e-01   2.0303186e-04   1.5763457e-03  -1.0509328e-03
  -2.7382761e-01   1.0175189e-01   3.8018224e-01   6.4554739e-06   1.5415668e-03  -1.0911211e-03
  -2.5174699e-01   1.2017178e-01   3.8480873e-01   1.4701227e-04   1.3502203e-03  -9.9891876e-04
  -2.5447041e-01   1.3598206e-01   3.8346652e-01   9.0019236e-05   1.5699023e-03  -1.1162863e-03
  -2.5751433e-01   1.0512744e-01   3.9066947e-01  -4.0990591e-04   1.3713946e-03  -1.1630143e-03
  -2.4801325e-01   8.6986399e-02   3.5980944e-01  -4.4104800e-04   1.0645404e-03  -1.0468757e-03
  -2.6031784e-01   1.1778226e-01   3.8855980e-01  -7.0421064e-04   9.7559252e-04  -1.2950248e-03
  -2.5534795e-01   1.6397513e-01   3.6698431e-01  -5.9751069e-04   6.3380275e-04  -1.3278957e-03
  -2.6663014e-01   2.0804656e-01   3.7674055e-01   3.8897929e-04   1.2290688e-03  -1.3867404e-03
  -3.1234540e-01   1.4118704e-01   3.0903449e-01   3.3590251e-04   1.6681990e-03  -1.4971402e-03
  -3.1484942e-01   9.9758910e-02   3.5338421e-01   4.2179075e-04   1.9279810e-03  -1.4107989e-03
  -3.4092309e-01   1.3812372e-01   3.9103240e-01   1.9915509e-04   1.9039387e-03  -1.6196975e-03
  -3.5950886e-01   1.6427887e-01   3.9423101e-01   1.2671874e-05   1.8492308e-03  -1.8143564e-03
  -3.4412049e-01   1.5897138e-01   4.0925163e-01  -2.9397934e-04   1.6442098e-03  -1.8072579e-03
  -3.4721640e-01   9.3751548e-02   4.1845147e-01  -3.6525532e-04   1.5221966e-03  -2.0029958e-03
  -3.4561957e-01   1.2384805e-01   3.9626173e-01  -5.5802078e-05   1.5298633e-03  -1.9415506e-03
  -3.5153856e-01   1.2410823e-01   4.2150929e-01  -1.1020560e-04   1.6400093e-03  -1.9229189e-03
  -3.5165030e-01   1.0917827e-01   4.3702150e-01  -2.9408120e-04   1.6411635e-03  -1.9123848e-03
  -3.5334785e-01   1.5838104e-01   4.3239768e-01  -3.1667854e-04   1.5702608e-03  -1.8702186e-03
  -3.5408696e-01   1.7702418e-01   4.2484121e-01  -5.6244717e-04   1.6863762e-03  -1.8565594e-03
  -3.5433504e-01   1.2888412e-01   4.2321622e-01  -5.8616202e-04   1.5146668e-03  -1.9659074e-03
  -3.6312937e-01   1.5947175e-01   4.3030868e-01  -2.5931603e-06   1.5536002e-03  -1.8862515e-03
  -3.9144554e-01   1.1732238e-01   4.3248615e-01   1.2193623e-04   1.4230525e-03  -2.1836531e-03
  -3.9771033e-01   1.6837490e-01   4.5241227e-01  -3.9253924e-04   1.3692896e-03  -2.0545141e-03
  -4.0349210e-01   1.8174842e-01   4.3032529e-01  -4.4135408e-04   1.2483057e-03  -2.3978605e-03
  -4.1100225e-01   1.1378803e-01   4.5666877e-01  -4.7383773e-04   1.2243273e-03  -2.5107900e-03
  -4.3299630e-01   3.6646551e-01   4.2970883e-01   1.2452638e-03   1.1932724e-03  -2.4745247e-03
  -4.6309760e-01   4.2959620e-01   4.8703342e-01   1.3938299e-03   1.1430431e-03  -2.8189486e-03
  -4.6392052e-01   3.1662584e-01   4.9488091e-01   5.1779995e-04   1.1805370e-03  -3.1021048e-03
  -4.6691059e-01   2.2865474e-01   4.8528642e-01   7.5797306e-04   1.1972189e-03  -3.2121195e-03
  -4.6545134e-01   2.6494336e-01   4.7767413e-01   8.8895678e-04   1.0950913e-03  -3.1144956e-03
  -4.7122079e-01   2.5346415e-01   5.0576284e-01   2.1304290e-04   1.2371193e-03  -3.1120166e-03
  -4.6979672e-01   1.8590796e-01   5.0366658e-01   4.0436511e-04   1.2227466e-03  -3.1801690e-03
  -4.7801588e-01   2.7583385e-01   5.1612783e-01   3.1726811e-05   1.2290806e-03  -3.2414105e-03
  -4.7050349e-01   4.8376839e-01   5.3553608e-01  -1.3881620e-05   1.3926214e-03  -3.0412538e-03
  -5.1173012e-01   5.4744168e-02   5.0945910e-01   4.7627616e-04   2.0028363e-03  -3.4684901e-03
  -5.1119336e-01   2.4682275e-01   5.3171427e-01   5.4990969e-04   1.7456403e-03  -3.3475198e-03
  -5.1158856e-01   2.8376043e-01   5.9644402e-01   1.1993698e-04   1.8804920e-03  -3.4692522e-03
  -5.2167731e-01   2.0481914e-01   6.0794990e-01   1.1450244e-04   1.8867584e-03  -3.7050870e-03
  -5.1653663e-01   2.5527843e-01   5.7816912e-01   5.5231438e-05   1.8495144e-03  -3.5470828e-03
  -5.1536102e-01   2.2646820e-01   5.6805002e-01  -1.1457545e-04   1.6951705e-03  -3.6330796e-03
  -5.1525995e-01   2.7056998e-01   5.7200038e-01  -4.4624297e-04   1.9208262e-03  -3.5907515e-03
  -5.1878871e-01   2.5829218e-01   5.4931502e-01   3.7665728e-04   1.8193473e-03  -3.6438456e-03
  -5.2409709e-01   2.4298284e-01   5.9392371e-01  -2.5708457e-04   1.7325352e-03  -3.6920013e-03
  -5.1958312e-01   2.5758270e-01   6.0461977e-01  -2.3673882e-04   1.9166676e-03  -3.5706010e-03
  -5.2364206e-01   2.1922151e-01   5.7875391e-01   8.0532403e-05   1.8710082e-03  -3.6651345e-03
  -5.3083560e-01   2.9397973e-01   5.8239185e-01  -2.5058451e-04   1.9089770e-03  -3.6795088e-03
  -5.3920279e-01   2.9342172e-01   6.6023846e-01  -4.8147679e-04   2.4082455e-03  -3.4755238e-03
  -5.5025386e-01   2.3109238e-01   5.7876162e-01   2.7569935e-05   2.8308878e-03  -3.7496849e-03
  -5.4599694e-01   2.5925347e-01   6.1075196e-01  -7.8762417e-05   2.9159371e-03  -3.6786790e-03
  -5.3854118e-01   1.7466463e-01   6.1035249e-01   2.2784646e-04   2.6371025e-03  -3.5425432e-03
  -5.4018891e-01   3.3845111e-01   5.9448003e-01  -2.6609733e-04   2.6082572e-03  -3.6015402e-03
  -5.3218924e-01   2.5820573e-01   6.0466971e-01  -6.1555361e-04   2.0538780e-03  -3.3852689e-03
  -5.3338520e-01   2.9043965e-01   5.9597728e-01  -1.7407026e-04   2.1444995e-03  -3.4793600e-03
  -5.2990329e-01   2.6421492e-01   6.0014887e-01  -1.2687560e-04   2.1770483e-03  -3.6363762e-03
  -5.3230702e-01   3.5041000e-01   5.6640428e-01  -2.0933510e-04   2.2779243e-03  -3.7247001e-03
  -5.3830325e-01   2.3942265e-01   6.1427640e-01  -1.2707467e-04   2.2833749e-03  -3.7445926e-03
  -5.3750746e-01   2.6975490e-01   6.2498853e-01  -5.6315054e-05   2.1067673e-03  -3.7557843e-03
  -5.5235914e-01   2.3234776e-01   6.3007055e-01  -1.1637788e-04   2.2181624e-03  -3.9339520e-03
  -5.6745775e-01   3.0955422e-01   6.2336326e-01  -4.5137062e-04   2.3629548e-03  -4.0025062e-03
  -5.6422691e-01   3.9375588e-01   6.1161369e-01   2.6385236e-04   2.5706569e-03  -4.0466011e-03
  -5.9935496e-01   2.2026813e-01   6.2605160e-01   8.1020414e-04   3.0224152e-03  -3.9763917e-03
  -5.9469219e-01   2.7987440e-01   6.3715744e-01   3.1261694e-04   2.8616429e-03  -4.0850008e-03
  -5.9323740e-01   2.4871652e-01   6.2803589e-01   5.3782463e-04   2.9883350e-03  -4.2030887e-03
  -5.8727985e-01   3.2389535e-01   6.2578150e-01   1.5133751e-05   2.6353001e-03  -4.2091271e-03
  -5.8614039e-01   2.6660485e-01   6.3442992e-01   7.0148302e-05   2.6261727e-03  -4.2757713e-03
  -5.7572994e-01   2.8708102e-01   6.4847456e-01  -1.8117924e-04   2.4919895e-03  -4.1346665e-03
  -5.7623066e-01   2.7343655e-01   6.5503576e-01  -3.7059728e-04   2.5046656e-03  -4.2381976e-03
  -5.7244424e-01   2.4775289e-01   6.3480420e-01  -3.1800085e-04   2.3898047e-03  -4.2971743e-03
  -5.7368768e-01   2.8848276e-01   6.2677867e-01  -2.1650510e-04   2.3572262e-03  -4.0516849e-03
  -5.6697863e-01   2.8661644e-01   6.0086619e-01  -4.5649957e-04   2.3966099e-03  -4.2379072e-03
  -5.5884163e-01   2.9815382e-01   6.0361337e-01   1.0354273e-04   2.1470646e-03  -3.9940284e-03
  -5.5693750e-01   2.6541970e-01   5.9062817e-01  -9.9623181e-05   2.3099713e-03  -4.2311703e-03
  -5.7008050e-01   2.9557908e-01   6.1095201e-01   6.8978391e-04   2.2749464e-03  -4.2834258e-03
  -5.7748570e-01   2.7372641e-01   6.2497985e-01  -2.4905643e-05   2.4038164e-03  -4.3583111e-03
  -5.7423387e-01   2.5601180e-01   6.1350160e-01   2.7289171e-04   2.2356464e-03  -4.2768753e-03
  -5.7739948e-01   3.2494719e-01   6.5722230e-01  -1.5759085e-04   2.3027004e-03  -4.2632091e-03
  -5.8464603e-01   3.0454809e-01   7.7241208e-01  -8.5659311e-04   2.2815870e-03  -4.3297241e-03
  -5.8922188e-01   2.7763881e-01   6.5831961e-01  -3.1847110e-04   2.2061303e-03  -4.2935651e-03
  -5.9098827e-01   2.9964656e-01   6.4739969e-01  -3.3715326e-04   2.4568826e-03  -4.2867703e-03
  -5.7896820e-01   3.4378670e-01   6.1701196e-01   5.5373391e-05   2.2627157e-03  -4.3562303e-03
  -5.7362062e-01   3.9406859e-01   6.2803044e-01   1.6828884e-04   2.4366150e-03  -4.1720926e-03
  -6.1815416e-01   4.6119488e-01   5.4963604e-01   5.9323041e-04   3.3088269e-03  -4.4810585e-03
  -6.4384598e-01  -6.2077214e-02   5.9368825e-01   1.0425617e-03   3.7943233e-03  -4.7737281e-03
  -6.4686301e-01   3.0075599e-01   5.8832406e-01   1.0328252e-03   3.7970331e-03  -4.8171144e-03
  -6.4641197e-01   2.2221660e-01   6.0155412e-01   8.9863394e-04   3.7021827e-03  -4.7987989e-03
  -6.3908647e-01   3.4129255e-01   5.6428973e-01   2.0107999e-03   3.9558671e-03  -4.4411523e-03
  -6.3409910e-01   3.3055051e-01   5.6020388e-01   1.6224289e-03   3.4543789e-03  -4.6105299e-03
  -6.1239306e-01   1.5009239e-01   3.3233911e-01   4.7536628e-03   4.9255292e-03  -4.0204231e-03
  -6.0578115e-01   1.5205705e-01   3.5167313e-01   4.3162002e-03   6.4756881e-03  -3.7578506e-03
  -6.3270175e-01   4.2583570e-01   3.2614858e-01   4.6714118e-03   6.9097346e-03  -3.9545963e-03
  -6.0746221e-01   2.8985755e-01   3.4977832e-01   4.3941213e-03   6.4591380e-03  -3.8553649e-03
  -6.2101994e-01   3.4995276e-01   3.7552052e-01   3.8860055e-03   6.8591829e-03  -4.1100428e-03
  -6.2537467e-01   3.7651703e-01   4.0083964e-01   3.7256434e-03   7.0898010e-03  -3.9846238e-03
  -6.1855583e-01   3.8884284e-01   4.0582151e-01   3.6653673e-03   7.0346144e-03  -4.1292016e-03
  -4.7660770e-01   2.0104636e-01   5.3211280e-01   7.7386865e-04   8.6787560e-03  -2.2036704e-03
  -5.1771927e-01   4.7662884e-01   4.8214929e-01   7.8376708e-04   8.3385542e-03  -2.9132647e-03
  -5.3550557e-01   4.6634479e-01   5.2310572e-01   7.7979323e-04   8.5426244e-03  -3.3767429e-03
  -5.5360477e-01   4.0192797e-01   5.8098697e-01   6.2435613e-04   9.0106989e-03  -3.4784376e-03
  -5.2249064e-01   7.3679596e-01   4.4864367e-01   6.9755338e-04   8.6819210e-03  -3.2076506e-03
  -5.7637729e-01   1.8817802e-01   4.5730889e-01   7.3964602e-04   8.7345514e-03  -3.6374041e-03
  -5.9474704e-01  -1.0294429e-02   5.2137796e-01   1.0616619e-03   8.5746939e-03  -3.5742745e-03
  -5.8958596e-01   2.1368200e-01   5.8320576e-01   7.6536375e-04   7.9633967e-03  -3.4903665e-03
  -5.9238245e-01   3.6365505e-01   5.8990898e-01   7.7901397e-04   7.9052524e-03  -3.7857841e-03
  -5.8610830e-01   2.5524755e-01   5.9604239e-01   5.8820708e-04   7.5464021e-03  -3.7983437e-03
  -5.9009255e-01   2.4268391e-01   5.7162688e-01   2.9672976e-04   7.4543246e-03  -3.8602134e-03
  -6.0473520e-01   3.7386084e-01   5.7131064e-01   3.3565735e-04   7.6047488e-03  -4.0326018e-03
  -6.1439519e-01   2.5519883e-01   5.3837953e-01   7.4893903e-04   7.7004523e-03  -4.1897726e-03
  -6.0808230e-01   2.8666423e-01   5.4939296e-01   6.3657448e-04   7.5268458e-03  -4.2669304e-03
  -6.0980044e-01   2.8494066e-01   5.3221414e-01   6.7378361e-04   7.5702007e-03  -4.3713322e-03
  -6.1286586e-01   3.0766661e-01   5.5025613e-01   1.0538179e-03   7.5708864e-03  -4.2145517e-03
  -6.1786891e-01   2.7374481e-01   5.7674042e-01   9.5103230e-04   7.4700447e-03  -4.2707443e-03
  -6.2840435e-01   3.2771489e-01   5.5082653e-01   1.8212840e-03   7.4463006e-03  -4.5231440e-03
  -6.6590138e-01   2.9802537e-01   5.5748444e-01   9.6206916e-04   8.2103111e-03  -4.4556431e-03
  -6.6442593e-01   3.2302972e-01   5.8767898e-01   6.5058627e-04   8.2050457e-03  -4.5148963e-03
  -6.6115802e-01   2.4340361e-01   5.9210521e-01   9.6433772e-04   8.4091714e-03  -4.4749560e-03
  -6.4483626e-01   3.0309536e-01   5.4876819e-01   8.3607237e-04   8.3137996e-03  -4.4879816e-03
  -6.3208699e-01   2.9323237e-01   5.4841798e-01   4.7264348e-04   8.3811396e-03  -4.3915183e-03
  -6.3622098e-01   2.3869877e-01   5.1235230e-01   6.6500940e-04   8.3316792e-03  -4.4186941e-03
  -6.3541713e-01   2.7360818e-01   5.3948258e-01   8.1317710e-04   8.4107537e-03  -4.3158701e-03
  -6.2263316e-01   2.6515733e-01   5.5003207e-01   1.0545626e-03   8.3443144e-03  -4.2616489e-03
  -6.3133147e-01   2.3898925e-01   5.6924878e-01   6.5875046e-04   8.3991608e-03  -4.2753945e-03
  -6.2486630e-01   3.8191954e-01   4.8993554e-01   8.9355610e-04   8.1223356e-03  -4.1182274e-03
  -6.5457174e-01   1.6405396e-01   5.6791073e-01   1.1515188e-03   8.4405563e-03  -4.3827716e-03
  -6.4542938e-01   2.4788501e-01   5.8205622e-01   1.1787019e-03   8.2286221e-03  -4.4588542e-03
  -6.5345469e-01   2.5806172e-01   5.7446137e-01   1.6034713e-03   8.4151149e-03  -4.1317864e-03
  -6.5417255e-01   3.2107002e-01   5.5861215e-01   1.0978361e-03   8.1983290e-03  -4.3421211e-03
  -6.6113482e-01   2.7718008e-01   6.9513100e-01   1.0788135e-03   8.9569934e-03  -4.1495430e-03
  -6.3881159e-01   2.3246734e-01   7.4613299e-01   1.0065327e-03   8.7987119e-03  -3.8520441e-03
  -6.2531951e-01   1.5674199e-01   6.6750864e-01   8.0557458e-04   8.7445101e-03  -4.1452650e-03
  -6.2286969e-01   2.9520132e-01   5.2192921e-01   7.3962738e-04   8.6672161e-03  -4.2182497e-03
  -6.1937615e-01   2.1542598e-01   5.2431274e-01   9.0723281e-04   8.7965007e-03  -4.1504827e-03
  -6.1468580e-01   2.7958718e-01   5.4236710e-01   8.5579341e-04   8.6778161e-03  -4.1176181e-03
  -6.1268317e-01   2.5021137e-01   5.7429950e-01   8.4909544e-04   8.6759096e-03  -3.9840858e-03
  -6.0476099e-01   2.2814678e-01   5.7472305e-01   9.0686790e-04   8.5266558e-03  -3.9366826e-03
  -6.0214667e-01   2.7367892e-01   5.5180505e-01   5.8525323e-04   8.5462167e-03  -3.9888805e-03
  -6.0225175e-01   2.4955462e-01   5.5567750e-01   7.1929643e-04   8.6424459e-03  -3.8762995e-03
  -6.0652644e-01   2.5974044e-01   5.7343094e-01   8.2211739e-04   8.7016973e-03  -3.9567552e-03
  -6.1700454e-01   2.0937850e-01   5.2263879e-01   5.1729406e-04   8.8819978e-03  -3.9289677e-03
