   0.0000000e+00   0.0000000e+00   0.0000000e+00   0.0000000e+00   0.0000000e+00   0.0000000e+00
   3.8041652e-02  -5.1837820e-02  -3.5451070e-01   7.4870790e-03  -2.8110426e-04   1.9159647e-03
   5.2816868e-02  -5.3747959e-02  -1.4007646e-01   2.4287949e-03   4.3915771e-04   9.6169123e-04
   4.3385963e-02   2.0895519e-02  -1.0605528e-01   3.0912261e-03   2.6015049e-04   6.4106065e-04
   5.7778911e-02   6.3387416e-02  -1.2148655e-01   2.7980745e-03  -2.4584969e-04   6.9545031e-04
   5.2170806e-02  -1.3178509e-02  -8.6070628e-02   2.8035877e-03   1.5946125e-04   6.2355993e-04
   2.7919271e-02   4.5874696e-02  -8.0165175e-02   1.7875636e-03   9.8738246e-05   2.2121353e-04
   2.4460574e-02  -1.6334616e-02  -7.2439778e-02   1.7763773e-03   1.6503631e-04   1.7879056e-04
   3.6489932e-02  -4.1728751e-02  -5.8005137e-02   1.8706270e-03   1.1191543e-04   3.6143826e-04
   2.5467360e-02   3.3420923e-02  -5.1450596e-02   9.7136967e-04  -6.0536409e-04   1.1080742e-04
   1.1891570e-02  -1.9373982e-03  -9.8022010e-03  -2.4304526e-04  -3.8669019e-04  -1.6266554e-04
   8.3878134e-04  -1.4824439e-02  -7.1820838e-03   1.9774038e-04   3.9971452e-05  -3.8524061e-06
  -4.1293181e-03   3.2147495e-02   6.3164640e-03  -7.2745139e-04  -1.7326106e-04  -2.4703541e-04
  -4.4226135e-03   1.6920063e-02   3.5172915e-02  -8.4198600e-04   2.6355848e-05  -2.7962115e-05
   8.0252152e-03   1.0214213e-01  -2.3695195e-03  -9.0117125e-05  -2.8239332e-04  -2.1150092e-04
  -2.5319549e-01  -1.2878481e-02   1.1724427e-01  -5.6236794e-05   8.2982307e-05  -5.7152785e-03
  -3.2799206e-01   4.8094659e-02   1.5029210e-01  -1.0241085e-03   1.9806061e-03  -7.2317350e-03
  -2.8715589e-01  -1.3618923e-03   2.0549012e-01  -1.2553911e-03   1.3159071e-03  -6.8021232e-03
  -2.9832703e-01  -9.1073845e-03   2.2009242e-01  -1.6847472e-03   1.7284396e-03  -6.9696587e-03
  -2.9238017e-01   4.4750962e-02   2.1088986e-01  -2.1193167e-03   1.7388101e-03  -6.6992141e-03
  -2.6117704e-01  -3.0841222e-03   2.4445715e-01  -1.6536945e-03   1.3499690e-03  -6.2672955e-03
  -2.6351344e-01   6.7851797e-02   2.2749997e-01  -1.9657965e-03   1.4160597e-03  -6.3588388e-03
  -2.6269705e-01   1.7291908e-04   2.3980014e-01  -2.0389582e-03   1.4805310e-03  -6.4192736e-03
  -2.4505957e-01  -2.3828766e-03   2.5962026e-01  -1.9395035e-03   1.3209144e-03  -6.0404174e-03
  -2.6194748e-01   2.5861684e-02   2.3801286e-01  -2.3560917e-03   1.4445995e-03  -6.4209887e-03
  -2.6974512e-01   6.4133152e-03   2.5135260e-01  -2.4002336e-03   1.4899325e-03  -6.4906829e-03
  -2.5744847e-01  -4.0183604e-02   2.7714143e-01  -1.9034474e-03   1.5736693e-03  -6.3574378e-03
  -2.6570808e-01   3.6348216e-02   2.3166470e-01  -1.9175202e-03   1.6834968e-03  -6.4747755e-03
  -2.5038098e-01   8.2383002e-03   2.5133401e-01  -2.4310431e-03   1.3152214e-03  -6.5578762e-03
  -2.5663520e-01  -2.9883707e-02   2.8361743e-01  -2.0925397e-03   1.6131081e-03  -6.5997485e-03
  -2.7618122e-01   5.8489474e-02   2.1928853e-01  -2.0955547e-03   1.8412631e-03  -6.6863561e-03
  -2.6823416e-01  -5.4346689e-02   1.9966631e-01  -2.3721547e-03   1.7924768e-03  -6.4351518e-03
  -2.7398442e-01   6.4175109e-02   1.9696324e-01  -2.5403392e-03   1.6096254e-03  -6.5880756e-03
  -2.7878353e-01   2.1633550e-02   2.2970012e-01  -2.1479313e-03   1.6895500e-03  -6.6395462e-03
  -2.6599612e-01   4.1076238e-02   2.3811112e-01  -2.5223843e-03   1.6796638e-03  -6.6604675e-03
  -2.7223828e-01   1.7651962e-02   2.7019599e-01  -3.0195442e-03   1.7407145e-03  -6.8640853e-03
  -2.7183251e-01  -5.3492796e-03   2.8437953e-01  -2.8938833e-03   1.7594644e-03  -6.9008253e-03
  -2.6332578e-01  -1.0291372e-02   2.7254694e-01  -2.8050289e-03   1.6449814e-03  -6.8531595e-03
  -2.7783113e-01   4.3964331e-02   2.6469021e-01  -3.0204262e-03   1.6568878e-03  -7.0807658e-03
  -2.7777424e-01   4.0321315e-02   2.7381338e-01  -3.0601873e-03   1.6573482e-03  -7.0935809e-03
  -2.7015768e-01   1.7846639e-02   2.8429287e-01  -2.4904519e-03   1.5285821e-03  -7.0017616e-03
  -2.7986619e-01   2.7323440e-02   2.9739980e-01  -2.9243680e-03   1.7115834e-03  -7.1414569e-03
  -2.9773774e-01   1.0538156e-01   2.9306185e-01  -3.3294474e-03   1.5785431e-03  -7.4948568e-03
  -3.4935235e-01   8.7636456e-02   1.7085974e-01  -2.6947076e-03   1.9540200e-03  -8.3136810e-03
  -2.7713052e-01  -1.7157171e-01   3.1384964e-01  -2.6853257e-03   1.7496223e-03  -7.4035712e-03
  -2.8724216e-01   4.0209185e-02   3.0200230e-01  -3.3873659e-03   1.6653505e-03  -7.4865152e-03
  -2.7471085e-01  -2.5139965e-02   3.0328954e-01  -2.8091486e-03   1.6176134e-03  -7.4579201e-03
  -2.7714266e-01   1.9482225e-02   2.9169213e-01  -3.1331865e-03   1.6797885e-03  -7.5709873e-03
  -2.8015164e-01  -1.1406760e-02   3.1121961e-01  -3.2781704e-03   1.6955553e-03  -7.5796578e-03
  -2.7933220e-01  -3.2750297e-02   3.2276157e-01  -2.9742240e-03   1.7768407e-03  -7.5450281e-03
  -2.9205327e-01  -2.2202451e-03   2.9539938e-01  -4.0218469e-03   1.7537083e-03  -7.6543469e-03
  -2.8168532e-01  -2.3383318e-02   3.0761602e-01  -3.0573898e-03   1.5519495e-03  -7.5564337e-03
  -2.9337293e-01   2.0479503e-02   2.7503512e-01  -3.0905223e-03   1.5166205e-03  -7.8383647e-03
  -3.1173895e-01   2.9300137e-02   4.9047555e-01  -1.9145296e-03   1.5598071e-03  -7.9322590e-03
  -3.9015883e-01   2.7434251e-02   1.1837729e-01  -4.3957392e-03   3.0215187e-03  -7.3769639e-03
  -3.8054126e-01   5.6419973e-02   1.7337534e-01  -3.9344436e-03   3.6803097e-03  -7.1254835e-03
  -3.6336522e-01   3.8776430e-02   2.0664882e-01  -3.8621829e-03   3.4263742e-03  -6.8287963e-03
  -3.6480991e-01   1.9477646e-02   1.9726872e-01  -3.9015594e-03   3.3875787e-03  -6.9728686e-03
  -3.7025517e-01   5.7501407e-02   1.5544511e-01  -3.7289475e-03   3.5894214e-03  -6.8200493e-03
  -3.9552420e-01   7.0729019e-02   1.9680141e-01  -4.2569363e-03   4.0627636e-03  -6.7863402e-03
  -3.5424801e-01   2.6710321e-02   1.6745928e-01  -4.0122729e-03   3.3858149e-03  -6.3590982e-03
  -3.5313968e-01   4.8323083e-02   1.6081558e-01  -4.0194715e-03   3.5872410e-03  -6.3599177e-03
  -3.7116246e-01   7.0181370e-02   1.6639141e-01  -4.3615846e-03   3.4486482e-03  -6.7914285e-03
  -3.6438064e-01   7.1259183e-02   1.7682064e-01  -4.2263689e-03   3.4531468e-03  -6.7138720e-03
  -3.6579584e-01   2.6720527e-02   1.4812114e-01  -3.9678778e-03   3.4309717e-03  -6.7377126e-03
  -3.5797716e-01  -4.5565732e-02   5.9910619e-03   1.7453741e-03   1.3311608e-03  -6.5063570e-03
  -3.1365693e-01   2.7516664e-02  -1.7211926e-01   2.6385985e-03   2.1400281e-03  -5.4917892e-03
  -3.1446530e-01   5.0158578e-02  -5.0757506e-02   9.4364386e-04   2.4872464e-03  -5.8920507e-03
  -3.1311662e-01  -7.8388133e-03   7.8052538e-03   9.1694093e-04   2.5252574e-03  -6.1013467e-03
  -3.2709777e-01   7.6012376e-02  -3.6663674e-02   9.7831501e-05   2.7717865e-03  -6.3623511e-03
  -2.9781165e-01   2.4956935e-02   1.6615821e-02  -5.2865087e-04   2.6087232e-03  -5.9371027e-03
  -3.1301324e-01   7.4432174e-02   1.3182366e-03  -1.0393727e-03   2.4107980e-03  -6.3146016e-03
  -3.4528642e-01   1.1159866e-01   3.9732108e-02  -2.2448775e-03   2.8966228e-03  -6.5744410e-03
  -3.1506408e-01   6.7400956e-02   6.5347339e-02  -2.1031064e-03   2.4475715e-03  -6.2278511e-03
  -2.9395775e-01   5.0037937e-02   5.7762087e-02  -2.1587391e-03   1.9818729e-03  -6.1569012e-03
  -3.0170336e-01   1.1324580e-01   6.0723092e-02  -2.5975740e-03   1.8031494e-03  -6.6291492e-03
  -2.9986365e-01   4.8994661e-02   7.7781579e-02  -2.6892900e-03   1.8358574e-03  -6.5482468e-03
  -2.9507370e-01   6.5443924e-02   9.1578962e-02  -2.7662273e-03   1.6532098e-03  -6.4432202e-03
  -2.9219825e-01   2.3552864e-03   9.7940455e-02  -2.7123756e-03   1.6394707e-03  -6.4941515e-03
  -3.2451752e-01   1.3739840e-01   4.2061127e-03  -2.3360717e-03   2.0588279e-03  -6.6646651e-03
  -3.0471069e-01   3.6472006e-02   8.3291861e-02  -2.2965953e-03   1.8387555e-03  -6.4554378e-03
  -3.2602398e-01   5.6458788e-02   9.3781022e-02  -2.1533242e-03   2.2240056e-03  -7.1187351e-03
  -3.2958071e-01   1.0282066e-01   9.0210420e-02  -2.2224248e-03   2.0994383e-03  -6.9496715e-03
  -3.4472261e-01   2.3642170e-01  -1.6801492e-01   5.4323027e-03  -6.5789023e-04  -6.6410907e-03
  -2.1366925e-01  -1.5380714e-01  -3.1684140e-01   7.8635300e-03  -1.0216916e-03  -4.7827182e-03
  -1.9909859e-01  -1.2944615e-01  -4.1091748e-01   2.9418692e-03  -1.2661588e-05  -4.6988434e-03
  -2.1895316e-01   1.0675636e-01  -2.8107803e-01   1.7675176e-03   4.3617589e-04  -4.9515931e-03
  -2.3914743e-01   6.7259396e-02  -2.7201064e-01   1.6001576e-03   5.5505928e-04  -5.4053514e-03
  -2.2432814e-01   1.6762697e-03  -2.3776026e-01   1.7016964e-03   3.4858092e-04  -5.3126673e-03
  -2.0681109e-01   3.4895384e-02  -2.3438076e-01   9.2520542e-04   4.4121536e-05  -5.3137231e-03
  -1.9377951e-01   1.2612150e-03  -2.0508468e-01   1.2145370e-03  -7.2555572e-05  -5.0592347e-03
  -2.0205859e-01   5.2939997e-02  -2.3390696e-01   9.5119865e-04  -2.9767111e-04  -5.2747105e-03
  -1.9334790e-01   3.8234932e-02  -2.4234421e-01   1.8189750e-03   2.9385664e-08  -5.1667262e-03
  -2.0548057e-01   5.2568118e-02  -2.2756808e-01   7.2095071e-04  -3.1842479e-04  -5.5233033e-03
  -2.1268588e-01   4.5825863e-02  -2.0662867e-01   1.1097031e-03  -1.1746019e-04  -5.5329044e-03
  -2.3445391e-01   1.0216815e-01  -2.1588620e-01   6.0176612e-04  -6.6734625e-05  -5.7073374e-03
  -2.2359055e-01  -3.1382933e-02  -1.9491384e-01   8.3918593e-04   3.5798384e-05  -5.5976121e-03
  -2.2748495e-01   8.3434518e-02  -2.2657412e-01   7.2867572e-04  -2.4348930e-04  -5.6115672e-03
  -2.2952072e-01   3.4339360e-02  -2.1317050e-01   1.0915919e-03  -1.3011036e-04  -5.6138600e-03
  -2.1836947e-01   2.9736550e-02  -1.9752095e-01   1.3569873e-03  -1.8687588e-04  -5.6843557e-03
  -2.7230734e-01   2.1176991e-01  -1.5277581e-01   3.2941530e-03  -5.7917445e-04  -6.6740227e-03
  -2.7547905e-01  -2.8212322e-02  -2.2253807e-01   6.7333993e-03  -6.6595744e-04  -6.3638022e-03
  -2.7687803e-01   5.1228812e-03  -1.5556875e-01   4.3301032e-03   7.7591589e-05  -6.5976511e-03
  -2.9712871e-01   1.9909301e-02  -1.2954834e-01   3.6189649e-03   4.9604606e-04  -6.8094473e-03
  -2.9728872e-01   4.6021961e-02  -9.2223637e-02   3.1724090e-03   3.9796808e-04  -6.9750227e-03
  -2.8347407e-01   5.2905097e-02  -4.8736785e-02   2.4911365e-03   4.4462721e-04  -6.7628083e-03
  -2.8386683e-01   4.5591288e-02  -8.4104008e-02   1.8625820e-03   9.8131316e-04  -6.4776237e-03
  -3.0602527e-01   1.6869096e-02  -6.8924980e-02   1.4258480e-03   1.3972765e-03  -6.7528964e-03
  -2.8957766e-01   1.0232752e-01  -8.0231951e-02   1.1634695e-03   9.5476619e-04  -6.4973532e-03
  -2.6963507e-01   2.5685158e-02  -5.8139014e-02   1.6522308e-03   9.0596837e-04  -6.6172498e-03
  -2.8575698e-01   1.0106731e-01  -6.0506983e-02   9.2215994e-04   5.1078363e-04  -7.1330351e-03
  -2.9126593e-01   4.9114570e-02  -5.7636607e-02   7.0260850e-04   6.8912248e-04  -7.0633663e-03
  -2.8861206e-01   4.3934094e-02  -3.3544252e-02   8.0075492e-04   6.5392605e-04  -7.0984047e-03
  -2.9020984e-01   8.1306524e-02  -5.0426715e-02   8.1331874e-04   4.1499002e-04  -7.1129078e-03
  -2.8570479e-01   6.6509504e-02  -3.7807200e-02   4.2694945e-04   6.4296743e-05  -6.9685721e-03
  -2.9901488e-01   3.2651312e-02  -7.8823940e-04   8.7567664e-04   3.9133505e-04  -7.2410227e-03
  -3.1031526e-01   9.6671786e-02  -1.3178544e-02  -1.5159996e-06   3.5256413e-04  -7.3940534e-03
  -3.0763581e-01   9.8439977e-02  -1.7792713e-02   2.4572160e-05   1.1968932e-04  -7.3714383e-03
  -3.0174295e-01   2.6587838e-02  -4.5147057e-03   7.2534853e-04   3.3688087e-04  -7.3148203e-03
  -3.2670968e-01   2.0469079e-01  -1.0213615e-01  -4.2550017e-04   4.1448141e-04  -7.3420629e-03
  -3.1895022e-01  -7.5578675e-02  -2.2963567e-02   5.6747362e-04   7.5854396e-04  -7.3678859e-03
  -3.1241469e-01   1.0689908e-01  -6.2684131e-02   1.7608790e-03   5.1718928e-04  -7.0946409e-03
  -3.0401683e-01   4.7264250e-02  -7.6674663e-02   1.2183931e-03   5.1909518e-04  -7.1726443e-03
  -2.9959748e-01   8.8057690e-02  -3.9581747e-02   5.9608474e-04   1.7823059e-04  -7.1006606e-03
  -2.9787892e-01   1.7738586e-02  -3.2496125e-02   9.4665585e-04   2.9879326e-04  -7.2473773e-03
  -3.0011311e-01   7.6036689e-02  -3.9958470e-02   6.5338607e-04   2.5041495e-04  -7.4467303e-03
  -3.0544080e-01   9.4205835e-02  -2.9976792e-02   4.1603557e-04   3.8374633e-04  -7.4114476e-03
  -2.9218277e-01   2.2036520e-02  -2.3409777e-02   7.5557930e-04   1.9707615e-04  -7.3655531e-03
  -2.9793849e-01   5.0250311e-02  -1.8728073e-02   8.3097539e-04   2.9917240e-04  -7.5003251e-03
  -2.9832972e-01   7.2744664e-02  -1.2690066e-02   6.7854271e-04   2.0825510e-04  -7.4501857e-03
  -3.0281093e-01   4.8869157e-02   3.1249770e-03   8.3719858e-04   2.5686253e-04  -7.6526509e-03
  -3.1898636e-01   5.3977052e-02   4.2808069e-02   5.2512657e-04   5.0401443e-04  -7.6702613e-03
  -3.1936616e-01   6.4023014e-02   1.8502033e-02   4.9442943e-04   4.3442279e-04  -7.4214254e-03
  -3.2984580e-01   1.8418275e-02  -1.0536913e-02   1.3447892e-03   6.8256552e-04  -7.3836450e-03
  -3.2629928e-01   3.1852591e-02  -9.4865895e-03   1.5050904e-03   6.2368026e-04  -7.3299169e-03
  -3.1265152e-01  -1.0855801e-02   4.3072828e-03   1.8011215e-03   6.4898377e-04  -7.2807627e-03
  -3.1338722e-01   7.2844519e-02  -1.3502417e-03   1.1624804e-03   7.1993826e-04  -7.2867340e-03
  -3.1207599e-01   2.0777572e-02   4.5640804e-03   9.1837766e-04   6.2170702e-04  -7.3656491e-03
  -3.0165592e-01  -3.0056911e-03   2.0490104e-03   1.3525196e-03   5.4695712e-04  -7.2281666e-03
  -3.1820938e-01   7.6722462e-02  -3.2793565e-03   8.1927781e-04   4.8785394e-04  -7.4561048e-03
  -3.2614669e-01   6.0558606e-02   3.2216662e-04   7.5673461e-04   6.2318161e-04  -7.5851991e-03
  -3.2929940e-01   1.0308466e-02   2.3265060e-02   9.8872746e-04   7.2921301e-04  -7.5018682e-03
  -3.2584914e-01   4.7558560e-02   1.0260046e-02   7.5026057e-04   8.1083118e-04  -7.4157881e-03
  -3.2626115e-01   9.2519209e-02  -5.8319238e-03   6.5834802e-04   6.1954077e-04  -7.4395346e-03
  -3.2844061e-01   7.5867762e-02   1.3678419e-02   9.2267362e-04   7.6032969e-04  -7.2335175e-03
  -2.4638845e-01   2.7807833e-01  -3.0449550e-01   7.0408509e-03  -8.8310749e-04  -4.7491744e-03
  -2.2418133e-01  -6.4515372e-02  -6.1303833e-02   5.6465611e-03  -1.2226321e-03  -4.3710626e-03
  -2.0919709e-01  -1.1441801e-01   8.8695567e-02   6.3608139e-04   4.8364323e-04  -5.6036147e-03
  -2.1092419e-01   8.8873088e-02  -2.6678699e-02   1.4062307e-03  -8.6858077e-05  -5.9696909e-03
  -2.3516907e-01   2.0614014e-02  -2.7356698e-03   1.2084997e-03   3.4554176e-04  -5.9661576e-03
  -2.3895086e-01   4.2571638e-02  -2.6469036e-02   1.5454620e-03   5.2762085e-04  -5.6328023e-03
  -2.3370243e-01   5.0066941e-02  -6.3175299e-03   1.4808534e-03   2.2649664e-04  -5.5920978e-03
  -2.1645671e-01   1.8079285e-02   3.3407120e-02   1.5350845e-03   1.8851363e-04  -5.5335159e-03
  -2.2546968e-01   5.3528750e-02   4.6194573e-02   9.1534969e-04   1.8945415e-04  -5.8358357e-03
  -2.0266339e-01   5.7115671e-03   4.8870690e-02   4.2716696e-04  -1.3379892e-04  -5.6099173e-03
  -2.3211014e-01   7.3656743e-02   4.0802101e-02   4.4168934e-05  -8.8229959e-05  -6.0905487e-03
  -2.2554128e-01   4.3893324e-02   5.1762945e-02   1.4505342e-04  -1.3180679e-04  -5.9524589e-03
  -2.1697073e-01   4.7564702e-02   2.7906596e-02   5.2585141e-04  -1.1177704e-04  -5.7978671e-03
  -2.3360366e-01   9.1890155e-02   3.1325726e-02   8.9364289e-04   7.5800560e-05  -6.0518357e-03
  -2.3274967e-01   5.1787271e-02   5.5369476e-02   5.2377414e-04  -2.0684518e-05  -6.2207328e-03
  -2.4808012e-01   9.5255336e-02   6.3233313e-02   3.7872530e-05  -1.0111823e-04  -6.4204514e-03
  -2.6076230e-01   3.7818331e-02   8.0974548e-02   1.1417281e-04   6.5597593e-05  -6.7841222e-03
  -2.6735779e-01   5.0306477e-02   6.2815684e-02   1.0356403e-04   3.1498400e-04  -6.7716680e-03
  -2.7728361e-01   1.0262555e-01   7.4014585e-02  -2.7681188e-04   2.1351599e-04  -6.9097701e-03
  -2.8759000e-01   9.0048267e-02   8.9706574e-02  -3.8905148e-04   3.9364676e-04  -6.9164510e-03
  -2.9890130e-01   3.1021574e-02   1.1782543e-01  -3.8963746e-04   6.0937817e-04  -6.9351234e-03
  -3.0435978e-01   9.6754062e-02   1.0775219e-01  -6.5829860e-04   4.3013478e-04  -7.0135210e-03
  -3.0619434e-01   8.3042682e-02   1.0701559e-01  -6.9318497e-04   4.1258205e-04  -7.0027207e-03
  -3.0487584e-01   7.2675013e-02   1.0766715e-01  -5.7037684e-04   2.8200817e-04  -7.1112927e-03
  -3.1219753e-01   7.5980814e-02   1.1808580e-01  -3.4216207e-04   3.7744140e-04  -7.0898136e-03
  -2.9784923e-01   5.5591139e-02   9.8636328e-02  -1.8396488e-04   3.8779079e-04  -6.9215208e-03
  -3.0540758e-01   8.0803382e-02   8.6182217e-02  -2.3193941e-04   5.4234757e-04  -7.0578634e-03
  -3.0516399e-01   9.5185762e-02   1.0888468e-01  -6.7766013e-04   5.8585921e-04  -7.1508864e-03
  -3.1047831e-01   1.0746164e-01   9.9748507e-02  -3.4931544e-04   5.2355463e-04  -7.3115406e-03
  -3.0215364e-01   2.3802435e-02   1.1723929e-01  -1.5063169e-04   5.7995807e-04  -7.1128274e-03
  -3.1828015e-01   1.0797496e-01   1.2119077e-01  -1.1087439e-03   5.3754029e-04  -7.3513282e-03
  -3.1288303e-01   4.7893351e-02   1.1315372e-01  -7.7616610e-04   5.2015983e-04  -7.2667665e-03
  -3.1547153e-01  -3.4694761e-02   1.0457161e-01  -7.8604121e-04   9.4773774e-04  -7.2713869e-03
  -3.0463909e-01   1.9232971e-01   8.6644839e-02  -5.6541850e-04   6.6020941e-04  -6.9725784e-03
  -3.0553157e-01   1.4092228e-02   9.9404738e-02  -5.8612088e-04   7.5021187e-04  -7.2059641e-03
  -3.0586903e-01   1.0830510e-01   1.2130731e-01  -7.4726426e-04   4.9409279e-04  -7.3378310e-03
  -2.8761637e-01   6.0842005e-02   1.2380826e-01  -8.6153562e-04   4.7539141e-04  -7.2236394e-03
  -2.8263490e-01   4.7242962e-03   1.3227257e-01  -5.2532221e-04   4.7979574e-04  -7.2363819e-03
  -3.4868866e-01   1.2931835e-01   3.0112557e-01  -3.1243832e-04  -1.2131099e-04  -8.0528733e-03
  -5.2436806e-01   3.2630936e-01   6.0350534e-01   7.6209509e-03  -3.7632969e-03  -9.2879620e-03
  -3.9080670e-01  -2.2410464e-01   8.3475447e-01   2.5794284e-03  -1.8843484e-03  -8.9439417e-03
  -4.0099357e-01  -6.8651199e-02   6.7379247e-01   2.9117979e-03  -9.3678861e-04  -9.0623165e-03
  -4.1461326e-01   4.4301580e-02   6.3963433e-01   2.2411169e-03  -7.5459708e-04  -9.1605591e-03
  -3.8373266e-01  -1.4711481e-02   6.2294610e-01   1.7504104e-03  -6.6085407e-04  -8.7596143e-03
  -3.8630939e-01  -6.5170105e-02   6.0148537e-01   1.8087062e-03  -4.3527539e-04  -8.8590928e-03
  -4.0069936e-01  -2.6171218e-02   5.6816283e-01   1.3286743e-03  -2.4843515e-04  -9.0465658e-03
  -3.9987146e-01  -2.5057409e-02   5.4211242e-01   1.2320614e-03   5.8638183e-05  -9.2768021e-03
  -4.0402674e-01  -1.4046370e-02   5.2239193e-01   7.7132409e-04   1.6512330e-04  -9.3125426e-03
  -3.9129884e-01  -5.2112864e-02   5.1064654e-01   9.2671706e-04  -1.4565486e-05  -9.1558327e-03
  -4.0523850e-01   1.0219682e-03   4.9700404e-01   7.3772397e-04   1.1125666e-04  -9.2883472e-03
  -4.0431238e-01  -4.1157852e-02   5.0062076e-01   8.6781298e-04   1.3487917e-04  -9.2798192e-03
  -3.9002581e-01  -8.6084776e-03   2.9946834e-01  -2.9871024e-04   6.7475702e-04  -9.0750897e-03
  -3.5891722e-01   3.1938534e-02   1.1718103e-01   6.4475702e-04   1.0930416e-03  -8.0122560e-03
  -3.5367478e-01  -4.7650124e-02   2.6899887e-01   6.2653233e-04   1.2001543e-03  -8.1127877e-03
  -3.7635119e-01   6.2029631e-02   2.6555198e-01   7.6177276e-04   1.2144856e-03  -8.4263523e-03
  -3.7772590e-01   6.2646249e-02   3.0516927e-01   2.8731585e-04   1.3767170e-03  -8.2912779e-03
  -3.5765042e-01   1.8923118e-02   2.4608914e-01   7.9199183e-04   1.4008857e-03  -8.1260834e-03
  -3.5221771e-01   7.4598641e-02   2.5417201e-01   7.6496105e-04   1.0293812e-03  -8.1483558e-03
  -3.5033682e-01   2.6236054e-02   2.7456609e-01   1.1983950e-03   7.6918339e-04  -8.4394087e-03
  -3.5845131e-01   6.4665743e-02   3.0527053e-01   6.5640261e-04   7.0955795e-04  -8.5484266e-03
  -3.5987560e-01   2.0118771e-02   3.1864809e-01   5.9548704e-04   6.5662340e-04  -8.5953974e-03
  -3.5365158e-01  -4.4943076e-03   3.0754489e-01   7.3033898e-04   7.9902469e-04  -8.6374373e-03
  -3.7002625e-01   6.3412381e-02   3.0413285e-01   2.6171190e-04   7.0485971e-04  -8.6968081e-03
  -3.7411011e-01   2.2641441e-02   3.3260050e-01   5.9949980e-04   6.1230537e-04  -8.8293090e-03
  -3.6417914e-01   3.8330902e-02   2.8692462e-01   1.1303924e-03   7.4515590e-04  -8.6126273e-03
