   0.0000000e+00   0.0000000e+00   7.1054274e-15   0.0000000e+00   0.0000000e+00   0.0000000e+00
   8.6616808e-03   6.5314744e-02   3.4210902e-03  -2.1491765e-04  -2.4182552e-04  -2.4948742e-05
   2.8601562e-04   7.2695055e-02   1.1943923e-03  -4.2464455e-05   7.7974399e-05  -5.1151512e-05
  -3.2943088e-03   4.2881784e-02   2.0872311e-02   4.2744370e-04   3.9324077e-04   1.5587589e-05
   2.9235886e-03   2.5006143e-02   2.8980844e-02  -5.6927066e-05   2.6251013e-04  -6.9456311e-05
   1.2653663e-03   8.7507216e-02   3.3696251e-02  -1.5908228e-04   7.2792275e-05  -1.3439842e-04
  -1.1087968e-02   3.6775753e-02   4.5033836e-02  -4.1155115e-04   1.0283939e-04  -1.0316739e-04
  -6.6980660e-03   3.7140001e-03   3.9496231e-02  -2.7100348e-04   5.0219136e-05  -8.8074082e-05
  -4.2053845e-03   3.8264747e-02   2.3758140e-02  -2.9511286e-04   1.8287806e-04  -8.3828471e-06
   1.9564990e-03   3.9315268e-02   3.9745190e-02  -6.9406199e-04   6.6806967e-06  -1.1894096e-04
   4.9776499e-03   3.6494761e-02   4.7674841e-02  -6.6605234e-04  -7.2653878e-05  -3.2790087e-05
   6.0621889e-03   4.7734949e-02   3.2459299e-02  -6.7180750e-04   1.8803548e-05  -3.9595926e-05
   8.9362147e-03   4.0403973e-02   3.8893780e-02  -7.3213993e-04  -2.8656692e-05  -1.3868249e-04
  -8.7925058e-04   1.4054252e-02   3.9212348e-02  -2.8343226e-04   1.7814873e-04  -5.4778398e-05
  -5.1638017e-03  -3.8730296e-03   1.3460005e-02  -2.3580353e-04   8.9280772e-05  -2.0854766e-04
  -7.4284161e-03   9.3989667e-02   7.2548794e-02  -4.9979684e-04   1.9460730e-04  -5.0608021e-05
  -1.4336034e-03   9.0837453e-02   1.0458493e-01  -8.0918027e-04   1.1197592e-04  -2.1203331e-05
   1.2604141e-04   4.6761052e-02   1.2382902e-01  -6.1649899e-04   6.9756075e-05   1.1177665e-04
  -8.6299290e-03   1.8894620e-02   1.1566374e-01  -8.1192943e-04   1.3317160e-04   2.9150204e-05
  -1.1117177e-02   1.0905218e-01   9.6207637e-02  -1.2562884e-03  -2.2305991e-05   8.5696055e-05
   4.7918843e-03   4.5149760e-02   1.2744883e-01  -1.0688266e-03  -1.2783999e-04   7.6587676e-05
   4.3097963e-03   7.0190594e-02   1.0628219e-01  -7.6096949e-04  -9.7465696e-05   2.4880354e-05
   2.5263358e-03   2.3920640e-02   1.4093343e-01  -1.4842092e-03  -1.5436908e-05  -3.5916079e-05
  -9.6004988e-04   4.4572473e-02   1.3179429e-01  -1.3886873e-03   4.7634287e-05  -1.2728315e-04
  -4.0372980e-03   3.6539718e-02   1.2115242e-01  -1.2386907e-03   2.1512057e-04  -3.1006986e-05
  -9.3919688e-04   7.8086372e-02   1.1965286e-01  -1.0232696e-03  -3.5741011e-05  -1.4426578e-04
  -3.4258884e-04   4.9775750e-02   1.5207353e-01  -1.4033003e-03   8.7542467e-05  -3.4609789e-05
  -3.6110338e-03   4.6623575e-02   1.3241611e-01  -1.2275551e-03   7.1082264e-05  -4.0120989e-05
  -6.8809345e-03   3.4668531e-02   1.4592641e-01  -1.4325631e-03   1.5424548e-04  -1.1942035e-04
  -8.4022189e-03   4.1370459e-02   1.5964908e-01  -1.5971633e-03   1.8390311e-04  -2.6100559e-04
  -1.0593686e-03   8.4588792e-02   1.7394064e-01  -1.5117496e-03   6.4147649e-05  -2.1896570e-04
   2.3513059e-03   3.3832710e-02   1.8245440e-01  -1.8025092e-03  -4.3305741e-05  -1.1772106e-04
  -4.5246963e-03   5.3662669e-02   1.7232728e-01  -1.4922860e-03   4.0552244e-05  -2.0547389e-04
  -7.9658336e-03   6.4742288e-02   1.6991876e-01  -1.7685309e-03   1.8682626e-04  -1.7376290e-04
  -7.2890764e-03   4.9826788e-02   1.8062261e-01  -1.9102888e-03   1.2069243e-04  -1.9851178e-04
  -9.3399420e-05   3.3890058e-02   1.8998304e-01  -2.0541474e-03  -4.4786533e-07  -1.3527780e-04
  -9.7567068e-03   3.8673671e-02   1.7833353e-01  -2.1078978e-03   1.7663479e-04  -1.7776564e-04
  -1.1195288e-02   2.0094114e-02   1.9050375e-01  -1.9188963e-03   2.7824233e-04  -6.2401049e-05
  -1.5618779e-02   5.2958890e-02   1.6910674e-01  -2.3764473e-03   2.8288332e-04  -1.6334844e-04
  -1.2024712e-02   6.3413341e-02   1.8085551e-01  -2.3237420e-03   2.9801654e-04  -1.4966625e-04
  -1.1052149e-02   8.0358219e-02   1.7663089e-01  -2.2129500e-03   3.2520925e-04  -1.1167702e-04
  -8.8330592e-03   5.2940723e-02   1.9309063e-01  -2.1637833e-03   4.4056541e-04  -1.3571398e-04
  -9.9881157e-03   8.2102878e-02   1.9688969e-01  -2.3544529e-03   2.5778452e-04  -2.8909035e-04
  -1.8450589e-02   8.9862243e-02   1.9734797e-01  -2.0823035e-03   3.6811884e-04  -2.9685381e-04
  -1.6951269e-02   8.6009031e-02   2.0105464e-01  -2.2049731e-03   2.9135706e-04  -2.3706890e-04
  -9.4237510e-03   6.6250427e-02   2.1172951e-01  -2.4743814e-03   4.2738039e-04  -1.1423596e-04
  -9.7145822e-03   5.9116986e-02   2.0008927e-01  -2.5357650e-03   4.2893368e-04  -1.6639610e-04
  -1.2595603e-02   7.5099464e-02   1.8952876e-01  -2.3891822e-03   3.9795020e-04  -2.0256424e-04
  -1.3192313e-02   6.8213817e-02   2.1021583e-01  -2.4769523e-03   4.0327244e-04  -1.6481951e-04
  -1.5170766e-02   6.1332630e-02   2.2440873e-01  -2.6636005e-03   3.2262926e-04  -1.8261639e-04
  -1.9777872e-02   4.8524277e-02   2.3667182e-01  -2.8190992e-03   4.3925348e-04  -1.3966223e-04
  -1.5529654e-02   1.0274581e-01   2.0794673e-01  -3.1770541e-03   3.0389989e-04  -3.0707067e-04
  -1.1077890e-02   6.6911357e-02   2.3625209e-01  -2.7940641e-03   3.7834619e-04  -2.7536244e-04
  -1.0900713e-02   3.4982827e-02   2.3649570e-01  -2.6702482e-03   3.3267681e-04  -2.9202124e-04
  -1.5018151e-02   7.4502995e-02   2.2491353e-01  -2.5004280e-03   3.6511401e-04  -3.4010655e-04
  -2.2946920e-02   4.9084815e-02   2.3129410e-01  -2.1626224e-03   5.1913239e-04  -4.7548814e-04
  -1.6879910e-02   9.4374640e-02   2.2235658e-01  -3.0120064e-03   3.0205634e-04  -3.9213614e-04
  -1.8976879e-02   8.6441824e-02   2.1456901e-01  -2.9930664e-03   2.4724163e-04  -4.7476696e-04
  -1.5163027e-02   7.8333017e-02   2.1390855e-01  -2.8589610e-03   3.3431260e-04  -3.4268859e-04
  -1.7264807e-02   8.1479844e-02   2.1248769e-01  -2.5624264e-03   4.1805312e-04  -3.4633059e-04
  -1.8824440e-02   7.2757032e-02   2.2341104e-01  -2.2938309e-03   6.0704254e-04  -2.7044398e-04
  -7.0418895e-03   1.1598247e-01   2.1151881e-01  -2.4659355e-03   3.3291180e-04  -2.5164669e-04
  -1.1778329e-02   7.6157909e-02   2.4207710e-01  -2.6567876e-03   3.8211110e-04  -3.3818307e-04
  -2.2047090e-02   6.9865403e-02   2.4197702e-01  -2.1790205e-03   5.8447845e-04  -3.9877889e-04
  -2.0565268e-02   4.7071846e-02   2.6097660e-01  -2.3772277e-03   7.4737999e-04  -2.5574748e-04
  -1.8354344e-02   9.2209529e-02   2.4203823e-01  -2.7763326e-03   7.3115251e-04  -2.4824276e-04
  -1.5347898e-02   1.0478479e-01   2.4210030e-01  -2.8362122e-03   3.6695325e-04  -3.5541045e-04
  -1.7649449e-02   7.6802307e-02   2.5646569e-01  -2.6130228e-03   4.4461672e-04  -4.2915295e-04
  -1.4257630e-02   9.8176930e-02   2.6080579e-01  -2.7970083e-03   6.3917983e-04  -3.8211706e-04
  -5.7735447e-03   6.1847516e-02   2.6424710e-01  -2.6441374e-03   5.5758647e-04  -1.5440447e-04
  -8.7189753e-03   1.0595580e-01   2.5104074e-01  -3.0990389e-03   4.6104699e-04  -2.5385834e-04
  -4.6332335e-03   9.5605963e-02   2.5166310e-01  -3.0435470e-03   4.2806605e-04  -2.0736105e-04
  -1.3971867e-02   6.2474315e-02   2.5642040e-01  -3.3159501e-03   5.5650123e-04  -3.9803622e-04
  -1.0996682e-02   6.7698781e-02   2.7158846e-01  -2.9850074e-03   5.3242414e-04  -4.6831357e-04
  -1.5758834e-02   9.7231253e-02   2.4795600e-01  -3.0578516e-03   4.7237502e-04  -5.3863108e-04
  -1.7265956e-02   1.0292957e-01   2.5578502e-01  -2.9731393e-03   4.7321545e-04  -6.1023212e-04
  -1.6023095e-02   6.9033981e-02   2.6440310e-01  -3.0667598e-03   5.6646404e-04  -6.8172779e-04
  -2.9936616e-02   8.9852134e-02   2.5528485e-01  -2.5445310e-03   1.0768889e-03  -6.7674671e-04
  -2.2718950e-02   6.6347768e-02   2.8545016e-01  -2.7742454e-03   7.1582794e-04  -5.6275955e-04
  -2.1507754e-02   1.2945170e-01   2.7426935e-01  -3.3909712e-03   4.4118332e-04  -5.8597169e-04
  -1.1120477e-02   9.8146922e-02   3.0043303e-01  -3.2942900e-03   7.0268022e-04  -4.7509324e-04
  -1.5867795e-02   1.1683441e-01   3.0912769e-01  -3.2874068e-03   8.8692963e-04  -6.0390574e-04
  -2.5405195e-02   3.3821720e-02   3.2136384e-01  -2.8515786e-03   8.7368393e-04  -6.1804817e-04
  -2.0949631e-02   1.2397027e-01   2.9722800e-01  -3.8349083e-03   5.4554689e-04  -4.8297326e-04
  -2.4418065e-02   9.3478153e-02   3.0661118e-01  -3.6453260e-03   6.1202708e-04  -4.4662180e-04
  -3.0473062e-02   1.1081912e-01   3.1505854e-01  -3.8252444e-03   8.5701507e-04  -5.9802039e-04
  -3.3035736e-02   7.4651469e-02   3.3580030e-01  -3.4821712e-03   8.3851300e-04  -6.2066463e-04
  -3.6330376e-02   9.9204720e-02   3.3906834e-01  -3.6738347e-03   9.4672462e-04  -5.8876370e-04
  -3.8919330e-02   6.3720534e-02   3.3032605e-01  -3.5708176e-03   1.0765793e-03  -5.3045200e-04
  -3.5645235e-02   7.8706847e-02   3.1727970e-01  -3.5632329e-03   1.0374741e-03  -5.6117867e-04
  -3.2364703e-02   1.7079977e-01   3.2339588e-01  -3.7741990e-03   1.0816332e-03  -6.6922077e-04
  -3.0401386e-02   8.2380079e-02   3.6327428e-01  -3.5233948e-03   1.1007672e-03  -5.8107725e-04
  -3.5524772e-02   9.2514521e-02   3.5950912e-01  -3.3883837e-03   1.2472021e-03  -5.6893835e-04
  -3.7168620e-02   8.7901414e-02   3.5160944e-01  -3.4876613e-03   1.1657707e-03  -6.1054131e-04
  -2.7798237e-02   1.3105912e-01   3.6719638e-01  -3.2178643e-03   1.2765759e-03  -5.3834003e-04
  -3.1594145e-02   1.1464118e-01   3.5765624e-01  -3.6031763e-03   1.2224628e-03  -6.5150842e-04
  -3.6681097e-02   8.8524054e-02   3.5630295e-01  -3.2586383e-03   1.2088482e-03  -5.4306077e-04
  -5.4411880e-02   8.0020100e-02   3.4259363e-01  -3.0537411e-03   1.4588755e-03  -6.0091171e-04
  -3.8478959e-02   1.1980673e-01   3.5078310e-01  -3.4480878e-03   1.2409807e-03  -4.8589301e-04
  -4.0589287e-02   8.2409689e-02   3.6751243e-01  -3.7235815e-03   1.3166903e-03  -5.5108202e-04
  -5.1162559e-02   5.4782576e-02   3.4383949e-01  -3.3213831e-03   1.5578886e-03  -6.5052282e-04
  -5.9455864e-02   5.2256718e-02   3.3717519e-01  -3.2709000e-03   1.7336519e-03  -7.2812007e-04
  -5.3267750e-02   1.1956085e-01   3.5512249e-01  -3.0684358e-03   1.7244671e-03  -6.7553040e-04
  -5.5471470e-02   7.3282895e-02   3.8247455e-01  -3.3392381e-03   1.8082359e-03  -7.0525673e-04
  -4.6332005e-02   5.1370289e-02   3.8575802e-01  -3.0811100e-03   1.6737400e-03  -6.1522250e-04
  -5.0200781e-02   8.0839960e-02   3.5166229e-01  -2.9334729e-03   1.7240822e-03  -6.3413289e-04
  -4.8449821e-02   1.0411187e-01   3.7882771e-01  -3.1801486e-03   1.6400706e-03  -6.5436684e-04
  -5.1458231e-02   8.2122856e-02   4.0097989e-01  -3.0836316e-03   1.7060687e-03  -6.6209291e-04
  -5.0766611e-02   8.1588606e-02   3.9713908e-01  -2.9166016e-03   1.5545566e-03  -7.9314996e-04
  -5.5907308e-02   7.0429853e-02   4.0202960e-01  -2.7599098e-03   1.7250432e-03  -8.2581440e-04
  -5.3365128e-02   7.9253496e-02   4.0308203e-01  -2.8370971e-03   1.6333631e-03  -7.1712911e-04
  -5.5663503e-02   1.1116762e-01   3.9564621e-01  -2.8903702e-03   1.7544680e-03  -7.6311008e-04
  -5.4751403e-02   5.2225853e-02   4.1056534e-01  -2.7702241e-03   1.8824281e-03  -6.8445875e-04
  -5.2752941e-02   5.9509239e-02   4.1298664e-01  -2.3715425e-03   1.9608346e-03  -6.8499908e-04
  -5.2396916e-02   7.4238379e-02   4.1113001e-01  -2.6923163e-03   1.6871650e-03  -7.7540305e-04
  -5.2338417e-02   9.4240687e-02   4.2324988e-01  -2.9967817e-03   1.7737863e-03  -6.5923289e-04
  -5.0846728e-02   6.6412090e-02   4.2810768e-01  -2.8898200e-03   1.6950314e-03  -6.9249761e-04
  -5.3470091e-02   8.2592682e-02   4.2647050e-01  -2.8358265e-03   1.6238167e-03  -7.7593631e-04
  -5.6078184e-02   6.3234281e-02   4.3319045e-01  -2.4506142e-03   1.7797391e-03  -7.5007510e-04
  -5.6013640e-02   1.1711158e-01   4.2005606e-01  -3.1461287e-03   1.7338326e-03  -8.2927693e-04
  -4.9243649e-02   1.0053247e-01   4.3810533e-01  -3.2280975e-03   1.5983902e-03  -8.8498905e-04
  -4.7816700e-02   8.5217591e-02   4.3162846e-01  -2.6084587e-03   1.6826918e-03  -8.3538930e-04
  -5.7681120e-02   6.0885893e-02   4.5540117e-01  -3.2235554e-03   2.0212276e-03  -7.6195657e-04
  -6.3287527e-02   1.1791874e-01   4.6599819e-01  -3.5332804e-03   2.1420433e-03  -8.3374684e-04
  -5.6751677e-02   9.3841228e-02   4.8471357e-01  -3.6096604e-03   2.0588499e-03  -7.8312457e-04
  -6.4316811e-02   7.7636791e-02   4.8279874e-01  -3.9530468e-03   2.0934183e-03  -9.4806285e-04
  -5.7150359e-02   6.6525136e-02   4.8607647e-01  -3.7810219e-03   1.9361727e-03  -8.8374558e-04
  -6.3835191e-02   9.4917162e-02   4.4502308e-01  -4.3672704e-03   1.9049218e-03  -1.0698470e-03
  -5.0283185e-02   1.3161050e-01   4.4489899e-01  -4.0917481e-03   1.8819056e-03  -8.8199413e-04
  -5.7603206e-02   1.0300986e-01   4.8287353e-01  -4.0807713e-03   2.0670897e-03  -8.4332759e-04
  -6.0863793e-02   8.3538312e-02   4.8274317e-01  -3.9000814e-03   2.0288856e-03  -7.8339452e-04
  -5.9112365e-02   1.0092918e-01   4.7018366e-01  -3.7884407e-03   1.8733169e-03  -8.8325491e-04
  -5.2400025e-02   1.3185061e-01   4.7881644e-01  -3.8101828e-03   1.8248082e-03  -9.3336709e-04
  -5.3042402e-02   1.1578404e-01   5.3242211e-01  -4.3331312e-03   1.9762188e-03  -8.5923698e-04
  -4.9065469e-02   1.3081613e-01   5.2062669e-01  -4.5240728e-03   1.8584205e-03  -7.7036489e-04
  -5.5659574e-02   9.6996800e-02   5.1097612e-01  -4.1476672e-03   1.9784542e-03  -7.6941281e-04
  -5.3563540e-02   1.3551310e-01   5.0977872e-01  -4.1854608e-03   1.8731208e-03  -8.3473364e-04
  -5.4863532e-02   1.3983844e-01   5.4805941e-01  -4.3568787e-03   2.1090942e-03  -8.8127995e-04
  -5.2090312e-02   8.4630477e-02   5.6112903e-01  -4.4696602e-03   1.9999627e-03  -9.1791227e-04
  -5.6568422e-02   1.0843184e-01   5.4124656e-01  -4.4661266e-03   1.9836541e-03  -9.6959254e-04
  -5.5140398e-02   9.3754572e-02   5.4518517e-01  -4.3144285e-03   2.0669769e-03  -9.6369516e-04
  -5.3198646e-02   1.9232338e-01   5.4780370e-01  -4.9971022e-03   1.8499942e-03  -9.7131632e-04
  -5.0410454e-02   1.0637130e-01   5.7491199e-01  -4.8587567e-03   1.9060083e-03  -9.5141451e-04
  -5.8316980e-02   1.0326782e-01   5.7218218e-01  -4.7969781e-03   2.0504799e-03  -1.0187982e-03
  -5.6326377e-02   9.0006005e-02   5.8765907e-01  -4.4437151e-03   2.1294178e-03  -8.3477393e-04
  -3.9090972e-02   1.3344936e-01   5.5182814e-01  -5.0071333e-03   1.7284635e-03  -7.7385392e-04
  -3.8376558e-02   1.6651913e-01   5.4570001e-01  -5.1147868e-03   1.7697971e-03  -8.2833839e-04
  -4.0576643e-02   1.0056176e-01   5.7232185e-01  -4.4655614e-03   2.0195959e-03  -7.5264302e-04
  -5.6285215e-02   1.0807515e-01   5.6683175e-01  -4.3946703e-03   2.0486312e-03  -8.8704178e-04
  -5.8690523e-02   1.6119700e-01   5.6181723e-01  -5.0237555e-03   1.8023316e-03  -7.8486224e-04
  -5.4904743e-02   1.2342497e-01   5.5970509e-01  -4.9489592e-03   1.7839346e-03  -8.1813003e-04
  -6.5672321e-02   1.2818365e-01   5.5636151e-01  -5.0163487e-03   2.0612415e-03  -9.2550054e-04
  -5.5407828e-02   1.0208294e-01   5.7986326e-01  -4.4877934e-03   1.9222207e-03  -7.8396734e-04
  -5.1527602e-02   1.1225809e-01   5.8756052e-01  -4.4087998e-03   1.8800316e-03  -7.5892961e-04
  -4.9875865e-02   1.2311385e-01   5.8393571e-01  -4.6430356e-03   1.8857229e-03  -6.9445967e-04
  -4.5807136e-02   1.0294572e-01   5.8723047e-01  -4.8691774e-03   1.7750645e-03  -7.2948458e-04
  -4.6989360e-02   9.1579601e-02   5.8913555e-01  -4.3903543e-03   1.8211316e-03  -7.2529045e-04
  -6.8630644e-02   1.2106301e-01   5.8535697e-01  -3.9714299e-03   2.4769145e-03  -8.9261752e-04
  -3.4935160e-02   1.2774341e-01   6.4719621e-01  -4.2006797e-03   2.4525737e-03  -1.2404439e-03
   1.8991616e-02   1.3850516e-01   7.1889299e-01  -6.7853048e-03   9.6868582e-05  -5.1657546e-04
   8.5893350e-05   1.0838195e-01   7.6611375e-01  -6.5664545e-03   7.1259178e-04  -3.3190504e-04
   2.1816930e-03   1.7494193e-01   8.2266968e-01  -7.0582121e-03   6.5642607e-04  -3.4976587e-04
  -8.0318211e-03   1.4817996e-01   7.8454129e-01  -6.2415260e-03   1.1507977e-03  -3.3165747e-04
   5.8440054e-04   1.1484749e-01   7.9632775e-01  -6.7065330e-03   8.9142851e-04  -3.1233491e-04
  -4.2282075e-03   1.1243985e-01   7.7747033e-01  -6.6193945e-03   1.1144287e-03  -3.1308984e-04
  -1.0221467e-02   1.4036859e-01   7.8226647e-01  -6.0429799e-03   1.5350908e-03  -2.6584550e-04
   3.8627922e-04   1.4459274e-01   7.9587129e-01  -6.4123109e-03   1.2013732e-03  -2.4382138e-04
  -1.0240343e-02   1.4242370e-01   8.1117691e-01  -6.6813163e-03   1.1604271e-03  -3.0263100e-04
  -3.2864354e-02   1.2558374e-01   8.2551274e-01  -6.9785273e-03   1.9901071e-03  -4.2789919e-04
  -2.6673839e-02   1.2448683e-01   8.3923373e-01  -7.0089151e-03   1.7883209e-03  -3.4638679e-04
  -2.1101495e-02   1.4308303e-01   8.3759395e-01  -7.3380049e-03   1.7137426e-03  -3.5679807e-04
  -1.5141713e-02   1.6585886e-01   8.4579052e-01  -7.4869721e-03   1.6244757e-03  -3.5574884e-04
  -1.6620231e-02   1.3662215e-01   8.5164340e-01  -7.3753199e-03   1.8013100e-03  -5.1094801e-04
  -2.9819217e-02   1.5434073e-01   8.5422003e-01  -7.1524023e-03   2.1238722e-03  -5.3884329e-04
  -3.5984112e-02   1.9502985e-01   8.5893539e-01  -7.4302891e-03   2.0491516e-03  -5.7207017e-04
  -4.7488595e-02   1.6922295e-01   8.4604570e-01  -7.3049423e-03   2.3811865e-03  -4.8213245e-04
  -4.2189981e-02   1.2054482e-01   8.7003292e-01  -7.3330791e-03   2.4955529e-03  -3.8584519e-04
  -3.7112883e-02   1.4938561e-01   8.5263917e-01  -7.6813982e-03   2.3146897e-03  -5.1273070e-04
  -3.5073624e-02   1.6936500e-01   8.4810163e-01  -7.7535352e-03   2.1376398e-03  -5.2413017e-04
  -4.0671893e-02   1.5517562e-01   8.5652652e-01  -8.1362559e-03   2.1593079e-03  -6.6292498e-04
  -3.7445257e-02   1.3792261e-01   8.6421054e-01  -7.8208267e-03   2.2335962e-03  -6.2764733e-04
  -5.0633632e-02   1.6157199e-01   8.5908340e-01  -7.7389503e-03   2.6592925e-03  -7.7291016e-04
  -3.9759823e-02   1.8342386e-01   9.0079328e-01  -8.2575340e-03   2.3787671e-03  -7.5353047e-04
  -4.0213601e-02   1.7227623e-01   9.1063899e-01  -8.3493869e-03   2.3053073e-03  -8.1208487e-04
  -3.8875637e-02   1.3794768e-01   9.0717254e-01  -8.0110158e-03   2.1731875e-03  -8.5165827e-04
  -3.5265557e-02   1.4511001e-01   8.9750960e-01  -7.7060684e-03   2.2507401e-03  -9.9306522e-04
  -2.6282388e-02   2.0370733e-01   9.1965699e-01  -7.9176652e-03   2.1241161e-03  -9.8304059e-04
  -3.8521730e-02   1.6155477e-01   9.4835446e-01  -7.9095796e-03   2.3560670e-03  -9.7484694e-04
  -4.7428377e-02   1.2216405e-01   9.4962141e-01  -8.1224795e-03   2.3022432e-03  -7.5899354e-04
  -4.6877061e-02   1.7744270e-01   9.1002692e-01  -8.3317518e-03   2.2486673e-03  -8.2548423e-04
  -4.5298333e-02   1.9709898e-01   9.1016177e-01  -8.0368588e-03   2.4445597e-03  -9.4180451e-04
  -4.4724834e-02   1.5279570e-01   9.4991457e-01  -7.8312649e-03   2.6808436e-03  -8.3467358e-04
  -4.8711151e-02   1.6189455e-01   9.6139936e-01  -8.4820668e-03   2.6678721e-03  -7.7497997e-04
  -4.3221285e-02   1.7562553e-01   9.3134709e-01  -8.3331970e-03   2.4715211e-03  -8.0054120e-04
  -5.0971755e-02   1.6252889e-01   9.4205440e-01  -8.3993422e-03   2.6339866e-03  -8.8640424e-04
  -6.2552163e-02   1.4096140e-01   9.4843090e-01  -7.9328652e-03   3.1618576e-03  -8.2586696e-04
  -4.8566661e-02   1.9510121e-01   9.4247918e-01  -8.7076219e-03   2.4992777e-03  -8.2439611e-04
  -4.8688425e-02   1.5095730e-01   9.5299377e-01  -8.7623985e-03   2.3791891e-03  -8.4745923e-04
  -4.6480724e-02   1.6875523e-01   9.5571954e-01  -8.5526263e-03   2.4055252e-03  -9.2077706e-04
  -4.5409058e-02   1.0025353e-01   9.9606494e-01  -8.3736110e-03   2.6709175e-03  -8.8397933e-04
  -4.6414511e-02   1.7656311e-01   9.6575736e-01  -8.6419407e-03   2.6338130e-03  -8.9649668e-04
  -4.7365626e-02   1.8357502e-01   9.6315595e-01  -8.6835137e-03   2.5888096e-03  -8.5461655e-04
  -5.0201438e-02   1.5556247e-01   9.3897360e-01  -7.7043240e-03   2.7781076e-03  -9.2586369e-04
  -5.4595939e-02   1.5519448e-01   9.7132976e-01  -8.2009978e-03   2.7803846e-03  -9.3359270e-04
  -5.9394993e-02   1.9562755e-01   9.5818062e-01  -7.6712545e-03   3.2549829e-03  -8.9191494e-04
  -4.4082960e-02   1.7208241e-01   9.8630366e-01  -8.3608717e-03   2.8272037e-03  -8.2484190e-04
  -4.7182138e-02   1.0347497e-01   1.0001681e+00  -8.4279774e-03   2.6973731e-03  -7.9100008e-04
  -4.9706175e-02   1.6490208e-01   9.6175759e-01  -8.5903480e-03   2.6279931e-03  -9.4504298e-04
  -4.3025067e-02   1.8980833e-01   9.8632031e-01  -8.6012990e-03   2.5799265e-03  -9.2027284e-04
  -6.5657749e-02   4.0716862e-01   1.1263400e+00  -7.7787761e-03   3.9639669e-03  -7.5503497e-04
