   0.0000000e+00   0.0000000e+00   0.0000000e+00   0.0000000e+00   0.0000000e+00   0.0000000e+00
  -2.2450742e-01   1.9037844e-01  -6.9466957e-01   2.5969467e-03  -3.2561089e-03  -1.2319833e-03
  -6.0793646e-01   1.9199106e-01  -6.0438600e-01   4.9910347e-03  -1.3207446e-02  -9.1116526e-03
  -5.5699161e-01   3.7540186e-01  -8.4313749e-01   8.7322226e-03  -9.6109884e-03  -1.0675096e-02
  -6.2201435e-01   5.8108585e-02  -4.4836270e-01   6.1370635e-03  -1.5075088e-02  -1.0368566e-02
  -7.5104041e-01   4.5652798e-02  -3.1588317e-01   7.4490829e-03  -1.6847309e-02  -1.2754217e-02
  -6.9512328e-01  -6.0035112e-02  -3.6936707e-01   7.2957844e-03  -1.6180461e-02  -1.2083813e-02
  -5.7192229e-01   1.6880050e-02  -4.1380610e-01   7.3273572e-03  -1.5415693e-02  -9.9130759e-03
  -4.8852377e-01   5.3229099e-02  -3.2698652e-01   6.9351562e-03  -1.4777357e-02  -9.6987777e-03
  -4.1791772e-01   3.7037230e-02  -3.4572862e-01   7.4359199e-03  -1.3569561e-02  -9.1387318e-03
  -4.0555947e-01   2.2432817e-02  -3.2632873e-01   7.7725747e-03  -1.3802190e-02  -8.7679595e-03
  -4.0497846e-01   1.3870254e-02  -3.2650750e-01   8.2455983e-03  -1.3407158e-02  -8.4594321e-03
  -3.7986077e-01  -1.9764274e-02  -2.9425329e-01   8.4152524e-03  -1.3426941e-02  -8.2045144e-03
  -3.7327586e-01   1.3072006e-02  -2.8929022e-01   8.5533359e-03  -1.3390724e-02  -8.2334790e-03
  -3.7489617e-01  -4.4263556e-03  -3.2471365e-01   7.8593110e-03  -1.3580018e-02  -8.1770462e-03
  -3.5583546e-01  -4.7043976e-02  -3.4863587e-01   8.3602734e-03  -1.3847544e-02  -7.6383951e-03
  -3.6263162e-01   8.9328064e-03  -3.1321692e-01   8.4266901e-03  -1.3608254e-02  -7.8718700e-03
  -3.6986737e-01   3.1674699e-02  -2.9354207e-01   8.3983319e-03  -1.3585851e-02  -7.8980605e-03
  -3.5588285e-01  -1.7958347e-02  -3.2483126e-01   8.7904537e-03  -1.3184702e-02  -7.6529044e-03
  -2.1391204e-01  -8.2607891e-02  -5.0428291e-01   9.3384963e-03  -1.0153283e-02  -5.3976170e-03
  -1.8532817e-01   1.9008916e-01  -3.7050584e-01   8.7954345e-03  -9.0462008e-03  -4.7791359e-03
  -4.5509063e-02  -4.9076162e-02  -3.1799295e-01   9.3272433e-03  -8.8467576e-03  -3.1223217e-03
  -4.7121005e-02   5.5110199e-02  -3.4669449e-01   8.3445333e-03  -8.7210476e-03  -3.2388591e-03
  -9.9049562e-03  -5.0841727e-02  -3.5083194e-01   8.1699727e-03  -8.4267220e-03  -2.5956091e-03
   2.2806685e-02  -6.9755192e-02  -3.1755752e-01   8.0867745e-03  -8.1396367e-03  -2.0755420e-03
   3.3460466e-02   1.4589111e-03  -3.4078103e-01   8.3645861e-03  -7.7691253e-03  -1.8141872e-03
  -3.9573646e-02   5.4179529e-02  -2.9936992e-01   8.4378598e-03  -8.5324388e-03  -2.9458390e-03
  -6.0524925e-02  -1.5131364e-02  -2.9372812e-01   8.5184063e-03  -8.9376599e-03  -3.3933929e-03
   1.4942979e-03  -7.1501105e-02  -3.3635768e-01   8.0542265e-03  -8.4772528e-03  -2.3028410e-03
  -6.4255179e-03   1.5434423e-01  -2.6973862e-01   7.7957404e-03  -8.6192737e-03  -3.4006158e-03
   9.5598579e-03  -4.5874366e-02  -3.0874161e-01   7.9584392e-03  -8.9364043e-03  -2.8617678e-03
  -2.7839026e-02  -5.2275317e-02  -3.4344211e-01   1.0198888e-02  -9.2180344e-03  -3.1257331e-03
  -6.5569655e-02   1.8736832e-02  -2.4595346e-01   7.7861268e-03  -1.0344928e-02  -3.8523050e-03
  -3.0650448e-02  -3.7366378e-03  -2.6249495e-01   8.1819900e-03  -9.9740809e-03  -3.3336430e-03
  -1.0022580e-02  -2.6217815e-02  -2.1717949e-01   8.2074043e-03  -9.8032594e-03  -3.0664572e-03
   4.2827061e-04  -1.1930068e-02  -1.9052624e-01   8.0318245e-03  -9.4793755e-03  -2.9510314e-03
   2.8269719e-02  -8.1290916e-02  -2.0545608e-01   8.4806368e-03  -9.5550039e-03  -2.5936098e-03
   3.1665793e-02  -7.7466472e-02  -2.2333849e-01   8.5712041e-03  -9.4358560e-03  -2.3509918e-03
   5.0659375e-02  -4.4171472e-02  -2.0680952e-01   8.8604523e-03  -8.7229799e-03  -2.1443756e-03
   5.9398322e-02  -4.8342967e-02  -1.8196910e-01   8.9117885e-03  -8.9430377e-03  -2.0415406e-03
   7.6576656e-02  -1.0667388e-01  -2.0066676e-01   9.2609428e-03  -8.6507192e-03  -1.8438454e-03
   6.0859299e-01  -8.3722825e-02  -6.3179351e-01   1.0060763e-02   1.0422432e-02   6.1588850e-03
   2.6225071e-01   5.0920763e-02  -5.5406809e-01   1.1322083e-02   4.1281847e-03   2.3829635e-03
   2.6226695e-01  -4.8479375e-02  -4.4054741e-01   8.4381698e-03  -9.5796999e-04   1.2739907e-03
   3.0902565e-01  -4.1263275e-03  -2.0001977e-01   7.2308810e-03  -2.1067005e-04   1.5711447e-03
   3.0484671e-01  -3.6795465e-02  -1.8903547e-01   7.6985186e-03  -1.8781336e-05   1.1733089e-03
   3.0382590e-01  -3.1244291e-02  -1.6623676e-01   7.4081753e-03  -4.5167286e-04   1.5913100e-03
   3.1247194e-01   2.7682110e-02  -1.4169439e-01   7.5402264e-03  -5.0338546e-04   1.4608989e-03
   3.5402930e-01  -1.0009868e-01  -1.4065157e-01   8.1314350e-03   2.8622932e-05   2.3467488e-03
   2.0297884e-01  -6.9981173e-02  -1.3490755e-01   7.6820550e-03  -1.4117284e-03  -1.9405032e-04
   2.9369017e-01  -9.8714776e-02  -1.5031262e-01   7.9446543e-03  -7.3732588e-04   1.1666666e-03
   3.1439651e-01  -1.6009359e-01  -2.2668859e-01   8.1817488e-03  -8.3392970e-04   1.5669391e-03
   3.3587299e-01  -1.0052376e-03  -2.1828944e-01   8.7913976e-03  -6.3273482e-04   2.0804071e-03
   3.4304300e-01  -8.5986645e-02  -1.9122746e-01   8.7516656e-03  -7.0740018e-05   1.9714944e-03
   3.7870822e-01  -1.3636365e-01  -1.8829697e-01   8.8911698e-03   1.6126355e-05   2.4066657e-03
   3.9510574e-01  -1.3885221e-01  -3.9698837e-01   9.3218588e-03   3.1249301e-04   2.5255422e-03
   2.9007442e-01  -1.1917932e-01  -5.4354164e-01   1.1106612e-02   1.1715065e-03   1.1272290e-03
  -1.5772103e-01  -1.2966220e-02  -1.5148442e-01   8.1698192e-03  -7.0639921e-03  -4.0272570e-03
  -6.1759984e-02  -5.7955632e-02  -1.1947894e-01   7.7852739e-03  -5.9493730e-03  -3.7736840e-03
   2.4623614e-02  -6.8476275e-02  -1.8668927e-01   7.4536829e-03  -4.4900208e-03  -2.4204829e-03
   2.6431072e-01   1.3884393e-01   1.6085229e-01   5.1511757e-03   8.8135047e-04   1.0747645e-03
   9.2769501e-02  -9.5327227e-02   1.6033926e-02   6.6638005e-03  -5.2745206e-03  -9.1450776e-04
  -1.9900921e-02  -5.0559113e-02  -1.3295109e-02   6.6812295e-03  -5.2125859e-03  -3.0062946e-03
   1.7454387e-01  -8.1671150e-02   2.4466488e-02   6.8048320e-03  -3.4731716e-03  -9.2070491e-05
   1.5607973e-01   1.9549969e-02   3.3726787e-02   6.3022555e-03  -3.9573621e-03  -4.3922605e-04
   1.6678569e-01  -1.4321906e-01  -3.4551700e-03   6.6666978e-03  -3.3980643e-03  -3.6183335e-04
   1.9571063e-01  -6.4473289e-02   1.9240361e-03   6.6547581e-03  -3.3466767e-03   2.0980851e-04
   2.3297912e-01   6.9243497e-02   1.2938706e-01   6.4061763e-03  -3.1530011e-03   9.4719695e-04
   2.1554147e-01  -1.9041428e-01  -2.7391147e-01   4.3865397e-03  -4.3842010e-03   1.9094840e-03
   2.8474000e-01  -1.2541082e+00  -2.5466018e+00  -5.2430806e-02  -1.4278901e-02  -1.3780658e-03
   1.1619610e-01   9.2383390e-02  -1.9205584e+00  -4.3377354e-02  -1.2710685e-02   6.6837871e-04
   1.1480791e-01  -2.3586198e-01  -1.9311620e+00  -4.0950033e-02  -1.2329025e-02   1.0987171e-03
   1.1463941e-01  -2.1308662e-01  -1.7565914e+00  -3.8298894e-02  -1.2218699e-02   8.3226493e-04
   9.3980546e-02  -1.7559290e-01  -1.7822571e+00  -3.7372249e-02  -1.1951357e-02   5.2905248e-04
   1.0425149e-01  -2.3674108e-01  -1.7849690e+00  -3.5648242e-02  -1.1705692e-02   7.0790872e-04
   1.2323986e-01  -2.0989806e-01  -1.7647709e+00  -3.4861661e-02  -1.1396994e-02   7.8697303e-04
   1.5088754e-01  -1.9585907e-01  -1.7352694e+00  -3.5102688e-02  -1.1374660e-02   9.6010483e-04
   2.0220453e-01  -2.4558922e-01  -1.6664651e+00  -3.4344708e-02  -1.0847046e-02   1.6307231e-03
   2.2638355e-01  -2.0009453e-01  -1.6182902e+00  -3.4607213e-02  -1.0058267e-02   1.7104265e-03
   2.6379315e-01  -2.1191601e-01  -1.5871691e+00  -3.4133636e-02  -9.8478838e-03   2.3990729e-03
   2.6299149e-01  -2.0833772e-01  -1.4859483e+00  -3.3795340e-02  -9.2575699e-03   2.3211630e-03
   2.7524660e-01  -2.6521808e-01  -1.4687437e+00  -3.3432134e-02  -9.3043585e-03   2.4604686e-03
   2.5810486e-01  -2.1809967e-01  -1.4538761e+00  -3.4040557e-02  -9.0412837e-03   2.3226983e-03
   1.0837793e+00  -6.6808579e-02  -7.1420490e-01  -2.3990426e-02   1.2228535e-03   1.2512778e-02
   8.4354746e-01   3.0018377e-01  -3.7471736e-04  -1.5125350e-02  -1.8261377e-03   1.8185355e-02
   5.4423437e-01  -3.4599615e-01   2.5064799e-02  -1.0205548e-02  -4.0903116e-03   6.4050136e-03
   5.3995042e-01  -1.6740339e-01   7.3622801e-02  -1.0822784e-02  -3.9577075e-03   7.4100460e-03
   5.3069665e-01  -2.3332507e-01   6.1286217e-02  -1.0677181e-02  -4.0451692e-03   7.3429841e-03
   5.4895141e-01  -2.0072728e-01   1.9277718e-02  -1.0590879e-02  -4.2425730e-03   7.2174930e-03
   5.7585667e-01  -1.7918295e-01  -6.3518859e-02  -9.8670149e-03  -4.1415658e-03   7.6003535e-03
   5.5510193e-01  -1.4986740e-01  -2.4572703e-02  -1.0442965e-02  -4.1369002e-03   7.2566669e-03
   5.5098622e-01  -1.7007076e-01   1.5268258e-02  -1.0023663e-02  -4.2399708e-03   7.4131299e-03
   5.2646647e-01  -1.1886450e-01   1.8572024e-02  -9.9265214e-03  -4.1530953e-03   6.8837676e-03
   5.2937407e-01  -1.6219984e-01   2.0909956e-02  -1.0081580e-02  -4.1754595e-03   6.8472790e-03
   5.5227050e-01  -1.8141235e-01   7.2853254e-02  -1.0439234e-02  -4.1720699e-03   7.2396974e-03
   5.4562106e-01  -2.0254958e-01   1.3846248e-01  -1.0546854e-02  -3.7435217e-03   7.0829368e-03
   5.7127552e-01  -2.0208399e-01   1.6897494e-01  -1.1429075e-02  -3.4907046e-03   7.6523584e-03
   5.7627376e-01  -1.6915176e-01   2.0459630e-01  -1.1159695e-02  -3.6422042e-03   7.6614811e-03
   5.8165235e-01  -2.2054112e-01   2.0846540e-01  -1.0915874e-02  -3.5972323e-03   7.7671988e-03
   5.3089967e-01  -1.8042640e-01   2.4553494e-01  -1.0988439e-02  -3.2372156e-03   6.9568902e-03
   1.1362093e+00  -1.7700071e-01   6.3063795e-01  -1.2353621e-02  -1.4415752e-03   1.7029172e-02
   8.2791970e-01  -2.7224495e-01   4.0348210e-01  -9.1452200e-03  -3.6820288e-03   1.4490953e-02
   7.8498451e-01  -2.4652498e-01   4.2434016e-01  -9.7292042e-03  -4.1966681e-03   1.3200891e-02
   7.9037129e-01  -2.6440158e-01   4.3624661e-01  -1.0111512e-02  -4.1669694e-03   1.3203378e-02
   7.7662568e-01  -2.3443545e-01   4.4977614e-01  -9.8083634e-03  -3.5973199e-03   1.2747779e-02
   7.8130115e-01  -2.4585141e-01   4.6387316e-01  -9.8669531e-03  -3.4765214e-03   1.2785319e-02
   7.8657277e-01  -2.2094471e-01   4.2416594e-01  -1.0140665e-02  -3.4518689e-03   1.2897546e-02
   7.4647174e-01  -2.0097586e-01   4.4315732e-01  -1.0141412e-02  -2.9523769e-03   1.2257868e-02
   7.9163330e-01  -2.6060057e-01   4.5089170e-01  -1.0096011e-02  -3.0156540e-03   1.3141741e-02
   7.7674283e-01  -2.6572305e-01   4.5041207e-01  -9.7897291e-03  -2.8727976e-03   1.2886995e-02
   7.2693321e-01  -2.0015693e-01   4.1859085e-01  -1.0095938e-02  -3.5241229e-03   1.1899834e-02
  -6.5840030e-02   2.8506505e-02  -5.2032586e-01   5.9739046e-03  -1.0502867e-02  -3.0521398e-04
  -3.5730895e-01   6.2496051e-02   1.3175523e-01  -2.8086646e-03  -1.4230232e-02  -9.7216460e-03
  -3.6978552e-01   1.9343190e-01  -5.3193442e-02  -2.9931701e-03  -1.3418275e-02  -9.8903662e-03
  -3.5502138e-01  -2.1971711e-01   2.3466145e-01  -2.2235326e-03  -1.4303797e-02  -9.3989514e-03
  -3.7279359e-01  -2.1562221e-01   1.3534511e-01  -2.7147058e-03  -1.4146174e-02  -1.0220038e-02
  -3.4652398e-01  -1.4209311e-01   2.2793013e-01  -3.0495133e-03  -1.3548260e-02  -1.0319469e-02
  -3.4252877e-01  -1.4470866e-01   2.5230069e-01  -3.3071895e-03  -1.3281198e-02  -1.0380102e-02
  -3.1907685e-01  -1.8995277e-01   2.9355374e-01  -3.2736791e-03  -1.3224543e-02  -9.9678386e-03
  -3.1082915e-01  -2.4793102e-01   3.0005880e-01  -3.6859973e-03  -1.2684132e-02  -9.9723956e-03
  -3.2367609e-01  -2.6706236e-01   3.0651067e-01  -3.4590892e-03  -1.3000355e-02  -1.0007098e-02
  -3.4247467e-01  -1.6096525e-01   2.9241452e-01  -3.9404496e-03  -1.3347829e-02  -1.0395065e-02
  -3.8073648e-01  -1.2773472e-01   2.8674823e-01  -4.6453520e-03  -1.4028988e-02  -1.1448526e-02
  -3.6839012e-01  -1.3601193e-01   2.8804416e-01  -4.5175928e-03  -1.4115868e-02  -1.1579557e-02
  -3.5277185e-01  -1.3412894e-01   3.1722018e-01  -4.3442428e-03  -1.3984645e-02  -1.1286493e-02
  -3.7002560e-01  -8.9145872e-02   3.4277278e-01  -4.6849536e-03  -1.3291499e-02  -1.1838643e-02
  -3.5854652e-01  -1.8091310e-01   3.0357672e-01  -4.1795138e-03  -1.3682489e-02  -1.1372911e-02
  -3.5246356e-01  -1.9681339e-01   3.0316111e-01  -4.6888250e-03  -1.3591078e-02  -1.1171099e-02
  -3.4818698e-01  -1.7030853e-01   3.1098058e-01  -4.9002646e-03  -1.3539495e-02  -1.1103404e-02
  -3.6904853e-01  -1.1823694e-01   3.0852754e-01  -5.0363577e-03  -1.3336565e-02  -1.1523917e-02
  -3.5687148e-01  -1.9732255e-01   3.5545505e-01  -5.1314688e-03  -1.3070156e-02  -1.1339676e-02
  -3.5745496e-01  -1.8661121e-01   3.2854983e-01  -5.2916740e-03  -1.3167286e-02  -1.1227744e-02
  -3.4287537e-01  -2.3184761e-01   3.4758931e-01  -4.8697528e-03  -1.3071039e-02  -1.1004352e-02
  -3.5001276e-01  -1.2127667e-01   3.5915454e-01  -5.1090568e-03  -1.2788351e-02  -1.1255594e-02
  -3.4037942e-01  -1.7676536e-01   3.5794543e-01  -5.3232558e-03  -1.3009841e-02  -1.1118042e-02
  -3.1764520e-01  -1.8934842e-01   3.1460176e-01  -4.6845407e-03  -1.3416671e-02  -1.0680465e-02
  -3.3137506e-01  -2.8013152e-01   8.8579177e-02  -2.5771606e-03  -1.3691990e-02  -1.0363507e-02
  -2.2936843e-01   7.7530105e-03   8.7598563e-02  -2.3103664e-03  -1.4131996e-02  -8.2551372e-03
  -2.7366887e-01  -1.4257579e-01  -5.5434441e-02  -1.6105358e-03  -1.3310830e-02  -9.2891155e-03
  -3.2059630e-01  -4.9652651e-02   3.4089178e-01  -2.8942077e-03  -1.3378517e-02  -1.0127872e-02
  -2.4260029e-01  -6.9848374e-02   2.8882231e-01  -2.5528937e-03  -1.2558995e-02  -8.9224447e-03
  -2.3964608e-01  -1.4293982e-01   3.1476044e-01  -3.3866512e-03  -1.2760525e-02  -8.7696943e-03
  -2.4072194e-01  -1.3394424e-01   3.7591414e-01  -3.7607310e-03  -1.2643429e-02  -8.8380242e-03
  -2.5217756e-01  -2.4563530e-01   3.6900888e-01  -4.5750730e-03  -1.2785809e-02  -8.7064616e-03
  -2.8574981e-01  -6.4185655e-02   3.7325905e-01  -4.8289708e-03  -1.2613695e-02  -9.4317250e-03
  -2.6034687e-01  -2.0486244e-02   4.5270948e-01  -4.9105657e-03  -1.2436551e-02  -8.9078427e-03
  -2.0665848e-01  -1.9704651e-01   4.1900378e-01  -4.8907844e-03  -1.2591877e-02  -8.1945083e-03
  -2.2861057e-01  -1.3274837e-01   4.4201163e-01  -5.3553838e-03  -1.2558902e-02  -8.8798806e-03
  -2.2825306e-01  -2.0671106e-01   4.3697838e-01  -5.0819694e-03  -1.2591839e-02  -8.8036941e-03
  -2.2879912e-01  -1.9453405e-01   4.1970017e-01  -5.1577487e-03  -1.2519936e-02  -8.8225887e-03
  -2.3122075e-01  -1.4585415e-01   4.7376004e-01  -5.1264807e-03  -1.2679093e-02  -8.7690254e-03
  -2.2272249e-01  -1.8128277e-01   4.6909779e-01  -5.1180059e-03  -1.2900104e-02  -8.7520737e-03
  -2.3139135e-01  -1.7660010e-01   4.4858138e-01  -5.2663853e-03  -1.2570579e-02  -8.9424484e-03
  -2.2904035e-01  -2.0060460e-01   4.4130072e-01  -6.0021917e-03  -1.2798926e-02  -8.8670376e-03
  -2.1248558e-01  -2.1903272e-01   4.5148647e-01  -5.3822935e-03  -1.2712411e-02  -8.6435722e-03
  -2.1446448e-01  -2.1768745e-01   4.6094012e-01  -5.8746820e-03  -1.2471491e-02  -8.7090414e-03
  -2.0440067e-01  -2.4467701e-01   4.5929557e-01  -5.4825123e-03  -1.2423559e-02  -8.4694051e-03
  -2.1282297e-01  -1.5533399e-01   4.4726382e-01  -5.7395891e-03  -1.2608852e-02  -8.6019438e-03
  -2.2220235e-01  -1.8136616e-01   4.6421465e-01  -5.7110530e-03  -1.2446867e-02  -8.7444952e-03
  -2.2718359e-01  -2.1754841e-01   4.6939918e-01  -5.5281076e-03  -1.2480729e-02  -8.8184079e-03
  -2.2024388e-01  -1.8828888e-01   4.7053431e-01  -5.6433558e-03  -1.2520279e-02  -8.7932356e-03
  -2.1963705e-01  -2.2268705e-01   4.8458142e-01  -5.0597420e-03  -1.2298825e-02  -8.7231922e-03
  -2.3103966e-01  -1.5818685e-01   3.6244932e-01  -6.2007074e-03  -1.2178163e-02  -8.7968191e-03
  -4.0394940e-01  -1.8770122e-01   1.3701837e-01  -2.6622497e-03  -1.0390994e-02  -1.0557014e-02
  -5.5210556e-01  -8.7128819e-02   2.0878796e-01  -2.9576610e-03  -1.5190628e-02  -1.4185828e-02
  -4.8990444e-01  -1.8513334e-01   3.1655549e-01  -3.5812772e-03  -1.5340449e-02  -1.2960973e-02
  -4.9224298e-01  -1.1961185e-01   3.2736650e-01  -3.8477609e-03  -1.5044077e-02  -1.3054831e-02
  -4.5768638e-01  -2.2214852e-01   3.5914334e-01  -3.4707049e-03  -1.4943834e-02  -1.2548709e-02
  -4.7590284e-01  -1.4321626e-01   3.6431524e-01  -3.8482483e-03  -1.5164301e-02  -1.2864663e-02
  -4.7979461e-01  -1.9330166e-01   3.8717860e-01  -3.9455397e-03  -1.5050155e-02  -1.2867988e-02
  -4.7746573e-01  -1.7252955e-01   3.7701133e-01  -3.4839165e-03  -1.5032503e-02  -1.2845222e-02
  -4.7012130e-01  -2.2236439e-01   3.9766420e-01  -3.3303904e-03  -1.4997337e-02  -1.2677728e-02
  -4.7819487e-01  -1.6221600e-01   3.8456025e-01  -3.6796404e-03  -1.5134341e-02  -1.2931935e-02
  -4.6859586e-01  -1.9881898e-01   3.9811442e-01  -3.7277103e-03  -1.4949189e-02  -1.2918174e-02
  -4.5681943e-01  -1.8056279e-01   4.0268850e-01  -3.5473125e-03  -1.4950954e-02  -1.2747100e-02
  -4.5250068e-01  -1.9425010e-01   3.6692577e-01  -3.3527525e-03  -1.4939977e-02  -1.2506446e-02
  -3.8561338e-01  -1.0558570e-01  -2.9728323e-02   1.7202992e-03  -1.4651465e-02  -1.1872076e-02
  -4.2343286e-01  -1.4498407e-01   2.9186369e-01  -2.8587959e-03  -1.6937976e-02  -1.2183146e-02
  -3.9707945e-01  -1.6783905e-01   2.4944341e-01  -2.6436836e-03  -1.7034647e-02  -1.1773237e-02
  -4.1290992e-01  -1.3116377e-01   3.8507566e-01  -3.7389222e-03  -1.6464846e-02  -1.2202900e-02
  -3.9968903e-01  -1.6697337e-01   3.7419816e-01  -3.3090959e-03  -1.6220806e-02  -1.1671899e-02
  -4.1686354e-01  -1.2016554e-01   4.2881061e-01  -3.2925324e-03  -1.6355594e-02  -1.2008069e-02
  -3.9266930e-01  -1.9266352e-01   4.4025087e-01  -3.4900596e-03  -1.6227989e-02  -1.1841188e-02
  -3.7957038e-01  -1.7451259e-01   4.5007098e-01  -3.6885486e-03  -1.6268360e-02  -1.1743068e-02
  -3.4867332e-01  -2.2007347e-01   4.4985250e-01  -3.3806230e-03  -1.5583611e-02  -1.1160052e-02
  -3.6089482e-01  -1.0744180e-01   4.9834731e-01  -4.0396170e-03  -1.5452632e-02  -1.1623755e-02
  -3.0288399e-01  -1.5344130e-01   5.2683542e-01  -4.1448923e-03  -1.4742941e-02  -1.1108747e-02
  -1.4586867e-01  -2.0362082e-01   5.4386414e-01  -5.3670532e-03  -1.3812115e-02  -8.4023967e-03
  -1.4797017e-01  -2.2085593e-01   5.3688977e-01  -4.7384785e-03  -1.2692129e-02  -8.4357973e-03
  -1.5551860e-01  -1.7688610e-01   5.5185825e-01  -4.8615038e-03  -1.3542873e-02  -8.7066297e-03
  -1.2738733e-01  -2.7866807e-01   5.8161815e-01  -4.7269848e-03  -1.3801610e-02  -8.3345147e-03
  -1.4440065e-01  -1.5284586e-01   6.2562098e-01  -4.6420481e-03  -1.3637783e-02  -8.8083608e-03
  -1.2869624e-01  -2.3233253e-01   6.3394165e-01  -5.1071385e-03  -1.3320020e-02  -8.6160658e-03
  -1.7172555e-01  -1.8776166e-01   5.1642193e-01  -4.8625302e-03  -1.2481055e-02  -8.6873608e-03
  -1.6308948e-01  -1.0591324e-01   4.0048850e-01  -4.5910776e-03  -1.1867292e-02  -8.1404929e-03
  -2.0085056e-01  -3.0761735e-01  -8.7490295e-02   3.1112625e-03  -1.2238841e-02  -7.3451818e-03
  -1.9490718e-01  -1.2125305e-01   3.4532893e-01  -1.8630134e-03  -1.4292064e-02  -8.2086966e-03
  -1.3761372e-01  -2.2277604e-01   3.3851030e-01  -1.5020522e-03  -1.3733576e-02  -7.5135894e-03
  -1.5502194e-01  -1.7750919e-01   3.4911300e-01  -1.7658161e-03  -1.3276841e-02  -7.7813013e-03
  -1.3794817e-01  -2.0801786e-01   4.0302694e-01  -1.9808736e-03  -1.3044228e-02  -7.6425431e-03
  -1.3783684e-01  -2.0013251e-01   3.7545341e-01  -2.1287664e-03  -1.2996158e-02  -7.5861106e-03
  -1.2635602e-01  -1.8953228e-01   3.7169650e-01  -2.0485204e-03  -1.2870509e-02  -7.5201625e-03
  -1.4349433e-01  -1.3573232e-01   9.2001037e-01  -8.1361181e-03  -1.3829874e-02  -8.0180379e-03
  -2.0758468e-01  -3.7164474e-01   3.8917892e-01  -1.2912569e-02  -1.4384423e-02  -5.9488441e-03
  -3.0834601e-01  -2.2546436e-01   3.3380263e-01  -5.1574361e-03  -1.3746437e-02  -8.8293710e-03
  -3.7301650e-01  -5.5710160e-02   3.9736594e-01  -3.6019290e-03  -1.2865018e-02  -1.0097339e-02
  -3.6432053e-01  -1.5724530e-01   4.6502475e-01  -4.1629882e-03  -1.2498561e-02  -1.0175831e-02
  -3.6269442e-01  -8.8908844e-02   5.2015568e-01  -3.9182029e-03  -1.2673633e-02  -9.9809548e-03
  -3.2740276e-01  -1.6249552e-01   5.2882742e-01  -4.1064105e-03  -1.2319655e-02  -9.6290793e-03
  -3.5282423e-01  -1.2696696e-01   5.5100505e-01  -4.4328081e-03  -1.1813687e-02  -9.9705500e-03
