   0.0000000e+00   0.0000000e+00   0.0000000e+00   0.0000000e+00   0.0000000e+00   0.0000000e+00
   6.5116102e-04   3.4853720e-01  -1.1613093e-02   3.1840591e-03   7.0718820e-05   1.0501945e-03
   1.2776130e-02  -5.2604836e-02  -7.4380636e-03   1.2469795e-03   3.4353308e-04   1.7415503e-03
   2.3680624e-02   5.1867409e-02  -1.9379033e-02   1.6990175e-03   1.2157914e-04   1.8939849e-03
   4.0734506e-02   8.0227968e-02  -3.2358087e-03   1.0634413e-03  -4.0580494e-04   2.0438121e-03
   6.0225098e-02   2.9919681e-02  -2.9023058e-02   1.7584428e-03  -5.9309676e-04   2.3940689e-03
   6.1930321e-02   4.9096789e-02  -2.7407000e-02   1.5275648e-03  -7.3885138e-04   2.4052779e-03
   3.4851124e-02   3.4124219e-02  -5.1173564e-03   1.6431329e-03  -6.7102902e-04   1.7796093e-03
   5.4830013e-02   3.9221664e-02  -6.1665135e-03   1.0677777e-03  -9.7349753e-04   2.1727443e-03
   5.6495675e-02   4.6817800e-02   3.5650790e-03   1.0151783e-03  -9.6155657e-04   2.1867976e-03
   4.3685297e-02   4.8089429e-02   1.0026271e-02   5.1729140e-04  -7.9187048e-04   1.9667393e-03
   4.5430153e-02   3.2388080e-02   1.4373835e-04   1.0495773e-04  -6.1284222e-04   1.9069356e-03
   4.4575919e-02   1.9828887e-02  -5.6247511e-04   4.2925851e-04  -5.9567487e-04   1.9112876e-03
   4.0715883e-02   1.4420799e-03  -5.9268757e-03   2.8665016e-04  -7.1258265e-04   1.9210951e-03
   6.1087050e-02   8.4779347e-02  -1.8810358e-02   8.1028904e-04  -7.6811920e-04   2.3757912e-03
   9.1128078e-02  -4.6933003e-02  -8.0589473e-02   2.2781972e-03  -6.3090178e-04   3.6612920e-03
   9.9509486e-02  -2.1854587e-02  -5.1729421e-02   1.4440175e-03  -6.1859685e-04   3.8159349e-03
   9.9096694e-02   3.4858310e-02  -5.4851932e-02   1.3967031e-03  -1.4522307e-03   4.0410115e-03
   9.4935316e-02  -1.1375221e-02  -1.9730619e-02  -2.0852122e-04  -9.1838734e-04   3.8403807e-03
   8.9584630e-02   1.0543627e-02  -1.3270871e-03  -5.2291735e-04  -7.9192695e-04   3.7155032e-03
   7.3620302e-02   2.6719763e-03   3.1601643e-02  -1.7385473e-03  -6.8981903e-04   3.3939409e-03
   7.3281130e-02   2.3123553e-02   2.2883266e-02  -2.0283467e-03  -8.3563945e-04   3.4249237e-03
   7.3390541e-02   4.7960391e-02   1.6417301e-02  -1.9613891e-03  -9.1200366e-04   3.4874233e-03
   7.3269221e-02   6.8715371e-02   3.2300382e-02  -2.3911929e-03  -1.2876862e-03   3.3963149e-03
   9.9945007e-02   1.8134371e-02   3.1139268e-02  -2.0791570e-03  -1.5180971e-03   3.9859842e-03
   8.0230519e-02   4.7610161e-02   2.2746238e-02  -2.4970163e-03  -1.2900426e-03   3.4181180e-03
   8.2721129e-02   4.3824723e-02   2.6019448e-02  -2.5626977e-03  -1.3111368e-03   3.3625229e-03
   8.7520736e-02   7.8293878e-02   2.3268615e-02  -2.3836043e-03  -1.2601590e-03   3.4472879e-03
   8.9937734e-02  -1.1724840e-02   2.2897711e-02  -2.0723405e-03  -1.3541104e-03   3.6414056e-03
   8.7292742e-02   5.4778848e-02   3.8283937e-02  -2.8537968e-03  -1.4964499e-03   3.5014094e-03
   9.0918254e-02   2.2220814e-02   2.0134759e-02  -2.5350514e-03  -1.2052293e-03   3.5823732e-03
   1.0426403e-01   5.5018863e-03   1.9961647e-02  -2.5804575e-03  -1.4444526e-03   3.8804658e-03
   9.1978226e-02  -8.5459721e-03   1.9175091e-02  -2.5607343e-03  -1.1833793e-03   3.6809990e-03
   8.9568846e-02   4.9651574e-02   1.5600954e-02  -2.7790376e-03  -1.1905049e-03   3.6170951e-03
   8.2975544e-02   7.4350287e-02   2.5065609e-02  -2.7700463e-03  -1.1629811e-03   3.7170110e-03
   8.5699028e-02   1.5231079e-02   3.9588545e-02  -2.7148681e-03  -1.4874904e-03   3.6212392e-03
   8.2825069e-02   2.1549750e-02   3.6335203e-02  -2.7503615e-03  -1.5226295e-03   3.4560262e-03
   8.7544730e-02   2.9653833e-02   3.1469925e-02  -2.6520076e-03  -1.5668362e-03   3.4534255e-03
   7.7967522e-02  -4.0645557e-03   2.4786419e-02  -2.6878760e-03  -1.3745997e-03   3.4070182e-03
   8.5913568e-02   8.0306183e-02   2.4126167e-02  -3.0208934e-03  -1.5778060e-03   3.3580457e-03
   9.1602130e-02   6.8170985e-02   1.7197410e-02  -2.6769225e-03  -1.4270591e-03   3.4980540e-03
   9.8774542e-02   5.6561635e-02   2.3117546e-02  -2.7209140e-03  -1.4073428e-03   3.5874538e-03
   9.5282302e-02  -6.9411623e-03   1.3757386e-02  -2.4238096e-03  -1.1804468e-03   3.5674032e-03
   1.0361242e-01   3.3676297e-02   1.2044526e-02  -2.5865737e-03  -1.2873535e-03   3.6428102e-03
   1.2434188e-01   8.0460120e-02   2.1202970e-02  -2.7030817e-03  -1.3481282e-03   3.8515391e-03
   1.1200039e-01   2.4022607e-02   2.0498903e-03  -2.6877283e-03  -1.4538300e-03   3.7025680e-03
   1.0865471e-01   1.3718066e-02   7.1631901e-03  -2.5291650e-03  -1.3406156e-03   3.6439732e-03
   1.0842607e-01   2.1239958e-02   8.3998983e-03  -2.3746325e-03  -1.7038001e-03   3.7939155e-03
   1.0990751e-01   1.4823817e-02   1.5731889e-03  -2.3556441e-03  -1.8168399e-03   3.7570295e-03
   1.2453753e-01   7.7095145e-02   1.6836317e-02  -2.5120813e-03  -1.8334250e-03   4.0065613e-03
   1.3401025e-01   1.4463846e-03   1.0547488e-02  -2.2289612e-03  -1.9388192e-03   4.0024782e-03
   1.4371341e-01   5.8450745e-02   1.8913298e-02  -2.1765551e-03  -2.0246121e-03   4.1308034e-03
   1.3811676e-01   8.0550875e-03   2.2818764e-02  -2.0797466e-03  -2.0672376e-03   4.0453731e-03
   1.4218415e-01   2.2918316e-02   1.4173252e-02  -2.1896065e-03  -2.2479026e-03   4.2604667e-03
   1.3249620e-01   4.1262833e-02   1.1597544e-02  -2.5055282e-03  -1.9864170e-03   4.0050097e-03
   1.4401482e-01   7.9241512e-03   8.1340140e-03  -1.9444973e-03  -2.4975803e-03   4.3576612e-03
   1.4696393e-01  -2.9429162e-02   1.1355731e-02  -1.7539041e-03  -2.4303584e-03   4.2177024e-03
   1.5903290e-01   1.5718326e-02   3.1578229e-03  -2.0756259e-03  -2.5721184e-03   4.3081054e-03
   1.6956390e-01   1.6212255e-01  -1.2027677e-03  -1.7742597e-03  -2.7773361e-03   4.6741610e-03
   1.9922438e-01   1.9791988e-01  -4.7426844e-02  -6.8472183e-04  -4.1392739e-03   5.5005441e-03
   1.7541550e-01  -3.2957212e-01  -5.8393000e-02  -6.9871653e-04  -3.6678313e-03   4.8886120e-03
   1.7882315e-01  -2.4860569e-02  -2.5352215e-02  -5.2835030e-04  -3.8227545e-03   5.0291909e-03
   1.7958092e-01   1.0912932e-03  -2.0972360e-02  -3.5132882e-04  -3.8295238e-03   5.0887489e-03
   1.7876281e-01   2.8094457e-03   1.8952211e-02  -5.4166695e-04  -4.1112953e-03   5.0082030e-03
   1.8460464e-01  -2.7428995e-02   3.6252238e-02  -1.7828144e-03  -4.1718213e-03   5.0967571e-03
   1.8436530e-01  -3.8528957e-03   1.4845340e-02  -1.5808828e-03  -4.3038531e-03   5.0168504e-03
   1.8214881e-01   8.0631685e-02  -5.8403947e-02  -1.8785254e-04  -4.0478362e-03   5.2480549e-03
   1.6748684e-01  -1.3530146e-01  -1.2928197e-01   4.2230930e-04  -2.8154374e-03   4.8861293e-03
   1.8015319e-01   3.7746558e-02  -1.0908770e-01  -3.4331207e-04  -3.2248735e-03   5.0852697e-03
   1.8926861e-01   4.0441666e-02  -9.4552169e-02  -3.7096282e-05  -3.6535091e-03   5.0376218e-03
   1.7847885e-01  -2.7492562e-02  -8.2200119e-02  -5.8673609e-04  -3.5974286e-03   5.2106469e-03
   1.9507877e-01   7.5528425e-02  -4.7944609e-02  -1.5393037e-03  -3.8632841e-03   5.5701076e-03
   1.9497657e-01   2.8969549e-02  -5.2412580e-02  -2.0217492e-03  -4.0238649e-03   5.4627860e-03
   1.7954977e-01   2.4494074e-02  -3.3410424e-02  -2.0402369e-03  -4.0210856e-03   5.1002534e-03
   1.8908650e-01   2.2029080e-02  -5.0743686e-02  -1.0480432e-03  -4.2650641e-03   5.2567238e-03
   1.8223533e-01   1.6035335e-02  -4.5333470e-02  -9.9476756e-04  -4.3037040e-03   5.1459264e-03
   1.8893476e-01   4.8216762e-02  -3.9758931e-02  -1.1501968e-03  -4.3251218e-03   5.1981900e-03
   1.8867881e-01   1.3959428e-02  -3.5930459e-02  -1.1598168e-03  -4.3635430e-03   5.1165415e-03
   1.9047432e-01   9.1161282e-03  -3.6555734e-02  -1.0371229e-03  -4.4709935e-03   5.1403509e-03
   2.1010200e-01  -1.7426117e-02  -5.2069744e-02  -6.7929311e-04  -4.4850480e-03   5.7511579e-03
   2.0398427e-01   6.9519246e-02  -4.2314062e-02  -8.6458289e-04  -4.6865909e-03   5.5077463e-03
   2.2704549e-01   4.8023270e-02  -1.3927333e-02  -8.5170759e-04  -5.3283744e-03   6.1937550e-03
   2.0519280e-01  -1.1495211e-02  -4.2244735e-02  -1.0708431e-03  -4.7752292e-03   5.4886681e-03
   2.4857760e-01   1.1709632e-01   4.2994617e-03  -1.8137703e-03  -4.5857832e-03   7.1771517e-03
   1.8386068e-01  -1.9696205e-02  -2.9036742e-02  -2.3226019e-03  -4.2727122e-03   5.0824206e-03
   1.8728170e-01   2.3451414e-02  -2.8068127e-02  -2.2570469e-03  -4.2849432e-03   5.2403351e-03
   1.7680965e-01   6.3117619e-02  -1.2069385e-02  -2.7679294e-03  -4.3709593e-03   4.9904720e-03
   1.6583028e-01   8.4019086e-03  -2.2147948e-02  -2.9059089e-03  -4.4186552e-03   4.8068048e-03
   1.7219338e-01   8.5298665e-02  -1.4774154e-02  -3.2014049e-03  -4.4049373e-03   5.1254241e-03
   1.8308880e-01   5.0852152e-02  -1.6325462e-02  -2.7497529e-03  -4.0469793e-03   5.2407424e-03
   1.6862558e-01   5.9462761e-02   5.3222371e-03  -3.5051491e-03  -4.2621976e-03   4.7695764e-03
   1.6391857e-01   7.2234561e-02   7.7640510e-03  -3.3503464e-03  -4.0934144e-03   4.9228081e-03
   1.6791761e-01   3.8531318e-02   1.3024694e-02  -3.5962684e-03  -3.7603967e-03   4.9961022e-03
   1.6406960e-01   8.8326611e-02   1.8324549e-02  -3.9591134e-03  -3.9800814e-03   4.8241932e-03
   1.5906281e-01   5.3551692e-02   2.2024468e-02  -3.9348587e-03  -3.9530409e-03   4.6799934e-03
   1.6631751e-01   8.0525933e-02   1.2363723e-02  -3.8028358e-03  -4.0538175e-03   4.8672382e-03
   1.6448661e-01   2.2564455e-02   1.0842813e-02  -3.8161622e-03  -4.0454676e-03   4.7730535e-03
   1.7342637e-01   5.0190787e-02   8.0666553e-03  -4.0227247e-03  -4.2261028e-03   4.7882994e-03
   1.7585989e-01   5.0987449e-02  -4.1210159e-03  -4.0995647e-03  -4.1533622e-03   4.8040341e-03
   1.7985265e-01   5.6764564e-02   1.4639463e-03  -3.7090897e-03  -4.0410941e-03   4.9688863e-03
   1.7987241e-01   4.9496145e-02  -6.6310520e-03  -3.4409850e-03  -4.0637165e-03   4.9498221e-03
   1.8516277e-01   7.8974089e-02  -6.1894033e-03  -3.8712059e-03  -4.1842973e-03   4.9847001e-03
   1.8855357e-01   5.9746168e-02  -6.8109301e-03  -3.7421430e-03  -4.0600244e-03   5.0150513e-03
   1.9100778e-01   7.3295039e-02  -1.1854149e-02  -3.8557017e-03  -4.1003904e-03   5.1144671e-03
   1.9591867e-01   7.0688481e-02  -9.6281796e-04  -3.2745609e-03  -3.9781681e-03   5.2689609e-03
   1.8923635e-01   2.7508738e-02  -2.5126768e-02  -2.8109009e-03  -4.2261857e-03   5.3663936e-03
   2.1294056e-01   2.2246306e-01  -4.0319293e-02  -3.2418517e-03  -4.3308746e-03   5.4725208e-03
   1.9727782e-01  -1.6823725e-01  -5.0217253e-02  -2.3981541e-03  -3.7534077e-03   5.3564999e-03
   1.9836397e-01   4.3452922e-02  -3.7327872e-02  -2.1247991e-03  -3.7136691e-03   5.5255400e-03
   1.9967315e-01  -1.3188100e-02  -2.9616866e-02  -2.5074965e-03  -3.7205495e-03   5.4489909e-03
   1.9160045e-01   1.3371158e-02  -1.8314497e-02  -2.4558164e-03  -3.3868809e-03   5.3609634e-03
   1.9455639e-01   1.8484517e-02  -1.1850581e-02  -2.7035337e-03  -3.6236296e-03   5.2850032e-03
   1.9637735e-01   4.3350009e-02  -1.1026047e-03  -3.0216646e-03  -3.6740691e-03   5.2552968e-03
   2.0401174e-01   3.5340124e-02  -3.2867646e-02  -2.7373239e-03  -3.7006789e-03   5.5104107e-03
   1.9985744e-01   9.3319643e-03  -4.5863337e-02  -2.4973068e-03  -3.5634094e-03   5.4702647e-03
   2.0473210e-01   2.7894080e-02  -5.3407613e-02  -2.2071051e-03  -3.6904205e-03   5.6216787e-03
   2.0628568e-01   5.4355655e-02  -6.2750698e-02  -1.7582858e-03  -3.8333616e-03   5.6659434e-03
   2.1121148e-01   5.3127720e-02  -5.8110548e-02  -1.5164836e-03  -3.7219440e-03   5.8796084e-03
   2.5867077e-01  -9.6733463e-03  -2.3469691e-01   2.0995906e-03  -4.1021684e-03   7.3366433e-03
   2.3478069e-01  -7.6650848e-03  -1.9234083e-01   1.4812068e-03  -3.7206863e-03   6.4931822e-03
   2.3238678e-01  -1.5194212e-01  -1.8753323e-01   2.3619018e-03  -3.3991612e-03   6.6372222e-03
   2.2965539e-01  -4.9163884e-02  -1.3769683e-01   1.3172025e-03  -3.2738826e-03   6.4607695e-03
   2.3702640e-01   4.0576418e-03  -1.2845590e-01   7.4985491e-04  -3.5396828e-03   6.8251976e-03
   2.4004444e-01  -5.0145959e-02  -1.3068331e-01   1.0180031e-03  -3.5935180e-03   6.8847770e-03
   2.4523089e-01  -6.4213577e-02  -1.3041563e-01   8.8683589e-04  -3.7168833e-03   6.8407075e-03
   2.4898439e-01   2.9215160e-02  -1.2525141e-01   9.1858477e-04  -3.9277711e-03   7.1309250e-03
   2.4681535e-01  -3.6945488e-02  -1.3109902e-01   7.1265399e-04  -3.9494572e-03   7.0091255e-03
   2.3716418e-01  -4.3348158e-02  -1.4277260e-01   1.0469207e-03  -3.6400360e-03   7.0111172e-03
   2.4074675e-01   1.2278848e-02  -1.5231125e-01   6.8399636e-04  -3.8039379e-03   6.9043907e-03
   2.4808619e-01  -1.3017691e-02  -1.5166392e-01   7.8547906e-04  -3.6601430e-03   6.9300446e-03
   2.5223808e-01  -2.8018069e-02  -1.3620819e-01   6.5133804e-04  -3.9212733e-03   7.0578835e-03
   2.4808291e-01  -3.7962595e-02  -1.4289306e-01   9.7352275e-04  -3.6630997e-03   7.0282142e-03
   2.5833493e-01   3.8841288e-02  -1.5586405e-01   6.8269734e-04  -4.0464924e-03   7.0487025e-03
   2.5709833e-01   1.6004853e-02  -1.4042822e-01   6.3569649e-04  -3.9059071e-03   7.1622391e-03
   2.5079286e-01   1.3409302e-02  -1.2236616e-01   6.5309914e-04  -3.9306641e-03   7.1176907e-03
   2.4763886e-01  -3.8976076e-02  -1.4485758e-01   7.1795708e-04  -3.9257980e-03   6.9978930e-03
   2.7284491e-01  -8.6177765e-03  -1.5170581e-01   9.2885442e-04  -4.1040754e-03   7.8433112e-03
   2.6180984e-01  -6.8219397e-04  -1.4993597e-01   6.9071220e-04  -3.9042617e-03   7.1845750e-03
   2.5971165e-01  -1.2350882e-02  -1.5156006e-01   6.5281912e-04  -3.7921024e-03   7.1321453e-03
   2.5470453e-01   1.0060130e-02  -1.4543054e-01   5.6836870e-04  -3.5745285e-03   7.1469829e-03
   2.4994778e-01  -4.6812706e-02  -1.4907765e-01   5.8283075e-04  -3.5766653e-03   7.0753639e-03
   2.6357998e-01  -5.0763323e-02  -1.4372584e-01   3.6335713e-04  -3.8600263e-03   7.4224410e-03
   1.8201812e-01   1.9741446e-02  -1.2278148e-01  -6.1151436e-04  -3.0648050e-03   5.9600093e-03
   1.9484006e-01   1.0252397e-02  -1.2616735e-01  -8.9837099e-04  -3.1323990e-03   6.4579778e-03
   2.2275039e-01   3.8919937e-02  -1.4666699e-01  -5.0650681e-04  -3.5920291e-03   6.8959806e-03
   2.3036030e-01  -1.0376417e-01  -1.6049020e-01  -5.1558877e-05  -3.3918156e-03   6.7985318e-03
   2.4291869e-01   2.8372316e-02  -1.5277942e-01   3.2430939e-04  -3.8726269e-03   7.2421799e-03
   2.5098565e-01  -1.8323641e-02  -1.4307700e-01   2.4847104e-04  -3.9550804e-03   7.2257659e-03
   2.4842197e-01  -4.0668577e-02  -1.4030479e-01   3.1674366e-04  -3.7553420e-03   7.2101027e-03
   2.4489443e-01  -2.2393589e-02  -1.4876442e-01   3.6557306e-06  -3.7239737e-03   7.1876250e-03
   2.6351968e-01   4.8846194e-03  -1.5866197e-01   2.5167070e-04  -4.2575734e-03   7.5834944e-03
   2.5376166e-01  -2.0987786e-02  -1.6157646e-01  -9.8217102e-05  -4.0174101e-03   7.4074849e-03
   2.3975678e-01  -2.6257254e-02  -1.3887142e-01   1.5050740e-05  -4.1150587e-03   7.4072183e-03
   2.4066282e-01  -1.7767508e-02  -1.6220686e-01   6.9463452e-05  -3.9264281e-03   7.2584383e-03
   2.4581399e-01   1.6297519e-02  -1.4845354e-01  -1.5137586e-04  -4.1958068e-03   7.2369138e-03
   2.3870118e-01   1.6774022e-02  -1.5573710e-01   2.0265482e-04  -4.1082211e-03   7.3718415e-03
   2.3341176e-01  -3.6081573e-02  -1.4592883e-01  -1.6702527e-04  -4.0571683e-03   7.1131892e-03
   2.4663679e-01   1.4688045e-02  -1.4930625e-01  -2.9726889e-04  -4.2544334e-03   7.1247429e-03
   2.4637428e-01   3.0832194e-02  -1.3375674e-01  -4.7869499e-04  -4.3277215e-03   7.0722889e-03
   2.9044029e-01   1.0905444e-01  -1.5438178e-01   6.5722733e-04  -5.2062973e-03   8.2960650e-03
   2.6206830e-01  -9.7637557e-02  -2.1696760e-01   1.4214002e-04  -4.7953447e-03   6.9614711e-03
   2.4505345e-01  -4.4672741e-02  -1.7385341e-01   1.5717607e-04  -4.0891789e-03   7.0691639e-03
   2.3908857e-01  -1.8407263e-02  -1.4687545e-01  -3.3646334e-06  -4.0350865e-03   6.9557651e-03
   2.3460876e-01  -2.0559346e-02  -1.4222828e-01  -5.8263375e-05  -4.1944489e-03   6.8353008e-03
   2.3267846e-01   4.0159507e-03  -1.2763025e-01  -2.3379939e-04  -4.1082862e-03   6.7749114e-03
   2.3801408e-01  -1.3742471e-02  -1.3951057e-01  -2.3006632e-04  -3.8858775e-03   6.9417467e-03
   2.3576647e-01  -1.3591949e-02  -1.3955468e-01  -6.1977837e-04  -4.1612925e-03   6.7449110e-03
   2.3198922e-01   1.4843330e-02  -1.4029644e-01  -8.8466059e-04  -3.8869395e-03   6.6820289e-03
   2.2634616e-01  -1.7015201e-02  -1.5341330e-01  -8.4199304e-04  -3.6757457e-03   6.6161015e-03
   2.3157905e-01   2.1027156e-02  -1.5483638e-01  -8.8663622e-04  -3.7726552e-03   6.6907373e-03
   2.4164120e-01  -6.5307581e-03  -1.7641790e-01   3.8647197e-05  -4.2392520e-03   6.8578032e-03
   2.6883678e-01  -4.3477407e-02  -2.1686884e-01   1.5274192e-03  -4.5954340e-03   7.1714562e-03
   2.6735305e-01   4.4203642e-03  -2.5136625e-01   1.7815450e-03  -4.0776671e-03   7.1552975e-03
   2.5523994e-01  -9.4614809e-02  -2.0048515e-01   7.5861195e-04  -3.7270577e-03   6.9529065e-03
   2.5437161e-01   3.9016262e-02  -1.7878298e-01   2.3013697e-05  -3.4895787e-03   7.1141916e-03
   2.5474463e-01  -2.1984383e-02  -1.8701570e-01  -1.1234727e-05  -3.4166431e-03   7.0841322e-03
   2.4236173e-01  -3.1932866e-02  -1.7732138e-01  -1.8357868e-04  -3.2356892e-03   6.9492683e-03
   2.4858208e-01   3.8953037e-03  -1.8009055e-01  -2.3667487e-04  -3.5264255e-03   7.0292670e-03
   2.5284725e-01   2.2409703e-02  -1.7944194e-01  -2.3984420e-04  -3.4502905e-03   7.2260578e-03
   2.4791631e-01  -9.1832164e-03  -1.8007135e-01  -5.0273298e-04  -3.6681190e-03   7.1614441e-03
   2.4024743e-01  -1.8830993e-03  -1.8540621e-01  -2.7213886e-04  -3.2696591e-03   7.1454924e-03
   2.4016041e-01  -2.9912245e-03  -1.8821330e-01  -2.5700072e-04  -3.3194631e-03   7.0361015e-03
   2.5564160e-01   4.5501209e-02  -1.7102627e-01  -5.9597867e-04  -3.6662239e-03   7.2154161e-03
   2.5046313e-01  -4.2614955e-03  -1.7950526e-01  -4.9158911e-04  -3.2898586e-03   7.2698947e-03
   2.4151787e-01   1.9128600e-02  -1.7123562e-01  -2.8596549e-04  -3.2635136e-03   7.0282592e-03
   2.5161534e-01  -1.1517019e-02  -1.7581112e-01  -2.4036013e-04  -3.2421965e-03   7.0921163e-03
   2.7101792e-01   3.2300324e-03  -1.7627989e-01  -1.9603941e-04  -3.2584453e-03   7.6391087e-03
   2.5403513e-01   7.6400481e-03  -1.7024533e-01  -6.8865762e-04  -3.3019277e-03   7.2438433e-03
   2.3934092e-01   5.0588791e-02  -1.6285106e-01  -1.3255977e-03  -2.9290529e-03   7.0445272e-03
   2.4766117e-01  -3.2500970e-02  -1.7606295e-01  -6.5850590e-04  -3.0880719e-03   7.1993533e-03
   2.5090857e-01   1.4625964e-02  -1.7082977e-01  -9.8135391e-04  -3.2660359e-03   7.2595859e-03
   2.4689269e-01   2.7696294e-02  -1.6539546e-01  -1.0110687e-03  -3.1965149e-03   7.2973516e-03
   2.4712609e-01   4.6288917e-03  -1.8480682e-01  -1.0738342e-03  -3.0227436e-03   7.2252143e-03
   2.4595031e-01   2.0815795e-02  -1.7195330e-01  -8.8604347e-04  -3.0405235e-03   7.3516740e-03
   2.4427694e-01  -8.7668583e-03  -1.7029643e-01  -6.1782051e-04  -3.1648570e-03   7.2948877e-03
   2.4162131e-01   3.6608306e-02  -1.7955463e-01  -7.3907709e-04  -3.2755421e-03   7.3060384e-03
   2.6191013e-01   1.9853694e-01  -2.1359614e-01   3.9051786e-04  -4.1766972e-03   7.4647555e-03
   2.6679438e-01  -8.1775839e-02  -2.8019024e-01   5.5913753e-04  -3.0770285e-03   7.1785421e-03
   2.4219978e-01  -2.3169085e-01  -2.5428793e-01   1.0973371e-03  -2.6411264e-03   7.1696576e-03
   2.3719900e-01  -7.1775973e-03  -2.2268689e-01   1.0737504e-03  -2.6156233e-03   7.0502889e-03
   2.4497674e-01   1.2548469e-01  -2.5409112e-01   8.3648230e-04  -2.4757593e-03   7.4331718e-03
   2.3221205e-01  -1.4232777e-01  -2.1206124e-01   6.8163361e-04  -2.5231689e-03   6.9400053e-03
   2.3125162e-01   4.7428073e-02  -2.3167232e-01   4.9014868e-04  -2.2728086e-03   7.1824451e-03
   2.3295879e-01  -1.0088562e-01  -2.0442720e-01   2.5995717e-04  -2.5704992e-03   6.9504400e-03
   2.3724202e-01  -3.5577289e-04  -2.1277236e-01   3.3144355e-04  -2.5468647e-03   6.9641969e-03
   2.2510223e-01   1.1714698e-03  -2.0750683e-01   2.4216788e-04  -2.6655105e-03   6.9854166e-03
   2.1991102e-01  -2.0211079e-02  -2.1320973e-01   7.4887426e-05  -2.7333120e-03   6.9484338e-03
   2.3485665e-01   3.4417449e-02  -2.0206432e-01  -3.4619092e-04  -3.0793393e-03   7.2128986e-03
   2.3542306e-01  -6.1681802e-02  -2.3570626e-01   5.4345410e-05  -2.6152038e-03   7.0079124e-03
   2.5541519e-01   1.2238348e-01  -2.2034644e-01   1.0110496e-04  -3.6377454e-03   7.4656316e-03
