   0.0000000e+00   0.0000000e+00   0.0000000e+00   0.0000000e+00   0.0000000e+00   0.0000000e+00
  -2.8866131e-02   8.7843252e-02   4.9457025e-02  -7.8595122e-04   7.8866163e-05  -6.6495837e-04
  -3.4735757e-02   4.6730969e-02   5.6053658e-02  -1.2592522e-03  -2.1741703e-04  -6.3050124e-04
  -5.1759192e-02   3.6786392e-02   3.5429051e-02  -1.3132658e-03  -8.2634380e-04  -1.1620644e-03
  -8.6859062e-02   1.2648182e-02   7.0043921e-02  -7.1155169e-04  -1.4950607e-03  -1.6890627e-03
  -1.0206106e-01   1.3445005e-02   6.3671141e-02  -1.7846731e-03  -1.7992645e-03  -2.1232878e-03
  -8.6160227e-02   5.6887664e-02   6.2812127e-02  -2.2577237e-03  -2.1605389e-03  -2.2022412e-03
  -7.7861468e-02   1.2217689e-02   4.3672955e-02  -2.2517916e-03  -2.0640418e-03  -2.1242546e-03
  -7.8955425e-02  -1.1425089e-02   1.1855905e-02  -1.9489897e-03  -2.6930658e-03  -2.3254391e-03
  -4.9894256e-02  -1.3040993e-02   1.8555109e-03  -1.8124459e-03  -2.6127195e-03  -1.9897279e-03
  -5.8743823e-02   7.0825936e-04   9.4428328e-03  -2.2703458e-03  -2.4753973e-03  -2.3542531e-03
  -5.3898224e-02   3.5044107e-03   2.7786831e-03  -2.5400956e-03  -2.3773326e-03  -2.3034941e-03
  -4.3869965e-02  -7.1153959e-03  -2.9654947e-03  -2.2790550e-03  -2.6918354e-03  -2.2016305e-03
  -2.7507671e-02  -7.0188877e-03  -1.4762093e-02  -1.6936441e-03  -2.4004728e-03  -1.7827878e-03
  -5.1327137e-02  -8.7449740e-03  -1.9689118e-02  -2.0175355e-03  -2.8715999e-03  -2.1683122e-03
  -7.9288211e-02   3.6976901e-02   2.7398718e-02  -2.2132590e-03  -2.6952084e-03  -2.4942858e-03
  -1.4539234e-01   2.1778024e-03   6.2365400e-02  -2.4318115e-03  -2.9524993e-03  -3.2593274e-03
  -1.2016955e-01   4.2093311e-03   5.1727938e-02  -2.3051580e-03  -2.7702885e-03  -2.8926190e-03
  -1.0743571e-01   3.9944215e-03   4.2620268e-02  -2.0203418e-03  -2.9284846e-03  -2.6097032e-03
  -9.1721174e-02   3.5241954e-02   4.7745775e-02  -1.8154010e-03  -3.3506805e-03  -2.2479815e-03
  -8.5919829e-02   6.0647565e-03   5.1831795e-02  -1.4192329e-03  -3.4549919e-03  -2.4013587e-03
  -9.3681376e-02   7.4786513e-03   3.1192791e-02  -1.8352039e-03  -3.2199664e-03  -2.3902605e-03
  -8.9940716e-02   2.2458500e-02   3.3283982e-02  -1.6703198e-03  -3.2834763e-03  -2.5010812e-03
  -9.5383177e-02   1.4976438e-02   5.4438334e-02  -1.7198167e-03  -3.3503935e-03  -2.5009576e-03
  -9.5438938e-02   9.2858102e-03   6.2596806e-02  -1.8947221e-03  -3.5645995e-03  -2.7145048e-03
  -8.1493262e-02  -7.6335219e-03   4.6427404e-02  -1.4380575e-03  -3.9133947e-03  -2.6617108e-03
  -4.8689739e-02  -2.1567710e-03   2.1454615e-02  -1.3071693e-03  -3.4454947e-03  -2.2268720e-03
  -4.4147663e-02  -1.3969866e-02  -3.1452057e-02  -9.7218110e-04  -3.4665111e-03  -1.9108678e-03
  -6.7659487e-02   1.2144084e-02   4.6544295e-02  -1.2463911e-03  -3.5934955e-03  -2.0418773e-03
  -6.7108200e-02   1.9858038e-02   6.9829326e-02  -9.2270202e-04  -3.5743628e-03  -2.0024358e-03
  -8.8602142e-02   1.5372134e-02   5.5676162e-02  -1.1052360e-03  -3.5043962e-03  -2.2828529e-03
  -1.1012474e-01  -8.9957787e-03   5.4393335e-02  -1.8683806e-03  -3.9970518e-03  -2.8101050e-03
  -6.7241768e-02  -6.1399530e-03   7.0474448e-02  -1.5461247e-03  -4.1561300e-03  -2.1445143e-03
  -5.0435551e-02   8.1917937e-03   5.2891319e-02  -1.5096795e-03  -4.3028818e-03  -2.0116142e-03
  -3.9789606e-02  -6.3359221e-03   3.9022231e-02  -8.8673058e-04  -4.2762939e-03  -1.7745397e-03
  -1.2186286e-02   6.7800970e-03   4.4386926e-02  -1.1905641e-03  -4.5165203e-03  -1.2939825e-03
  -2.7708204e-03  -6.4790398e-03   5.3661571e-02  -1.2701984e-03  -4.5581963e-03  -1.1413568e-03
  -7.4243205e-03  -1.2895099e-02   6.9647562e-02  -1.1732724e-03  -4.8265809e-03  -1.1307381e-03
  -1.0103188e-02  -2.2747254e-02   5.9458693e-02  -1.1158323e-03  -4.7486938e-03  -9.6330648e-04
  -7.5934379e-03  -1.9013358e-02   5.5001686e-02  -1.2373632e-03  -4.9484277e-03  -1.0354597e-03
  -7.8539180e-03  -2.5772091e-02   2.7889398e-02  -1.1563353e-03  -4.7238638e-03  -9.5071094e-04
  -1.9008899e-02  -5.2358831e-03   4.1924604e-02  -1.0750502e-03  -4.5429472e-03  -1.0130863e-03
  -1.2509276e-02   3.9266324e-02   9.2243548e-02  -1.1679951e-03  -4.9539896e-03  -1.0702404e-03
  -3.1005382e-02   9.5533618e-03   1.1391756e-01  -1.3416431e-03  -5.0316899e-03  -1.2759045e-03
  -4.8663785e-02  -7.0527730e-03   7.4620360e-02  -1.1399242e-03  -5.5729766e-03  -1.5125030e-03
  -4.6086076e-02   2.6660116e-02   1.0267018e-01  -1.3735853e-03  -5.3390900e-03  -1.6061745e-03
  -4.3604963e-02  -8.3974302e-03   8.0831795e-02  -1.1205897e-03  -5.4982307e-03  -1.6793429e-03
  -1.0127553e-01   3.8692936e-02   7.5487919e-02  -6.1120777e-04  -6.2771601e-03  -2.5351537e-03
  -5.3492682e-02   3.6549235e-04   6.9817055e-02  -9.5919383e-04  -5.5953022e-03  -1.7194482e-03
  -3.0446599e-02   1.8091918e-02   7.8962137e-02  -1.1162469e-03  -5.5555328e-03  -1.4319058e-03
  -1.6470098e-02   7.1831938e-03   9.7786926e-02  -9.8392405e-04  -5.5668715e-03  -1.1963951e-03
   1.6854757e-03  -6.0314328e-03   8.3752042e-02  -1.0238454e-03  -5.4656533e-03  -1.1407111e-03
  -9.6959527e-03   1.7584414e-02   6.3243873e-02  -4.8820980e-04  -5.5138477e-03  -1.1826000e-03
  -5.6932556e-02   1.4656308e-02   5.6434882e-02  -9.3338067e-04  -5.4308837e-03  -1.6278652e-03
  -5.3619301e-02   4.2541992e-02   1.2685518e-01  -1.0837955e-03  -5.2027365e-03  -1.3366412e-03
  -5.7564745e-02  -2.4316232e-02   1.2295589e-01  -9.9416578e-04  -5.0076432e-03  -1.4744164e-03
  -4.3773014e-02   1.6172691e-02   9.8846934e-02  -1.3000857e-03  -5.2113520e-03  -1.6351461e-03
  -5.5785867e-02  -1.2877473e-03   7.9929507e-02  -1.1732969e-03  -5.5931290e-03  -1.8821946e-03
  -6.9398958e-02   2.7723005e-02   1.0091222e-01  -9.0337686e-04  -5.3378474e-03  -2.0226250e-03
  -6.3029897e-02   1.7781813e-02   5.8268903e-02  -5.5913238e-04  -6.1990763e-03  -2.3258516e-03
  -5.4442006e-02   1.7216601e-02   5.0423357e-02  -5.9949434e-04  -6.0628735e-03  -2.0550295e-03
  -4.3578621e-02   2.5418606e-02   2.7670280e-02   5.7341287e-04  -6.7157665e-03  -1.8255181e-03
  -3.9364186e-02   1.9445960e-02   3.1981535e-02   1.8157752e-04  -6.6241166e-03  -1.9904849e-03
  -4.5843701e-02  -7.8079254e-03   3.5096272e-02  -4.0226987e-05  -6.6659149e-03  -2.1430570e-03
  -4.8782803e-02   2.4772726e-02   3.1304353e-02  -2.0708094e-04  -6.2389607e-03  -1.9946936e-03
  -4.3610299e-02   9.2410597e-03   2.5696805e-02  -2.4221389e-04  -6.3729649e-03  -1.9496320e-03
  -2.6752963e-02  -1.9673724e-01  -8.0180875e-01   1.0566699e-02  -3.6916985e-03  -8.6427345e-04
  -4.9940387e-02  -1.1065656e-02  -5.4159852e-01   8.4498880e-03  -1.9510804e-03  -1.0838095e-03
  -1.1894840e-01   9.7485393e-02  -3.2237912e-01   5.7635982e-03  -3.2311542e-03  -2.4803236e-03
  -2.3698287e-01   5.4543479e-02  -1.4495302e-01   2.6808225e-03  -4.5796670e-03  -4.5474468e-03
  -2.0086670e-01   1.6025903e-02  -1.1502158e-01   2.0757958e-03  -4.5181155e-03  -3.9397349e-03
  -1.8874016e-01   9.9324913e-02  -6.5594225e-02   1.0414309e-03  -4.2764348e-03  -3.8598731e-03
  -1.9093776e-01   5.4035782e-02  -9.4983090e-02   5.2802901e-04  -3.9463399e-03  -3.7778101e-03
  -1.7688915e-01   5.9202641e-02  -9.8667156e-02   1.1042072e-03  -4.6739034e-03  -3.8653028e-03
  -1.8910491e-01   4.2976896e-02  -1.0835097e-01   9.3629781e-04  -4.8659633e-03  -4.0694618e-03
  -1.8397351e-01   4.4307716e-02  -9.8674079e-02   7.8588882e-04  -4.8762982e-03  -4.0244980e-03
  -2.1997553e-01   6.3474894e-02  -8.1063532e-02   1.0012933e-03  -5.3330409e-03  -4.5840626e-03
  -2.2552659e-01   4.8932217e-02  -7.2021476e-02   1.0997183e-03  -5.3863116e-03  -4.7577565e-03
  -2.3725441e-01   2.8250518e-02  -9.7723334e-02   9.3781734e-04  -5.0081022e-03  -4.6796161e-03
  -2.6166151e-01   2.6442316e-02  -1.0313471e-01   8.4426227e-04  -4.9178122e-03  -5.0835429e-03
  -2.5132994e-01   6.2308615e-02  -1.0362038e-01   1.3414422e-03  -4.8821690e-03  -4.6660195e-03
  -2.9355293e-01   8.2064585e-02  -6.2687444e-02   3.9455847e-04  -5.1560501e-03  -5.4840356e-03
  -3.3413773e-01   5.4558512e-02  -3.6323340e-02   9.8181073e-05  -5.6225631e-03  -6.1743952e-03
  -3.6637885e-01   6.2428051e-02  -1.4628250e-02   1.9982169e-04  -6.1402199e-03  -6.7216857e-03
  -3.8005119e-01   6.0022317e-02  -1.7229131e-02   2.1632414e-04  -6.6258672e-03  -7.0853366e-03
  -4.2033570e-01   6.8539893e-02  -4.0503281e-02  -1.2492021e-04  -7.3433718e-03  -7.7404556e-03
  -4.5122634e-01   7.1677705e-02  -6.1054298e-02   5.6118539e-05  -7.7264550e-03  -8.3412000e-03
  -4.4471285e-01   8.1992099e-02  -3.8011892e-02   2.5494748e-04  -7.5228645e-03  -8.2509954e-03
  -4.3673722e-01   6.2443171e-02  -3.5949987e-02   2.6133678e-04  -7.4334278e-03  -8.2219983e-03
  -4.5695548e-01   7.7327221e-02  -2.8364117e-02   1.4164097e-04  -7.7843542e-03  -8.6435147e-03
  -4.6404254e-01   7.2694067e-02  -2.5613978e-02   2.2513606e-04  -7.8639333e-03  -8.6329796e-03
  -4.6324480e-01   7.5581499e-02  -3.8035560e-02   1.8966347e-04  -7.9461100e-03  -8.6386626e-03
  -4.9409179e-01   6.7485566e-02  -4.5134485e-02   6.8186353e-04  -8.2789385e-03  -8.9637302e-03
  -5.1371771e-01   6.7772922e-02  -4.5357447e-02  -1.6901136e-04  -7.7605211e-03  -9.3208463e-03
  -5.4763307e-01   1.1056933e-01   9.0337683e-03  -5.0159453e-04  -8.2589779e-03  -9.9749418e-03
  -6.0052935e-01   1.2153049e-01   2.3821702e-02  -4.7466286e-04  -8.7254720e-03  -1.0525564e-02
  -6.1322914e-01   1.2389636e-01   1.7290637e-02  -3.4743591e-04  -8.8584124e-03  -1.1068021e-02
  -5.6248712e-01   1.0369586e-01  -5.1015108e-04  -1.9541301e-04  -8.8354957e-03  -1.0613744e-02
  -5.6197438e-01   7.4042132e-02   1.1305672e-02  -3.6066569e-04  -9.1046068e-03  -1.0808864e-02
  -5.3570322e-01   7.9152054e-02  -4.0151270e-02   9.4251589e-04  -9.0559613e-03  -1.0592045e-02
  -5.2203807e-01   8.0688789e-02  -5.0880118e-03   1.8831769e-05  -9.3056529e-03  -1.0459135e-02
  -5.2805431e-01   8.9656035e-02  -2.9357308e-03   7.0443406e-05  -9.4138436e-03  -1.0525490e-02
  -5.1820035e-01   6.7668869e-02  -2.3559681e-02   6.7041842e-04  -9.4811607e-03  -1.0375735e-02
  -5.3603786e-01   8.0280524e-02  -1.3711231e-02   3.5060191e-04  -9.4463278e-03  -1.0476479e-02
  -5.3713386e-01   6.2737703e-02  -7.1777663e-03   6.2017612e-05  -9.3847243e-03  -1.0464412e-02
  -5.5938830e-01   9.6885886e-02  -1.3390563e-02  -3.4032050e-04  -9.5386708e-03  -1.0708678e-02
  -5.5529248e-01   1.1227762e-01   9.2864880e-03  -3.7850988e-04  -9.4107206e-03  -1.0407584e-02
  -5.6094097e-01   8.1313960e-02   1.7818662e-02  -3.5308009e-04  -9.1711132e-03  -1.0460020e-02
  -5.6515202e-01   1.0802487e-01   7.9603840e-03  -5.1839273e-04  -9.3570370e-03  -1.0626365e-02
  -5.7081479e-01   1.1808525e-01   1.0350711e-02  -4.0333965e-04  -9.4282788e-03  -1.0650190e-02
  -5.5511745e-01   1.0645128e-01  -1.2282703e-02   1.1492345e-05  -9.6581419e-03  -1.0650821e-02
  -5.6535607e-01   1.1878282e-01  -2.5930452e-02   2.6457087e-04  -9.5083871e-03  -1.0757651e-02
  -5.8300102e-01   1.0903789e-01  -1.7284075e-02  -3.6170089e-04  -9.9190089e-03  -1.0994641e-02
  -5.7918174e-01   1.1198687e-01   5.5406973e-02  -2.7956024e-04  -9.7033269e-03  -1.0829106e-02
  -5.9227583e-01   9.5847313e-02   2.2276334e-02  -4.4038562e-04  -1.0089855e-02  -1.1119061e-02
  -5.9768779e-01   9.4560335e-02   2.1797718e-02  -5.4293568e-04  -1.0087309e-02  -1.1019108e-02
  -5.8933868e-01   8.7163160e-02   1.9615516e-02  -6.9657894e-04  -1.0055458e-02  -1.1092512e-02
  -5.8118963e-01   8.2361149e-02   3.5761083e-02  -8.4530242e-04  -1.0024895e-02  -1.1161893e-02
  -6.0425830e-01   1.1926851e-01   2.5786319e-04  -5.5302647e-04  -1.0185153e-02  -1.1227654e-02
  -6.1288179e-01   1.0565644e-01   2.0932939e-02  -7.5986747e-04  -1.0125973e-02  -1.1236315e-02
  -6.3801602e-01   1.2050486e-01   5.0432644e-02  -6.3832706e-04  -1.0354233e-02  -1.1659800e-02
  -6.4782070e-01   1.2700524e-01   6.6389297e-02  -9.7011198e-04  -1.0400118e-02  -1.1755876e-02
  -7.0674593e-01   1.3401006e-01   3.5107956e-02  -9.0325253e-04  -1.0174312e-02  -1.2448354e-02
  -6.1610189e-01   1.1512275e-01   3.4346824e-02  -2.1947249e-04  -1.0621125e-02  -1.1543975e-02
  -5.7938508e-01   1.0078424e-01   2.6625897e-02  -7.5646731e-04  -1.0649401e-02  -1.0996101e-02
  -5.8151279e-01   1.0741900e-01  -3.2167215e-04   6.8676403e-05  -1.0606328e-02  -1.0966365e-02
  -5.6391190e-01   1.0170418e-01   2.0478824e-02  -6.3855135e-04  -1.0678132e-02  -1.0824935e-02
  -5.6404520e-01   1.1497236e-01   2.2562640e-02  -6.5152185e-04  -1.0514321e-02  -1.0953011e-02
  -5.5398872e-01   1.0548715e-01   2.2274863e-02  -5.8214079e-04  -1.0742240e-02  -1.0848571e-02
  -5.4915077e-01   9.5976313e-02   2.0267882e-02  -4.6404042e-04  -1.0928276e-02  -1.0820894e-02
  -5.4476005e-01   9.9564980e-02   1.6663142e-02  -2.4837289e-04  -1.1052357e-02  -1.0641580e-02
  -5.5366155e-01   9.2459752e-02  -9.8114416e-05  -4.2358203e-04  -1.0773416e-02  -1.0648838e-02
  -5.5533422e-01   1.2851455e-01   3.0162188e-02  -3.9657180e-04  -1.0813942e-02  -1.0582366e-02
  -5.4964519e-01   1.2010978e-01   5.5207440e-02  -4.8718330e-04  -1.0736652e-02  -1.0464690e-02
  -5.4360424e-01   1.2888950e-01   7.3222215e-02  -6.7944991e-04  -1.0691456e-02  -1.0261427e-02
  -5.3067890e-01   1.2147372e-01   4.0506276e-02  -3.4830259e-04  -1.0762312e-02  -1.0005388e-02
  -5.1628706e-01   1.2358226e-01   3.8029602e-02  -5.8861504e-04  -1.0986377e-02  -9.9775221e-03
  -5.0487416e-01   1.0656057e-01   2.9800666e-02  -7.0083474e-04  -1.0780573e-02  -9.8389932e-03
  -4.8577144e-01   1.2085529e-01   5.7530198e-03  -6.2342550e-04  -1.0945832e-02  -9.4493421e-03
  -4.7741725e-01   1.1433301e-01   1.3011926e-02  -4.8383392e-04  -1.1059931e-02  -9.4380711e-03
  -4.8158192e-01   9.3905315e-02   4.1977760e-02  -4.9614261e-04  -1.1145913e-02  -9.5270350e-03
  -4.8596272e-01   7.4774626e-02   3.6378192e-02  -3.8552142e-04  -1.1062812e-02  -9.5527356e-03
  -4.8765093e-01   9.2441341e-02   3.1595181e-02  -3.8837559e-04  -1.1145742e-02  -9.4694634e-03
  -4.5486379e-01   9.8067253e-02   2.4743131e-02  -2.2896226e-04  -1.1097927e-02  -9.1627852e-03
  -4.7697077e-01   1.1766247e-01  -1.2440288e-03   1.2667673e-04  -1.1021413e-02  -9.1736429e-03
  -5.1424065e-01   1.1271834e-01   2.9124065e-02  -1.7430296e-04  -1.0919125e-02  -9.3761942e-03
  -5.1906363e-01   1.0474759e-01   5.3692323e-02  -1.6444814e-04  -1.0893980e-02  -9.6095260e-03
  -5.2583782e-01   1.2462588e-01   6.1482852e-02  -8.4115219e-04  -1.1067872e-02  -9.9112067e-03
  -5.3317155e-01   1.1710448e-01   1.6531691e-02  -1.3934018e-04  -1.1031951e-02  -9.9576545e-03
  -4.9993328e-01   1.3028946e-01   1.2756742e-02  -3.8181812e-04  -1.1281114e-02  -9.8872590e-03
  -5.0941519e-01   1.1762365e-01   4.4357216e-03  -3.9369622e-04  -1.1480257e-02  -9.9884747e-03
  -5.3427318e-01   1.1477158e-01   7.7267390e-03  -4.8570731e-04  -1.1599198e-02  -1.0338601e-02
  -5.3346516e-01   1.0764406e-01   2.4848660e-02  -2.2386544e-04  -1.1698187e-02  -1.0483725e-02
  -5.4038238e-01   1.1050672e-01   2.7773044e-02  -6.5285404e-05  -1.1454079e-02  -1.0449609e-02
  -5.2502453e-01   1.0039683e-01   2.7596205e-02   1.2448752e-04  -1.1520015e-02  -1.0152152e-02
  -5.1956421e-01   9.5017936e-02   5.4466394e-02   2.9141663e-05  -1.1484628e-02  -1.0148334e-02
  -5.0884494e-01   9.3405483e-02   5.6189053e-02  -1.5607588e-04  -1.1404665e-02  -9.9507968e-03
  -5.1916017e-01   9.6333866e-02   2.6927702e-02  -3.4014553e-04  -1.1386792e-02  -9.9814073e-03
  -5.0789929e-01   1.0497131e-01   3.6180923e-02  -3.8776979e-04  -1.1152136e-02  -9.8306813e-03
  -5.0118891e-01   1.2903830e-01   3.0822540e-02  -4.0389006e-04  -1.0782343e-02  -9.8966466e-03
  -5.3631508e-01   1.3530957e-01   2.1961721e-02  -7.5683318e-05  -1.1155705e-02  -1.0043374e-02
  -5.1413737e-01   1.2898327e-01   1.9869075e-02  -1.1231171e-04  -1.1250906e-02  -1.0006035e-02
  -5.0414213e-01   1.1264532e-01   1.4849384e-02  -2.1705374e-04  -1.1388604e-02  -1.0184381e-02
  -5.2581522e-01   1.3747065e-01  -2.1275677e-02   8.1854161e-05  -1.1691992e-02  -1.0614344e-02
  -5.0653447e-01   1.1830523e-01  -2.0996140e-03  -4.9921857e-06  -1.1748228e-02  -1.0337353e-02
  -5.0390137e-01   1.0354550e-01   5.4801490e-03   1.2163630e-04  -1.1773289e-02  -1.0176633e-02
  -5.1666575e-01   1.0208204e-01   6.2764663e-03   1.9322895e-04  -1.1930805e-02  -1.0386381e-02
  -5.1746506e-01   1.1122951e-01  -8.0768582e-03   3.7045308e-04  -1.2002875e-02  -1.0313110e-02
  -5.0114956e-01   1.2218899e-01  -1.7730124e-02   2.1211725e-04  -1.1870670e-02  -1.0225316e-02
  -5.1047387e-01   1.2420399e-01  -2.0760418e-03   1.8995814e-04  -1.2049257e-02  -1.0335442e-02
  -5.6459790e-01   9.2025010e-02  -2.6692136e-02   2.3986253e-05  -1.1986783e-02  -1.0979952e-02
  -6.0919654e-01   1.5688950e-01  -4.1648581e-02   3.4724544e-04  -1.2182092e-02  -1.1621330e-02
  -6.0703907e-01   1.5562228e-01   1.6285766e-02  -2.6242492e-04  -1.1855856e-02  -1.1593901e-02
  -5.9579580e-01   1.3226110e-01   1.9675499e-03   1.6390120e-04  -1.1719413e-02  -1.1288641e-02
  -5.8968148e-01   1.4329527e-01   2.5051195e-02  -1.1976724e-04  -1.2056382e-02  -1.1117400e-02
  -5.8783018e-01   1.4333285e-01   7.8164969e-04   4.3395881e-04  -1.2015766e-02  -1.1214285e-02
  -5.7636074e-01   1.3252891e-01   3.5351910e-03  -6.3962694e-05  -1.1994659e-02  -1.1335453e-02
  -5.5900678e-01   1.2644540e-01   1.0100729e-03   3.3487502e-05  -1.2134018e-02  -1.1100068e-02
  -5.6526661e-01   1.2863988e-01   5.5426152e-03  -9.4938620e-05  -1.2139357e-02  -1.1152871e-02
  -5.5930127e-01   1.3015954e-01  -8.5572070e-03   1.0021160e-05  -1.2243251e-02  -1.0854980e-02
  -5.5786211e-01   1.0189043e-01  -6.1116123e-03  -7.2626825e-06  -1.2189471e-02  -1.0972759e-02
  -5.4407300e-01   1.3339388e-01  -1.0707427e-02   4.5060271e-05  -1.2169966e-02  -1.0919084e-02
  -5.3520284e-01   1.2428033e-01   1.2562201e-03   3.1773495e-04  -1.2377750e-02  -1.0731094e-02
  -5.5012706e-01   1.2530683e-01   2.8560411e-02   1.2040234e-04  -1.2511309e-02  -1.0897556e-02
  -5.5810870e-01   1.1262158e-01   2.3509146e-02   9.3016698e-05  -1.2642938e-02  -1.0983068e-02
  -5.6540103e-01   1.3301786e-01   1.7967222e-02   1.9202946e-04  -1.2742788e-02  -1.1090866e-02
  -5.5810900e-01   1.3337081e-01   4.1948892e-02  -7.8228347e-05  -1.2776071e-02  -1.0825448e-02
  -5.7407343e-01   1.4686886e-01   3.3842370e-02  -3.8607618e-04  -1.2715402e-02  -1.0932999e-02
  -5.6364914e-01   1.3336642e-01   2.1080963e-02  -4.0178412e-04  -1.2475732e-02  -1.0746935e-02
  -5.5646172e-01   1.3493216e-01   1.7068986e-02  -1.8288308e-04  -1.2470768e-02  -1.0773589e-02
  -5.6125415e-01   1.4683848e-01   3.4856280e-02  -2.4030283e-05  -1.2725339e-02  -1.0935577e-02
  -5.5175359e-01   1.2214815e-01   3.0513629e-02   2.1416546e-04  -1.2823516e-02  -1.0759904e-02
  -5.4543587e-01   1.3843765e-01   3.6047481e-02   1.0001257e-04  -1.2812325e-02  -1.0714253e-02
  -5.5029436e-01   1.3385974e-01   1.5571704e-02   1.7432098e-04  -1.2693106e-02  -1.0668735e-02
  -5.2605490e-01   1.4391636e-01   2.1094896e-02   2.6048760e-04  -1.2846700e-02  -1.0417733e-02
  -5.1931165e-01   1.3574025e-01   3.4408030e-02   1.4408596e-04  -1.2898797e-02  -1.0373105e-02
  -5.2318784e-01   1.3388302e-01   3.1855838e-02   4.0203705e-04  -1.3198291e-02  -1.0154055e-02
  -5.6915909e-01   1.2430419e-01   5.8911740e-02   4.1103296e-04  -1.3204342e-02  -1.0619145e-02
  -6.0028851e-01   1.3970848e-01   7.8031297e-02   4.1279971e-04  -1.3883126e-02  -1.1214622e-02
  -5.8507343e-01   1.3882027e-01   7.6523378e-02   2.6837826e-04  -1.3668136e-02  -1.1001899e-02
  -5.8500419e-01   1.4268639e-01   4.4744389e-02   8.1859647e-05  -1.3702150e-02  -1.0958570e-02
  -5.9527320e-01   1.4726076e-01   4.1023145e-02   2.8899907e-04  -1.3742510e-02  -1.1227406e-02
  -6.1788119e-01   1.4806655e-01   4.4666227e-02   2.4831912e-05  -1.3633937e-02  -1.1527797e-02
  -6.2487883e-01   1.1829179e-01   3.4984089e-02   2.5654591e-05  -1.3683947e-02  -1.1724575e-02
  -6.2930841e-01   1.2985291e-01   4.6686089e-02   2.1866751e-04  -1.3818197e-02  -1.1669617e-02
  -6.0023614e-01   1.1760898e-01   5.0965274e-02   6.2626004e-04  -1.4206989e-02  -1.1545938e-02
  -5.9909283e-01   1.1502292e-01   4.7751217e-02   5.7724647e-04  -1.4254130e-02  -1.1454808e-02
  -5.9364451e-01   1.0556199e-01   3.2797600e-02   4.3456741e-04  -1.4233553e-02  -1.1386701e-02
  -5.8282982e-01   1.1737551e-01   3.6567055e-02   4.4761051e-04  -1.4211850e-02  -1.1309010e-02
  -6.1268433e-01   1.2643685e-01   1.7927168e-02   3.4752849e-04  -1.3909749e-02  -1.1507426e-02
