   0.0000000e+00   0.0000000e+00   0.0000000e+00   0.0000000e+00   0.0000000e+00   0.0000000e+00
   1.4446524e-03   5.6386702e-02   1.0355831e-02  -4.5107303e-04   5.3980820e-05   3.2593015e-04
  -1.2102972e-02   5.3386906e-02   3.6701169e-03  -9.8861997e-04   1.3345998e-04   1.4389157e-04
  -1.3554229e-02   5.9960294e-02   3.5769302e-02  -1.5783442e-03   4.9910040e-04  -2.7747699e-05
  -1.4681647e-02  -1.8531483e-02   5.6340894e-03   6.0178744e-04   3.6431171e-04  -2.0698562e-04
  -2.1059369e-02   6.3216244e-02   4.3445261e-02  -1.7188953e-03   6.7862292e-04  -1.4917604e-04
  -8.1753080e-03  -5.5612042e-02   3.8242065e-02  -6.4545954e-04   9.2555685e-04   3.5554376e-05
  -1.4913322e-02   8.2488119e-02   7.7673888e-02  -2.4091547e-03   1.2876392e-03   3.9825642e-06
  -9.6005377e-03  -5.2390494e-03   7.4943194e-02  -2.5572621e-03   1.7975917e-03   1.3685627e-04
   3.7031980e-03  -1.0491827e-02   5.3767520e-02  -8.9518078e-04   1.2770931e-03   3.0441381e-04
  -4.0003747e-03  -6.5055819e-03   6.4956068e-02  -1.9049471e-03   1.3702461e-03   1.8756761e-04
   1.4418993e-03  -1.3361812e-02   5.5463938e-02  -1.5541103e-03   1.0039693e-03   2.8963489e-04
   2.4054496e-02   2.2195460e-03   6.1986062e-02  -1.9061720e-03   9.2321119e-04   5.9824307e-04
   5.5284633e-03  -1.0348418e-02   5.7026543e-02  -1.5509607e-03   1.4763175e-03   3.0242501e-04
   2.0767908e-02  -1.2495521e-02   1.1460504e-02   2.4768880e-04   7.9562272e-04   5.6658644e-04
   2.9907051e-03  -5.6390164e-03   5.8176546e-02  -6.1953951e-04   8.5061837e-04   1.7501336e-04
  -1.0558488e-03   7.5797736e-02   6.7079146e-02  -1.0920197e-03   9.3703481e-04   2.9110041e-04
  -8.1202170e-04   4.3487506e-02   5.6291806e-02  -7.5791818e-04   6.4498596e-04   2.2635396e-04
  -9.6157277e-04   1.0940253e-02   4.4867418e-02  -6.7860048e-05   6.5616550e-04   2.1460555e-04
   7.2191534e-03   8.1167182e-02   4.6981319e-02  -9.6297623e-04   8.5163277e-04   3.9770092e-04
   7.5250113e-03   1.3062795e-02   4.5865376e-02  -1.4225049e-03   8.7454792e-04   3.4920992e-04
   2.2982227e-03  -6.5523562e-03   4.3261831e-02  -1.4387058e-03   9.6293372e-04   2.7741098e-04
  -3.6762013e-03  -1.0074705e-02   5.6363134e-02  -1.5954773e-03   1.2083383e-03   2.0409779e-04
  -1.4060774e-02   1.5463347e-04   5.9313146e-02  -1.1940026e-03   1.2287704e-03   6.1171293e-04
  -1.2405535e-03   3.4590087e-02   7.2594039e-02  -1.8695068e-03   1.0799959e-03   6.2736881e-04
   3.6424895e-03  -1.7613243e-02   6.9663812e-02  -2.0055658e-03   1.2367544e-03   6.1580849e-04
   1.0268199e-02  -2.1271582e-02   5.4676331e-02  -1.3740462e-03   1.2619175e-03   6.2805203e-04
   1.3457109e-02  -5.2490156e-03   3.3365514e-02  -4.0998171e-04   7.8622704e-04   7.0618914e-04
  -3.8213256e-03   7.8854069e-03   7.3256266e-02  -1.4421682e-03   1.2866425e-03   4.0164924e-04
   4.8163029e-03   2.9779830e-02   6.7982491e-02  -1.1452293e-03   1.0895846e-03   6.0843562e-04
  -3.3704042e-03   6.3430371e-03   7.2037146e-02  -1.2792140e-03   1.0845217e-03   5.3249085e-04
  -5.3352168e-04   1.2563127e-02   5.3313459e-02  -9.4394346e-04   1.0957256e-03   5.8329045e-04
   1.2472024e-02   1.1092087e-02   7.0209591e-03  -9.5130202e-04   8.7899342e-04   6.8250881e-04
   3.1004284e-03  -3.1261424e-03   5.0605152e-02  -1.8569503e-03   1.1422682e-03   3.2790483e-04
   6.2358704e-03   2.4669539e-03   5.9973013e-02  -1.5186627e-03   1.3533276e-03   2.1592659e-04
  -6.1154129e-03  -1.8171035e-02   7.4546299e-02  -1.0506758e-03   1.0954480e-03   3.4321708e-04
   1.9273148e-04  -3.0731950e-02   5.6490669e-02  -7.7213330e-04   1.1568096e-03   1.5507388e-04
   2.5520235e-04  -1.4268834e-02   5.7806532e-02  -1.4840610e-03   9.3000780e-04   2.1471797e-04
   2.8809800e-03  -4.1797265e-02   5.4977916e-02  -1.4028770e-03   8.7210525e-04   2.5635698e-04
  -7.9586705e-03  -9.9565567e-03   3.6832974e-02  -1.2094449e-03   1.0655513e-03   7.0782000e-05
  -4.1367016e-03   2.6397101e-03   1.5723736e-02  -1.3608620e-04   8.6066687e-04   1.5204166e-04
   5.6765891e-03   4.6998033e-02  -4.8944324e-03   5.2926397e-04   6.2295672e-04   5.7961877e-04
   1.0545642e-02   3.3005129e-02   1.0301629e-02  -1.8710155e-04   3.7297804e-04   3.1515146e-04
   4.5411306e-03  -2.4569515e-02   1.4841597e-03   2.4934678e-04   6.6427625e-04   3.2440626e-04
  -4.1995205e-03   4.2856321e-02   6.1550318e-02  -1.2703598e-03   8.2341596e-04   1.5416347e-04
   2.5269640e-03  -2.6447972e-02   5.8820710e-02  -1.2962786e-03   1.1554333e-03   8.4376199e-05
   4.3600611e-03  -2.8567478e-02   4.1748139e-02  -1.3798573e-03   1.1069533e-03   9.9847811e-05
  -2.6996529e-03  -1.6553660e-02   4.9661302e-02  -1.6151096e-03   1.2102545e-03   8.6645467e-05
  -2.3655638e-03  -3.3006558e-02   3.2623048e-02  -1.3672917e-03   1.0258689e-03   1.6357508e-04
  -2.6933797e-03  -3.0417440e-03  -3.5444928e-03  -1.1665695e-03   1.0341747e-03   1.5085423e-04
   1.0319775e-02   3.7639564e-02   1.6452114e-02  -1.2793201e-03   1.1161842e-03   5.0835141e-04
   9.5168161e-03  -1.8668178e-02   8.9811939e-03  -1.3451975e-03   1.2241037e-03   4.2159304e-04
   1.5936281e-02  -4.7932824e-03   4.1199750e-03  -1.1855365e-03   1.1789625e-03   4.6338082e-04
   1.2602887e-02   2.0099143e-02   5.7699389e-04  -3.6673792e-04   1.0131733e-03   5.2729132e-04
   2.3263814e-02   8.1225898e-02  -1.6669351e-02   1.1479926e-04   1.0643419e-03   8.9545665e-04
   1.6682628e-02  -2.1412461e-02  -8.0571641e-03  -4.4274400e-04   1.1067069e-03   6.8950899e-04
   9.8960785e-04   4.5619367e-02   3.7210330e-02  -1.1598032e-03   1.2610154e-03   2.2839854e-04
   9.8058153e-03  -1.1463806e-02   5.0363602e-02  -9.0640834e-04   1.1129174e-03   3.4155584e-04
   1.7512914e-02  -2.5741755e-02   6.0677328e-02  -1.3929652e-03   1.4828525e-03   5.0179782e-04
   1.0146890e-02  -1.4234612e-02   6.4978059e-02  -1.7162275e-03   1.5125311e-03   4.5492465e-04
  -2.5824921e-03   6.6583704e-03   6.4957562e-02  -1.7869225e-03   1.4933015e-03   5.2682536e-04
  -1.2405408e-03  -1.3233441e-02   4.0233436e-02  -1.4985046e-03   1.6197842e-03   6.5948376e-04
  -8.9011007e-03   9.7207895e-05   4.7355031e-02  -1.5581188e-03   1.8445392e-03   5.7882908e-04
  -1.1333750e-03   1.7199182e-03   3.4741991e-02  -1.4849379e-03   1.6776643e-03   5.5827095e-04
  -3.5597071e-03   5.2295834e-03   3.7341774e-02  -1.3954459e-03   1.6004811e-03   4.5567218e-04
   1.5642423e-02  -1.0628543e-02   1.0293607e-02  -5.4220031e-04   1.4206719e-03   6.7465360e-04
   6.8679686e-03  -6.4827070e-03   1.3742815e-02  -9.8492999e-04   1.5343632e-03   7.4445216e-04
   1.4802007e-02   7.7644887e-02  -4.3632371e-02   3.7277055e-04   6.8102214e-04   8.8671194e-04
   1.2009248e-02   4.8919569e-02  -1.7463503e-02  -3.4923565e-04   9.4755682e-04   7.2634881e-04
   5.1797565e-03   4.7019691e-02  -1.7977323e-02  -2.2670929e-04   9.6133752e-04   5.2510608e-04
  -2.6590848e-05  -1.5142995e-02  -1.7035508e-02   4.6718934e-04   7.6507659e-04   4.3811073e-04
   9.4369148e-05   2.1714878e-02   8.2845203e-03  -1.4800238e-03   1.3271683e-03   4.2548961e-04
  -8.8827081e-04   2.2585463e-02   1.8139643e-02  -1.6553878e-03   1.5477691e-03   4.4231622e-04
   2.3156408e-02   4.4275025e-02  -5.5123322e-02   7.6208082e-04   1.3663752e-03   1.0122857e-03
   3.7869658e-02   3.3733787e-02  -5.8316875e-03  -9.4956603e-04   1.2930600e-03   9.1380187e-04
   2.8186366e-02   1.5516687e-02  -4.6972151e-04  -1.0070624e-03   1.3578018e-03   8.9437823e-04
   1.8632102e-02  -1.7298786e-02   5.0273048e-03  -1.0251235e-03   1.4756017e-03   7.0717503e-04
   2.9467721e-03   1.9780241e-02   4.5944106e-03  -1.0905045e-03   1.5464994e-03   7.1105849e-04
   1.4121690e-02   1.8014752e-02  -2.2751487e-02  -1.1318665e-03   1.6828617e-03   7.8938939e-04
   5.0847048e-03   4.2431156e-02  -1.8503070e-02  -6.4079781e-04   1.5434934e-03   8.2076049e-04
   7.1323441e-04  -5.7522994e-02  -1.1488427e-02  -1.0952287e-03   1.5664717e-03   6.1636302e-04
  -6.9901214e-03   5.8679163e-02  -1.5772543e-02  -1.1835175e-03   1.4471012e-03   5.0513573e-04
  -1.2181506e-02   6.8123563e-02  -7.3404337e-02   1.8665957e-03   9.9569468e-04   4.1968556e-04
  -2.1649358e-02  -3.3979001e-02   4.4154673e-03  -5.0642057e-04   1.0957952e-03   2.4894823e-04
  -6.2708556e-03   3.7663556e-02   3.1748534e-03  -7.4706341e-04   1.5281196e-03   5.0585757e-04
  -1.3046333e-03  -8.9655689e-03  -6.9046656e-03  -6.9242645e-04   1.4099861e-03   5.9905354e-04
  -1.7322967e-02  -1.6694515e-03  -2.6081375e-02  -7.0683933e-04   1.3774282e-03   3.3099914e-04
  -2.6950438e-02   5.5385433e-02  -4.7298008e-03  -9.6407088e-04   1.5145938e-03   3.5825107e-04
  -2.9533567e-02   5.2220937e-03   2.1094314e-03  -8.3360821e-04   1.5146941e-03   1.4634171e-04
  -3.2768650e-02   1.6186317e-02  -1.9730575e-03  -6.8749478e-04   1.4551050e-03   2.1895144e-04
  -4.0386027e-02   1.0907117e-02   3.9102714e-03  -7.6406506e-04   1.9311608e-03   4.2882243e-04
  -3.4293815e-02   3.9986476e-02   5.8093820e-04  -1.0811951e-03   1.8734969e-03   3.7285558e-04
  -2.2229879e-02   4.4799942e-02  -5.7910793e-02   2.2555521e-04   1.4497269e-03   8.7055888e-04
  -3.0279882e-02   8.4310370e-02  -6.2833870e-02   2.0836695e-04   1.1574820e-03   5.6167674e-04
  -3.5913586e-02   5.7234568e-02  -3.5786788e-02  -3.5668796e-04   1.2743143e-03   3.1644936e-04
  -1.3384476e-02   8.2071312e-03  -5.3515982e-03  -4.6236040e-04   1.3916292e-03   4.7868041e-04
  -3.7079823e-02  -4.4841956e-03   1.0619238e-02  -1.0636618e-03   1.8758434e-03   2.8850750e-04
  -3.7446846e-02   2.3339816e-02  -2.5430076e-03  -1.3006591e-03   1.9103887e-03   4.7503204e-04
  -2.2506748e-02   3.7101672e-02  -4.8067076e-02  -1.7937868e-04   1.7000630e-03   7.7157472e-04
  -3.7553697e-02   2.6444016e-02  -3.7655748e-02   5.9174703e-05   1.9339035e-03   6.8587443e-04
  -4.9389512e-02   7.7592716e-03  -1.4308336e-02  -8.0437458e-04   1.9146363e-03   1.2111384e-04
  -3.6633717e-02   1.1904606e-02  -1.6319963e-02  -9.8641871e-04   1.9971484e-03   4.1924231e-04
  -2.4682225e-02   2.0992383e-04  -3.9314911e-02  -9.1352753e-04   1.8197758e-03   6.3850830e-04
  -2.9227456e-02   2.8900247e-02  -5.9424170e-02  -3.4423166e-04   1.7591010e-03   3.6691673e-04
  -1.8258699e-02   1.8245921e-02  -4.8528825e-02  -6.8064550e-04   2.0543107e-03   6.6405932e-04
  -3.8146757e-03   8.4321725e-03  -6.1929939e-02  -5.1674455e-04   2.0196126e-03   6.4788183e-04
  -2.5899682e-02   5.1537751e-02  -7.3497203e-02  -2.7791933e-04   1.6687121e-03   4.0334299e-04
  -4.7179249e-02   9.5028479e-02  -6.6854028e-02  -6.3713367e-04   2.0140165e-03   2.6072526e-04
  -4.7915030e-02   5.6161675e-02  -6.5361652e-02  -5.5121324e-04   1.8923505e-03   2.6719663e-05
  -3.7725354e-02  -1.7314221e-02  -8.1311033e-02   1.3823297e-03   1.5981849e-03   3.2979408e-04
  -3.9326478e-02   7.5319020e-02  -5.3674798e-02  -3.1495371e-04   2.1707770e-03   2.7141509e-04
  -4.3318807e-02   2.7300006e-02  -4.1844877e-02  -5.9972586e-04   2.2774928e-03   2.1022613e-04
  -2.7713384e-02   4.4032029e-02  -1.0648823e-01   1.6015075e-03   1.8871657e-03   6.5321572e-04
  -3.8663411e-02   5.9307554e-02  -8.3203604e-02   3.1357966e-04   1.7948663e-03   2.9348068e-04
  -5.2885772e-02   5.7345006e-02  -8.2396000e-02  -5.3814458e-04   2.0212336e-03  -5.6799375e-05
  -4.5258649e-02   5.9261940e-02  -8.6594606e-02  -1.7442155e-04   2.0733566e-03  -4.5417566e-05
  -3.6970737e-02   3.6371776e-02  -8.8608755e-02  -2.8158441e-04   1.9256014e-03   2.4314538e-05
  -5.4582248e-02   3.1641464e-02  -8.3552615e-02  -4.5503377e-04   2.1155402e-03  -1.2016608e-04
  -4.5682575e-02   7.9279443e-02  -1.0535768e-01   7.2001724e-04   1.8226651e-03   2.6065800e-04
  -4.7308867e-02   9.6896412e-02  -9.4925926e-02  -3.2539049e-04   1.7219809e-03  -1.8335779e-07
  -5.1028710e-02  -6.4240020e-03  -1.1884887e-01   6.5359299e-04   1.4287626e-03  -7.0052583e-05
  -5.7798784e-02  -1.0712730e-02  -6.7175654e-02  -3.0112219e-04   2.0296738e-03  -2.7974696e-04
  -6.0441818e-02   5.0404769e-02  -6.7978236e-02  -6.6290985e-04   1.9920591e-03  -2.4567869e-04
  -4.8829804e-02   3.8886739e-02  -1.0543823e-01   6.7004102e-04   2.0119371e-03   7.5254864e-05
  -5.7276648e-02   5.0496404e-02  -9.3958707e-02  -4.4259711e-04   2.1155748e-03  -3.5762350e-05
  -6.3652407e-02   7.7798778e-02  -1.6171617e-01   2.9222651e-03   2.1143310e-03  -7.8573489e-05
  -7.9473007e-02   4.4582055e-02  -8.7218149e-02  -2.5661359e-04   2.4656975e-03  -4.3715081e-04
  -5.4497427e-02   7.2193333e-02  -8.2225190e-02   2.4517665e-04   2.0308825e-03   6.7993402e-05
  -5.9698801e-02   4.3125960e-02  -6.0938208e-02  -3.1247483e-04   2.1971871e-03  -5.2529334e-05
  -5.5147613e-02   3.1270432e-02  -6.5429390e-02  -1.5432536e-04   2.1661158e-03   6.3708618e-05
  -5.2030628e-02   3.3588642e-02  -7.2467891e-02  -3.3303170e-04   2.2560978e-03   1.9300967e-04
  -5.3925683e-02   5.2463409e-02  -8.7167468e-02   2.7589141e-04   1.8427021e-03   3.1673507e-04
  -4.9457340e-02   9.7039252e-02  -9.4536893e-02   4.9970317e-04   1.6334394e-03   4.3190305e-04
  -6.1926751e-02   5.4444831e-02  -4.9137620e-02  -4.3440472e-04   1.8967051e-03  -4.6630696e-05
  -3.9579702e-02   3.7090599e-02  -6.9788181e-02   4.9149468e-04   1.3629408e-03   7.0448806e-05
  -5.5195339e-02   3.0123104e-02  -4.2476284e-02  -8.9279661e-04   1.9995578e-03  -1.5182647e-04
  -4.6781549e-02   5.3891570e-02  -3.1172830e-02  -6.3674603e-04   2.3809305e-03   1.0796679e-04
  -4.5947282e-02  -5.2530515e-03  -3.5010173e-02  -7.1656432e-04   2.3636663e-03   1.7356052e-04
  -4.8012671e-02   2.1455331e-02  -6.9635815e-02   5.0100921e-04   2.3563136e-03   2.5050800e-04
  -5.0392226e-02   1.5225768e-02  -5.7007093e-02  -4.1856697e-04   2.6185507e-03   1.5125478e-04
  -5.4076027e-02   2.1500664e-02  -6.0308869e-02  -1.2746826e-03   2.6320662e-03   2.6970888e-04
  -4.8841372e-02   4.3926489e-02  -1.1244806e-01  -7.2668029e-04   2.5573881e-03   4.2803216e-04
  -3.1999806e-02   1.8313558e-02  -7.2427724e-02  -6.2203805e-04   2.5250123e-03   5.9221332e-04
  -6.0602153e-02   3.4993526e-04  -6.1901259e-02  -5.0110781e-04   2.6469633e-03   1.3511704e-04
  -4.8920880e-02   5.7582142e-02  -1.2740506e-01   1.4069746e-03   2.0475095e-03   5.3412498e-04
  -4.9882142e-02   7.7742448e-02  -1.3328246e-01   1.5547257e-03   2.0669159e-03   5.0723907e-04
  -4.4481239e-02   1.2674132e-01  -9.5962912e-02  -1.0222452e-04   2.1152884e-03   2.4806012e-04
  -2.3760087e-02   1.2751235e-01  -1.0622190e-01   1.3657129e-03   1.7597240e-03   3.7172488e-04
  -4.5958289e-02   3.0251902e-03  -9.4704330e-02  -3.7523992e-04   2.2012647e-03   4.8102743e-04
  -3.7706202e-02  -8.4979828e-02  -8.5100230e-02   6.3652511e-05   2.0260610e-03   2.4210533e-04
  -3.0093025e-02   8.4973720e-02  -1.1795819e-01   1.3809280e-03   2.0427100e-03   3.8236060e-04
  -4.2596039e-02   1.4620135e-02  -5.1904204e-02  -1.3467261e-04   2.2564799e-03   1.7522332e-05
  -4.9718295e-02   5.6009483e-02  -4.3644289e-02   4.6034056e-04   2.3108168e-03   2.4620448e-04
  -6.5837038e-02   3.0820547e-02  -3.2733061e-02  -3.7961722e-04   2.6691584e-03   2.0800529e-04
  -5.5435016e-02   3.7882705e-02  -6.0134559e-02  -1.9344326e-04   2.7428515e-03   2.6049790e-04
  -5.3902033e-02   1.5156852e-02  -9.4916530e-02   5.7304903e-04   2.5168241e-03   3.3110752e-04
  -5.9121391e-02   6.5985263e-02  -7.6876177e-02   3.1437396e-06   2.5813631e-03   2.0045166e-04
  -7.4858199e-02   6.7387115e-02  -1.2450901e-01   1.5788605e-03   2.4921185e-03   2.3407865e-04
  -5.9729034e-02   8.7673300e-02  -8.1377493e-02  -1.2836103e-04   2.7704443e-03   4.9722720e-04
  -5.5076303e-02   6.1108745e-02  -1.4062233e-01   1.7204493e-03   2.1710856e-03   2.8959450e-04
  -5.1033477e-02   1.9257582e-02  -8.0836310e-02   4.0194017e-04   2.5557735e-03   2.6703026e-04
  -4.1726779e-02   7.9809379e-02  -1.1887157e-01   2.4737621e-03   2.1068919e-03   2.5137986e-04
  -4.6970666e-02   4.9209828e-02  -6.7357703e-02  -2.3489021e-04   2.6218229e-03   2.1309580e-04
  -4.2942949e-02   3.2832532e-02  -7.0201458e-02  -4.2078170e-04   2.5287922e-03   3.4211419e-04
  -4.2492017e-02   7.1857633e-03  -6.5444307e-02  -3.9301265e-04   2.6822366e-03   3.9584364e-04
  -3.6979121e-03   3.0925049e-02  -1.1886488e-01   1.1989034e-03   2.9183058e-03   1.1402378e-03
  -2.7741583e-02   2.9149480e-02  -9.2691327e-02  -2.1179756e-04   2.9320538e-03   7.7930240e-04
  -4.3915082e-02   4.6933951e-02  -9.5202824e-02  -3.3187732e-04   2.9472769e-03   6.9804076e-04
  -5.0557338e-02   2.6790089e-02  -8.8232675e-02  -8.7573969e-05   2.8315663e-03   6.3425261e-04
  -4.6312689e-02   3.0365536e-02  -8.6126834e-02  -8.1964627e-05   2.9373912e-03   5.6499939e-04
  -5.9750364e-02   3.7703317e-02  -9.5659354e-02   1.6157743e-04   2.6920222e-03   4.7982503e-04
  -5.8436636e-02   3.6603110e-02  -9.9411702e-02  -2.3672697e-04   3.0707455e-03   9.4941380e-04
  -6.3632258e-02   8.2451380e-02  -9.4938691e-02  -1.6851442e-05   2.9798836e-03   2.7578132e-04
  -5.5615081e-02   2.4011878e-02  -7.5234474e-02  -1.2248323e-04   2.9393047e-03   3.4822956e-04
  -5.7721305e-02   3.0500395e-02  -5.3842129e-02  -2.0896381e-04   2.8070512e-03   3.8939770e-04
  -5.7087212e-02   4.7617446e-02  -1.1287036e-01   2.2128017e-03   2.7826202e-03   5.3963035e-04
  -5.7727624e-02   3.0921121e-02  -8.2910105e-02   6.4664851e-04   2.9254160e-03   5.3485626e-04
  -5.0874522e-02   1.2505209e-02  -7.6331310e-02  -4.4945926e-04   3.0903660e-03   7.6131140e-04
  -5.8861922e-02   8.8009185e-03  -6.3134339e-02  -3.6207483e-04   3.2623187e-03   5.2593186e-04
  -4.8295470e-02   3.0581126e-02  -9.1005622e-02  -3.0331735e-04   3.1298647e-03   6.6218716e-04
  -3.6525727e-02   4.1928273e-02  -1.1997460e-01   1.3946433e-03   2.5006246e-03   1.2040742e-03
  -5.2037595e-02   8.2087643e-02  -9.1348703e-02   4.2064700e-04   2.9730662e-03   6.6304440e-04
  -4.5772234e-02   5.7786617e-02  -9.9957850e-02   2.5405287e-04   3.0697744e-03   8.0926298e-04
  -6.8928367e-02   7.8651056e-02  -1.1023378e-01   9.5997422e-04   2.6516863e-03   5.2821712e-04
  -9.1523025e-02   4.5086486e-02  -1.3838954e-01   2.1166130e-03   2.1990871e-03   2.0161917e-04
  -9.6511575e-02   8.9642109e-02  -1.2174961e-01   9.6539784e-04   2.1237109e-03   2.4265375e-04
  -9.0335056e-02   5.6472857e-02  -1.0359041e-01   6.6032668e-04   2.1972737e-03   4.9657724e-05
  -7.7429361e-02   8.2736625e-02  -1.1008949e-01   9.4767019e-04   2.0964230e-03   2.6690753e-04
  -4.9519043e-02   2.6054581e-02  -1.1918190e-01   8.6712323e-04   2.7581172e-03   4.5245470e-04
  -5.7626906e-02   8.6173276e-02  -1.1792390e-01   7.1119836e-04   2.6432776e-03   7.4076206e-04
  -4.0829961e-02   3.4597403e-02  -1.2267161e-01   4.6202633e-04   2.8593449e-03   9.7400922e-04
  -2.9221357e-02   3.3589798e-02  -1.3693619e-01   5.4433462e-04   2.8459699e-03   1.1021465e-03
  -4.2153957e-02   5.4979051e-02  -1.2446708e-01   4.6916809e-04   2.8995546e-03   9.4092007e-04
  -2.6685545e-02   3.3643698e-02  -1.1818515e-01   6.3993066e-04   3.0662115e-03   1.1315265e-03
  -4.1437363e-02   6.9413930e-02  -1.2512313e-01   8.1525408e-04   3.2888254e-03   1.2250493e-03
  -4.0950333e-02   7.7444653e-02  -1.1948077e-01   4.0715120e-04   3.1238765e-03   1.1305529e-03
  -3.2257730e-02   5.4243158e-02  -1.7665786e-01   1.7040262e-03   2.9487552e-03   1.4485267e-03
  -1.9637614e-02   5.3142964e-02  -1.2327467e-01   3.7339670e-04   3.0976424e-03   1.3280206e-03
  -3.3533420e-02   7.8355818e-02  -1.7916363e-01   2.2311460e-03   2.6988359e-03   1.3337194e-03
  -4.8541177e-02   5.0994263e-02  -1.0875397e-01   1.0729953e-03   2.7542458e-03   1.1607492e-03
  -6.4620269e-02   6.4914034e-02  -1.0930633e-01   1.5062931e-03   2.8347637e-03   8.4534166e-04
  -7.7675108e-02   4.4290488e-02  -8.9239840e-02  -1.6442736e-04   3.5482647e-03   7.3047907e-04
  -9.4621211e-02   5.0462917e-02  -1.1608251e-01  -3.6237170e-04   3.9343484e-03   5.6928204e-04
  -9.2309470e-02   6.8857884e-02  -1.3424222e-01   2.8650642e-04   3.7234341e-03   6.1784763e-04
  -8.6726684e-02   7.6250963e-02  -1.1472925e-01  -4.1059723e-04   3.4261564e-03   4.4598366e-04
  -8.7186532e-02   3.3594161e-02  -1.0864014e-01  -5.8010682e-04   3.8016256e-03   5.8765299e-04
  -9.1958901e-02   2.6822896e-02  -9.1380850e-02  -3.3735783e-04   3.9613202e-03   4.2890983e-04
  -8.2718430e-02   5.4025834e-03  -1.2642537e-01  -1.1472365e-04   3.5603107e-03   5.7114908e-04
  -9.4361553e-02   8.3265064e-02  -1.1290927e-01  -7.8506921e-04   3.7733860e-03   1.1755487e-04
  -1.1393393e-01   5.1595284e-02  -9.3964922e-02  -1.1493472e-03   3.7898184e-03   9.7893547e-05
