   0.0000000e+00   0.0000000e+00   0.0000000e+00   0.0000000e+00   0.0000000e+00   0.0000000e+00
  -3.7192098e-02  -2.0298363e-01  -6.3619123e-02   1.4551970e-02   2.0330613e-03   3.3855469e-03
  -7.1808721e-02  -4.3205483e-01  -2.7399296e-01   1.5133725e-02   5.5230575e-03   3.3209414e-03
  -6.4847645e-02  -3.3848813e-01  -2.4253683e-01   6.5712565e-03   3.7672045e-03   2.9641902e-03
  -1.1324334e-01  -9.8511734e-02  -1.7152663e-01   5.9127705e-03   4.0734127e-03   2.5477019e-03
  -1.2224070e-01  -6.5567989e-02  -1.2240875e-01   6.1578128e-03   4.2994873e-03   2.5197663e-03
  -1.1441978e-01  -3.2303927e-02  -1.4023752e-01   5.8583120e-03   4.1680400e-03   2.8509972e-03
  -1.1084319e-01  -1.0862671e-01  -1.4687848e-01   5.5812183e-03   4.0399882e-03   3.0050373e-03
  -1.1608734e-01  -7.5226715e-02  -1.6456841e-01   5.4932105e-03   3.8716980e-03   2.9169756e-03
  -1.1559615e-01  -3.4079391e-02  -1.8125454e-01   5.7029136e-03   4.0395250e-03   3.3152378e-03
  -1.1415874e-01  -8.1439848e-02  -1.6576964e-01   6.0331984e-03   3.7019570e-03   3.2906874e-03
  -1.1277479e-01   1.0564094e-01  -1.9162755e-01   5.8231529e-03   3.6674722e-03   3.2122633e-03
  -1.0270450e-01  -2.1465643e-01  -1.6234462e-01   6.3918305e-03   3.5862068e-03   3.2077840e-03
  -1.0374751e-01  -8.1704332e-02  -1.6435669e-01   6.8436492e-03   3.5872296e-03   3.3599291e-03
  -9.5370211e-02   8.0191626e-02   1.0848361e-01   8.9444376e-03   2.4856941e-03   4.7510755e-04
  -1.5986695e-01   4.7490389e-01   4.9786620e-01   1.0483847e-02   2.8807945e-03   6.7119304e-05
  -1.8020579e-01  -1.9701249e-01   5.6309494e-01   1.1543023e-02   3.4770396e-03   1.7767127e-04
  -1.9091855e-01   1.1006036e-01   5.2789926e-01   1.2414872e-02   3.6848747e-03   2.7056469e-04
  -1.8678085e-01   8.6509254e-02   5.3863755e-01   1.2832330e-02   3.6557168e-03   2.9839687e-04
  -1.8055195e-01   1.5704596e-01   5.2829762e-01   1.2660764e-02   3.7008377e-03   6.2753622e-04
  -1.7635640e-01   7.1213091e-02   5.4162307e-01   1.2667650e-02   3.5132782e-03   6.3631369e-04
  -1.8127238e-01   8.9659763e-02   5.4200757e-01   1.3171631e-02   3.7010348e-03   5.7683539e-04
  -1.7278769e-01   2.8426446e-01   5.4032402e-01   1.2964871e-02   3.3802200e-03   4.6986196e-04
  -1.6729143e-01  -1.2372253e-01   4.9223970e-01   1.4287389e-02   3.5283544e-03   1.0203329e-03
  -1.8047077e-01   3.7726997e-02   5.1035926e-01   1.4065211e-02   3.8484158e-03   8.5489350e-04
  -1.8268018e-01   9.2757307e-02   5.1321702e-01   1.4358072e-02   3.8997354e-03   9.5980522e-04
  -1.8184171e-01   2.1402147e-01   5.4165221e-01   1.4621315e-02   3.9352869e-03   9.4990699e-04
  -1.6318916e-01  -1.7577343e-02   5.5022404e-01   1.4816138e-02   3.6550525e-03   1.0509370e-03
  -1.6818091e-01   2.1366297e-01   5.1743611e-01   1.4205600e-02   3.6452965e-03   1.2280980e-03
  -1.6928136e-01   1.4323344e-01   5.1160292e-01   1.4215345e-02   3.5931791e-03   1.2694895e-03
  -1.6898508e-01   1.1209988e-01   5.1635400e-01   1.4699306e-02   3.5786002e-03   1.1485063e-03
  -1.5447284e-01   6.6357306e-02   5.2352778e-01   1.4974581e-02   3.6065642e-03   1.1903069e-03
  -1.5894482e-01   1.3156973e-01   5.3253903e-01   1.5043598e-02   3.6911031e-03   1.1718936e-03
  -1.6368158e-01   1.4599971e-01   5.0134515e-01   1.4879405e-02   3.6811787e-03   1.1666480e-03
  -1.5874114e-01  -3.2407379e-02   3.6648964e-01   1.7469224e-02   4.5998220e-03   2.4415871e-03
  -1.9322124e-01   1.9269816e-01   4.1268001e-01   1.7286880e-02   4.8543834e-03   1.7199933e-03
  -2.0489292e-01  -3.9490433e-02   4.5528374e-01   1.7371622e-02   4.9310910e-03   1.2767316e-03
  -1.9368245e-01   1.2035538e-01   4.7853691e-01   1.6915717e-02   4.7546206e-03   1.2671404e-03
  -1.8288028e-01   1.0138043e-01   4.8628810e-01   1.6560402e-02   4.4292911e-03   1.1560948e-03
  -1.9088989e-01   9.6129279e-02   4.6969385e-01   1.6541056e-02   4.6593805e-03   1.2672955e-03
  -1.8146048e-01   1.0425480e-01   7.0065376e-01   1.5549736e-02   4.4207551e-03   6.7910469e-04
  -1.3246276e-01   4.1075384e-01   1.0070944e+00   1.3946866e-02   3.3382777e-03  -2.0553173e-04
  -2.0429732e-01   1.7848395e-01   6.1824993e-01   1.6491589e-02   4.8416353e-03  -4.2831201e-04
  -2.9750251e-01   1.3119721e-01   5.5560789e-01   1.9670092e-02   7.8950942e-03  -1.8303127e-03
  -2.6252651e-01  -3.5282020e-01   5.3977662e-01   1.7648448e-02   7.7539161e-03  -8.4302927e-04
  -2.7889404e-01  -4.1237897e-02   5.2009676e-01   1.8746815e-02   8.0056400e-03  -3.1494850e-04
  -2.9438097e-01   1.0963668e-01   5.3476716e-01   1.8683140e-02   7.9985043e-03   2.9362928e-04
  -2.9646186e-01   9.7455054e-02   5.7721338e-01   1.9017606e-02   8.1302435e-03   5.2675467e-04
  -2.9358010e-01   3.3786700e-02   5.9314267e-01   1.9029369e-02   8.0841924e-03   4.8944390e-04
  -2.9118549e-01   4.9611628e-02   5.8827912e-01   1.8993243e-02   7.9884110e-03   4.1571229e-04
  -2.9777104e-01   4.5895460e-02   5.7357947e-01   1.8927351e-02   8.1219940e-03   4.4217740e-04
  -3.0416101e-01   4.9364535e-02   5.5642331e-01   1.8848900e-02   8.0423888e-03   4.6892673e-04
  -3.0321699e-01   4.9940706e-02   5.4819494e-01   1.9073278e-02   8.0511398e-03   4.5517756e-04
  -3.1290570e-01   2.6011581e-01   5.4044724e-01   1.8930441e-02   7.9435439e-03   1.2873734e-04
  -3.1604380e-01   4.1687626e-02   5.2258650e-01   1.9036511e-02   8.2080054e-03   4.8713539e-05
  -3.0720977e-01  -1.9945198e-02   5.5451663e-01   1.9587974e-02   8.1528232e-03   3.1702999e-04
  -3.0116963e-01   4.2097437e-02   5.2618842e-01   2.0042894e-02   8.1520132e-03   4.9775260e-04
  -3.0591624e-01   7.6913161e-02   5.3381032e-01   2.0444476e-02   8.2571568e-03   5.0429653e-04
  -3.0458848e-01   8.0259004e-02   5.4029591e-01   2.0441010e-02   8.3772625e-03   6.2581786e-04
  -3.0737887e-01   9.3814246e-02   5.3582222e-01   2.0308091e-02   8.2944912e-03   5.6323818e-04
  -3.1190735e-01   1.0412537e-01   5.3468787e-01   2.0039064e-02   8.1942304e-03   4.6686798e-04
  -3.0657453e-01   4.9410109e-02   5.4415640e-01   2.0304257e-02   8.0734528e-03   5.2111456e-04
  -3.0793266e-01   9.5242850e-02   5.4760310e-01   2.0411574e-02   8.0956720e-03   5.1865595e-04
  -3.2183229e-01   2.6118047e-01   5.1778078e-01   2.0167976e-02   8.0865737e-03   3.4846796e-04
  -3.1376146e-01  -5.0112135e-02   5.4726473e-01   2.0433437e-02   8.0328888e-03   3.8967552e-04
  -3.0571968e-01   6.0107040e-02   5.3854632e-01   2.0812098e-02   8.1064501e-03   5.2603617e-04
  -2.2547569e-01   6.1204052e-02   5.6911852e-01   2.1791899e-02   6.3084241e-03   7.2711243e-04
  -2.2651365e-01   1.5377712e-01   6.6332471e-01   2.2241594e-02   6.2266438e-03   7.6503431e-04
  -2.2614676e-01   1.5611373e-01   6.8167504e-01   2.2418938e-02   6.1819813e-03   7.7296545e-04
  -2.2519789e-01   1.0397613e-01   7.0927185e-01   2.2560491e-02   6.3513978e-03   7.5831014e-04
  -2.1193414e-01   9.9456408e-02   6.9598475e-01   2.2509492e-02   6.2454415e-03   8.0648801e-04
  -1.5794614e-01   1.2186840e-01   6.5075664e-01   2.1400580e-02   6.5897862e-03  -8.6429788e-04
  -2.2611173e-01   2.4397295e-01   8.2246300e-01   2.2765996e-02   8.1104419e-03   8.6771199e-05
  -2.0056128e-01   1.5541570e-01   8.9008315e-01   2.3211701e-02   7.1974698e-03   2.8449713e-04
  -1.9436156e-01   1.6834870e-01   9.0262536e-01   2.3659893e-02   6.8765699e-03   2.2408694e-04
  -2.0079720e-01   2.0498982e-01   9.0540912e-01   2.3642109e-02   6.8017119e-03   1.6360770e-04
  -2.1182818e-01   1.6299752e-01   8.9971826e-01   2.3703864e-02   6.8391834e-03   2.1185688e-04
  -2.0506383e-01   1.6205182e-01   9.0380084e-01   2.3780912e-02   6.6651066e-03   2.6415618e-04
  -2.0282832e-01   1.6658750e-01   9.0807664e-01   2.4058416e-02   6.6492899e-03   2.8233895e-04
  -2.2389488e-01   2.6039950e-01   9.4188561e-01   2.3829797e-02   6.8431580e-03   3.7087124e-04
  -2.5985604e-01   8.8658114e-03   7.5900037e-01   2.5614947e-02   8.5527647e-03   1.9283962e-03
  -2.6815306e-01   2.6195472e-01   8.2176089e-01   2.4538527e-02   7.8200128e-03   8.4508951e-04
  -2.5347485e-01   7.6840269e-02   8.4962160e-01   2.5092171e-02   7.8692938e-03   8.8503568e-04
  -2.6564212e-01   3.4531787e-01   8.4832342e-01   2.4871633e-02   7.9018237e-03   6.1358105e-04
  -2.5586622e-01  -1.5201217e-02   8.4770391e-01   2.5469486e-02   7.9103453e-03   5.7838244e-04
  -2.5921981e-01   1.9637259e-01   8.1607332e-01   2.5431452e-02   7.9441517e-03   8.0910300e-04
  -2.5758215e-01   1.7345198e-01   8.2760436e-01   2.5617427e-02   7.7414563e-03   7.2807824e-04
  -2.5307654e-01   1.5060727e-01   8.4450585e-01   2.5746154e-02   7.7666072e-03   8.9288193e-04
  -2.5721308e-01   1.5218511e-01   8.4739592e-01   2.6006578e-02   7.8791440e-03   8.6848385e-04
  -2.5225153e-01   1.4888647e-01   8.6961179e-01   2.6162575e-02   7.8177347e-03   9.7159894e-04
  -2.4870869e-01   1.2745528e-01   8.6155944e-01   2.6264666e-02   7.8807124e-03   9.5067220e-04
  -2.8515856e-01   2.0536575e-01   7.2859228e-01   2.8034092e-02   8.4579076e-03   1.7688661e-03
  -3.1563470e-01  -3.3987452e-02   8.3698279e-01   2.6386000e-02   9.0237006e-03   6.7367283e-05
  -3.0166598e-01   1.2918050e-01   8.4156181e-01   2.6873019e-02   8.8714527e-03   1.7066653e-04
  -2.9480742e-01   1.8867922e-01   8.3554995e-01   2.7190265e-02   8.8209530e-03   2.2333643e-04
  -2.8777302e-01   8.7989530e-02   8.5328820e-01   2.7579738e-02   8.7750962e-03   2.2212549e-04
  -2.8656805e-01   1.6101177e-01   8.4173961e-01   2.7403990e-02   8.7149161e-03   2.7720933e-04
  -2.9366799e-01   1.6911343e-01   8.3957649e-01   2.7373059e-02   8.6942424e-03   2.3933508e-04
  -2.8143734e-01   9.4752571e-02   8.4665785e-01   2.7449702e-02   8.5473903e-03   3.5273057e-04
  -2.7175894e-01   1.3569306e-01   8.5070664e-01   2.7252445e-02   8.3238833e-03   3.3972197e-04
  -2.7966347e-01   1.3983614e-01   8.5260135e-01   2.7140715e-02   8.3438025e-03   2.4849625e-04
  -2.8419674e-01   1.5374383e-01   8.4521616e-01   2.6997176e-02   8.2668029e-03   2.7433413e-04
  -2.7410260e-01   1.4567167e-01   8.4474886e-01   2.7132868e-02   8.0812752e-03   2.3089456e-04
  -2.7223963e-01   1.8055506e-01   8.3972756e-01   2.7112063e-02   7.9987709e-03   5.8700448e-05
  -2.6489295e-01   1.4255768e-01   8.3886801e-01   2.7163885e-02   7.8222428e-03   2.0318129e-04
  -2.7840543e-01   2.1785079e-01   1.0132949e+00   2.6893212e-02   7.8422528e-03   9.4662398e-05
  -2.6015914e-01   1.9397154e-01   1.0395600e+00   2.8005282e-02   7.5625711e-03   6.0838494e-04
  -2.4831195e-01   2.9814983e-01   1.1167743e+00   2.7921519e-02   6.6939083e-03   7.1693393e-04
  -2.3807688e-01   1.2020051e-01   1.1252816e+00   2.8339616e-02   6.9616277e-03   7.9305615e-04
  -2.4849326e-01   2.2563096e-01   1.1259091e+00   2.8604682e-02   6.9665849e-03   7.2514897e-04
  -2.3734026e-01   1.5906824e-01   1.1214660e+00   2.8618623e-02   6.8630073e-03   8.3724594e-04
  -2.3564968e-01   1.8163613e-01   1.1092670e+00   2.8675386e-02   6.6403117e-03   8.7318164e-04
  -2.4121931e-01   1.6952411e-01   1.1113166e+00   2.8874537e-02   6.6763312e-03   7.8688379e-04
  -2.3686001e-01   1.7047575e-01   1.0836446e+00   2.9069116e-02   6.5922999e-03   8.5023541e-04
  -2.3736907e-01   2.3107209e-01   1.0737703e+00   2.9034692e-02   6.3938295e-03   7.9049314e-04
  -2.3413193e-01   1.9102194e-01   1.0555991e+00   2.8967815e-02   6.4116479e-03   7.1074494e-04
  -2.3339087e-01   2.0067545e-01   1.0825020e+00   2.9045939e-02   6.4623033e-03   5.7976112e-04
  -2.2803442e-01   1.7014111e-01   1.0737821e+00   2.9039666e-02   6.2443164e-03   4.8573624e-04
  -2.1748113e-01   1.4588088e-01   1.0743206e+00   2.9270069e-02   6.1991369e-03   6.5949654e-04
  -3.3078399e-01   4.4111016e-01   9.6899218e-01   3.0975872e-02   6.6644493e-03  -2.3485066e-04
  -4.4214515e-01   2.6863789e-01   1.0159146e+00   3.0947102e-02   9.3583426e-03   3.1166226e-04
  -4.2465167e-01  -3.9114633e-01   8.3684929e-01   3.0806304e-02   9.5688756e-03   1.7979736e-03
  -3.9563373e-01   4.1554529e-03   8.8818628e-01   2.9951549e-02   9.0724768e-03   9.0087468e-04
  -3.8415722e-01   1.0472316e-01   9.0949046e-01   3.0291661e-02   8.7517175e-03   7.1072710e-04
  -3.7254891e-01   1.0649346e-01   9.6276365e-01   3.0189307e-02   8.4190039e-03   7.2162735e-04
  -3.6557938e-01   8.9235210e-02   9.6306818e-01   2.9775668e-02   8.2250007e-03   7.7615264e-04
  -3.5555466e-01   8.7389511e-02   9.5817166e-01   2.9772726e-02   8.3424356e-03   9.0568447e-04
  -3.5576091e-01   1.2131522e-01   9.3463214e-01   3.0034189e-02   8.3905422e-03   9.0552298e-04
  -3.6237607e-01   1.6037386e-01   9.2484526e-01   2.9802208e-02   8.4330527e-03   8.1578047e-04
  -3.6447263e-01   7.3986408e-02   9.2923331e-01   2.9975525e-02   8.3227780e-03   8.8975820e-04
  -3.7600514e-01   1.1915115e-01   9.2115835e-01   2.9973665e-02   8.3805606e-03   7.6617719e-04
  -3.5992185e-01   2.2690893e-01   8.7378518e-01   3.0599675e-02   7.7642871e-03   7.0642897e-04
  -3.7444552e-01   1.1501309e-01   8.8298399e-01   3.0723979e-02   8.3097121e-03   7.4145960e-04
  -3.7587808e-01   1.7320815e-01   8.9186790e-01   3.0590505e-02   8.3283825e-03   9.6949230e-04
  -3.7131682e-01   1.3248125e-01   8.9551486e-01   3.0720649e-02   8.1861737e-03   7.3287664e-04
  -3.5923114e-01   9.8041371e-02   9.0530892e-01   3.0878696e-02   8.2173600e-03   7.1943155e-04
  -3.5894487e-01   1.0466504e-01   9.0939199e-01   3.1031471e-02   8.0645208e-03   6.7050082e-04
  -3.5210333e-01   1.1061608e-01   9.0750710e-01   3.0936863e-02   7.9277097e-03   6.6296906e-04
  -3.5559483e-01   1.3822235e-01   8.9776684e-01   3.1221769e-02   7.8946597e-03   6.2027032e-04
  -3.5405201e-01   1.6077556e-01   9.1717929e-01   3.0646400e-02   7.7434964e-03   6.8370049e-04
  -3.5533398e-01   9.8136305e-02   9.2977299e-01   3.0473824e-02   7.7875395e-03   4.6305353e-04
  -3.6648896e-01   1.2922288e-01   9.2849077e-01   3.0476900e-02   7.8274936e-03   3.6015745e-04
  -3.7363569e-01   1.3930406e-01   9.1385611e-01   3.0748942e-02   7.7596143e-03   2.4927664e-04
  -3.5863857e-01   1.0164949e-01   8.8097930e-01   3.0728912e-02   7.7045897e-03   7.3735192e-04
  -3.4642374e-01   1.1827249e-01   8.9179313e-01   3.3456632e-02   8.1362841e-03   2.4684785e-03
  -4.5305039e-01   4.7242902e-01   1.1158945e+00   3.1033128e-02   8.8636559e-03   9.6650564e-04
  -4.0688771e-01  -2.7175092e-01   1.0617684e+00   3.0574257e-02   9.2309747e-03   1.2968508e-03
  -4.0728591e-01   9.7011250e-02   1.0256799e+00   3.1144332e-02   9.3228772e-03   9.4824649e-04
  -4.1906104e-01   5.0469282e-02   1.0325087e+00   3.1263799e-02   9.4963904e-03   8.3340967e-04
  -4.1464186e-01   9.3744409e-02   1.0364336e+00   3.1182291e-02   9.6873065e-03   9.7966937e-04
  -4.0862396e-01   1.3609497e-01   1.0398633e+00   3.0857082e-02   9.5842541e-03   1.0760991e-03
  -4.0967719e-01   1.1505742e-01   1.0418938e+00   3.0937153e-02   9.6250948e-03   1.0630721e-03
  -4.4134888e-01   1.3224109e-01   1.0367268e+00   3.0860615e-02   1.0111053e-02   6.5274205e-04
  -4.1307129e-01   2.0694528e-02   9.6784654e-01   3.0973544e-02   9.9499587e-03   3.5249258e-04
  -4.0032906e-01   1.0100200e-01   9.6560068e-01   3.0962943e-02   9.8388445e-03   4.4873817e-04
  -4.0431186e-01   1.3224424e-01   9.6713991e-01   3.1003094e-02   9.7806747e-03   4.3700296e-04
  -4.0357454e-01   1.1830744e-01   9.6390735e-01   3.1097612e-02   9.7333675e-03   3.3373538e-04
  -4.9032110e-01   1.6092474e-01   8.7670755e-01   3.0778957e-02   1.1350953e-02  -5.8263361e-04
  -4.5522107e-01   5.8121734e-02   8.9751785e-01   2.9820732e-02   1.1233997e-02  -2.5507610e-04
  -4.4357229e-01   9.9612232e-02   9.2787300e-01   2.9743765e-02   1.0971963e-02  -7.0023719e-04
  -4.3500321e-01   1.5196396e-01   9.4120680e-01   3.0401438e-02   1.0947298e-02  -8.5831716e-04
  -4.2781296e-01   1.2095277e-01   9.4810842e-01   3.0635635e-02   1.0939710e-02  -6.2743051e-04
  -4.3882909e-01   1.5158940e-01   9.3841583e-01   3.0580990e-02   1.1036806e-02  -7.0416736e-04
  -4.3701097e-01   7.3231685e-02   9.4569528e-01   3.0625025e-02   1.1258049e-02  -5.2930871e-04
  -4.4212354e-01   1.1081893e-01   9.3047170e-01   3.0546444e-02   1.1267337e-02  -6.3080983e-04
  -4.4720753e-01   1.5956341e-01   9.2067795e-01   3.0527166e-02   1.1166154e-02  -5.3454652e-04
  -4.4772056e-01   1.4260838e-01   9.2260218e-01   3.0495258e-02   1.1076954e-02  -6.9006081e-04
  -4.3283320e-01   1.1720513e-01   9.4077349e-01   3.0619980e-02   1.1047463e-02  -5.2679870e-04
  -4.3636344e-01   1.4647447e-01   9.2417092e-01   3.1249540e-02   1.1120908e-02  -4.6297006e-04
  -4.4341126e-01   1.5165701e-01   9.1276184e-01   3.0734210e-02   1.1240536e-02  -5.1340020e-04
  -4.3150113e-01   1.6439900e-01   8.9728013e-01   3.0804552e-02   1.1073840e-02  -2.4836575e-05
  -4.2698471e-01   1.3330204e-01   9.0936144e-01   3.1124141e-02   1.1021139e-02  -1.2781305e-04
  -4.3033368e-01   2.2138336e-01   9.1126240e-01   3.1067648e-02   1.1244134e-02  -2.7206700e-05
  -4.3147738e-01   1.5482180e-01   9.2362184e-01   3.1102285e-02   1.1223987e-02  -1.6536171e-04
  -4.2118197e-01   8.7229523e-02   9.2542467e-01   3.1151661e-02   1.1185320e-02  -1.2341878e-04
  -4.2617229e-01   1.0167878e-01   9.2301982e-01   3.1023046e-02   1.1226752e-02  -1.8914276e-04
  -4.2287684e-01   9.0092731e-02   9.1882310e-01   3.0893169e-02   1.1092855e-02  -2.0626398e-04
  -4.2169972e-01   1.1415621e-01   9.2283475e-01   3.1056127e-02   1.1160252e-02  -1.5070706e-04
  -4.1851974e-01   1.1449093e-01   9.2769867e-01   3.1042354e-02   1.1215241e-02  -6.3627590e-05
  -4.4927616e-01   3.2346969e-01   9.3049486e-01   3.0873159e-02   1.1417201e-02  -3.8716299e-04
  -6.6238008e-01   3.9866512e-01   9.3255869e-01   3.4923333e-02   1.4066384e-02  -2.6097690e-03
  -7.2744937e-01  -3.3231859e-01   9.4832769e-01   3.0877678e-02   1.6347555e-02  -5.2103438e-04
  -7.1589140e-01  -5.8477506e-02   6.9226956e-01   2.9731005e-02   1.8144398e-02   1.4824559e-03
  -6.3215889e-01   1.8121761e-01   7.5671815e-01   2.7873526e-02   1.7172150e-02   1.5273634e-03
  -6.3756300e-01   1.8556559e-01   7.8820656e-01   2.8429221e-02   1.7220101e-02   1.5410918e-03
  -6.4033857e-01   1.8546421e-01   8.1506052e-01   2.8104798e-02   1.7577475e-02   1.5346462e-03
  -6.3466602e-01   1.4361357e-01   8.0304856e-01   2.7757961e-02   1.7416226e-02   1.7451549e-03
  -6.2780947e-01   1.0181937e-01   7.9031186e-01   2.7636386e-02   1.7302800e-02   1.8005213e-03
  -6.4063522e-01   1.9761568e-01   7.6201830e-01   2.7734808e-02   1.7294064e-02   1.5133794e-03
  -6.3186667e-01  -1.0801712e-03   7.5748929e-01   2.8447046e-02   1.7210416e-02   1.5102434e-03
  -6.4114924e-01   1.5051167e-01   7.3688508e-01   2.8340311e-02   1.7284879e-02   1.3924033e-03
  -6.5026479e-01   1.2650154e-01   7.2611706e-01   2.8290907e-02   1.7361680e-02   1.3425015e-03
  -6.5447778e-01   6.5526581e-02   7.3170621e-01   2.8747653e-02   1.7602335e-02   1.4367063e-03
  -6.4892657e-01   1.1135608e-01   7.3273407e-01   2.8818601e-02   1.7522505e-02   1.3857977e-03
  -6.5110932e-01   1.4749092e-01   7.3084482e-01   2.8780769e-02   1.7422436e-02   1.4516584e-03
  -6.4408220e-01   1.0338696e-01   7.3286590e-01   2.8611609e-02   1.7369711e-02   1.4745210e-03
  -5.3384116e-01   2.0968513e-01   6.9832621e-01   2.7295596e-02   1.5369041e-02   2.7686423e-03
  -4.8312332e-01   1.5837700e-01   7.2463730e-01   2.7641438e-02   1.4436178e-02   3.9538744e-03
  -4.8584886e-01   1.0105425e-01   7.7257602e-01   2.8427759e-02   1.4800700e-02   3.8113354e-03
  -4.8152382e-01   1.3730428e-01   7.5905364e-01   2.8438829e-02   1.4810876e-02   3.8559301e-03
  -4.7408357e-01   1.0154810e-01   7.4777512e-01   2.8589372e-02   1.4752479e-02   3.9644422e-03
  -4.8679825e-01   1.6674010e-01   7.4206633e-01   2.8683936e-02   1.4879690e-02   3.8018616e-03
  -4.7718812e-01   1.1602193e-01   7.5406262e-01   2.8625263e-02   1.4837200e-02   3.9312179e-03
  -4.7404034e-01   1.5375565e-01   7.5813637e-01   2.8570368e-02   1.4826895e-02   3.9324389e-03
  -4.5947718e-01   9.9299022e-02   7.4879358e-01   2.9097409e-02   1.4343297e-02   4.1739828e-03
  -4.8087112e-01   1.9073099e-01   7.4523423e-01   2.8905992e-02   1.5046569e-02   3.9816466e-03
  -4.8200241e-01   2.0273152e-01   7.4625986e-01   2.8493535e-02   1.4816133e-02   3.6863440e-03
  -4.8477226e-01   1.1793707e-01   7.4691331e-01   2.8518074e-02   1.4810181e-02   3.6863772e-03
  -4.9581708e-01   1.2822490e-01   7.2641646e-01   2.8756513e-02   1.4863590e-02   3.7449640e-03
  -4.8795646e-01   1.9777351e-01   7.4590626e-01   2.9297124e-02   1.4948192e-02   3.6067699e-03
