   0.0000000e+00   0.0000000e+00   7.1054274e-15   0.0000000e+00   0.0000000e+00   0.0000000e+00
  -1.2262595e-02   4.8727261e-02  -1.0263648e-02  -7.7119826e-05   2.4282723e-04  -1.5169560e-04
   1.7932256e-01   2.3071659e-02  -2.1055922e-02  -2.3629580e-04  -1.2242388e-03   1.9249461e-03
   7.2188282e-02   1.5684159e-02   6.1017246e-02  -2.4887387e-03  -3.9185292e-03  -5.7177395e-04
  -5.8543115e-03   6.7706265e-02   6.8852604e-02  -2.6929892e-03  -2.7238883e-03  -1.3523206e-03
  -7.1273686e-03   1.9009851e-02   6.8285643e-02  -2.5347045e-03  -2.3989897e-03  -1.0775367e-03
  -7.0271243e-04   1.9700084e-02   5.7744835e-02  -2.1104404e-03  -2.5134007e-03  -9.8407322e-04
  -1.0350766e-02   1.8754425e-02   9.0523767e-02  -2.8707995e-03  -2.3962058e-03  -9.5397569e-04
  -2.6703763e-02   2.4288440e-03   9.5541955e-02  -2.5244523e-03  -2.2796049e-03  -1.2329876e-03
  -4.1680848e-02   1.0221020e-02   1.0054490e-01  -2.4180020e-03  -2.0790020e-03  -1.3196416e-03
  -5.9322058e-02  -2.5524763e-02   1.0230203e-01  -2.2852351e-03  -1.7961489e-03  -1.5960955e-03
  -5.9124035e-02  -5.0032454e-03   9.0931179e-02  -2.3821883e-03  -1.8959079e-03  -1.8037075e-03
  -6.1125437e-02   1.4451931e-02   1.2292863e-01  -2.8823942e-03  -1.9438863e-03  -1.8705711e-03
  -7.7782671e-02   3.3870823e-03   1.4374513e-01  -2.6626119e-03  -2.1091214e-03  -1.9716052e-03
  -6.1784121e-02  -2.9881260e-02   1.3340615e-01  -2.4033709e-03  -1.9462882e-03  -1.8403891e-03
  -3.5064207e-02  -2.3559408e-02   1.3565102e-01  -2.5751045e-03  -1.7774946e-03  -1.3529720e-03
  -5.4086370e-02   1.8976889e-03   1.2850445e-01  -1.9918083e-03  -1.7065705e-03  -1.7803790e-03
  -2.0601882e-02   1.3155795e-02   1.5876844e-01  -2.8074042e-03  -1.3490290e-03  -1.3025966e-03
  -4.7188291e-02   3.1964149e-03   1.8412491e-01  -3.4792761e-03  -1.6025191e-03  -1.4006856e-03
  -5.0478012e-02  -4.0240249e-03   1.7213164e-01  -3.5403915e-03  -1.5441000e-03  -1.6534608e-03
  -6.7839438e-02  -9.5615619e-02  -4.1686466e-01   8.7941383e-03  -1.3191516e-03  -9.5719683e-04
  -6.5342167e-02  -1.5486409e-02  -3.4183442e-01   8.1389652e-03  -7.1793359e-05  -6.4221646e-04
  -3.3522799e-02   1.3805699e-02  -1.6082970e-01   4.1251854e-03  -9.6512040e-04  -5.0071338e-04
  -5.1071300e-02   2.7720907e-02  -7.2244856e-02   3.0942705e-03  -9.7276493e-04  -8.0491102e-04
  -5.7503777e-02  -2.1869870e-02  -6.5083145e-02   3.3188795e-03  -9.1450944e-04  -9.6252791e-04
  -6.0664518e-02  -2.4229794e-02  -6.3577051e-02   3.0340689e-03  -6.7501530e-04  -8.9259303e-04
  -3.5474860e-02   8.2983595e-04  -6.8128589e-02   2.8787234e-03  -6.5299000e-04  -6.9900924e-04
   2.8651376e-02  -5.9450073e-02  -1.2890487e-01   3.2938789e-03  -8.6268775e-04  -3.9310991e-04
   1.8803364e-02   6.0934652e-02   5.8164083e-02  -1.7470802e-03  -1.1099899e-03  -3.6843687e-04
   1.4886759e-01   4.1728348e-02  -2.5868400e-01   7.8943986e-03   2.3517643e-03   2.0192105e-03
   9.7448190e-02  -6.6332494e-02  -1.4451978e-01   3.2927029e-03   1.1766177e-03   1.3836393e-03
   6.2315024e-02   5.1385669e-03  -8.9505049e-02   3.2647637e-03   7.9260114e-04   6.8119007e-04
   6.1593734e-02   2.1443467e-02  -5.6560111e-02   2.8802049e-03   9.5437835e-04   7.6627513e-04
   8.7813097e-02  -5.6120456e-03  -5.5812540e-02   2.4364871e-03   1.0440395e-05   8.9731845e-04
   9.8213298e-02   4.7501392e-03  -6.0256030e-02   1.9509124e-03  -1.0357110e-03   6.4343640e-04
   8.3371169e-02   1.2148939e-02  -4.6225070e-02   2.0235184e-03  -7.6647043e-04   5.6627601e-04
   7.2965027e-02  -2.0055002e-02  -3.5231176e-02   2.1544438e-03  -6.8710745e-04   4.0731143e-04
   6.0184341e-02  -1.6720475e-02  -2.2173296e-02   2.0762068e-03  -8.5571097e-04   2.2461667e-04
   4.9015079e-02   7.8885058e-03  -1.9575460e-02   1.7628152e-03  -7.4862340e-04   2.1263446e-04
   5.4138759e-02   1.4464882e-03   2.3729147e-02   1.0774017e-03  -6.2140491e-04   2.3789658e-04
   1.0563884e-01  -1.2224822e-01  -7.8660625e-01   1.7166361e-02  -2.0590717e-04   6.6781038e-04
   5.8358387e-02  -2.9516872e-02  -2.8766009e-01   6.8094005e-03  -2.2165071e-04   3.3159005e-05
   1.1280169e-01   5.8442208e-02  -1.4755170e-01   2.7110168e-03  -1.9613509e-03   7.8171374e-05
   4.2150118e-02   7.1479026e-02   2.5690669e-02   1.3388926e-03  -2.6396980e-03  -1.0261596e-03
   1.1830313e-02   3.3335881e-02   2.5112157e-02  -2.5330691e-04  -3.0348928e-03  -1.4744339e-03
   8.9007639e-03   2.5563382e-02   1.6655081e-02  -5.8898559e-04  -3.1408970e-03  -1.7415751e-03
   2.8525878e-03   2.7002947e-02   3.6479582e-02  -6.5194164e-04  -2.8176146e-03  -1.6579089e-03
  -1.5298877e-02   2.2894469e-02   3.7279649e-02  -4.9654907e-04  -2.3998727e-03  -1.7379736e-03
  -3.6859236e-03  -2.9543632e-05   2.8989627e-02  -6.5476199e-04  -2.0471052e-03  -1.7956865e-03
  -1.4734060e-02   4.0172522e-02  -3.7462076e-03  -3.3531489e-04  -1.6480437e-03  -2.3240221e-03
  -1.4063041e-02   2.8405473e-02   1.2852102e-02  -7.7921298e-04  -1.3538825e-03  -2.3099991e-03
  -1.4877304e-02   1.1553408e-02   6.9310843e-03  -8.0203899e-04  -1.3079638e-03  -2.3144500e-03
  -2.2815786e-02   8.5009376e-03   1.4656735e-02  -1.0552703e-03  -1.4626653e-03  -2.6856842e-03
  -5.5163732e-03  -5.2787520e-03   1.9475713e-02  -1.5046822e-03  -1.1615471e-03  -2.3619057e-03
  -6.0966244e-03   2.4545329e-02   5.2580764e-02  -1.2927180e-03  -9.7428760e-04  -2.0657433e-03
  -4.8405410e-02   2.9632939e-02   6.3589254e-02  -1.6158372e-03  -1.3908641e-03  -2.5259936e-03
  -5.9777343e-02   4.0678391e-02   1.0874788e-01  -2.5480197e-03  -1.6491025e-03  -2.8187430e-03
  -6.3209811e-02   8.4187652e-03   1.2365140e-01  -3.0673563e-03  -1.5812338e-03  -2.7415989e-03
  -6.6830751e-02   2.8860960e-02   1.1508276e-01  -3.0250800e-03  -1.6305080e-03  -2.9656742e-03
  -5.4736356e-02   3.8041776e-02   1.0695626e-01  -2.7859305e-03  -1.6495122e-03  -2.8622945e-03
  -5.2741298e-02   1.2512640e-02   1.3891809e-01  -2.9041399e-03  -1.8420322e-03  -2.6102472e-03
  -5.1532669e-02  -7.0653803e-03   1.5027760e-01  -3.1151827e-03  -1.9738875e-03  -2.6060604e-03
  -6.6119609e-02   2.8692617e-02   1.4434004e-01  -2.9194473e-03  -2.2409279e-03  -2.9354838e-03
  -6.9436264e-02   1.3065987e-02   1.5131005e-01  -3.2435137e-03  -2.0565201e-03  -3.0809183e-03
  -7.5728235e-02   1.4861609e-02   1.8004727e-01  -3.2642818e-03  -1.9761289e-03  -3.0740035e-03
  -8.5892643e-02  -4.5651318e-03   2.1764069e-01  -3.4440627e-03  -2.1761200e-03  -3.2965065e-03
  -8.1592073e-02  -2.1155846e-05   2.0699855e-01  -3.5818490e-03  -2.1370077e-03  -3.0586619e-03
  -9.2285689e-02   4.9891992e-02   2.0725997e-01  -4.0233104e-03  -1.9656853e-03  -3.2900648e-03
  -6.9614257e-02   4.3556299e-03   1.4234084e-01  -4.2479797e-03  -2.6051701e-03  -3.4463557e-03
  -2.5803918e-02   1.8210764e-02   1.5204164e-01  -4.3462034e-03  -1.9693613e-03  -3.0085366e-03
   3.0130719e-02   5.1373649e-03   1.3951009e-01  -4.0621378e-03  -1.6653291e-03  -2.4837668e-03
   3.8796074e-03   1.9267536e-04   1.4910364e-01  -3.7815733e-03  -1.9604432e-03  -2.4946681e-03
   8.2197676e-03   5.6876524e-02   1.4829581e-01  -4.1555471e-03  -1.7802074e-03  -2.5597774e-03
   1.5186576e-03   1.4773682e-02   1.6615064e-01  -4.2083789e-03  -1.9166852e-03  -2.6766097e-03
  -8.6216845e-03  -1.1127240e-02   1.7024105e-01  -3.9550411e-03  -1.9785189e-03  -2.8179622e-03
   1.3477214e-03   1.8110252e-02   1.8602195e-01  -3.8050861e-03  -2.3512586e-03  -2.6078413e-03
  -3.7396721e-03  -1.4597540e-02   1.8531806e-01  -3.7896950e-03  -2.3203658e-03  -2.6141868e-03
  -2.2429888e-02   9.0187829e-03   1.9446940e-01  -3.8635259e-03  -2.1976114e-03  -2.7970053e-03
  -2.6669419e-02   3.1534393e-02   1.8195662e-01  -3.9140089e-03  -2.0715358e-03  -2.7693927e-03
   4.9245366e-02  -1.2729727e-01  -5.7696347e-01   1.3069625e-02  -2.1602775e-03  -3.6712705e-04
   2.3794607e-02   4.8900110e-02  -2.2796704e-01   5.2607949e-03  -2.4675875e-03  -1.0099333e-03
  -1.0399211e-02   1.2879893e-02  -8.5771992e-02   3.0968984e-03  -2.5470307e-03  -2.0109675e-03
  -4.2888517e-02   4.6870891e-02  -3.6051394e-03   2.9308800e-03  -2.5014532e-03  -2.0295380e-03
  -2.3106520e-02   5.7829718e-04  -1.8489500e-03   2.0146350e-03  -2.5177237e-03  -1.9428083e-03
   1.6597333e-02   3.1524113e-02  -4.5099477e-02   1.3214977e-03  -3.0650755e-03  -2.1324743e-03
  -3.1891331e-02   4.6556395e-02   1.3296419e-02   4.6942284e-04  -3.1364781e-03  -2.6981797e-03
  -4.8896105e-02   2.8087804e-02   4.9741234e-02   1.7782749e-04  -3.3937384e-03  -2.7558013e-03
  -7.3757907e-02   3.6809045e-02   8.7290609e-02  -1.7489693e-05  -3.4466049e-03  -3.2170646e-03
  -7.5065809e-02   1.5929848e-02   1.0415911e-01  -1.4614667e-04  -3.2574548e-03  -3.1706726e-03
  -8.0670947e-02   7.4297219e-03   1.2267705e-01  -2.2202702e-04  -3.3021907e-03  -3.1669151e-03
  -8.7327584e-02   1.3847670e-02   1.2967609e-01  -5.9190866e-04  -2.9958227e-03  -3.4457425e-03
  -8.6574538e-02   1.9403598e-02   1.2729343e-01  -9.9640665e-04  -2.8213682e-03  -3.6281227e-03
  -8.0639817e-02   5.3660586e-02   1.4939240e-01  -2.2716868e-03  -2.9131518e-03  -3.6197333e-03
  -1.2268954e-01   2.8114482e-02   2.0230847e-01  -3.3137544e-03  -3.5252865e-03  -4.2940797e-03
  -1.4380282e-01   3.8797562e-02   2.0479387e-01  -2.0491337e-03  -3.8464309e-03  -4.3469636e-03
  -1.5807701e-01   5.0591723e-02   2.4564442e-01  -3.3449774e-03  -3.6441389e-03  -4.5290445e-03
  -1.5579083e-01   5.2310564e-02   2.6280561e-01  -3.6564287e-03  -3.5489579e-03  -4.3203520e-03
  -1.5123484e-01   6.4419401e-03   2.4841925e-01  -3.5374808e-03  -3.6797582e-03  -4.4179267e-03
  -1.5437581e-01   1.4033534e-02   2.4497628e-01  -3.4863067e-03  -3.7246146e-03  -4.5548108e-03
  -1.6644644e-01   1.9540994e-02   2.4821807e-01  -3.5292041e-03  -3.7577519e-03  -4.7932442e-03
  -1.6871428e-01   7.5237931e-03   2.4710142e-01  -3.7041015e-03  -3.6750230e-03  -4.8620818e-03
  -1.6782048e-01   2.6513606e-02   2.5320609e-01  -4.0003732e-03  -3.7271945e-03  -4.9673189e-03
  -1.8548667e-01   6.0212951e-02   2.7010186e-01  -4.2001971e-03  -3.5485819e-03  -5.1253657e-03
  -1.9410850e-01   4.2170490e-02   2.9691662e-01  -4.1612001e-03  -3.3757023e-03  -5.2791098e-03
  -1.9140316e-01   1.1692041e-02   3.0862357e-01  -4.1585732e-03  -3.6325795e-03  -5.3350840e-03
  -2.1275164e-01  -5.5348366e-04   3.0652120e-01  -4.2553077e-03  -4.0352410e-03  -5.5165548e-03
  -2.3960794e-01   1.2537400e-02   3.2649640e-01  -4.2697086e-03  -3.8908389e-03  -5.7427575e-03
  -2.4402826e-01   7.2202364e-02   3.4839552e-01  -4.1173075e-03  -3.8781974e-03  -5.9585721e-03
  -2.2574512e-01   8.6047193e-03   3.7510680e-01  -4.4175123e-03  -3.7785947e-03  -5.7456261e-03
  -2.2005394e-01  -3.1574594e-03   3.8485318e-01  -4.3952456e-03  -3.6956443e-03  -5.4945451e-03
  -1.8111712e-01   1.4503204e-02   3.3342768e-01  -4.4276919e-03  -3.9032587e-03  -5.1439199e-03
  -1.9950364e-01   3.3298926e-02   3.6427706e-01  -5.0116305e-03  -3.7667089e-03  -5.2968605e-03
  -2.0231604e-01   2.1273279e-02   3.5777336e-01  -5.2271688e-03  -3.8423559e-03  -5.3422408e-03
  -2.0450839e-01   3.6093079e-02   3.6112387e-01  -5.0207387e-03  -3.8688959e-03  -5.3560634e-03
  -2.1029114e-01   2.5665404e-02   3.6565029e-01  -4.8303098e-03  -3.9804794e-03  -5.3943171e-03
  -2.1383238e-01   2.2713928e-02   3.7208613e-01  -4.7229993e-03  -3.7177117e-03  -5.4566898e-03
  -2.1043882e-01   1.0319446e-02   3.6716213e-01  -4.8029324e-03  -3.5786653e-03  -5.5230394e-03
  -2.1001505e-01   1.7812979e-02   3.7359850e-01  -5.1277964e-03  -3.3256902e-03  -5.4265628e-03
  -1.9748410e-01  -1.0965127e-02   3.9406595e-01  -4.9352206e-03  -3.7483051e-03  -5.4115785e-03
  -1.7404961e-01   3.4788663e-03   3.7700799e-01  -4.2040076e-03  -3.9961326e-03  -5.0461114e-03
  -1.8662459e-01   8.9956050e-03   4.1927589e-01  -4.6391778e-03  -3.9597563e-03  -4.8295394e-03
  -1.8778650e-01  -1.1769337e-02   4.1272921e-01  -4.9020550e-03  -4.1383418e-03  -5.1013334e-03
  -1.8792695e-01   5.9668669e-03   4.2978028e-01  -5.6819143e-03  -4.0546212e-03  -5.2201929e-03
  -1.8609354e-01   9.4977916e-03   4.1651199e-01  -5.5830500e-03  -4.2279381e-03  -5.1642689e-03
  -1.9747917e-01   1.3557674e-02   4.0403499e-01  -5.6820367e-03  -4.1895494e-03  -5.3666046e-03
  -2.2746191e-01   3.2112674e-02   4.0524909e-01  -5.6675656e-03  -4.0370742e-03  -5.5604329e-03
  -2.1702384e-01   3.5009300e-02   3.9095065e-01  -5.5320828e-03  -4.0457005e-03  -5.5086284e-03
  -2.1328372e-01   4.8081711e-02   3.8971557e-01  -5.9089536e-03  -3.8173234e-03  -5.5474411e-03
  -2.3835410e-01   3.5056625e-02   4.2083856e-01  -6.3481351e-03  -3.9014103e-03  -5.8293485e-03
  -2.2582219e-01   1.8010024e-02   4.1350086e-01  -6.1029648e-03  -3.9816976e-03  -5.7620551e-03
  -2.1204780e-01   4.2847351e-02   4.0757379e-01  -5.8576149e-03  -3.8493937e-03  -5.5683903e-03
  -2.1129152e-01   6.5116535e-03   4.2961199e-01  -5.7424440e-03  -3.7780420e-03  -5.4228261e-03
  -2.1988891e-01   3.3887319e-02   4.0599210e-01  -5.5377667e-03  -3.7418075e-03  -5.6182521e-03
  -2.5642228e-01   4.5614114e-02   4.3326259e-01  -5.6616199e-03  -3.7823011e-03  -5.9226476e-03
  -2.8124417e-01   1.6981835e-02   4.2656969e-01  -5.5311289e-03  -3.4805704e-03  -6.3165097e-03
  -3.4952709e-01  -6.8169963e-03   3.6283611e-01  -7.1984687e-03  -4.5629889e-03  -8.2945324e-03
  -2.5956000e-01   7.9626111e-03   3.6668413e-01  -6.5182011e-03  -4.6666207e-03  -6.1726753e-03
  -2.5075601e-01   7.6353435e-03   3.9487352e-01  -6.6012518e-03  -4.7138731e-03  -5.9086180e-03
  -2.5979335e-01   3.5978322e-02   4.1628941e-01  -6.5969864e-03  -4.4710484e-03  -6.0517490e-03
  -2.7504414e-01   4.9493613e-02   4.5139437e-01  -7.1467040e-03  -4.3910596e-03  -6.0593396e-03
  -2.7285299e-01   2.2871037e-02   4.4689627e-01  -7.0153173e-03  -4.3008933e-03  -6.1789925e-03
  -2.7350471e-01   2.0950438e-02   4.5978549e-01  -6.9305533e-03  -4.4002393e-03  -6.0829337e-03
  -2.6826696e-01   2.5671464e-02   4.4195347e-01  -6.8092653e-03  -4.3560352e-03  -6.0650085e-03
  -2.5853156e-01   2.5648820e-02   4.4483406e-01  -6.7366620e-03  -4.1667679e-03  -6.0389691e-03
  -2.0667287e-01   3.0227334e-02   3.4385656e-01  -4.9981021e-03  -3.3720414e-03  -5.2906859e-03
   8.0880087e-02   1.5609114e-01   2.2232596e-01  -8.6749981e-03  -5.2257759e-03  -4.8762123e-04
   6.3437890e-02   4.4300202e-03   3.4863116e-01  -7.7486195e-03  -4.5676803e-03  -7.2850839e-04
  -4.2190903e-02   9.8212135e-02   4.4162859e-01  -8.0838496e-03  -4.7899913e-03  -2.0253457e-03
  -4.9984543e-02   2.6444535e-02   4.4041778e-01  -7.9048146e-03  -5.1844664e-03  -2.2956050e-03
  -7.6597759e-02   3.9639776e-02   4.8605535e-01  -8.1392203e-03  -5.2066279e-03  -2.8166644e-03
  -9.3010029e-02   1.8557638e-02   4.8458937e-01  -7.9142647e-03  -4.8786517e-03  -3.2871599e-03
  -1.0197468e-01  -2.3737306e-03   4.9925657e-01  -7.8613979e-03  -4.9389378e-03  -3.3737042e-03
  -1.0473417e-01   3.1739711e-02   4.7789634e-01  -8.1198811e-03  -4.9332458e-03  -3.4354454e-03
  -1.2326431e-01   3.4084460e-02   4.6766988e-01  -8.1707367e-03  -4.7858496e-03  -3.7877189e-03
  -1.4603608e-01   3.6780627e-02   4.9588144e-01  -8.4539974e-03  -4.6463528e-03  -3.9914088e-03
  -1.5931877e-01   2.7292105e-02   5.1615225e-01  -8.3148659e-03  -4.6948938e-03  -4.0268810e-03
  -1.4086546e-01   2.8651628e-02   5.1374481e-01  -8.0358992e-03  -4.6759540e-03  -3.8915380e-03
  -1.3828466e-01   4.7333084e-02   5.1384485e-01  -7.9629980e-03  -4.9301712e-03  -3.8298988e-03
  -1.5524590e-01   5.2814265e-02   5.2827026e-01  -7.9954448e-03  -4.5347840e-03  -3.9769264e-03
  -1.9010037e-01   7.3661992e-02   5.5344990e-01  -7.7022888e-03  -4.6649489e-03  -4.5871708e-03
  -1.7645015e-01   5.1807144e-02   5.6143093e-01  -8.1204925e-03  -4.7548747e-03  -4.3250582e-03
  -1.5062834e-01   2.0590569e-02   5.4657364e-01  -8.2127386e-03  -4.8141482e-03  -3.9025298e-03
  -1.3048636e-01   5.4308808e-02   5.0974095e-01  -8.0488382e-03  -4.6984364e-03  -3.7608110e-03
  -1.1252319e-01   2.7702317e-02   4.6440763e-01  -7.7027843e-03  -5.3794655e-03  -3.5708421e-03
  -1.2814530e-01   3.8673153e-02   4.7505985e-01  -8.2832837e-03  -4.8955110e-03  -3.6360980e-03
  -1.3692608e-01   4.9935750e-02   4.7191994e-01  -8.4286241e-03  -4.6850740e-03  -3.7701017e-03
  -1.2589414e-01   4.4478166e-02   4.4547857e-01  -8.0829707e-03  -4.3456400e-03  -3.5993849e-03
  -1.4314410e-01   3.9771009e-02   4.9320947e-01  -8.3143908e-03  -4.5086974e-03  -3.6892091e-03
  -1.5012836e-01   4.3732093e-02   4.9790196e-01  -8.0424550e-03  -4.8088683e-03  -3.6753201e-03
  -1.3107937e-01   3.5394540e-02   5.0642348e-01  -7.8417534e-03  -4.4943904e-03  -3.4051904e-03
  -1.2936218e-01   3.8977751e-02   5.0533836e-01  -8.2509438e-03  -4.5020573e-03  -3.5641941e-03
  -1.1667065e-01   5.1368996e-02   5.3608587e-01  -8.3632441e-03  -4.6858813e-03  -3.5345018e-03
  -1.1373631e-01   2.1206996e-02   5.2634820e-01  -8.4404036e-03  -4.6879863e-03  -3.3623021e-03
  -1.1512528e-01   4.7022446e-02   5.2214937e-01  -8.6070118e-03  -4.9728620e-03  -3.4737571e-03
  -1.2264797e-01   3.6373831e-02   5.1407983e-01  -8.3332402e-03  -4.5023080e-03  -3.3882973e-03
  -1.3463771e-01   6.1534003e-02   5.0842490e-01  -8.1150578e-03  -4.2736874e-03  -3.7161265e-03
  -1.2959264e-01   1.5372884e-02   5.2669488e-01  -8.2806125e-03  -4.1802517e-03  -3.5472695e-03
  -1.3699429e-01   2.7764079e-02   5.0782025e-01  -7.8787316e-03  -4.2302120e-03  -3.5395981e-03
  -1.4423145e-01   4.0475733e-02   5.1234362e-01  -8.0968166e-03  -4.2738249e-03  -3.5559794e-03
  -1.3379695e-01   9.2540895e-03   5.1507079e-01  -8.1124616e-03  -3.9729003e-03  -3.3154404e-03
  -1.2561351e-01   4.2071041e-02   5.1333762e-01  -8.1517795e-03  -3.6585966e-03  -3.2268079e-03
  -1.2685384e-01   4.7071807e-02   5.0750420e-01  -8.3745580e-03  -3.8990926e-03  -3.1609751e-03
  -1.2792732e-01   3.2825914e-02   5.0837143e-01  -8.3568776e-03  -3.8497222e-03  -3.2311818e-03
  -1.1867604e-01   4.0134956e-02   4.8235529e-01  -6.9253002e-03  -4.0717648e-03  -3.4360907e-03
  -1.2992939e-01   1.7086710e-02   5.2586233e-01  -8.2790683e-03  -3.7857887e-03  -3.3102532e-03
  -1.3816822e-01   6.2421477e-02   5.3453187e-01  -8.3038548e-03  -3.7002313e-03  -3.4894658e-03
  -1.7677890e-01   7.7756006e-02   5.7897421e-01  -8.6385175e-03  -4.0426861e-03  -3.9701060e-03
  -1.7337703e-01   3.6708593e-02   5.6006467e-01  -8.6322337e-03  -4.0806927e-03  -3.7228143e-03
  -7.3384250e-02  -4.5504188e-03   1.3792286e-01  -3.2635604e-03  -4.2212394e-03  -2.4389852e-03
  -3.0573834e-02  -3.0552426e-02  -3.0728709e-01   9.2062324e-03  -1.2882990e-03   5.0693858e-04
  -4.9481930e-02   1.0321674e-01  -4.4029290e-02   4.1597771e-03  -2.7796883e-03  -7.2080266e-04
  -7.5588631e-02   9.3583861e-02   3.4110968e-02   2.8221988e-03  -3.2237107e-03  -1.7154618e-03
  -5.9226431e-02   7.1354677e-02   5.6925422e-02   2.0450531e-03  -3.2064197e-03  -1.8352649e-03
  -5.7692603e-02   6.7299035e-03   7.1972658e-02  -7.9500818e-04  -4.0078086e-03  -1.9600895e-03
  -8.8355538e-02   1.3522165e-01   2.8196543e-01  -5.8756756e-03  -4.4855880e-03  -2.9395099e-03
  -3.9818880e-02   1.1205786e-01   1.6305332e-01  -3.1917926e-03  -4.0655089e-03  -2.2460956e-03
  -1.7276935e-02  -3.5532367e-02  -4.0233990e-01   1.0897982e-02  -1.9431134e-03   5.2805641e-04
  -9.5902125e-03   1.1008574e-01  -4.7448433e-02   3.7911420e-03  -2.7157133e-03   7.3299376e-05
  -3.3947425e-02   1.3046658e-01   1.3279975e-02   3.4703781e-03  -2.9664974e-03  -6.1492929e-04
  -5.1247873e-02   8.0378661e-02   7.2678573e-02   3.3711224e-03  -3.3184635e-03  -1.0321266e-03
  -5.4265607e-02   8.3922189e-02   1.5517022e-01   1.8136053e-03  -3.5695806e-03  -8.7233814e-04
  -2.7957636e-02   8.2448947e-02   1.7207675e-01   7.0674071e-04  -3.4116797e-03  -7.3178361e-04
  -1.2586606e-02   8.0343580e-02   1.5897071e-01   4.9781231e-04  -3.8102117e-03  -8.4842694e-04
  -1.6405112e-02   6.8589443e-02   1.5911167e-01   7.7157300e-04  -3.8901680e-03  -7.1835395e-04
  -1.9360999e-02   4.0795309e-02   1.7951653e-01   6.9225366e-04  -3.5582697e-03  -5.5371827e-04
  -2.8212765e-02   8.3232344e-02   1.8391123e-01   3.1903098e-04  -3.0618575e-03  -7.9770779e-04
  -1.9851000e-02   5.6696990e-02   1.9359617e-01   2.9452321e-04  -3.5321037e-03  -9.2224881e-04
  -2.5436271e-02   6.6044138e-02   2.2802795e-01  -5.1026840e-04  -3.7625079e-03  -1.1278782e-03
  -2.1295933e-02   5.1139721e-02   2.2701736e-01  -2.8590884e-04  -3.8286868e-03  -1.0655159e-03
  -1.3994715e-02   8.6410642e-02   2.1630174e-01  -5.1397675e-04  -3.8047625e-03  -1.1424161e-03
