   0.0000000e+00   0.0000000e+00   0.0000000e+00   0.0000000e+00   0.0000000e+00   0.0000000e+00
   1.2436684e-01  -1.0153906e-02   7.8796839e-03  -9.9236774e-05  -2.0466928e-03   2.0718745e-03
   1.5957079e-01  -1.5929717e-02   5.5632777e-03   1.6418764e-03  -2.7866607e-03   2.4188823e-03
   1.5838138e-01  -2.7782344e-02   3.5949774e-02   7.0354931e-05  -2.4639258e-03   2.7605139e-03
   1.6461076e-01  -2.4067398e-02   3.2844015e-02   3.5096159e-04  -2.4686895e-03   2.7923359e-03
   1.6447917e-01  -1.6490470e-02   2.8326044e-02  -5.0451530e-04  -2.1693766e-03   2.9661416e-03
   1.6180417e-01  -3.3941394e-02   1.9402341e-02  -8.1210145e-04  -1.8673640e-03   3.2311003e-03
   1.7186176e-01   3.8553575e-02  -1.0329812e-02  -8.2203137e-04  -1.9105592e-03   3.5575360e-03
   1.7525261e-01  -1.6954666e-02   1.3991066e-03  -1.1038188e-03  -2.2443904e-03   3.5864510e-03
   1.8466771e-01  -1.4974691e-02  -1.7688393e-02  -1.3100311e-03  -2.2752368e-03   3.6692988e-03
   2.0339217e-01   8.1172235e-02  -7.1494338e-03  -1.6968330e-03  -2.2957454e-03   3.9196627e-03
   2.0266885e-01   1.7776549e-02   8.2382379e-04  -1.7691483e-03  -2.1991326e-03   3.9379897e-03
   2.0117682e-01   3.7038902e-02   7.7775696e-03  -2.1393079e-03  -2.0697662e-03   4.1289556e-03
   1.9482631e-01  -9.6245972e-03   1.5896190e-02  -2.1328761e-03  -1.8865821e-03   4.1531890e-03
   1.9268028e-01   4.2194815e-02   1.8459141e-02  -2.5794580e-03  -2.2959020e-03   3.7311465e-03
   1.9065195e-01   3.1468329e-02   2.4030261e-02  -2.6896340e-03  -2.4275782e-03   3.5064756e-03
   1.9023279e-01   5.9726442e-02   4.1523421e-02  -3.4643309e-03  -2.4687483e-03   3.4225468e-03
   1.7439582e-01  -4.6192405e-02   5.6438838e-02  -3.6013987e-03  -2.4124878e-03   3.3341894e-03
   1.8329862e-01   3.0872690e-02   6.1007049e-02  -3.9351834e-03  -2.4929455e-03   3.3177673e-03
   1.8039669e-01  -2.9732995e-02   4.5767488e-02  -3.9750033e-03  -1.9711105e-03   3.3512132e-03
   1.7013983e-01   1.1019347e-03   6.6086068e-02  -4.4721216e-03  -2.1122950e-03   3.2276369e-03
   1.7272552e-01   2.4471310e-02   7.1985267e-02  -4.8921842e-03  -2.0867204e-03   3.2906725e-03
   1.7903227e-01   6.0023004e-02   6.8273489e-02  -4.8787083e-03  -2.1805459e-03   3.3726483e-03
   1.7244960e-01   3.9267912e-02   7.7303996e-02  -5.2247045e-03  -2.3050804e-03   3.1996664e-03
   1.7368582e-01   4.2433569e-02   7.6097151e-02  -5.2792578e-03  -2.2498111e-03   3.2994549e-03
   1.7100259e-01   1.5240146e-02   6.8927801e-02  -5.0446041e-03  -2.2371978e-03   3.1663969e-03
   1.7130853e-01   2.9835836e-02   7.2043156e-02  -5.1265972e-03  -2.3673130e-03   3.2145146e-03
   1.9399873e-01   4.5675867e-02   5.9190935e-02  -4.3644266e-03  -2.6842875e-03   3.6110513e-03
   1.8743937e-01   1.0270504e-02   5.1033792e-02  -4.4815802e-03  -2.5500918e-03   3.6077755e-03
   1.7578660e-01   2.5191688e-02   6.5036125e-02  -4.6059938e-03  -2.2611582e-03   3.4850895e-03
   1.8141326e-01   4.3540901e-02   8.9974949e-02  -4.9469754e-03  -2.5072423e-03   3.4817570e-03
   1.8521102e-01   5.3389892e-02   9.2945607e-02  -5.0749466e-03  -2.4322940e-03   3.6914621e-03
   1.8550067e-01   4.8432714e-03   7.6009258e-02  -4.7228298e-03  -2.3010892e-03   3.6989417e-03
   1.8839631e-01  -5.0826331e-03   5.0734307e-02  -4.7941442e-03  -2.3576623e-03   3.6395904e-03
   1.8879217e-01   8.4411588e-02   4.8623413e-02  -4.8779015e-03  -2.4744422e-03   3.7585769e-03
   1.8571577e-01   1.0053335e-02   4.3605191e-02  -4.9609065e-03  -2.4716006e-03   3.5875147e-03
   1.8191064e-01   4.2895751e-02   5.7762313e-02  -4.7794050e-03  -2.3054971e-03   3.5364758e-03
   1.7935008e-01   1.1411791e-02   5.1571986e-02  -4.6535289e-03  -2.3756148e-03   3.6079235e-03
   1.8818676e-01   4.6614583e-02   5.2590373e-02  -4.7008068e-03  -2.3468554e-03   3.6973375e-03
   1.9438880e-01   3.9739967e-02   5.2199995e-02  -4.7677672e-03  -2.1001685e-03   3.7982826e-03
   2.0262413e-01   3.0856651e-02   6.7149148e-02  -4.5846937e-03  -2.4548039e-03   3.9942113e-03
   1.9914385e-01   1.2388735e-05   3.9788011e-02  -4.6785761e-03  -2.9280162e-03   3.5923850e-03
   2.0017021e-01   6.5693353e-02   3.0616236e-02  -4.6590968e-03  -3.0460107e-03   3.5252808e-03
   2.1442624e-01   3.1575023e-03   1.0501092e-02  -3.9443035e-03  -3.1759889e-03   3.6926497e-03
   2.0821503e-01   5.6659016e-02   1.7514771e-02  -4.3090697e-03  -3.1962844e-03   3.5651491e-03
   2.0274078e-01  -2.5058323e-02   1.6382303e-02  -4.2198873e-03  -3.0368933e-03   3.6004504e-03
   1.9950194e-01  -1.4526368e-04   2.6584325e-02  -4.3817774e-03  -2.9736253e-03   3.6216061e-03
   2.0074977e-01   6.3822007e-02   4.8812707e-02  -4.9164840e-03  -2.8656696e-03   3.7023989e-03
   2.0248396e-01   4.1986779e-02   2.8122016e-02  -4.8391369e-03  -2.9031293e-03   3.5159652e-03
   2.0168217e-01  -2.8782479e-03   1.5906693e-02  -4.6310971e-03  -2.6750459e-03   3.5005934e-03
   1.9707680e-01   2.8465630e-02   3.8842897e-02  -4.4426253e-03  -2.7639875e-03   3.7005919e-03
   1.8959428e-01   2.4824688e-02   5.1823803e-02  -4.8421201e-03  -2.7753508e-03   3.4287408e-03
   1.9000909e-01   3.7913626e-02   5.7476844e-02  -5.1103082e-03  -2.2942228e-03   3.6582689e-03
   2.0198729e-01   3.5338422e-02   5.9096194e-02  -5.3633182e-03  -2.5815339e-03   3.7544190e-03
   2.0865443e-01   7.1687467e-02   4.0170437e-02  -5.0477705e-03  -2.2726562e-03   3.9104396e-03
   2.0693865e-01  -2.9511197e-02   3.1028788e-02  -4.7710374e-03  -2.2398377e-03   3.9013575e-03
   2.2343766e-01   6.3498276e-02   4.8960538e-02  -4.6532743e-03  -2.7468570e-03   4.3421706e-03
   2.3308813e-01   2.9035841e-02   3.4396145e-02  -4.0399625e-03  -2.7386108e-03   4.4113572e-03
   2.1275851e-01  -1.7453887e-03   1.6989597e-02  -4.2893371e-03  -2.6478457e-03   4.0670050e-03
   2.2841425e-01   5.7958197e-02   1.3118194e-02  -4.1277983e-03  -2.7840328e-03   4.3747739e-03
   2.1898536e-01   5.4990936e-02   4.0732981e-02  -4.6993035e-03  -2.8332216e-03   4.1980482e-03
   2.1939973e-01   3.7625789e-02   3.0292200e-02  -4.7001229e-03  -2.4910319e-03   4.2538056e-03
   2.1267958e-01   3.0144917e-02   3.9547832e-02  -4.8911018e-03  -2.5606725e-03   4.2810685e-03
   2.1059376e-01  -1.7129454e-02   2.2174455e-02  -4.5184431e-03  -2.4372643e-03   4.1199842e-03
   1.9524676e-01   6.6450777e-02   5.0805512e-02  -5.2739940e-03  -2.5851163e-03   3.9802903e-03
   2.0123862e-01   4.4950318e-03   4.3041132e-02  -5.1357737e-03  -2.3350694e-03   3.9397925e-03
   2.1570426e-01   7.3471487e-02   4.6607046e-02  -5.4006980e-03  -2.7399911e-03   4.2219982e-03
   2.0632232e-01  -5.2880238e-02   2.6615800e-02  -4.8122602e-03  -2.5188006e-03   4.0887093e-03
   2.2023188e-01   8.0365793e-02   3.3310028e-02  -4.5918764e-03  -2.9229586e-03   4.7712936e-03
   1.7255907e-01   4.8686880e-03   4.6123390e-02  -4.5036860e-03  -2.0594405e-03   4.0213126e-03
   1.8325684e-01   4.3403857e-02   5.0616851e-02  -4.5334221e-03  -1.6890039e-03   4.2001562e-03
   1.9314410e-01  -2.8937004e-02   2.6594791e-02  -4.6336979e-03  -2.3158462e-03   4.0444434e-03
   2.2474414e-01   8.2960795e-02   2.3866180e-02  -4.4486513e-03  -2.8593080e-03   4.6484304e-03
   2.1468216e-01   1.0044286e-02   2.0296277e-02  -4.3497903e-03  -2.5980958e-03   4.4131962e-03
   2.1079284e-01  -7.1066649e-03   1.4672932e-02  -4.0776648e-03  -2.5313041e-03   4.2879470e-03
   2.2869127e-01   7.9322395e-02   1.8104170e-02  -4.1396592e-03  -3.0083525e-03   4.5335934e-03
   2.2664871e-01   1.2567050e-02   1.6110315e-02  -4.1530422e-03  -2.7730810e-03   4.4980691e-03
   2.2569533e-01   3.0631877e-02   1.1896531e-02  -4.0909628e-03  -2.8752563e-03   4.6065114e-03
   2.1946394e-01   1.5753734e-02   1.3477126e-03  -3.8072412e-03  -2.6026301e-03   4.4609703e-03
   2.3640696e-01   6.3892742e-02   7.7055376e-03  -3.9979743e-03  -3.4203855e-03   4.5709929e-03
   2.2699222e-01  -3.8120181e-02   1.1352744e-02  -4.0482843e-03  -3.1833759e-03   4.5286899e-03
   2.2711162e-01  -2.3413955e-02   6.3860024e-03  -3.5503562e-03  -2.8332774e-03   4.4907960e-03
   2.7201439e-01   1.8178716e-01   6.0473189e-02  -2.9374216e-03  -4.3722838e-03   6.0431636e-03
   2.5734259e-01  -1.5286212e-01   1.3873606e-02  -2.9643533e-03  -3.7630322e-03   5.2143673e-03
   2.3343348e-01  -1.6074909e-02  -8.9292204e-03  -2.9218052e-03  -3.0289060e-03   4.8076106e-03
   2.4674688e-01  -4.9623082e-03  -1.3096656e-02  -2.4867896e-03  -2.8768610e-03   5.0055081e-03
   2.5543880e-01  -1.0323240e-02   1.8412854e-04  -2.3155316e-03  -2.5863887e-03   5.2481409e-03
   2.6665641e-01   4.8127449e-02   2.7388820e-02  -2.6932960e-03  -2.4818032e-03   5.6947347e-03
   2.5817101e-01  -7.2498294e-02   1.9475750e-03  -2.8718193e-03  -2.2579700e-03   5.2827381e-03
   2.4956196e-01   4.0702050e-02   6.9339380e-04  -2.8236320e-03  -1.9824322e-03   5.6928452e-03
   2.5101151e-01  -3.2981229e-02  -1.6427693e-02  -2.8041712e-03  -2.0006855e-03   5.5941768e-03
   2.5824823e-01   4.0134246e-02  -6.6295811e-03  -3.2160754e-03  -2.0924672e-03   5.9138499e-03
   2.7107271e-01  -4.0955864e-02  -3.7204339e-02  -2.3566362e-03  -2.0666704e-03   5.8725583e-03
   2.6705333e-01  -2.8395410e-02  -3.8620847e-02  -2.5359404e-03  -2.1555132e-03   5.7346765e-03
   3.0093878e-01   1.9041917e-01   1.3425868e-02  -3.7149616e-03  -2.6857130e-03   6.4815967e-03
   2.6933714e-01  -1.2825566e-01  -2.7428994e-02  -2.5890384e-03  -1.7227647e-03   6.0195631e-03
   2.7017836e-01   2.3545855e-02  -1.8976162e-02  -2.8018257e-03  -1.8356829e-03   5.9755163e-03
   2.8789775e-01   2.4177202e-03  -5.4299372e-02  -1.0260726e-03  -1.7189318e-03   6.1943125e-03
   2.7638752e-01  -3.0099737e-02  -4.9605330e-02  -1.5913514e-03  -2.0202984e-03   5.8604777e-03
   2.8523493e-01   4.1845753e-02  -4.0272192e-02  -1.7827425e-03  -2.1762980e-03   6.0611446e-03
   2.8201102e-01   6.0691813e-03  -3.3582874e-02  -1.9712038e-03  -2.1375356e-03   6.0936825e-03
   2.7751919e-01  -1.1290189e-02  -3.3761429e-02  -1.9635166e-03  -2.2478650e-03   6.0626663e-03
   2.8121875e-01   1.4983011e-02  -4.1717306e-02  -2.0114246e-03  -2.1844245e-03   6.2513023e-03
   2.8361618e-01   4.2973088e-02  -2.8514293e-02  -1.7461509e-03  -1.8183851e-03   6.5569103e-03
   2.7309924e-01   4.2396079e-03  -1.7946019e-02  -2.0436513e-03  -1.7763116e-03   6.4261978e-03
   2.9066444e-01   2.6388284e-03  -7.5060515e-02   1.4528523e-04  -2.6561631e-03   6.7025776e-03
   3.2630326e-01   3.6495345e-01   1.5022631e-01  -1.0326769e-03  -5.5316628e-03   8.3843202e-03
   3.2532501e-01  -1.1786505e-01   1.7077515e-01  -1.6780527e-03  -4.9342350e-03   8.1372318e-03
   3.5077158e-01  -2.3992253e-01  -1.9077616e-02  -2.9931772e-04  -2.7096463e-03   7.8734212e-03
   3.3145490e-01  -2.8774363e-02  -4.2131861e-02  -4.0861867e-04  -1.3362480e-03   7.8780149e-03
   3.0726715e-01  -1.2721328e-02   1.8390864e-02  -1.2055158e-03  -1.2753296e-03   7.6413838e-03
   3.0891124e-01  -1.2845479e-02   2.9226593e-02  -1.7691297e-03  -1.5372700e-03   7.7395028e-03
   3.1219646e-01   2.5192325e-02  -7.4879812e-02  -9.5164367e-04  -2.0281702e-03   7.8381395e-03
   3.2139114e-01  -8.9926186e-02  -9.1320507e-02  -6.9806531e-05  -3.0109554e-03   7.7337934e-03
   3.0822313e-01  -5.1394993e-02  -6.6699315e-02  -8.4476910e-04  -2.7223553e-03   7.6526059e-03
   3.0835368e-01   6.7988678e-02  -5.9532248e-02  -1.4997390e-03  -2.8942438e-03   8.2195417e-03
   3.0415636e-01  -7.4931800e-02  -8.3339169e-02  -1.3423815e-03  -2.1949114e-03   8.0256060e-03
   3.1098219e-01   4.4105408e-02  -1.0066003e-01  -1.0011399e-03  -1.7911141e-03   8.8728011e-03
   3.1174765e-01  -3.0628926e-02  -1.2385758e-01  -3.6501959e-04  -1.7583946e-03   8.6471142e-03
   3.1462477e-01   6.4335839e-04  -1.1132528e-01  -3.4707871e-05  -1.6047067e-03   8.6313557e-03
   3.1760347e-01  -5.6808896e-03  -1.0367907e-01  -5.5677059e-04  -1.8170248e-03   8.6292329e-03
   3.2880645e-01   6.6453475e-02  -1.1179120e-01  -6.9034379e-04  -2.3095423e-03   8.3800198e-03
   3.2120365e-01   1.8772494e-03  -1.1759326e-01  -1.0125862e-03  -2.0663757e-03   8.2566513e-03
   3.1281832e-01   2.4254041e-03  -9.9882885e-02  -1.0411906e-03  -1.9886011e-03   8.3243212e-03
   3.2294578e-01  -1.6522252e-02  -9.8325162e-02  -1.1473252e-03  -2.1627830e-03   7.8546255e-03
   3.2084769e-01   3.7361047e-02  -6.2194837e-02  -2.1618306e-03  -2.1733210e-03   7.8266382e-03
   3.1551483e-01   1.8726664e-02  -5.3535418e-02  -2.1789894e-03  -2.2920814e-03   7.9059903e-03
   3.1416282e-01  -9.6947819e-03  -6.9076451e-02  -1.7106772e-03  -2.2299552e-03   7.9151008e-03
   3.1195653e-01  -2.8244137e-02  -9.0719939e-02  -1.3384325e-03  -2.1245223e-03   7.9184711e-03
   3.1246039e-01   1.0201166e-02  -6.1527780e-02  -1.9910127e-03  -2.1044903e-03   7.4110978e-03
   3.1998689e-01   2.9561320e-02  -6.6813176e-02  -1.5705390e-03  -2.1407373e-03   7.8249166e-03
   3.1930759e-01  -8.1367209e-02  -1.0136684e-01  -2.5807626e-04  -2.5903013e-03   8.0780236e-03
   3.3918649e-01   7.2183299e-02  -6.6586667e-02  -1.5037288e-03  -2.4286893e-03   8.1483943e-03
   3.4311992e-01  -6.4210016e-03  -1.0040072e-01  -5.0816371e-05  -2.6498442e-03   8.5022543e-03
   3.2464144e-01  -1.2608293e-02  -6.2830961e-02  -8.1588814e-04  -2.3901703e-03   8.7375465e-03
   3.2643520e-01   2.1204977e-02  -4.0374257e-02  -1.4283765e-03  -2.2148409e-03   8.7951654e-03
   3.3090571e-01  -3.4858335e-02  -7.3426222e-02  -1.0122050e-03  -2.2231614e-03   8.6806618e-03
   3.2744279e-01  -4.0329281e-02  -7.8155709e-02  -9.0839586e-04  -2.2103792e-03   8.5713774e-03
   3.2563428e-01  -2.8202665e-02  -8.1658704e-02  -1.3319629e-03  -2.1031959e-03   8.1592927e-03
   3.2307833e-01   2.4204040e-02  -4.9736890e-02  -1.9921594e-03  -1.9217696e-03   8.2574209e-03
   3.2170064e-01   3.2881199e-02  -4.3626512e-02  -2.1530611e-03  -1.8231998e-03   8.3153488e-03
   3.1919607e-01  -1.8106858e-02  -6.0925677e-02  -1.8851139e-03  -1.8271867e-03   8.0688289e-03
   3.3280526e-01   1.5961300e-02  -7.6621610e-02  -1.4685514e-03  -1.6445355e-03   8.3620011e-03
   3.3565907e-01   1.1958284e-02  -7.0630754e-02  -1.7045271e-03  -1.9414593e-03   8.3798885e-03
   3.3878261e-01  -4.4954959e-02  -8.6529945e-02  -5.6770613e-04  -2.2327463e-03   8.3221936e-03
   3.3310986e-01   5.6020616e-02  -7.2190372e-02  -1.9578862e-03  -1.9546777e-03   8.2797810e-03
   3.3197849e-01   5.8445051e-03  -7.9956239e-02  -1.6787217e-03  -1.9815886e-03   8.1887677e-03
   3.1800747e-01  -2.3294235e-02  -8.6195592e-02  -1.7921321e-03  -1.5138094e-03   8.0619118e-03
   3.4346946e-01   6.8990936e-02  -8.7834434e-02  -1.9924845e-03  -1.8926886e-03   8.5668707e-03
   3.3931080e-01  -3.4978139e-03  -1.0122781e-01  -1.5212516e-03  -1.8758908e-03   8.4038044e-03
   3.3272235e-01  -3.3656696e-02  -8.4706575e-02  -1.4078906e-03  -1.8395101e-03   8.1207631e-03
   3.3485379e-01  -1.1789297e-02  -8.3273232e-02  -1.6295425e-03  -1.7656180e-03   8.0918164e-03
   3.2833900e-01   3.4290290e-02  -6.2318425e-02  -2.2617916e-03  -1.7171438e-03   8.0960109e-03
   3.1256209e-01   1.8770009e-02  -4.5896031e-02  -2.7843837e-03  -1.4036799e-03   7.6960971e-03
   3.1269795e-01  -1.3655316e-02  -4.8291012e-02  -2.3984272e-03  -1.2972459e-03   7.6581981e-03
   3.0987203e-01  -5.9785879e-03  -6.4863400e-02  -2.4617620e-03  -1.0588892e-03   7.6912618e-03
   3.1404500e-01   2.9582903e-02  -5.7911926e-02  -2.9875587e-03  -1.2006806e-03   7.6202889e-03
   3.4498682e-01   9.4682003e-02  -2.9523262e-03  -2.6343995e-03  -2.1471033e-03   8.7360780e-03
   3.1723078e-01  -1.0404383e-01  -8.1943514e-02  -2.1806837e-03  -1.2223543e-03   7.5785828e-03
   3.1776913e-01   3.1975945e-02  -6.3524159e-02  -2.6362660e-03  -1.3459659e-03   7.7450299e-03
   3.1634841e-01   4.4334342e-04  -6.3067637e-02  -2.6423287e-03  -1.1343873e-03   7.6444178e-03
   3.1623999e-01  -6.5233041e-03  -7.9250274e-02  -2.5993411e-03  -1.2876009e-03   7.5096168e-03
   3.1903537e-01   5.3517627e-02  -5.2424404e-02  -2.5921132e-03  -1.9837737e-03   7.3627618e-03
   3.1102984e-01  -1.8066305e-02  -4.6779300e-02  -2.9352038e-03  -1.9272628e-03   7.0333175e-03
   3.0793329e-01   5.0574204e-02  -3.8341397e-02  -3.2167396e-03  -2.1260124e-03   7.1539743e-03
   2.9883505e-01   5.7550792e-02  -2.8167634e-02  -3.1828365e-03  -2.1523806e-03   7.1487156e-03
   2.9597328e-01   3.3650974e-02  -3.3199059e-02  -2.9763055e-03  -2.0730161e-03   7.1384395e-03
   2.8691839e-01   1.9183358e-03  -3.4135249e-02  -2.6697356e-03  -1.9542374e-03   7.0822699e-03
   3.0096287e-01   5.5834356e-02  -3.5338224e-02  -2.7445566e-03  -1.6984721e-03   7.3239696e-03
   2.9074606e-01   4.8155839e-02  -3.7855261e-02  -2.8964217e-03  -1.9389569e-03   7.1668879e-03
   3.1540578e-01  -5.5742299e-02  -1.2280768e-01   2.1954341e-03  -2.6991509e-03   7.3021962e-03
   3.3547134e-01   1.9931025e-01  -1.2071084e-01   1.4426974e-03  -4.3875938e-03   7.6184112e-03
   3.0118561e-01  -2.7657090e-01  -1.6381632e-01   1.3310079e-03  -3.1419418e-03   6.7428151e-03
   2.9554459e-01  -1.7245902e-02  -7.9924052e-02  -1.1307559e-03  -2.8778495e-03   6.1429616e-03
   2.8440527e-01  -9.8838215e-03  -6.6134876e-02  -2.0577739e-03  -2.5518658e-03   5.8335157e-03
   2.7555602e-01   1.0952213e-03  -3.6335505e-02  -2.4839825e-03  -2.3857038e-03   5.7717891e-03
   2.5930353e-01   1.0102588e-02  -2.0956000e-02  -3.1022743e-03  -2.3657805e-03   5.5913491e-03
   2.4942176e-01   3.9229514e-02  -2.4297635e-03  -4.0842618e-03  -2.3037309e-03   5.3961501e-03
   2.5155395e-01   3.3664350e-02  -1.3379638e-02  -3.9582299e-03  -2.1191063e-03   5.4755416e-03
   2.5243641e-01   7.3078137e-04  -3.9477154e-02  -3.7847167e-03  -2.2675304e-03   5.2861471e-03
   2.7826715e-01   6.7614438e-02  -4.2400147e-02  -3.5370651e-03  -2.7455377e-03   5.6729600e-03
   2.6389573e-01   8.9546643e-03  -4.0248839e-02  -3.6242905e-03  -2.4741612e-03   5.4598375e-03
   2.5703009e-01   7.5189840e-02  -4.7280846e-02  -3.7325825e-03  -2.1037749e-03   5.6212198e-03
   2.6643824e-01   2.5837807e-03  -3.7737063e-02  -3.3635830e-03  -2.5958661e-03   5.4779205e-03
   2.7501919e-01   8.2783546e-02   2.8869994e-02  -4.6791529e-03  -3.3314117e-03   5.9732954e-03
   2.5588262e-01  -1.9367551e-02  -1.9270761e-02  -3.8221439e-03  -2.4601620e-03   5.5569936e-03
   2.6651755e-01   2.2564833e-02  -3.1783249e-02  -3.8719730e-03  -2.5449487e-03   5.5532324e-03
   2.8732458e-01   6.2419871e-02  -3.8559271e-02  -2.6054070e-03  -3.1680133e-03   6.1475999e-03
   2.5583405e-01   3.3044526e-02  -3.4606814e-02  -3.5957450e-03  -2.4186126e-03   5.5167110e-03
   2.6491492e-01   6.4547892e-02  -3.9281179e-02  -3.5522452e-03  -2.4580368e-03   5.8110734e-03
   2.6812047e-01   9.4328280e-03  -3.3896055e-02  -3.8074391e-03  -2.5141516e-03   5.6804776e-03
   2.5963989e-01   4.4936184e-02  -3.4404540e-02  -3.8756678e-03  -2.2618736e-03   5.7510661e-03
   2.5763403e-01  -3.2157492e-02  -3.8776444e-02  -3.6841077e-03  -2.0327923e-03   5.4812459e-03
   2.6565671e-01   3.0142422e-02  -2.1717871e-02  -4.3071208e-03  -2.5721586e-03   5.5922006e-03
   2.5483521e-01   6.2242234e-03  -2.2727460e-02  -4.1470766e-03  -2.4771883e-03   5.5496947e-03
   2.5923187e-01   7.0088863e-02  -2.7167269e-02  -4.2785409e-03  -2.3000513e-03   5.6863795e-03
   2.6071269e-01  -1.5453053e-02  -5.1310163e-02  -4.0441108e-03  -2.4827677e-03   5.4141969e-03
   2.7007995e-01   3.0387496e-02  -5.9201844e-02  -3.7595238e-03  -2.6157229e-03   5.5306808e-03
   2.6466464e-01   1.2907212e-02  -3.9305337e-02  -3.7233957e-03  -2.8204613e-03   5.5090128e-03
   2.8086254e-01   4.6902676e-02  -4.4319002e-02  -3.7016059e-03  -2.7858445e-03   5.8025813e-03
   2.7724978e-01  -2.9535677e-02  -7.5286962e-02  -3.6005905e-03  -2.6169802e-03   5.6169068e-03
   3.0035410e-01   9.1053486e-02  -4.1932759e-02  -3.1437897e-03  -3.2267125e-03   6.2578846e-03
   2.8838280e-01  -1.4953080e-02  -5.3214119e-02  -2.8770861e-03  -2.8577549e-03   5.9402924e-03
   2.7928668e-01  -2.6581121e-02  -5.6416952e-02  -3.1406139e-03  -2.7963480e-03   5.7018514e-03
   2.7495798e-01   4.4657738e-02  -3.3622677e-02  -3.6005973e-03  -2.9031706e-03   5.8081699e-03
   2.7587516e-01   1.7473054e-02  -3.9455341e-02  -3.3692682e-03  -2.4893056e-03   5.8677605e-03
   2.6693655e-01  -2.4886650e-02  -4.0792930e-02  -3.5069985e-03  -2.6237283e-03   5.7021188e-03
   2.6833019e-01   9.0774465e-03  -5.3498672e-02  -3.3457867e-03  -2.5327788e-03   5.6290529e-03
   2.6256264e-01   5.8331203e-02  -5.0205688e-02  -3.8031404e-03  -2.6285413e-03   5.6245411e-03
   2.6982831e-01   1.3237313e-01  -4.0765676e-02  -3.9047267e-03  -3.1187332e-03   5.6948398e-03
