   0.0000000e+00   0.0000000e+00   0.0000000e+00   0.0000000e+00   0.0000000e+00   0.0000000e+00
  -4.5164594e-03   6.1785231e-02  -3.4149499e-02   4.6062680e-04  -9.4115239e-05  -9.9852242e-05
   1.6796629e-02   6.8795529e-02  -2.8906189e-02   1.3709025e-04  -3.8715993e-04   2.0624544e-04
   2.9621302e-02   7.1451126e-02  -9.3453746e-02   1.5166360e-04  -4.6222826e-04   4.1579980e-04
   4.4188690e-02   8.6600316e-02  -1.2369706e-01   8.8950241e-05  -5.6798844e-04   6.7132289e-04
   4.7794874e-02   9.9809515e-02  -1.2371594e-01   4.3767144e-04  -5.2156720e-04   7.4464717e-04
   6.1270854e-02   9.1339826e-02  -1.3112604e-01   6.8192228e-04  -4.9656125e-04   9.5901246e-04
   9.7921304e-02   1.4197248e-01  -1.5967757e-01   1.0068397e-03  -1.2068896e-03   1.6664475e-03
   1.0278887e-01   9.2188598e-02  -2.0296943e-01   1.2234496e-03  -1.0081404e-03   2.3208842e-03
   1.1288100e-01   1.0578633e-01  -2.1913003e-01   1.3065298e-03  -1.0604665e-03   2.3392981e-03
   1.4346903e-01   1.0121670e-01  -2.4506426e-01   1.6437090e-03  -1.2862375e-03   2.6936420e-03
   1.5730272e-01   1.1049736e-01  -2.2692442e-01   1.8861522e-03  -1.3132557e-03   3.0355822e-03
   1.4991394e-01   1.3512561e-01  -1.6371186e-01   1.9685684e-03  -1.4648091e-03   2.8075966e-03
   1.4935300e-01   1.2645246e-01  -1.8453786e-01   1.9968718e-03  -1.5131515e-03   2.8176917e-03
   1.5022546e-01   7.6073111e-02  -1.7940771e-01   1.9769506e-03  -1.1802946e-03   3.0318370e-03
   1.1008585e-01   1.5816870e-01  -1.1371194e-01   1.0321589e-03  -1.7157561e-03   1.6760878e-03
   1.1795825e-01   8.3339089e-02  -1.4708902e-01   1.2118160e-03  -1.7080757e-03   1.9303173e-03
   1.3202589e-01   7.7991204e-02  -1.0075012e-01   1.2914909e-03  -1.6132467e-03   2.0370616e-03
   1.2734973e-01   1.0021217e-01  -1.1512675e-01   9.3593020e-04  -2.0239257e-03   2.0038632e-03
   1.2177685e-01   9.8342661e-02  -1.5077982e-01   9.7660728e-04  -2.0288261e-03   1.7411059e-03
   1.2286115e-01   1.3195652e-01  -2.3382871e-01   6.6671941e-04  -1.6969943e-03   1.7539558e-03
   1.2667752e-01   1.1742786e-01  -1.6840369e-01   1.3731295e-03  -1.8679848e-03   1.8371502e-03
   1.1271949e-01   1.0449202e-01  -1.5959572e-01   1.1124675e-03  -1.8048037e-03   1.3203061e-03
   1.0774628e-01   1.2142452e-01  -2.0440013e-01   1.1310854e-03  -2.0874053e-03   1.4917183e-03
   1.1226581e-01   1.2126909e-01  -2.1933252e-01   1.2960263e-03  -1.9588415e-03   1.5635351e-03
   1.2933959e-01   1.7064736e-01  -2.0093422e-01   1.3890597e-03  -2.1539140e-03   1.6732269e-03
   1.3307091e-01   1.6932678e-01  -1.9253186e-01   1.5100265e-03  -2.2126897e-03   1.7618087e-03
   1.2736199e-01   1.5083083e-01  -1.8181898e-01   1.7637646e-03  -2.2846673e-03   1.5254682e-03
   1.2526339e-01   1.2891720e-01  -3.4836237e-02   1.7572231e-03  -2.4647271e-03   1.3273075e-03
   1.3296658e-01   4.9178337e-02  -9.5155104e-02   1.6239610e-03  -2.7225640e-03   1.7018061e-03
   1.3648046e-01   1.3555879e-01  -9.9117565e-02   2.2858522e-03  -2.5181879e-03   1.5776940e-03
   1.4092236e-01   1.1668397e-01  -7.9954891e-02   1.5636723e-03  -2.6054238e-03   1.5550031e-03
   1.4660896e-01   9.5287908e-02  -1.0010101e-01   2.0546206e-03  -2.6342726e-03   1.8498373e-03
   1.4382324e-01   9.9485918e-02  -9.0627538e-02   1.6303052e-03  -2.8961058e-03   1.9072729e-03
   1.4200789e-01   7.7329736e-02  -1.0732971e-01   1.5212102e-03  -2.6716851e-03   1.8000258e-03
   1.4105610e-01   9.9972547e-02  -9.1762232e-02   1.6965722e-03  -2.7498742e-03   1.9752285e-03
   1.3373639e-01   8.2647921e-02  -7.0465680e-02   1.5718843e-03  -2.6637939e-03   1.8209361e-03
   1.4551028e-01   5.5541810e-02  -7.0777851e-02   1.5469711e-03  -2.5938386e-03   1.8881938e-03
   1.5465807e-01   7.2144437e-02  -6.6617770e-02   1.6101496e-03  -2.7250603e-03   2.1769878e-03
   1.6609348e-01   6.7977383e-02  -6.0702009e-02   1.6610098e-03  -2.9741774e-03   2.3934582e-03
   1.6700441e-01   8.3701944e-02  -4.2071630e-02   1.6968430e-03  -2.8961906e-03   2.4033210e-03
   1.5650110e-01   8.1226571e-02  -4.5997977e-02   1.5974139e-03  -2.7966600e-03   2.2800742e-03
   1.6762995e-01   6.7351995e-02  -1.3527517e-01   2.3430449e-03  -2.6868510e-03   2.6457146e-03
   1.7196877e-01   1.4072840e-01  -5.9605111e-02   1.2956787e-03  -3.1337785e-03   2.5673617e-03
   1.5367964e-01   8.8375370e-02  -4.9144771e-02   1.0159622e-03  -2.8852010e-03   2.2855069e-03
   1.6240298e-01   1.1247178e-01  -7.6361230e-02   1.3381898e-03  -3.1149162e-03   2.3919215e-03
   1.5972085e-01   8.9590239e-02  -7.8742613e-02   9.0790535e-04  -3.0184304e-03   2.3069754e-03
   1.5330804e-01   9.3356340e-02  -9.6151925e-02   8.0803412e-04  -3.3221367e-03   2.4933392e-03
   1.6572124e-01   9.8201485e-02  -1.0270670e-01   9.7712923e-04  -3.2117984e-03   2.5958121e-03
   1.6687140e-01   1.0386368e-01  -7.5087027e-02   1.4257210e-03  -3.1528131e-03   2.7328511e-03
   1.6584851e-01   7.9827248e-02  -7.9725008e-02   1.3674592e-03  -3.3938544e-03   2.5706849e-03
   1.6236725e-01   9.7722616e-02  -9.5780857e-02   1.5612293e-03  -3.2072973e-03   2.5315337e-03
   1.6523847e-01   1.0491981e-01  -9.7909400e-02   1.3187098e-03  -3.3371734e-03   2.5643706e-03
   1.8610537e-01   6.0677854e-02  -1.4821342e-01   1.8795839e-03  -3.1201644e-03   2.8372564e-03
   1.9600953e-01   1.5456979e-01  -8.4312856e-02   2.2450567e-03  -3.1729854e-03   2.9154390e-03
   1.8304229e-01   2.8852281e-02  -1.0362496e-01   1.2819740e-03  -3.6207446e-03   2.7657635e-03
   1.6718269e-01   1.2583930e-01  -1.6262343e-02   1.2724998e-03  -3.4830841e-03   2.7729283e-03
   1.5082673e-01   1.4284111e-01   3.5096263e-02   4.1762335e-04  -3.3201737e-03   2.4198852e-03
   1.6037490e-01   9.0740506e-02   2.2558351e-03   6.7309252e-04  -3.6047635e-03   2.2503702e-03
   1.6348759e-01   8.2344762e-02  -9.3060734e-03   6.4398702e-04  -3.5644419e-03   2.1922590e-03
   1.5727987e-01   1.0064385e-01  -2.1264962e-02   6.9153158e-04  -3.5778269e-03   2.2411485e-03
   1.5767394e-01   1.4022867e-01  -2.6741073e-02   5.6624296e-04  -3.5404209e-03   2.1782579e-03
   1.5116274e-01   1.0361738e-01  -4.9303233e-02   7.7815812e-04  -3.5719706e-03   2.0638938e-03
   1.5449089e-01   1.3585501e-01  -5.2046836e-02   1.0283315e-03  -3.4938388e-03   2.3749099e-03
   1.5575769e-01   1.4046768e-01  -5.1562361e-02   7.5034757e-04  -3.5366001e-03   2.3832681e-03
   1.3493318e-01   1.1414107e-01  -7.6567512e-02   8.6738078e-04  -3.5559157e-03   2.1815173e-03
   1.3917487e-01   2.0740960e-02  -3.2734009e-02   1.5066970e-03  -3.5197222e-03   2.7297057e-03
   1.0676632e-01   6.2663630e-02   3.7263836e-02   5.2918637e-04  -4.3699287e-03   1.8866864e-03
   1.1703789e-01   2.5426789e-02   2.9622625e-02   4.6244852e-04  -4.2158175e-03   2.1277578e-03
   1.1327129e-01   1.0424930e-01   6.6025793e-02   2.1560644e-04  -3.8833297e-03   1.6985155e-03
   1.0452540e-01   7.5268562e-02   6.4541494e-02   1.7585985e-04  -3.8052734e-03   1.5163674e-03
   9.0794977e-02   3.7681217e-02   4.9472835e-02   1.5025269e-04  -4.0370666e-03   1.3976098e-03
   1.0702628e-01   7.5234796e-02   4.2221913e-03   2.5087862e-04  -3.8454810e-03   1.7404348e-03
   9.6767111e-02   1.0167390e-01   4.3555568e-02   8.0570772e-05  -4.0520079e-03   1.6987790e-03
   4.2248650e-02  -2.6804666e-02   5.7624722e-02  -5.2648085e-04  -4.1621580e-03   8.4862753e-04
   3.4388587e-02   6.4331858e-02   1.1455442e-02  -1.7833176e-04  -4.1385873e-03   6.9995686e-04
  -4.3187386e-03   6.4080947e-02   3.2550665e-02  -1.1281720e-04  -4.0328458e-03   1.8755527e-04
  -1.5168607e-02   2.8014484e-02   1.1738235e-02   1.9495386e-04  -4.0902911e-03   2.4533699e-05
  -1.6276690e-02   4.3142111e-02  -1.2166106e-02   4.0301482e-04  -3.9830126e-03  -4.1950021e-04
  -1.7145683e-02   9.2861304e-02  -2.2592228e-02   1.7332386e-04  -3.8482764e-03  -3.1108934e-04
  -1.7081989e-02   8.0283728e-02  -2.7007903e-02   9.2674842e-04  -3.6739366e-03  -2.6974235e-04
  -2.3470623e-02   5.6095780e-02  -7.5235094e-02   7.5018812e-04  -3.7038626e-03  -3.6295256e-04
  -2.9434912e-02   9.4078442e-02   9.2874835e-03   5.1416094e-04  -3.6928076e-03  -8.6890152e-04
  -2.6880695e-02   7.1764133e-02   3.6538979e-02   5.7015387e-04  -3.6299653e-03  -6.6474005e-04
  -3.2141419e-02   5.5882309e-02  -1.4103355e-03   4.8909862e-04  -3.5265778e-03  -5.4782902e-04
  -3.7228241e-02   4.5917980e-02  -1.3780695e-02   5.5202735e-04  -3.4688295e-03  -7.5659569e-04
  -3.0428287e-02   5.8003928e-02  -5.0153282e-02   1.0654318e-03  -3.4288982e-03  -5.8255951e-04
  -1.5614212e-02   5.5217496e-02  -2.3960909e-02   9.8699941e-04  -3.9257044e-03  -4.1539352e-04
  -2.1054851e-02   6.3087913e-02  -3.9948170e-02   1.0551928e-03  -4.0014827e-03  -3.6733416e-04
  -1.7851953e-02   9.6673502e-02  -5.5365622e-02   9.2559732e-04  -3.9184293e-03  -4.6259416e-04
  -2.0702757e-02   1.0326118e-01  -6.5362986e-02   8.3303100e-04  -3.9837695e-03  -3.9301621e-04
  -1.2157162e-02   1.1636251e-01  -6.3284457e-02   9.8741917e-04  -3.8086191e-03  -1.8561660e-04
  -1.7297919e-02   9.0068214e-02  -2.4242751e-02   1.0403856e-03  -3.5483366e-03  -3.2724968e-04
  -3.1090678e-02   7.5001752e-02  -1.0472547e-01   1.2566526e-03  -3.5155098e-03  -3.2618172e-04
  -2.2210468e-02   5.7662768e-02  -5.0381757e-02   1.4418312e-03  -4.0041875e-03  -6.9136649e-05
  -1.5174792e-02   4.0311979e-02  -5.1998910e-02   9.0544527e-04  -3.6597978e-03  -6.3050820e-05
  -2.5857538e-02   9.3526067e-02  -3.0117070e-03   9.5008876e-04  -3.3190567e-03  -3.1048581e-04
  -2.8766673e-02   4.5818561e-02   2.9797218e-02   1.1222471e-03  -3.1837494e-03  -4.8605072e-04
  -2.1836479e-02   4.1164600e-02   1.6722167e-02   1.0520112e-03  -3.3397473e-03  -6.8523055e-04
  -2.8913270e-02   5.5020760e-02  -2.8068983e-02   8.3692908e-04  -3.4341308e-03  -4.8456833e-04
  -4.7567610e-02   1.1927308e-01  -3.6214450e-02   3.4115334e-04  -3.2195343e-03  -8.8427331e-04
  -4.2964946e-02   8.2939534e-02  -1.2370427e-02   7.1587896e-04  -3.2188239e-03  -8.4211609e-04
  -3.9161467e-02   4.7676332e-02  -1.4494827e-02   9.5544840e-04  -3.4368441e-03  -7.2371771e-04
  -5.8216334e-02   7.3696010e-02  -2.1795194e-02   1.1744686e-03  -3.0825665e-03  -1.0028708e-03
  -4.8993944e-02   9.4569016e-02  -4.8633301e-03   1.0232365e-03  -3.2151205e-03  -8.4531514e-04
  -5.2445837e-02   1.1639250e-01  -1.3139445e-02   8.9428577e-04  -3.2358621e-03  -9.1968667e-04
  -5.0667678e-02   9.2122506e-02   1.2669365e-02   1.1000685e-03  -3.1442939e-03  -8.9250763e-04
  -3.3194184e-02   2.9348911e-02  -1.0369114e-01   2.3214035e-03  -2.9625093e-03  -2.4304402e-04
  -4.0070980e-02   1.4083205e-01  -9.2247557e-02   2.1240660e-03  -3.2131056e-03  -4.3938183e-04
  -5.2019511e-02   6.8138577e-02  -4.3393524e-02   1.5334000e-03  -3.2332919e-03  -4.4473494e-04
  -3.9585438e-02   7.1254971e-02  -6.8360708e-02   2.1800704e-03  -3.3234709e-03  -7.3899276e-05
  -3.7369189e-02   8.5181292e-02  -1.0145103e-01   2.0814396e-03  -3.1471311e-03  -1.9015497e-05
  -4.3252503e-02   1.0710438e-01  -1.0715248e-01   1.6766759e-03  -3.3701058e-03  -1.2337785e-04
  -3.8589568e-02   1.2857668e-01  -1.3443714e-01   1.7641698e-03  -3.2508975e-03  -1.6741588e-04
  -2.2959822e-02   1.8561813e-01  -1.3013986e-01   2.0186215e-03  -2.9755962e-03  -5.6168211e-05
  -3.2795611e-02   1.7912782e-02  -1.8673345e-01   2.4269384e-03  -2.9791931e-03   4.2573800e-04
  -5.6449339e-02   1.4030879e-01  -1.7523419e-01   2.6661942e-03  -3.3584547e-03   3.8816762e-04
  -4.2415508e-02   5.0179981e-02  -2.1102022e-01   3.4794712e-03  -3.4761441e-03   9.6741367e-04
  -4.8717137e-02   8.4182156e-02  -5.2916159e-02   1.6849610e-03  -3.4782992e-03  -1.9251494e-04
  -2.9518616e-02   4.2410431e-02   4.2172621e-02   1.4485522e-03  -3.3985845e-03  -1.6733706e-04
  -1.0188832e-01   7.5706311e-02   7.1830073e-02   5.7457979e-04  -2.3913782e-03  -1.4629147e-03
  -1.1374298e-01  -4.5802057e-02   6.7464420e-02   7.8887622e-04  -2.6275271e-03  -1.6660831e-03
  -1.2469869e-01  -2.0993144e-02   2.9174790e-02   1.1511223e-03  -2.4924332e-03  -1.8140527e-03
  -1.5260934e-01   9.1716006e-02  -3.9347722e-03   7.7836498e-04  -2.4188833e-03  -2.2415469e-03
  -1.4855795e-01   3.0520953e-02  -1.5107424e-02   1.0884769e-03  -2.3287352e-03  -2.0203676e-03
  -1.4967855e-01   4.2430206e-02  -1.9771924e-02   1.4763034e-03  -2.5711008e-03  -1.9652154e-03
  -1.4258010e-01   4.1840674e-02  -1.5097595e-02   1.0934579e-03  -2.4685462e-03  -2.0435916e-03
  -1.5441346e-01   6.4964322e-02  -3.3665194e-02   1.2124729e-03  -2.6688897e-03  -1.8708756e-03
  -1.6851507e-01   6.3410408e-02  -5.9223783e-02   1.8256855e-03  -2.5743168e-03  -2.0700843e-03
  -1.6447107e-01   4.0952145e-02  -6.7765682e-02   1.6069918e-03  -2.6037311e-03  -1.9626777e-03
  -1.7565532e-01   4.8210764e-02  -3.2307268e-02   1.6378586e-03  -2.2438963e-03  -2.4052341e-03
  -1.5625870e-01   3.6664986e-02  -2.0595568e-02   1.8727275e-03  -2.4475933e-03  -2.2830581e-03
  -1.4425121e-01   5.8401045e-02   2.3380556e-02   1.7305716e-03  -2.2800099e-03  -2.3369344e-03
  -1.5834827e-01   2.8350017e-02   2.5936282e-02   1.7291901e-03  -2.4470319e-03  -2.1264740e-03
  -1.4309418e-01   2.5069522e-02   2.0907454e-03   2.0097898e-03  -2.2950993e-03  -1.7678192e-03
  -1.5553297e-01   7.8757333e-02   3.9256341e-02   1.4878144e-03  -2.4453104e-03  -1.9216246e-03
  -1.4947216e-01   2.0423460e-02   3.0396339e-02   1.6567500e-03  -2.4608941e-03  -1.7360714e-03
  -1.4363100e-01   9.1880330e-03   7.2320360e-03   1.8688338e-03  -2.6717392e-03  -1.7283636e-03
  -1.4276416e-01   4.5291342e-02  -4.1350075e-03   1.8666392e-03  -2.5720834e-03  -1.6205809e-03
  -1.3332072e-01   4.8035302e-02   3.3722533e-03   1.7769429e-03  -2.5690525e-03  -1.5953295e-03
  -1.3194395e-01   5.1083278e-02   3.8077358e-03   2.0464375e-03  -2.4657111e-03  -1.5236556e-03
  -1.3743364e-01   4.5551979e-02   1.5420418e-02   2.0194675e-03  -2.5684538e-03  -1.5836212e-03
  -1.5147750e-01   5.1808053e-02  -4.0931146e-03   2.0295972e-03  -2.4426500e-03  -1.5394940e-03
  -1.4714472e-01   7.5441953e-02  -2.2098041e-03   1.9743781e-03  -2.5085408e-03  -1.6545466e-03
  -1.4069971e-01   1.2513749e-02  -6.2796469e-02   2.6605927e-03  -2.3927194e-03  -1.5350508e-03
  -1.4388064e-01   1.2325312e-01  -2.2612350e-02   2.4719200e-03  -2.2430244e-03  -1.9279583e-03
  -1.3585538e-01  -4.2396204e-02  -2.3211221e-01   3.9236004e-03  -2.3968692e-03  -3.1004223e-04
  -1.2474165e-01   1.8625205e-01  -1.7892239e-01   2.9642113e-03  -2.4001274e-03  -1.0690044e-03
  -1.3541261e-01   1.2624706e-01  -6.8452019e-02   1.6111541e-03  -2.0363091e-03  -1.5522862e-03
  -1.2905587e-01   8.3561277e-02  -5.3517659e-02   2.5763565e-03  -1.9481866e-03  -1.3999376e-03
  -1.2030947e-01   8.5334040e-02  -4.3817866e-02   2.1323178e-03  -2.0883436e-03  -1.2800150e-03
  -1.2589466e-01   9.7966210e-02  -6.0825293e-02   2.1115204e-03  -2.2089971e-03  -1.3854613e-03
  -1.3065885e-01   1.0159255e-01  -7.4715412e-02   2.4323024e-03  -2.0227624e-03  -1.5184320e-03
  -1.3166426e-01   8.7160963e-02  -1.8386774e-02   1.4516873e-03  -1.6844248e-03  -1.7057725e-03
  -1.1135778e-01   9.5858108e-02  -2.5107757e-02   8.4293451e-04  -1.2080814e-03  -1.3696036e-03
  -9.1783444e-02   3.1452510e-02   1.0799671e-02   1.5111959e-03  -1.2804150e-03  -1.2074149e-03
  -5.1678068e-02   6.1364272e-02   1.8076005e-02   1.3779212e-03  -1.1494645e-03  -6.1274367e-04
  -6.2054616e-02   6.8778491e-02   1.1275355e-02   1.7115042e-03  -1.4386685e-03  -7.3026993e-04
  -5.6411675e-02   1.0471755e-01   6.8236651e-02   1.3809418e-03  -9.5781066e-04  -8.7954749e-04
  -3.4502770e-02  -3.3890319e-02   9.6367956e-02   8.9415274e-04  -1.2419117e-03  -6.1813268e-04
  -3.4452486e-02   2.0809529e-02   6.4248348e-02   9.2909457e-04  -1.1733547e-03  -5.2058476e-04
  -2.7211346e-02   4.7045256e-02   7.1961241e-02   9.0676970e-04  -1.2273515e-03  -5.7988560e-04
  -3.9599905e-02  -6.9021548e-03   6.7715335e-02   8.9592789e-04  -1.1000198e-03  -6.2270379e-04
  -4.3560836e-02   2.6720438e-02   7.1476246e-03   1.4563373e-03  -1.2789925e-03  -3.4520097e-04
  -4.8071914e-02   3.0313194e-02  -1.4553129e-02   1.2376914e-03  -1.4902517e-03  -5.5187608e-05
  -3.7800734e-02   7.6240591e-02   2.3986926e-02   1.2264839e-03  -1.5638472e-03  -2.2270335e-04
  -5.7697392e-02   8.7707506e-02   5.2208210e-02   8.1903920e-04  -1.2321057e-03  -5.0995690e-04
  -5.1652693e-02   4.0445918e-02   1.0290698e-02   1.4960853e-03  -1.0111594e-03  -3.7397498e-04
  -5.6651831e-02   8.8738607e-02   3.1337769e-02   1.1430820e-03  -1.1878357e-03  -4.8349566e-04
  -3.0601197e-02   2.9652402e-02   6.0189954e-03   1.6604181e-03  -1.3011194e-03   1.4580721e-04
  -4.2834477e-02   8.6962261e-02  -1.0650079e-02   2.0258405e-03  -1.0338587e-03  -2.8679910e-04
  -6.0213987e-02   9.3191621e-02   1.9854008e-02   1.3817502e-03  -1.0191107e-03  -6.7683612e-04
  -5.2839666e-02   4.0087512e-02   4.2333141e-02   1.3893972e-03  -1.1209828e-03  -7.2742447e-04
  -5.3899837e-02   1.5196990e-02   5.5174445e-02   1.5015120e-03  -1.0263619e-03  -5.9729046e-04
  -5.4724712e-02   3.8146579e-02   1.2349152e-02   1.3740578e-03  -8.9461927e-04  -5.5860884e-04
  -4.9643657e-02  -1.5773272e-02  -1.3333805e-01   2.8316220e-03  -1.0962971e-03   1.8853563e-05
  -5.9194970e-02   7.1058382e-02  -1.3357233e-01   2.5742505e-03  -1.3914274e-03   6.6497552e-05
  -5.0836224e-02   5.0837790e-02  -9.7585967e-02   2.0403698e-03  -1.1430999e-03   6.8340315e-06
  -4.9466860e-02   8.2627865e-02  -7.2274100e-02   2.0178174e-03  -1.1949517e-03   1.6695207e-06
  -5.4411591e-02   7.3935788e-02  -5.0869962e-02   2.1707387e-03  -9.6586748e-04  -7.5203597e-05
  -5.9192214e-02   7.0636821e-02  -6.2820217e-02   2.2361922e-03  -8.4893995e-04  -1.9005167e-04
  -5.0577056e-02   7.7194535e-02  -6.4201185e-02   1.9375519e-03  -9.3048568e-04  -1.4384673e-04
  -5.2994431e-02   1.0191139e-01  -6.8876032e-02   1.8518316e-03  -1.0973259e-03  -2.1847907e-04
  -4.4090737e-02   1.0369866e-01  -7.8704150e-02   2.2136264e-03  -9.9623895e-04  -2.7085008e-04
  -5.3930260e-02   8.5241681e-02  -5.6849879e-02   2.4879702e-03  -1.1364871e-03  -3.2188786e-04
  -3.5736225e-02   5.7651165e-02  -5.2272496e-02   2.2793674e-03  -1.0778461e-03  -1.2699931e-04
  -2.9164369e-04   8.2751561e-02  -4.9581659e-02   2.0978490e-03  -1.0579677e-03   8.6098853e-05
  -1.5074900e-02   8.6954308e-02  -2.4572171e-02   1.8510450e-03  -1.2104494e-03  -5.1658899e-05
  -1.0118653e-02   4.4119669e-02  -4.8266562e-02   1.8209056e-03  -9.9903712e-04  -6.9739778e-05
  -1.7353574e-02   4.0202124e-02  -5.7808356e-02   2.4003720e-03  -1.0520649e-03   6.8285412e-05
  -1.0731326e-02   1.2348382e-01  -5.8602853e-02   2.0485344e-03  -1.0982112e-03   1.2915050e-04
  -8.9521005e-03   7.7318320e-02  -5.0419910e-02   2.3788697e-03  -1.1729515e-03   2.5854501e-04
  -1.0405610e-02   9.2967168e-02  -7.0809606e-02   2.7910451e-03  -1.3451910e-03   2.5817263e-04
  -1.4181067e-02   6.9576105e-02  -6.9189007e-02   2.1187931e-03  -1.1316515e-03   2.4769460e-04
  -8.9987665e-03   7.8471919e-02  -7.7097914e-02   2.2065336e-03  -1.3408454e-03   2.4223270e-04
  -6.2768732e-03   9.1978930e-02  -6.4948299e-02   2.3499723e-03  -1.2867798e-03   2.0510643e-04
   8.3134767e-04   8.9310417e-02  -6.4419069e-02   2.1932711e-03  -1.1788132e-03   2.6622530e-04
   5.3811936e-04   6.4962705e-02  -6.9328942e-02   2.2206637e-03  -9.4117508e-04   1.8722768e-04
  -3.3301304e-03   6.6607439e-02  -5.5101000e-02   2.5487360e-03  -9.8956789e-04   3.8147011e-04
   1.9953281e-04   1.1183323e-01  -6.3783724e-02   2.4853264e-03  -1.0693328e-03   3.6122447e-04
   2.1840686e-02   1.1399808e-02  -6.3842902e-02   1.9978685e-03  -1.1945252e-03   7.1139134e-04
   8.0210635e-03   8.3753409e-02  -5.9801685e-02   2.1275881e-03  -9.3860648e-04   4.4418141e-04
   2.6540497e-03   4.6458813e-02  -1.0728501e-01   2.1357324e-03  -1.1596681e-03   5.6782873e-04
   2.1308822e-02   1.3107131e-01  -1.1443981e-01   2.1825129e-03  -1.2167509e-03   9.4767806e-04
  -1.0086812e-02   9.0210711e-02  -1.0113846e-01   2.2000242e-03  -1.1754124e-03   6.7822943e-04
  -1.4256102e-02   8.7959343e-02  -1.1991806e-01   2.3346012e-03  -8.9964001e-04   6.6163697e-04
   7.6547178e-04   1.4525017e-01  -1.0128618e-01   2.2995609e-03  -9.8911092e-04   6.9596169e-04
  -1.1417012e-02   1.0914321e-01  -9.8358785e-02   2.2844267e-03  -8.0456194e-04   5.2557142e-04
  -1.6009148e-02   1.0971108e-01  -8.9188215e-02   2.2958337e-03  -8.1459028e-04   5.0353504e-04
  -1.0437078e-02   1.2625727e-01  -1.8326141e-01   2.8594611e-03  -6.6288127e-04   4.0845410e-04
