   0.0000000e+00   0.0000000e+00   0.0000000e+00   0.0000000e+00   0.0000000e+00   0.0000000e+00
   1.4464965e-01   1.5057009e-01  -7.0340367e-02  -1.0102522e-02  -4.5724780e-03  -1.2921118e-03
   1.0756363e-01   1.7068936e-01   3.6293838e-02  -8.7542265e-04  -3.6914280e-03  -1.5907797e-03
   1.4705075e-01   8.1245603e-02   7.1217392e-02  -1.1647680e-03  -3.2026300e-03  -1.4312276e-03
   1.4238641e-01   1.0934674e-01   7.9524410e-02  -9.5160911e-04  -3.1264017e-03  -1.5615561e-03
   1.4412321e-01   1.2375396e-01   8.1487423e-02  -1.0284025e-03  -3.6809519e-03  -1.8652289e-03
   1.0145016e-01  -5.1688576e-02  -4.8914352e-03   2.7955018e-04  -2.6543224e-03  -1.8406319e-03
   9.0261513e-02   2.5773100e-02   1.0083847e-01  -7.7657767e-04  -2.5200956e-03  -1.7595832e-03
   1.0266723e-01   1.3244911e-01   9.6102585e-02  -1.6275602e-04  -3.1330717e-03  -2.0365881e-03
   1.1571494e-01   3.3802700e-02   1.2240131e-01   2.1739823e-04  -3.5056112e-03  -2.0732196e-03
   1.1605307e-01   1.2003934e-01   1.1863565e-01   6.5692815e-05  -3.8475357e-03  -2.3191342e-03
   6.6735155e-02   1.2839764e-01   8.5488141e-02   1.4523233e-03  -2.5289850e-03  -2.7419093e-03
  -2.2853187e-01   6.9004784e-02  -9.6592258e-02   7.4553719e-03   3.3373073e-03  -3.8474505e-03
  -3.1115851e-01  -3.9663904e-01   1.2801840e-01   3.3453781e-03   5.7547286e-03  -4.4850602e-03
  -2.9148160e-01  -3.3132784e-01   3.1037736e-02   4.6631977e-03   6.8523904e-03  -4.8970277e-03
  -2.8051371e-01  -3.0736713e-02  -1.1484554e-01   3.5121970e-03   7.6430601e-03  -4.4586040e-03
  -2.9698752e-01  -6.5113831e-02   8.5501204e-03   3.5951426e-03   7.8807853e-03  -4.4696919e-03
  -2.8249807e-01  -8.8018790e-02   4.5257112e-02   3.8065745e-03   7.5963402e-03  -4.4388200e-03
  -2.6758943e-01  -6.3683923e-02   1.1016318e-02   3.3696950e-03   7.2817038e-03  -4.3701306e-03
  -2.6079896e-01  -1.1532648e-01  -1.5546586e-03   3.4712883e-03   7.3653889e-03  -4.3601753e-03
  -2.5824615e-01  -4.5839699e-02  -2.5482111e-02   3.3194883e-03   6.9167842e-03  -4.5317204e-03
  -2.5306531e-01  -7.0613366e-02  -2.4379572e-02   3.5048228e-03   6.6513935e-03  -4.4837379e-03
  -2.5008812e-01  -8.2623996e-02  -2.3848013e-02   3.4583084e-03   6.6631989e-03  -4.4637265e-03
  -2.4188735e-01  -2.9356812e-03  -2.9122116e-02   3.1024153e-03   6.0007090e-03  -4.6745295e-03
  -2.3776688e-01   4.1675602e-02  -1.4523739e-02   3.1673195e-03   5.9162061e-03  -4.8552877e-03
  -2.1433668e-01  -1.1909655e-01  -5.5232825e-02   3.3177330e-03   5.7191408e-03  -4.7351569e-03
  -2.2507130e-01   2.6108396e-02  -4.9454214e-02   3.4130630e-03   5.6260349e-03  -4.7138607e-03
  -1.7545018e-01   5.2217332e-03   1.3856398e-02   3.2311253e-03   4.8119228e-03  -4.6383541e-03
  -2.0753800e-01   8.3375585e-02   1.7372998e-01   3.0762213e-03   4.8697960e-03  -5.0615003e-03
  -2.1808349e-01  -7.8761829e-02   2.0587216e-01   3.1665336e-03   5.2906848e-03  -4.8820340e-03
  -2.0651650e-01   1.9493861e-01   2.2806503e-01   1.6573002e-03   4.8553567e-03  -4.9582088e-03
  -1.8547145e-01  -3.0897848e-02   2.7208815e-01   1.6772158e-03   4.6791801e-03  -4.9476980e-03
  -1.8736329e-01   3.8172735e-02   2.4653233e-01   2.0401996e-03   4.6050187e-03  -4.8924630e-03
  -2.1186863e-01   1.6537174e-01   2.5712903e-01   2.3511314e-03   4.8418124e-03  -4.9757215e-03
  -2.8057433e-01   3.0284440e-02   1.6818854e-01   5.7499741e-03   6.2557937e-03  -4.9927673e-03
  -3.8164601e-01  -1.6916444e-01   2.4318544e-02   7.4015128e-03   7.8503235e-03  -6.7435976e-03
  -3.8708633e-01  -4.9298617e-01   1.4037399e-02   2.7361107e-03   7.7551711e-03  -6.1478687e-03
  -3.5926847e-01  -2.1573405e-01   5.5028857e-02   1.7491134e-03   6.2297539e-03  -6.5538805e-03
  -3.5465796e-01  -7.2271060e-02   8.2531282e-02   1.7741261e-03   5.3624538e-03  -7.1139209e-03
  -3.2911610e-01  -4.9174818e-02   9.6820515e-02   1.5454357e-03   4.5300225e-03  -7.2293416e-03
  -5.0421169e-01   2.0989167e-01   6.9271019e-01  -7.9296000e-04   6.7099185e-03  -7.1148256e-03
  -3.8937987e-01   1.6762190e-01   8.7588787e-01   1.5927116e-04   7.8230525e-03  -7.1432267e-03
  -2.6690973e-01  -9.6025180e-02   5.6721704e-01   1.9642428e-03   7.2626257e-03  -6.7294276e-03
  -2.9298865e-01   1.7742061e-01   4.7078855e-01   2.8145054e-03   7.3097832e-03  -7.1539849e-03
  -3.0971831e-01  -2.1119192e-02   3.9995968e-01   3.1500676e-03   8.2763962e-03  -7.0240000e-03
  -2.8377685e-01  -1.9053572e-01   4.1879416e-01   3.5815673e-03   7.9917004e-03  -6.8951926e-03
  -3.1610537e-01  -5.5371585e-02   3.2210326e-01   4.7592997e-03   8.6534670e-03  -6.4706774e-03
  -3.3227695e-01   7.0038768e-02   3.0488569e-01   3.9435561e-03   8.8231904e-03  -6.8440451e-03
  -3.1944150e-01  -8.4275254e-02   3.7381164e-01   4.1248191e-03   8.3110609e-03  -7.1039729e-03
  -3.1134383e-01   3.5533953e-02   3.7748343e-01   4.2223916e-03   7.9145620e-03  -7.3535170e-03
  -3.0107601e-01  -1.3012898e-02   3.6975873e-01   4.1089594e-03   7.7556396e-03  -7.3246725e-03
  -2.9614506e-01   5.3430141e-02   3.3937447e-01   3.9697626e-03   7.6275525e-03  -7.2065600e-03
  -3.3958023e-01   2.5228508e-01   3.2833113e-01   4.4230416e-03   7.7453457e-03  -7.2923958e-03
  -3.4758616e-01  -1.8012405e-01   3.3578987e-01   5.4389491e-03   8.5100183e-03  -7.0623651e-03
  -3.7192944e-01   8.2285576e-02   3.0021514e-01   6.1875163e-03   9.2359821e-03  -7.4769539e-03
  -4.3202842e-01  -1.1618168e-01   3.0470161e-01   7.0934289e-03   1.0787173e-02  -7.8393460e-03
  -3.8622612e-01  -2.4263067e-01   3.4573720e-01   6.6472353e-03   9.0722504e-03  -7.4959700e-03
  -3.9898213e-01   9.4117309e-02   3.3979362e-01   6.3304917e-03   8.8823616e-03  -7.7602645e-03
  -4.0142423e-01  -1.6943145e-01   3.4838829e-01   6.1591580e-03   9.4114042e-03  -7.5422452e-03
  -3.7637270e-01  -9.0965364e-02   3.2471076e-01   6.3846089e-03   8.8784943e-03  -7.4434975e-03
  -3.8922161e-01  -3.4518649e-02   3.0829147e-01   6.7240755e-03   8.8337946e-03  -7.5122377e-03
  -3.8105362e-01  -3.7269191e-02   2.9011255e-01   6.8104904e-03   8.6152721e-03  -7.2617439e-03
  -3.6537049e-01  -7.5332038e-02   3.0688084e-01   7.0246971e-03   8.2408248e-03  -7.2830345e-03
  -3.4941592e-01  -5.8545447e-02   3.1157333e-01   6.8559119e-03   8.1138153e-03  -7.2785679e-03
  -3.6304856e-01  -1.9849098e-02   2.8097508e-01   6.7919200e-03   8.1820279e-03  -7.1664761e-03
  -3.9223110e-01  -1.4449317e-01   1.4338956e-01   7.4772206e-03   9.4161743e-03  -6.3026143e-03
  -3.2853657e-01   1.5622370e-02   2.0508005e-01   6.2791467e-03   8.1818989e-03  -6.7874262e-03
  -3.4046418e-01   1.6251792e-01   2.1944059e-01   6.7867898e-03   7.9303055e-03  -6.8072385e-03
  -3.0047182e-01  -2.8802714e-01   2.8722369e-01   7.5726217e-03   7.8792158e-03  -6.7394807e-03
  -2.8009375e-01   7.0338527e-02   3.1813964e-01   7.8356996e-03   7.6879729e-03  -6.6882196e-03
  -3.5312428e-01   3.1743221e-02   2.1389198e-01   9.7136917e-03   8.7766740e-03  -7.5744750e-03
  -3.6368134e-01  -1.7765270e-01   3.6051631e-01   1.1905972e-02   1.1523933e-02  -9.2389807e-03
  -3.3739184e-01  -5.5765321e-01   4.8312771e-01   1.1360688e-02   1.0420383e-02  -8.7488290e-03
  -3.1417229e-01  -1.3025191e-01   4.5521999e-01   1.1013148e-02   9.5420861e-03  -8.7977085e-03
  -3.0149836e-01  -1.2419244e-01   4.5023443e-01   1.1140862e-02   9.3141519e-03  -8.4857078e-03
  -2.8232274e-01  -1.0060450e-01   4.7440736e-01   1.0838533e-02   8.8669106e-03  -8.3338075e-03
  -2.6609647e-01  -1.1922197e-01   4.6491424e-01   1.0653612e-02   8.5468099e-03  -8.2062319e-03
  -2.6817813e-01  -6.7954870e-02   4.6171239e-01   1.0634389e-02   8.6488396e-03  -8.1782050e-03
  -2.4937840e-01  -1.3030780e-01   4.5337573e-01   1.0774659e-02   8.6032641e-03  -8.0444260e-03
  -1.4110479e-01   1.7022027e-02   4.4809228e-01   1.0175466e-02   6.8347996e-03  -4.9108436e-03
  -2.0677727e-01  -1.5836565e-01   4.4354830e-01   1.1256007e-02   7.0250154e-03  -5.9337875e-03
  -2.3649822e-01  -4.2866060e-03   2.6949320e-01   1.1768934e-02   8.1013444e-03  -5.0903901e-03
  -2.7071386e-01  -2.8361671e-01   1.4599010e-01   1.1028840e-02   1.0278099e-02  -5.2862565e-03
  -2.0553856e-01  -9.0333376e-02   1.9103604e-01   1.1714912e-02   9.2170944e-03  -4.8329559e-03
  -2.0062473e-01  -6.4277172e-02   2.2153250e-01   1.1833286e-02   8.9842828e-03  -5.1751733e-03
  -1.9947706e-01  -1.9178539e-01   2.7266331e-01   1.2103957e-02   8.5787038e-03  -5.3875333e-03
  -2.0046987e-01  -1.1547054e-01   2.4123776e-01   1.1794765e-02   8.4651629e-03  -5.3978075e-03
  -2.0388480e-01  -5.6094227e-02   2.1831350e-01   1.1587606e-02   8.0777917e-03  -5.4484002e-03
  -2.1479775e-01  -1.9041543e-01   2.3576692e-01   1.1878747e-02   8.6788247e-03  -5.2575144e-03
  -2.2182825e-01  -4.4926339e-03   2.3232028e-01   1.1481140e-02   8.5202142e-03  -5.3795807e-03
  -2.2191605e-01  -1.9010681e-01   2.6108929e-01   1.1881764e-02   8.3721783e-03  -5.5863640e-03
  -2.0209214e-01  -5.9070703e-02   2.6226924e-01   1.1699484e-02   7.9103236e-03  -5.5385156e-03
  -1.5332295e-01  -5.4610772e-02   2.3506270e-01   1.2480946e-02   8.2397221e-03  -5.4975906e-03
  -1.7504263e-01  -1.2835232e-01   2.2535523e-01   1.2106270e-02   8.1861617e-03  -4.5433623e-03
  -2.5094562e-01  -9.2538191e-02   1.8497899e-01   1.3731353e-02   9.2421340e-03  -4.5541838e-03
  -3.8995391e-01  -1.1722149e-01   1.1423988e-01   1.5981296e-02   1.2306146e-02  -4.7102557e-03
  -3.3180652e-01  -5.3585180e-01   2.1425484e-01   1.4952692e-02   1.2473569e-02  -4.4748141e-03
  -3.2093129e-01  -2.0458683e-01   1.9328425e-01   1.5030611e-02   1.1845315e-02  -4.3362606e-03
  -3.1290793e-01  -2.4015319e-01   2.1324095e-01   1.5032278e-02   1.1613186e-02  -4.2442836e-03
  -3.1233517e-01  -2.0063118e-01   2.3372720e-01   1.4938204e-02   1.1513250e-02  -4.2590540e-03
  -3.0730397e-01  -2.3198249e-01   2.3903806e-01   1.4808843e-02   1.1254074e-02  -4.2416657e-03
  -3.1271164e-01  -1.7889615e-01   2.1132668e-01   1.4556093e-02   1.1281782e-02  -4.1051651e-03
  -3.0970550e-01  -2.3918174e-01   2.0264963e-01   1.4591428e-02   1.1160656e-02  -4.1803395e-03
  -3.1158356e-01  -2.1244489e-01   1.8954254e-01   1.4560570e-02   1.1210333e-02  -4.1716735e-03
  -3.5573409e-01  -2.8414077e-02   1.7574877e-01   1.4331736e-02   1.0970571e-02  -4.6847238e-03
  -3.2670770e-01  -3.1253586e-01   1.7931892e-01   1.4619429e-02   1.1144277e-02  -4.3497764e-03
  -3.2294266e-01  -1.4200658e-01   1.8138976e-01   1.4786457e-02   1.1009291e-02  -4.2060033e-03
  -3.2300603e-01  -2.0357521e-01   1.7021252e-01   1.4873189e-02   1.0936049e-02  -4.2516398e-03
  -3.2810295e-01  -1.5595204e-01   1.6451189e-01   1.5097752e-02   1.0973554e-02  -4.1124631e-03
  -3.2319934e-01  -2.1062762e-01   1.6783478e-01   1.5202011e-02   1.1028654e-02  -4.1332674e-03
  -3.3060868e-01  -1.1805120e-01   1.6465012e-01   1.5101171e-02   1.0987669e-02  -4.2598753e-03
  -3.3019545e-01  -1.6989911e-01   1.9069463e-01   1.5096591e-02   1.1008112e-02  -4.1608888e-03
  -2.6990666e-01  -1.8968911e-01   2.0760014e-01   1.4943201e-02   1.1042238e-02  -3.6601551e-03
  -2.7172349e-01  -1.9433332e-01   1.9451849e-01   1.5038386e-02   1.0621036e-02  -3.8794044e-03
  -2.7826027e-01  -2.2197404e-01   1.8633754e-01   1.5233765e-02   1.0613440e-02  -3.8331700e-03
  -2.8559705e-01  -1.5997537e-01   1.8560232e-01   1.5333493e-02   1.0573762e-02  -3.8901861e-03
  -2.8092073e-01  -1.9452348e-01   1.9809468e-01   1.5568684e-02   1.0562868e-02  -3.9849859e-03
  -2.7364964e-01  -1.6110903e-01   2.0968132e-01   1.5157899e-02   1.0398075e-02  -3.7863660e-03
  -2.6367148e-01  -2.1783823e-01   2.0823427e-01   1.5073735e-02   1.0476075e-02  -3.6657359e-03
  -2.6433179e-01  -1.2213624e-01   2.0129917e-01   1.4928244e-02   1.0375985e-02  -3.6508383e-03
  -2.8022699e-01  -8.7386442e-02   1.8968192e-01   1.4763056e-02   1.0572393e-02  -3.6611911e-03
  -2.6277860e-01  -2.0318993e-01   1.9185570e-01   1.4957659e-02   1.0602269e-02  -3.5885989e-03
  -2.6387298e-01  -2.0512905e-01   2.0083401e-01   1.5371692e-02   1.0409700e-02  -3.5915447e-03
  -2.5679616e-01  -1.5544407e-01   1.7867002e-01   1.5505384e-02   1.0272779e-02  -3.6062958e-03
  -2.5506137e-01  -1.5810947e-01   1.8911583e-01   1.5338612e-02   1.0124676e-02  -3.4710582e-03
  -2.5024421e-01  -1.9949706e-01   2.0100818e-01   1.5563434e-02   1.0215461e-02  -3.3857843e-03
  -2.4931499e-01  -1.5654504e-01   2.0323254e-01   1.5207085e-02   1.0083332e-02  -3.3776970e-03
  -2.3565826e-01  -1.3709719e-01   2.0439267e-01   1.5265931e-02   9.5112277e-03  -3.2655063e-03
  -2.3206047e-01  -1.5338557e-01   2.0631055e-01   1.4897024e-02   9.5722816e-03  -3.3109331e-03
  -2.3540534e-01  -1.7442120e-01   2.0574015e-01   1.4871498e-02   9.4888398e-03  -3.3653781e-03
  -2.5650046e-01  -1.0984434e-01   1.9016642e-01   1.4877219e-02   9.6392595e-03  -3.3002951e-03
  -2.4582709e-01  -2.3569183e-01   1.8670525e-01   1.5107670e-02   9.7971994e-03  -3.0326697e-03
  -1.8609573e-01  -1.3138145e-01   2.2833249e-01   1.4983221e-02   8.9755448e-03  -3.1381455e-03
  -1.8006013e-01  -1.6770437e-01   2.4927639e-01   1.5042376e-02   8.9331608e-03  -3.0435159e-03
  -1.7388499e-01  -2.1517236e-01   2.4415285e-01   1.5339611e-02   8.9990452e-03  -3.0356640e-03
  -2.0103413e-01  -5.7938469e-03   2.4489250e-01   1.5331762e-02   9.2653138e-03  -3.0990701e-03
  -1.8477290e-01  -3.2350061e-01   2.9816211e-01   1.5523925e-02   9.0411813e-03  -3.1241710e-03
  -2.2102289e-01  -1.1163832e-01   2.2214167e-01   1.5901320e-02   9.3387857e-03  -2.9985594e-03
  -2.0063782e-01  -3.8294055e-01   2.6806898e-01   1.6178508e-02   9.5283694e-03  -3.1624215e-03
  -1.9812562e-01  -1.9295091e-01   2.7846443e-01   1.6213944e-02   9.2694087e-03  -3.0677006e-03
  -1.8670545e-01  -1.8113779e-01   2.8962445e-01   1.5720189e-02   9.0085839e-03  -3.1406430e-03
  -1.7935438e-01  -2.1248151e-01   2.9565938e-01   1.5522043e-02   8.9899773e-03  -3.0771611e-03
  -1.8348094e-01  -2.1259682e-01   2.9918108e-01   1.5547494e-02   8.9527057e-03  -3.0639784e-03
  -1.8513645e-01  -1.9768592e-01   2.9825343e-01   1.5449054e-02   8.9512781e-03  -3.0664690e-03
  -1.6643486e-01  -2.3251322e-01  -8.1624997e-03   1.5174444e-02   1.0702300e-02  -1.9097138e-03
  -1.7619972e-01  -1.9644297e-01   8.4408857e-02   1.4713474e-02   1.0868640e-02  -1.7955931e-03
  -2.2565353e-01  -1.4984636e-01   2.2696478e-01   1.4695901e-02   1.1187160e-02  -2.5895499e-03
  -2.0840775e-01  -1.3937393e-01   2.3261632e-01   1.5173827e-02   1.0419539e-02  -2.8156498e-03
  -1.7729497e-01  -1.8974363e-01   2.3088704e-01   1.5680905e-02   9.9364796e-03  -2.6659512e-03
  -1.8280217e-01  -1.6009703e-01   2.0428217e-01   1.5149756e-02   9.8445106e-03  -2.6956470e-03
  -2.0041279e-01  -1.3075242e-01   1.9916196e-01   1.5082363e-02   9.7172124e-03  -2.7519148e-03
  -1.9856060e-01  -1.3423215e-01   2.1068365e-01   1.5305251e-02   9.8626402e-03  -2.7490361e-03
  -1.8357120e-01  -1.9710747e-01   2.5430717e-01   1.5609311e-02   9.9960166e-03  -2.5679711e-03
  -1.7115497e-01  -1.4200956e-01   2.5180758e-01   1.5434362e-02   9.8602269e-03  -2.5113736e-03
  -1.7806410e-01  -1.5656329e-01   2.4860360e-01   1.5360457e-02   9.6902312e-03  -2.5647004e-03
  -1.8423810e-01  -1.0692021e-01   2.5544183e-01   1.5346325e-02   9.7817716e-03  -2.6906069e-03
  -1.7906237e-01  -2.1671333e-01   2.5512854e-01   1.5449521e-02   9.7641188e-03  -2.5388394e-03
  -1.7059761e-01  -1.6092291e-01   2.3921475e-01   1.5394174e-02   9.8698391e-03  -2.4675754e-03
  -1.7009093e-01  -8.0823581e-02   2.4047499e-01   1.5442234e-02   9.6673947e-03  -2.3710215e-03
  -1.7916220e-01  -1.5589148e-01   2.5399324e-01   1.5656470e-02   9.6944479e-03  -2.5554459e-03
  -1.7159679e-01  -2.0588563e-01   2.4858968e-01   1.5610378e-02   9.6806503e-03  -2.4803211e-03
  -1.8313512e-01  -1.0093701e-01   2.5092476e-01   1.5483466e-02   9.7416581e-03  -2.4815628e-03
  -1.6744263e-01  -1.6215951e-01   2.6000113e-01   1.5301574e-02   9.7850282e-03  -2.4810245e-03
  -1.6959464e-01  -1.4419276e-01   2.6675350e-01   1.5189895e-02   9.6578136e-03  -2.3915509e-03
  -1.6944903e-01  -1.6395760e-01   2.7672076e-01   1.5139059e-02   9.7299721e-03  -2.3938769e-03
  -1.6128579e-01  -1.5791300e-01   2.7717193e-01   1.5082930e-02   9.5500003e-03  -2.4008649e-03
  -1.6296267e-01  -1.8794196e-01   2.7884016e-01   1.5165939e-02   9.4956333e-03  -2.3406012e-03
  -1.5868027e-01  -1.2842631e-01   2.7314260e-01   1.5006999e-02   9.3877386e-03  -2.3487215e-03
  -1.6025779e-01  -1.0811793e-01   2.6397382e-01   1.5003884e-02   9.2819608e-03  -2.5023652e-03
  -1.4482887e-01  -1.6718588e-01   2.8565103e-01   1.5121975e-02   9.1542488e-03  -2.3286054e-03
  -2.5763442e-01  -1.2533932e-01   2.3476710e-01   1.6697727e-02   1.0117724e-02  -2.4161676e-03
  -3.6693622e-01   1.0438677e-01   3.0363181e-01   1.8143920e-02   1.3030564e-02  -2.6364214e-03
  -3.2332815e-01  -5.1642423e-01   3.5045738e-01   1.9226509e-02   1.3727219e-02  -2.7293110e-03
  -3.2446531e-01  -1.8060530e-01   3.3938621e-01   1.9556311e-02   1.3455950e-02  -2.4550256e-03
  -3.0748646e-01  -1.9063680e-01   3.4136563e-01   1.9581535e-02   1.3221023e-02  -2.3702364e-03
  -2.9918178e-01  -1.7539519e-01   3.7478366e-01   1.9770475e-02   1.3164507e-02  -2.2641622e-03
  -2.7832953e-01  -2.0353758e-01   3.9639765e-01   1.9655473e-02   1.3105176e-02  -2.2793416e-03
  -2.8004288e-01  -2.2743562e-01   3.9391111e-01   1.9409845e-02   1.3012705e-02  -2.2057307e-03
  -2.7981090e-01  -2.1561253e-01   3.7644538e-01   1.9453250e-02   1.2957744e-02  -2.1129236e-03
  -2.7824537e-01  -1.9742468e-01   3.5845394e-01   1.9206794e-02   1.2904993e-02  -2.0772984e-03
  -2.7308345e-01  -1.6908738e-01   3.6708584e-01   1.8885275e-02   1.2722976e-02  -2.2040388e-03
  -2.7524104e-01  -2.3647701e-01   3.5895465e-01   1.9044764e-02   1.2737791e-02  -2.1411480e-03
  -2.8325561e-01  -8.5157517e-02   3.3133077e-01   1.8692121e-02   1.2508660e-02  -2.3057471e-03
  -2.8206450e-01  -1.8971017e-01   3.3670717e-01   1.8859773e-02   1.2593769e-02  -2.2625725e-03
  -2.7049023e-01  -2.3044767e-01   3.2160715e-01   1.9106935e-02   1.2655201e-02  -2.2512924e-03
  -2.7971474e-01  -8.1439982e-02   3.4070033e-01   1.9093632e-02   1.2584548e-02  -2.0270130e-03
  -2.7088529e-01  -2.5229684e-01   3.4419483e-01   1.9202199e-02   1.2515230e-02  -1.9025512e-03
  -2.6779900e-01  -1.8454607e-01   3.3522919e-01   1.9160734e-02   1.2459132e-02  -1.9864816e-03
  -2.6086756e-01  -1.8196519e-01   3.2879028e-01   1.9248047e-02   1.2407903e-02  -1.9850172e-03
  -2.5940600e-01  -1.8010083e-01   3.3049078e-01   1.8946934e-02   1.2340946e-02  -1.9844570e-03
  -2.5578787e-01  -1.3741462e-01   3.4240386e-01   1.8865925e-02   1.2017632e-02  -2.0498666e-03
  -2.4505753e-01  -1.6046892e-01   3.5356368e-01   1.8723959e-02   1.1946865e-02  -2.1075352e-03
  -2.3772335e-01  -1.7660484e-01   3.4799499e-01   1.8674806e-02   1.1901914e-02  -2.1693431e-03
  -2.3522755e-01  -1.4220202e-01   3.4339801e-01   1.8754797e-02   1.1637520e-02  -2.1698382e-03
  -2.3056006e-01  -1.7098395e-01   3.3721063e-01   1.8639550e-02   1.1548002e-02  -2.2654272e-03
  -2.4252768e-01  -1.3096261e-01   3.4578612e-01   1.8771672e-02   1.1639106e-02  -2.0824035e-03
  -2.3979133e-01  -1.6559683e-01   3.4534890e-01   1.9235283e-02   1.1788409e-02  -1.9691067e-03
  -2.3775846e-01  -1.2128723e-01   3.5193007e-01   1.9073819e-02   1.1821335e-02  -1.7340282e-03
  -2.2883744e-01  -1.8527472e-01   3.6343888e-01   1.9020401e-02   1.1582986e-02  -1.6836083e-03
  -2.2102506e-01  -1.7566882e-01   3.6696896e-01   1.9118448e-02   1.1447163e-02  -1.8608214e-03
  -2.1841942e-01  -1.8027980e-01   3.8453792e-01   1.9088037e-02   1.1227725e-02  -1.8615729e-03
  -2.1477292e-01  -1.6877683e-01   3.9477536e-01   1.8685688e-02   1.1090147e-02  -1.9755901e-03
  -2.1365214e-01  -1.8546814e-01   3.9441408e-01   1.8507926e-02   1.0866450e-02  -2.0603238e-03
  -2.0606966e-01  -2.0234256e-01   4.0374944e-01   1.8686012e-02   1.0692064e-02  -2.0354916e-03
  -2.0007098e-01  -1.7675692e-01   4.0530361e-01   1.8712051e-02   1.0783091e-02  -2.0740083e-03
  -2.0328265e-01  -1.5363280e-01   4.0737953e-01   1.8724184e-02   1.0769271e-02  -1.9776903e-03
  -2.1196684e-01  -1.3305320e-01   4.2233862e-01   1.8544861e-02   1.0519169e-02  -2.1550554e-03
  -2.0306547e-01  -2.4318059e-01   4.2080556e-01   1.8668785e-02   1.0582292e-02  -2.0954649e-03
  -2.0934141e-01  -1.3389824e-01   4.0489937e-01   1.8455702e-02   1.0774828e-02  -2.0481183e-03
  -1.8726748e-01  -8.5391478e-02   4.0769026e-01   1.8592038e-02   1.0398533e-02  -1.6783517e-03
