   0.0000000e+00   0.0000000e+00   0.0000000e+00   0.0000000e+00   0.0000000e+00   0.0000000e+00
   7.8000636e-03   4.2742876e-02  -4.9699399e-03   3.4735543e-04  -2.3373422e-04   3.2257617e-04
   1.8765392e-02   6.1374821e-02  -6.3034905e-03  -7.8067272e-04  -2.5159140e-04   6.4068105e-04
   2.6879056e-02  -2.7136050e-02   5.6400108e-02  -1.8282081e-03  -9.1157849e-04   9.3910522e-04
   2.7590947e-02   8.8840196e-02   6.6815349e-02  -3.0300642e-03  -1.1659314e-03   1.0593660e-03
   3.2417166e-02  -3.6538180e-02   5.9542273e-02  -3.7107076e-03  -9.9301021e-04   7.5486200e-04
   3.0044140e-02   1.2317187e-01   5.8728818e-02  -4.5752627e-03  -1.1579416e-03   4.6427145e-04
   2.9029739e-02   3.1773788e-02   6.5828338e-02  -4.7151293e-03  -1.1804766e-03   4.2926393e-04
   3.3687701e-02  -2.3394322e-02   6.6223544e-02  -4.4571058e-03  -1.1605182e-03   5.0979832e-04
   3.4899032e-02   1.3469355e-01   9.9160256e-02  -5.6264097e-03  -1.3498164e-03   3.7074181e-04
   3.1278711e-02   5.1374741e-02   1.1458071e-01  -5.5770492e-03  -1.3471383e-03   4.1354597e-04
   3.4152691e-02   4.0028142e-03   1.0960973e-01  -5.7097832e-03  -1.3684435e-03   3.9917956e-04
   2.9637037e-02   1.2908778e-01   1.3030703e-01  -6.6376570e-03  -1.1928338e-03   2.6615935e-04
   3.4854706e-02   2.6392578e-02   1.2911591e-01  -6.4475847e-03  -1.1744037e-03   1.8216003e-04
   4.0050894e-02   9.3713481e-02   1.1596348e-01  -5.9994546e-03  -1.3925742e-03   4.6259072e-04
   3.6939035e-02   3.3241962e-02   1.2989029e-01  -6.5093893e-03  -1.3787640e-03   5.6021083e-04
   3.3631828e-02   9.9772589e-02   1.3077044e-01  -6.9697486e-03  -1.4516043e-03   4.4591210e-04
   2.4593283e-02   4.0115071e-02   1.3698995e-01  -6.8457186e-03  -1.3454476e-03   2.9703062e-04
   2.3257357e-02   5.7012900e-02   1.4539811e-01  -6.7897810e-03  -1.2347985e-03   1.9438306e-04
   2.1560061e-02   3.7386796e-01   1.9297642e-01  -7.6323074e-03  -1.9975892e-03   5.0763851e-04
   2.5745454e-02   3.7019660e-01   1.9893749e-01  -7.6899577e-03  -2.2493304e-03   6.4790813e-04
   2.3245880e-02   3.4206777e-01   1.8555146e-01  -7.6324867e-03  -2.3354464e-03   4.7441827e-04
   2.7691406e-02   2.0115149e-01   2.0692229e-01  -8.7430561e-03  -2.3122042e-03   5.8262533e-04
   3.5702492e-02   2.0838216e-01   2.4325125e-01  -1.0474100e-02  -2.5543134e-03   6.1657064e-04
   3.2797119e-02   1.5359188e-01   2.3581205e-01  -1.0442748e-02  -2.5845590e-03   5.7102646e-04
   3.2705467e-02   1.3727423e-01   2.5524948e-01  -1.0545824e-02  -2.4300608e-03   4.4896559e-04
   4.1141243e-02   1.0120068e-01   2.7844208e-01  -1.0584456e-02  -2.7183013e-03   5.8703156e-04
   4.0154046e-02   1.5876496e-01   2.8211330e-01  -1.1539407e-02  -2.8057148e-03   5.1694737e-04
   3.5840094e-02   1.8507352e-01   2.9954790e-01  -1.2319398e-02  -2.6789459e-03   5.5661414e-04
   3.6522723e-02   1.5168242e-01   2.9432720e-01  -1.2723820e-02  -2.8414667e-03   5.8047016e-04
   3.3585418e-02   1.1830929e-01   2.8047630e-01  -1.1804480e-02  -2.4466995e-03   4.0784173e-04
   4.4004782e-02   1.9285501e-01   3.0504932e-01  -1.2773237e-02  -2.6262752e-03   5.4953045e-04
   6.0422407e-02   1.8222102e-01   3.4378006e-01  -1.3239170e-02  -3.1320533e-03   1.2182646e-03
   6.6695376e-02   1.0085298e-01   3.6221167e-01  -1.4589232e-02  -3.5909395e-03   1.5878531e-03
   6.8820293e-02   1.1725648e-01   3.3767295e-01  -1.4211705e-02  -3.5690692e-03   1.4393027e-03
   5.9135947e-02   1.8873255e-01   3.8383273e-01  -1.4762994e-02  -3.4470272e-03   1.3489626e-03
   6.4002425e-02   1.7255995e-01   4.1787835e-01  -1.5117137e-02  -3.5795186e-03   1.4277269e-03
   6.6605575e-02   1.2103769e-01   4.0662659e-01  -1.4950198e-02  -3.5920007e-03   1.6265749e-03
   6.5939354e-02   1.3405237e-01   3.7766903e-01  -1.5084190e-02  -3.5470205e-03   1.5189774e-03
   5.5165866e-02   1.4585476e-01   3.7195287e-01  -1.4787351e-02  -3.4007796e-03   1.3760167e-03
   5.2224216e-02   1.4663720e-01   4.1564891e-01  -1.5327056e-02  -3.5597791e-03   1.3870147e-03
   6.5056573e-02   7.3447169e-02   4.1327622e-01  -1.5246605e-02  -3.6321947e-03   1.4830695e-03
   5.9304059e-02   2.1876243e-01   4.0492012e-01  -1.5932864e-02  -3.6636338e-03   1.3427669e-03
   5.7634216e-02   1.4526932e-01   4.2235563e-01  -1.5916084e-02  -3.7800667e-03   1.2528064e-03
   6.2533609e-02   8.7786219e-02   4.0799380e-01  -1.5261583e-02  -3.7936717e-03   1.4854398e-03
   5.6404808e-02   1.9846342e-01   3.9632204e-01  -1.5786160e-02  -3.5927948e-03   1.3464709e-03
   6.4481093e-02   1.6255113e-01   4.1113626e-01  -1.6040059e-02  -3.6026471e-03   1.2753812e-03
   6.7044675e-02   1.2701548e-01   4.0947928e-01  -1.5770875e-02  -3.7956372e-03   1.4310929e-03
   7.2195885e-02   1.1684051e-01   4.1486494e-01  -1.5792800e-02  -3.7938957e-03   1.4437918e-03
   6.5981275e-02   1.6134445e-01   4.2324063e-01  -1.6487466e-02  -3.6094414e-03   1.4689830e-03
   6.2751163e-02   1.5267821e-01   4.4651852e-01  -1.6963446e-02  -3.6601317e-03   1.4173912e-03
   6.1883679e-02   1.5725629e-01   4.4311314e-01  -1.6727775e-02  -3.5410766e-03   1.2540628e-03
   6.6518293e-02   1.3800045e-01   4.5196737e-01  -1.6755522e-02  -3.5796198e-03   1.3086062e-03
   6.6934985e-02   1.5657278e-01   4.3701515e-01  -1.6793472e-02  -3.7439644e-03   1.5177873e-03
   6.7891273e-02   2.2952011e-01   4.4990990e-01  -1.7122336e-02  -3.8769327e-03   1.4090893e-03
   6.3502490e-02   1.5663556e-01   4.6050760e-01  -1.6919875e-02  -3.7010045e-03   1.4699312e-03
   5.9364641e-02   1.5741321e-01   4.3600245e-01  -1.7061742e-02  -3.8060323e-03   1.3128486e-03
   6.4062545e-02   1.8635603e-01   4.3732655e-01  -1.7213237e-02  -3.8507078e-03   1.5095352e-03
   8.1466498e-02   1.7987779e-01   4.7314439e-01  -1.7426691e-02  -4.1131928e-03   1.5675887e-03
   7.9440535e-02   1.0430687e-01   4.7471662e-01  -1.7395076e-02  -4.3541338e-03   1.6892826e-03
   7.5452261e-02   1.4387852e-01   4.7050578e-01  -1.7323010e-02  -4.1712569e-03   1.7887570e-03
   8.2614269e-02   1.3943128e-01   4.5725758e-01  -1.7518106e-02  -4.3748277e-03   1.7370309e-03
   8.5278723e-02   1.8582936e-01   4.5466446e-01  -1.7480645e-02  -4.3519120e-03   1.7794341e-03
   8.5048685e-02   2.0243529e-01   4.5985225e-01  -1.7552850e-02  -4.4108747e-03   1.7180298e-03
   7.2979417e-02   1.7376371e-01   4.5992952e-01  -1.7632717e-02  -4.3181036e-03   1.7341466e-03
   7.2476435e-02   1.4460240e-01   4.6407784e-01  -1.7492771e-02  -4.2166994e-03   1.7037831e-03
   8.0287809e-02   1.0593884e-01   4.5561310e-01  -1.7415113e-02  -4.3551848e-03   1.7494904e-03
   7.6948617e-02   2.0261003e-01   4.6241720e-01  -1.7665950e-02  -4.4434812e-03   1.7015414e-03
   7.7193034e-02   1.7240638e-01   4.6517638e-01  -1.7897565e-02  -4.6497966e-03   1.6602420e-03
   7.5321537e-02   1.5874760e-01   4.6118358e-01  -1.7459127e-02  -4.4883335e-03   1.7491695e-03
   7.4826168e-02   1.4550337e-01   4.4747848e-01  -1.7276332e-02  -4.5242807e-03   1.7074793e-03
   7.6620349e-02   2.1811224e-01   4.6084010e-01  -1.7567804e-02  -4.6279144e-03   1.6983380e-03
   7.5356212e-02   1.4379683e-01   4.6367810e-01  -1.7604168e-02  -4.4216519e-03   1.7090524e-03
   8.4157441e-02   1.3075120e-01   4.5279394e-01  -1.7567582e-02  -4.4672348e-03   1.8275297e-03
   9.1409970e-02   1.3661861e-01   4.5218155e-01  -1.7223523e-02  -4.6110288e-03   1.7979675e-03
   8.5481118e-02   1.9585385e-01   4.6540935e-01  -1.7742917e-02  -4.6479723e-03   1.7940280e-03
   7.9951771e-02   1.7383531e-01   4.7764172e-01  -1.7758320e-02  -4.5467996e-03   1.7978212e-03
   7.7277371e-02   1.5257865e-01   4.7405343e-01  -1.7723373e-02  -4.4950557e-03   1.8160662e-03
   7.8663044e-02   1.3045539e-01   4.7257625e-01  -1.7543759e-02  -4.4815055e-03   1.8150313e-03
   8.2271788e-02   1.5486984e-01   4.4584244e-01  -1.7635819e-02  -4.5343765e-03   1.7185301e-03
   7.4236652e-02   1.9924821e-01   4.6299553e-01  -1.7674823e-02  -4.3375551e-03   1.6124964e-03
   8.0634196e-02   1.7324407e-01   4.6959067e-01  -1.7840288e-02  -4.6038590e-03   1.7321250e-03
   7.5262472e-02   1.3370754e-01   4.7363308e-01  -1.7626074e-02  -4.5382083e-03   1.6847696e-03
   7.2914573e-02   1.5482146e-01   4.6761434e-01  -1.7982357e-02  -4.5987844e-03   1.6168243e-03
   7.3205367e-02   1.7734226e-01   4.9342445e-01  -1.8357373e-02  -4.6777692e-03   1.5889526e-03
   7.6791942e-02   1.5659146e-01   4.7366421e-01  -1.8214669e-02  -4.6306293e-03   1.7176076e-03
   8.1711461e-02   1.5632917e-01   4.5778290e-01  -1.8126112e-02  -4.5641936e-03   1.7184711e-03
   8.8593091e-02   1.3220728e-01   4.6264648e-01  -1.8013801e-02  -4.6714469e-03   1.7562872e-03
   8.8220771e-02   1.3481227e-01   4.6478695e-01  -1.8009633e-02  -4.8856568e-03   1.6976594e-03
   8.0364505e-02   1.9107523e-01   4.5400307e-01  -1.8129139e-02  -4.7194646e-03   1.6056167e-03
   7.9903280e-02   1.8235929e-01   4.6438543e-01  -1.8303160e-02  -4.6487516e-03   1.6085936e-03
   8.1322338e-02   1.6653258e-01   4.8250853e-01  -1.8374476e-02  -4.7338554e-03   1.6630600e-03
   8.4834006e-02   1.1735227e-01   4.9207268e-01  -1.8121704e-02  -4.6615530e-03   1.6961428e-03
   8.4796399e-02   1.5742982e-01   4.6319806e-01  -1.8340672e-02  -4.7970902e-03   1.6808194e-03
   7.9979930e-02   2.2489766e-01   4.6850094e-01  -1.8344532e-02  -4.9336625e-03   1.7497964e-03
   7.9748182e-02   1.7219741e-01   4.9275179e-01  -1.8518330e-02  -4.7649941e-03   1.7137318e-03
   7.5950286e-02   1.6345974e-01   4.8018437e-01  -1.8642176e-02  -4.8415478e-03   1.6865400e-03
   7.9781911e-02   1.0934539e-01   4.7493069e-01  -1.8047573e-02  -4.8504276e-03   1.7974946e-03
   8.4685345e-02   1.5452289e-01   4.5233343e-01  -1.8054995e-02  -4.8306421e-03   1.7698636e-03
   7.8659999e-02   1.9731399e-01   4.7852879e-01  -1.8332376e-02  -4.8754861e-03   1.6579895e-03
   7.5908537e-02   1.2051711e-01   4.7805883e-01  -1.8116849e-02  -4.6995965e-03   1.7094927e-03
   8.8004428e-02   1.6056763e-01   4.8058417e-01  -1.8297600e-02  -4.6737134e-03   1.7384818e-03
   8.8258125e-02   1.5913590e-01   4.6727601e-01  -1.8212448e-02  -4.8518961e-03   1.6431128e-03
   8.2471619e-02   1.8533278e-01   4.7638120e-01  -1.8388550e-02  -4.8745808e-03   1.7003259e-03
   8.0979275e-02   1.8995618e-01   4.8739060e-01  -1.8658448e-02  -4.8837752e-03   1.6829024e-03
   7.8851206e-02   1.9401647e-01   4.8555149e-01  -1.8653078e-02  -4.8361071e-03   1.4736278e-03
   7.8444914e-02   1.8257110e-01   4.8141140e-01  -1.8729926e-02  -4.7869421e-03   1.5647326e-03
   8.5333569e-02   1.6572264e-01   4.5037422e-01  -1.8223803e-02  -4.7185886e-03   1.6827764e-03
   7.8906204e-02   1.5495852e-01   4.4137533e-01  -1.8117483e-02  -4.5694273e-03   1.4678788e-03
   1.2292022e-01   2.3294050e-01   4.7254170e-01  -1.9859456e-02  -5.5788435e-03   1.9690819e-03
   1.2197126e-01   1.5069273e-01   4.6765716e-01  -1.8563573e-02  -5.7960782e-03   2.2841519e-03
   9.5837728e-02   3.1816572e-02   4.8906924e-01  -1.8252849e-02  -5.7660052e-03   2.0980312e-03
   1.1121146e-01   1.2990270e-01   4.7601857e-01  -1.8895780e-02  -5.7323122e-03   2.1600980e-03
   1.0587621e-01   2.1035701e-01   4.8060316e-01  -1.8974805e-02  -5.5836107e-03   1.9839591e-03
   1.0230398e-01   1.9490041e-01   5.0598561e-01  -1.9093114e-02  -5.5539579e-03   1.9624436e-03
   1.0247995e-01   1.8899931e-01   5.1295183e-01  -1.9519093e-02  -5.5247346e-03   2.2272381e-03
   1.0825036e-01   1.5790865e-01   5.0328785e-01  -1.9091343e-02  -5.6164674e-03   2.2495767e-03
   1.1199354e-01   1.8833696e-01   4.9628436e-01  -1.9132157e-02  -5.5896021e-03   2.2024895e-03
   1.1150213e-01   2.0135598e-01   4.9459038e-01  -1.9473126e-02  -5.6363880e-03   2.2603909e-03
   1.1245923e-01   2.0437413e-01   5.2608298e-01  -1.9618061e-02  -5.7470091e-03   2.3372516e-03
   1.0098224e-01   1.8601647e-01   5.1462069e-01  -1.9155183e-02  -5.6502920e-03   2.4430386e-03
   9.4374357e-02   1.3780171e-01   4.7184851e-01  -1.8464681e-02  -5.4843152e-03   2.4431692e-03
   1.0745925e-01   2.0111162e-01   5.1177550e-01  -1.9653078e-02  -5.6956383e-03   2.4596888e-03
   1.2433160e-01   1.8529399e-01   5.0944125e-01  -1.9376692e-02  -5.5714002e-03   2.9217370e-03
   1.2701701e-01   1.7132943e-01   5.1830918e-01  -1.9327623e-02  -5.6653124e-03   2.7816497e-03
   1.3396314e-01   1.3812873e-01   4.9927024e-01  -1.8852406e-02  -5.7913146e-03   2.7809993e-03
   1.3100838e-01   1.6273734e-01   4.9210701e-01  -1.9066889e-02  -5.7340085e-03   2.6807444e-03
   1.2599442e-01   1.9936625e-01   4.9261218e-01  -1.9322313e-02  -5.6728662e-03   2.6023372e-03
   1.2955309e-01   1.8357043e-01   5.1190092e-01  -1.9444505e-02  -5.7718440e-03   2.7018306e-03
   1.3010165e-01   1.5863206e-01   5.0298553e-01  -1.9398388e-02  -5.8896995e-03   2.5679287e-03
   1.2517289e-01   1.8025577e-01   5.0417537e-01  -1.9226181e-02  -5.8437322e-03   2.5773622e-03
   1.2000433e-01   8.4119388e-02   4.9442909e-01  -1.8850714e-02  -5.6866627e-03   2.6102908e-03
   1.3024893e-01   2.3531230e-01   4.9840554e-01  -1.9455957e-02  -5.7871675e-03   2.6795927e-03
   8.9459469e-02   2.0748974e-01   5.1063368e-01  -1.9122377e-02  -5.6605673e-03   1.8413668e-03
   6.9848655e-02   1.6322838e-01   5.0823253e-01  -1.9283744e-02  -5.8107135e-03   1.4867035e-03
   9.2037130e-02   1.1492831e-01   5.0047396e-01  -1.9098667e-02  -5.7429581e-03   1.8180951e-03
   7.4941085e-02   2.0633398e-01   5.0853825e-01  -2.0061015e-02  -5.5544274e-03   1.8375342e-03
   7.9003958e-02   1.4796051e-01   5.1424194e-01  -1.9602329e-02  -5.4521484e-03   1.7902272e-03
   9.1024236e-02   1.2077682e-01   4.8182085e-01  -1.9116229e-02  -5.5651699e-03   1.9231530e-03
   9.2598469e-02   1.9116538e-01   4.8428541e-01  -1.9214359e-02  -5.5666219e-03   1.8162024e-03
   8.4288107e-02   1.8156123e-01   5.0086082e-01  -1.9179795e-02  -5.4131047e-03   1.8355952e-03
   8.5753430e-02   1.4776566e-01   4.9108346e-01  -1.9191510e-02  -5.4629707e-03   1.8506883e-03
   9.0344287e-02   1.9575101e-01   4.9263100e-01  -1.9358312e-02  -5.4055827e-03   1.8978986e-03
   1.0003641e-01   2.1239042e-01   5.1534527e-01  -1.9911950e-02  -5.7388878e-03   1.9243489e-03
   9.4111540e-02   1.8208123e-01   5.1923654e-01  -1.9728610e-02  -5.7088266e-03   1.8251634e-03
   8.6811865e-02   1.2083255e-01   5.2151639e-01  -1.9829409e-02  -5.5595780e-03   1.7401723e-03
   9.1194501e-02   1.9295662e-01   4.9192582e-01  -1.9708754e-02  -5.6449522e-03   1.9412408e-03
   8.8618431e-02   2.1326095e-01   5.0984648e-01  -2.0040146e-02  -5.7319410e-03   1.8716644e-03
   8.4831068e-02   1.4897663e-01   5.1441667e-01  -1.9896236e-02  -5.6896006e-03   1.6921239e-03
   8.6897002e-02   1.6668299e-01   5.0428924e-01  -1.9856991e-02  -5.8682363e-03   1.8190747e-03
   1.0151415e-01   1.1233984e-01   5.1199968e-01  -1.9571491e-02  -5.8843855e-03   1.9427563e-03
   1.0002881e-01   1.7885868e-01   4.8009038e-01  -1.9497159e-02  -5.9926855e-03   1.8935001e-03
   9.3290459e-02   2.3924439e-01   5.2006889e-01  -2.0375097e-02  -6.1182430e-03   1.9335311e-03
   8.7608898e-02   1.2575457e-01   5.2796652e-01  -2.0268952e-02  -5.7862439e-03   1.7409719e-03
   8.4314318e-02   1.5677870e-01   5.0531470e-01  -1.9958691e-02  -5.7135075e-03   1.8005930e-03
   9.3610030e-02   1.8264404e-01   4.8944836e-01  -1.9723747e-02  -6.0022327e-03   1.8586451e-03
   8.9986805e-02   1.6970455e-01   5.0735154e-01  -2.0086050e-02  -6.1091340e-03   1.6839673e-03
   8.9132219e-02   1.9643260e-01   5.0434420e-01  -2.0196900e-02  -5.9321867e-03   1.9051240e-03
   8.4849304e-02   1.6763105e-01   4.9775229e-01  -2.0117194e-02  -5.9639441e-03   2.0288834e-03
   8.6850843e-02   1.6700684e-01   5.0007431e-01  -1.9915284e-02  -5.8894505e-03   2.0566979e-03
   9.6348083e-02   1.3883436e-01   4.8856449e-01  -1.9700463e-02  -6.0291947e-03   1.8260019e-03
   9.3168702e-02   2.0944693e-01   4.8566464e-01  -2.0074934e-02  -6.0164342e-03   1.9804044e-03
   1.0927349e-01   1.5915214e-01   5.2325976e-01  -2.0098548e-02  -6.2368945e-03   2.0873650e-03
   8.8627245e-02   1.9924453e-01   4.9256503e-01  -1.9831837e-02  -5.9804560e-03   1.7854338e-03
   8.3823180e-02   1.9537327e-01   4.8945569e-01  -1.9873170e-02  -6.0015270e-03   1.8633488e-03
   8.7061491e-02   1.8942719e-01   4.6810159e-01  -1.9918118e-02  -6.0312732e-03   1.8580528e-03
   8.9443089e-02   2.1785654e-01   4.8702146e-01  -1.9784594e-02  -5.8102126e-03   1.5808078e-03
   9.5610422e-02   2.5091541e-01   4.9148858e-01  -1.9733317e-02  -6.1041168e-03   1.7124575e-03
   7.7908417e-02   1.9768165e-01   4.9840918e-01  -2.0146766e-02  -5.8853205e-03   1.5151710e-03
   8.5945167e-02   1.6548152e-01   4.8656303e-01  -1.9809614e-02  -6.1317264e-03   1.4941363e-03
   9.1886359e-02   2.1768282e-01   5.0554657e-01  -2.0197866e-02  -6.2204293e-03   1.9079628e-03
   8.5719540e-02   2.3681009e-01   5.5727602e-01  -2.1228419e-02  -6.1103828e-03   1.8961794e-03
   8.8919379e-02   1.8586690e-01   5.4558896e-01  -2.1027501e-02  -6.0296563e-03   2.0020629e-03
   9.6221095e-02   2.2255380e-01   5.1953388e-01  -2.0814083e-02  -5.8711184e-03   2.0395094e-03
   9.1696614e-02   1.7515301e-01   5.2657836e-01  -2.0891812e-02  -5.8342675e-03   1.9766531e-03
   8.4100172e-02   1.9984867e-01   5.1791261e-01  -2.0842258e-02  -5.9424523e-03   1.5902938e-03
   9.4196650e-02   1.8939891e-01   5.2427065e-01  -2.1008780e-02  -6.1201721e-03   1.6528669e-03
   1.1751533e-01   5.1522899e-01   5.4045723e-01  -1.9518804e-02  -6.4012943e-03   1.9598466e-03
   3.5562589e-02   4.2583636e-01   5.5010629e-01  -1.8583108e-02  -5.0197948e-03  -6.6322455e-04
  -1.3269176e-03   3.1544157e-01   4.8308051e-01  -1.7371683e-02  -3.4487071e-03  -1.3642069e-03
  -9.8596281e-03   3.3372842e-01   4.4346852e-01  -1.6869562e-02  -3.2000287e-03  -1.9251782e-03
  -1.0950980e-02   3.6150596e-01   4.5003404e-01  -1.6981985e-02  -2.8275150e-03  -1.6868105e-03
  -3.0268817e-02   3.6510509e-01   4.4716245e-01  -1.6607367e-02  -2.4784302e-03  -1.9677041e-03
  -4.8591159e-02   3.1086277e-01   4.5668056e-01  -1.6824512e-02  -2.1461833e-03  -2.6282956e-03
  -5.3219440e-02   2.6317671e-01   4.0252842e-01  -1.5672104e-02  -2.1084355e-03  -3.0537122e-03
  -7.1675174e-02   2.4419164e-01   3.7042017e-01  -1.5461706e-02  -1.9636925e-03  -3.6002319e-03
  -8.7968672e-02   3.3375316e-01   3.5485005e-01  -1.5282540e-02  -1.8873085e-03  -3.8146405e-03
  -8.3758489e-02   2.3778357e-01   3.6162854e-01  -1.4427781e-02  -1.7561232e-03  -3.8203722e-03
  -6.9530520e-02   3.5652071e-01   2.7256924e-01  -1.3822419e-02  -8.5855289e-04  -3.4188152e-03
  -1.9667340e-02  -1.0438250e-01   2.1810693e-01  -1.2907151e-02  -2.0465328e-03  -3.1731962e-03
  -2.4026247e-02   1.2163387e-01   1.7225731e-01  -1.2224092e-02  -1.9583171e-03  -3.1095370e-03
  -2.5681940e-02   1.4500859e-01   2.0730275e-01  -1.2183537e-02  -1.9260486e-03  -3.2872426e-03
  -2.3864923e-02   1.2378007e-01   2.2008454e-01  -1.1973727e-02  -1.9310988e-03  -3.2068944e-03
  -3.0650712e-02   1.9531420e-01   2.3556471e-01  -1.2854152e-02  -1.9641447e-03  -3.2949153e-03
  -3.1896543e-02   1.9660749e-01   2.3537032e-01  -1.3101321e-02  -1.7858153e-03  -3.3852844e-03
  -3.6190860e-02   1.8150016e-01   2.3781442e-01  -1.2906679e-02  -1.8339641e-03  -3.4995667e-03
  -4.0864129e-02   1.2376254e-01   2.1860681e-01  -1.2725226e-02  -1.5473999e-03  -3.4244858e-03
  -3.9547005e-02   2.1744079e-01   2.1651014e-01  -1.2947365e-02  -1.7251578e-03  -3.4578236e-03
  -4.1453825e-02   1.6974183e-01   2.1847569e-01  -1.2626547e-02  -1.6732358e-03  -3.5035046e-03
  -3.5975719e-02   1.6826822e-01   2.1275538e-01  -1.2232291e-02  -1.7301308e-03  -3.4481531e-03
  -3.8151861e-02   1.7566081e-01   2.1650993e-01  -1.2842837e-02  -1.7429848e-03  -3.5893502e-03
  -5.0192205e-02   1.8763871e-01   2.2240972e-01  -1.2755383e-02  -1.8220020e-03  -3.7972561e-03
  -4.9705683e-02   1.3972750e-01   2.3796283e-01  -1.2882193e-02  -1.6916096e-03  -3.7555304e-03
  -3.7213763e-02   1.2636305e-01   2.1327016e-01  -1.2612905e-02  -1.6444739e-03  -3.6040050e-03
  -3.8460282e-02   2.1606035e-01   1.9740094e-01  -1.2550864e-02  -1.8026910e-03  -3.6861235e-03
  -4.5682445e-02   2.0866227e-01   2.1237702e-01  -1.2593811e-02  -1.6339302e-03  -3.8318087e-03
  -5.0113331e-02   1.3096884e-01   2.2152096e-01  -1.2480642e-02  -1.5253013e-03  -3.9369485e-03
  -5.3463090e-02   1.6576660e-01   2.0878026e-01  -1.2394567e-02  -1.5459559e-03  -3.8462983e-03
  -4.7059027e-02   1.4981482e-01   1.9917204e-01  -1.2039595e-02  -1.5367168e-03  -3.8132473e-03
  -5.1908936e-02   1.5411557e-01   2.0121070e-01  -1.2152156e-02  -1.4094952e-03  -3.9308449e-03
