   0.0000000e+00   0.0000000e+00   0.0000000e+00   0.0000000e+00   0.0000000e+00   0.0000000e+00
   9.6896880e-02  -1.3495579e-01  -9.3567891e-01   1.7082878e-03   1.1495148e-03  -4.9318505e-04
  -9.7154869e-02   1.9364370e-01  -9.5042206e-01  -6.5618464e-03  -7.0982411e-04  -1.9886716e-03
   2.1953064e-02   2.6811049e-01  -6.9518655e-01  -4.1158834e-03  -1.6115059e-03  -8.2491778e-04
   5.1464109e-02   2.2302866e-01  -6.6299649e-01  -1.9442658e-03  -1.4221736e-03  -2.9614022e-04
   8.9058901e-02   1.2073382e-01  -7.0228353e-01  -1.3047159e-03  -1.3601837e-03   1.9194805e-04
   6.4970929e-02   2.1749404e-01  -5.3457758e-01  -1.0104383e-03  -1.1468744e-03   7.9993836e-04
   8.1328904e-02   9.0203658e-02  -5.1819274e-01  -6.8197533e-04  -9.9247020e-04   1.5112756e-03
   1.0696212e-01   6.7685493e-02  -4.5562399e-01  -5.9903102e-04  -7.4305508e-04   2.4865160e-03
   1.1826884e-01   3.5232805e-02  -4.2824688e-01  -3.2170955e-04  -9.7479076e-04   2.9069275e-03
   1.0970670e-01   2.0742220e-02  -4.2186867e-01  -2.8865372e-05  -7.7310335e-04   3.4520698e-03
   7.5976619e-02   6.8402183e-02  -3.5347572e-01  -2.0103737e-04  -6.8747847e-04   3.9989635e-03
   7.1025164e-02   5.0794607e-02  -3.2448020e-01  -2.0905443e-04  -6.3001602e-04   4.0210395e-03
   8.3320304e-02   1.3839019e-02  -3.4224673e-01   9.1252534e-05  -1.0373901e-03   4.0107162e-03
   8.5587551e-02  -1.6597428e-02  -4.4713331e-01   1.0803460e-03  -1.4748169e-03   3.3883701e-03
   6.0988121e-02   5.7768925e-02  -5.5394899e-01   2.4805550e-03  -1.7402848e-03   1.9588059e-03
   8.7623541e-02  -1.1983362e-02  -5.8744054e-01   1.8280024e-03  -1.5645610e-03   2.6841909e-03
   1.0290521e-01   3.9230414e-02  -5.7310057e-01   2.1373113e-03  -1.0845193e-03   3.0170126e-03
   9.5778448e-02   5.3384495e-02  -5.5590712e-01   1.9359345e-03  -1.0377445e-03   2.8796654e-03
   1.2713116e-01   1.3044822e-03  -5.3981672e-01   1.6912933e-03  -1.1806835e-03   3.6000078e-03
   1.2567568e-01   2.1373243e-02  -5.1773617e-01   1.3555338e-03  -1.0508364e-03   3.7839881e-03
   1.2195808e-01   1.0746597e-02  -5.0767229e-01   5.5641762e-04  -1.1054626e-03   3.7574279e-03
   1.2850617e-01   2.8010750e-02  -4.9371886e-01   9.9657139e-04  -8.6031994e-04   3.4409598e-03
   1.3590232e-01  -6.7213280e-03  -5.0866727e-01   9.4822238e-04  -1.0743860e-03   3.6728696e-03
   1.2606713e-01  -1.4865689e-03  -5.0070542e-01   1.0810937e-03  -8.7074113e-04   3.2946068e-03
   1.2628798e-01   1.5583173e-02  -5.0316698e-01   7.8256648e-04  -9.5326666e-04   3.2023479e-03
   1.1371257e-01   3.2333505e-02  -5.2739708e-01   9.6292006e-04  -8.3038864e-04   3.1943415e-03
   8.7411519e-02   7.5300862e-02  -3.7435868e-01  -8.1235478e-04  -1.1330549e-04   1.8753767e-03
   5.5181544e-03  -1.0523633e-02  -4.8917046e-01  -1.7987180e-03  -9.0423140e-04   3.8099212e-03
   3.7042936e-02   4.6593851e-02  -4.9338064e-01  -1.2034157e-03  -3.1475218e-04   4.4849410e-03
   4.8832661e-02   1.1126396e-01  -4.6726433e-01  -8.0701530e-04  -3.8700956e-04   4.3848165e-03
   6.4375281e-02   4.6459076e-02  -4.7141778e-01  -7.1080550e-04  -1.9273722e-04   4.3125430e-03
   6.8851375e-02   6.2055384e-02  -4.5820249e-01  -6.7117346e-04  -1.3451960e-04   4.6376261e-03
   6.3340447e-02   2.3801409e-02  -4.7140387e-01  -4.7813830e-04  -1.1544134e-04   4.7620487e-03
   5.3117137e-02   5.9072836e-02  -4.6156542e-01  -5.1265755e-04  -2.1985537e-04   4.6008209e-03
   5.5397331e-02   3.9391902e-02  -4.6014760e-01  -7.2600103e-04  -2.8852672e-04   4.6511364e-03
   5.7052798e-02   2.1227272e-02  -4.5717659e-01  -4.7480184e-04  -3.7082964e-04   4.6386029e-03
   5.5404888e-02   1.7214517e-02  -4.6339761e-01  -3.9326181e-04  -5.8018967e-04   4.5062031e-03
   3.8881077e-02   7.5213338e-02  -4.3498953e-01  -8.5477328e-04  -2.7908547e-04   4.5858953e-03
   1.7207375e-02   1.7384344e-01  -3.6205845e-01  -5.8105863e-04  -2.7443921e-04   4.3107375e-03
  -4.9581338e-02   1.4463753e-01  -1.9112153e-01  -5.1783462e-05  -1.0156012e-03   4.7905489e-03
   4.1646035e-03  -2.4846319e-01  -4.7126548e-01  -1.3347688e-03  -4.6428028e-04   5.3387167e-03
   1.1643377e-01   1.0081642e-01  -3.9230008e-01  -2.0215116e-03  -1.0827199e-03   5.2032045e-03
   1.0120618e-01   9.0316619e-02  -3.9718788e-01  -1.5330363e-03  -7.4355586e-04   5.6320121e-03
   7.2804458e-02   5.7760333e-02  -4.0030974e-01  -1.6864000e-03  -8.4173228e-04   5.5848483e-03
   4.4926037e-02   6.8578428e-02  -3.8495544e-01  -2.1145185e-03  -8.8630699e-04   5.1666221e-03
   1.8996167e-02   9.1609142e-02  -3.5986299e-01  -3.1237951e-03  -8.3648710e-04   4.8439156e-03
   4.5853345e-02   4.4511314e-02  -3.7687545e-01  -3.1365151e-03  -4.7694912e-04   5.1785413e-03
   5.6093781e-02   3.7136648e-02  -3.6101137e-01  -2.7152683e-03  -4.5218051e-04   5.6718162e-03
   5.0525769e-02   6.0710460e-02  -3.4985819e-01  -3.0236439e-03  -5.7059880e-04   5.5829250e-03
   2.6746466e-02   9.8795222e-02  -3.4465067e-01  -3.8370280e-03  -2.8688446e-04   4.9917936e-03
   2.2871519e-02   1.2082367e-01  -3.4101453e-01  -3.8685316e-03   2.5807968e-04   4.9712671e-03
   2.5091460e-02   7.2877733e-02  -3.3994420e-01  -4.2305426e-03  -2.1717718e-04   5.1685214e-03
   2.3252248e-02   7.6941151e-02  -4.0845133e-01  -3.1760031e-03  -1.1830989e-03   4.5054787e-03
  -4.4245481e-02   1.7627274e-01  -3.6796268e-01  -1.4249100e-03  -1.9955573e-03   4.2190412e-03
   7.6584603e-04  -3.1919891e-02  -4.1806152e-01  -2.5893953e-03  -8.5877692e-04   5.2683480e-03
   3.2730867e-02   4.1200837e-02  -4.5748010e-01  -1.6834786e-03  -5.6175713e-04   5.5902924e-03
   4.4406962e-02   1.7491148e-01  -3.6901647e-01  -1.1523207e-03  -1.3243334e-04   5.8685724e-03
   3.0253483e-02   1.5607492e-03  -4.2470935e-01  -1.8396918e-03   1.8017672e-04   6.0586489e-03
   3.6768679e-02   6.0676107e-02  -4.0724911e-01  -1.7491852e-03   2.8795264e-04   6.3409827e-03
   4.2227006e-02   1.3438375e-02  -4.0728808e-01  -1.4858286e-03   8.2155729e-04   6.8474878e-03
   3.8656902e-02   4.8473105e-02  -4.1062876e-01  -1.5697521e-03   9.4165839e-04   6.5063439e-03
   3.1605867e-02   4.3460621e-02  -3.9783807e-01  -1.5158604e-03   5.7466790e-04   6.2033595e-03
   4.3853868e-02   3.7822348e-02  -3.9484872e-01  -1.5388835e-03   8.8582947e-04   6.9127471e-03
   3.4481858e-02   1.4285481e-01  -2.7333506e-01  -3.9405428e-04   1.1957915e-03   6.6760225e-03
   6.3921535e-02  -3.5732996e-02  -3.7596234e-01  -8.3511149e-04   1.3285971e-03   7.0202013e-03
   6.3267363e-02   4.6690247e-02  -3.5786375e-01  -8.9525885e-04   9.3485305e-04   7.1728727e-03
   5.9286052e-02   9.1224932e-02  -3.7967658e-01   5.8019020e-04   8.7928422e-04   7.3827773e-03
   3.9962351e-02   8.2145386e-02  -3.8973054e-01   1.1125457e-03  -5.3695778e-05   6.5725485e-03
   8.2445802e-03   1.0915027e-01  -3.6683005e-01   1.4247312e-03   5.4153680e-04   6.3643568e-03
   3.4241386e-02   7.9342677e-02  -4.0611729e-01   1.6462666e-03   5.9090758e-04   7.4349633e-03
   4.5241888e-02   2.9343501e-02  -4.1081964e-01   1.4400167e-03   5.3555229e-04   7.7596181e-03
   4.8887652e-02   1.1376091e-01  -3.6812997e-01   1.5369234e-03   1.6095907e-04   7.9986936e-03
   3.8784827e-02   3.5079223e-02  -3.8058029e-01   1.4377896e-03   3.4526026e-05   8.2151284e-03
   4.0938209e-02   6.3244972e-02  -3.6996380e-01   1.3606337e-03  -6.0090716e-05   7.9998748e-03
   3.2434772e-02   8.6300179e-02  -3.7366072e-01   1.4235897e-03  -3.7040270e-04   7.8539523e-03
   1.6434510e-02   1.0311797e-01  -3.5143235e-01   9.6283406e-04  -4.1852705e-04   8.1083017e-03
   1.2048386e-02   7.7575708e-02  -3.5287381e-01   1.1801985e-03  -3.1711511e-04   8.0728444e-03
   1.6881291e-02   8.9193485e-02  -3.6567553e-01   1.3778811e-03  -6.0266904e-04   8.2107681e-03
   2.2352528e-02   1.0625206e-01  -3.4599598e-01   1.3919857e-03  -2.8406512e-04   8.0913102e-03
   2.7774584e-02   1.7839877e-01  -3.3345217e-01   2.2646230e-03  -5.1995116e-04   7.8667748e-03
   3.1042469e-02   4.1601804e-02  -3.5829536e-01   2.0935409e-03  -6.0409848e-04   8.1917862e-03
   1.4473817e-02   1.4704424e-01  -3.2395600e-01   2.1354095e-03  -7.3852107e-04   8.2373331e-03
   1.9967737e-02   1.0874219e-01  -3.3162737e-01   1.9680344e-03  -8.9106848e-04   8.4628398e-03
   3.8488795e-02   7.7234149e-02  -3.4031952e-01   1.8831290e-03  -7.0379368e-04   8.6396579e-03
   4.0274025e-02   1.0354558e-01  -3.5690863e-01   2.3903003e-03  -1.0049688e-03   8.6993969e-03
   3.6988960e-02   1.0809278e-01  -3.5253788e-01   1.9458270e-03  -1.3110293e-03   8.7364903e-03
   4.9062487e-02   1.0086786e-01  -3.4647359e-01   1.5896665e-03  -8.3864050e-04   9.3867418e-03
   4.7281172e-02   1.7307059e-01  -3.0270187e-01   2.0493463e-03  -9.4930521e-04   9.3854572e-03
   4.6672746e-02   6.9456885e-02  -3.3851901e-01   2.3902938e-03  -1.4035935e-03   9.5921966e-03
   4.7402247e-02   1.1990051e-01  -3.2069742e-01   2.3145371e-03  -1.9413961e-03   9.5135423e-03
   2.3229923e-02   1.6645597e-01  -2.9637928e-01   2.2425996e-03  -1.9176785e-03   9.1680764e-03
   3.2102223e-02   1.2340391e-01  -3.5072214e-01   2.8211143e-03  -1.7368064e-03   8.9767877e-03
   5.8445227e-02   6.7331833e-02  -6.9118843e-01   5.1214182e-03  -2.5664208e-03   6.5688970e-03
   8.6915514e-02   1.4670190e-01  -6.0212120e-01   5.4157380e-03  -2.4107014e-03   7.5109420e-03
   8.8337109e-02   1.8942355e-01  -5.4387076e-01   5.7205110e-03  -2.5316078e-03   7.9190479e-03
   7.9136900e-02   1.2097114e-01  -5.1579977e-01   5.3354760e-03  -2.6846598e-03   7.8223019e-03
   8.2451522e-02   1.3601310e-01  -4.6584027e-01   4.8159926e-03  -2.4378113e-03   8.0499418e-03
   7.6763956e-02   2.6175154e-01  -3.5698859e-01   6.4305670e-03  -2.4378686e-03   8.2025997e-03
   9.6850705e-02   9.0680412e-02  -4.5521940e-01   5.4316140e-03  -2.4929709e-03   9.0592522e-03
   8.3852216e-02   1.3315364e-01  -4.0937029e-01   4.6287081e-03  -2.6559261e-03   9.2548206e-03
   7.8347826e-02   1.3954561e-01  -4.1663550e-01   4.0758086e-03  -2.5373234e-03   9.2497518e-03
   7.1820474e-02   1.4637625e-01  -4.2019952e-01   4.4270176e-03  -2.8456250e-03   9.2319004e-03
   7.5087743e-02   1.4269392e-01  -3.9758818e-01   4.4775403e-03  -2.8846690e-03   9.5724669e-03
   6.9936170e-02   1.5102745e-01  -3.8559836e-01   4.9370911e-03  -2.8139727e-03   9.5019283e-03
   7.7494480e-02   1.2482356e-01  -5.0038639e-01   4.6666195e-03  -2.8459567e-03   9.0270199e-03
   9.5680613e-02   1.8789472e-01  -6.6592321e-01   3.9980303e-03  -3.1196920e-03   7.1767497e-03
   1.7607758e-01   1.6829461e-01  -7.0851946e-01   3.2463804e-03  -3.5364723e-03   5.2227468e-03
   1.5581925e-01   1.9516065e-01  -6.5185250e-01   3.9353399e-03  -3.1813673e-03   6.1886650e-03
   1.2700052e-01   2.2261824e-01  -6.6343580e-01   4.5167722e-03  -3.3859441e-03   6.6843162e-03
   1.1948913e-01   1.7833769e-01  -6.1483953e-01   4.3623884e-03  -3.5470084e-03   8.1322829e-03
   1.0969567e-01   1.4205635e-01  -6.1828060e-01   4.9300728e-03  -3.3708890e-03   8.7518887e-03
   9.9682960e-02   1.3709887e-01  -5.7203697e-01   4.6505098e-03  -3.5583331e-03   8.5460181e-03
   1.0182152e-01   1.3188652e-01  -5.5008691e-01   4.6919072e-03  -3.6894365e-03   8.7151047e-03
   1.1224748e-01   1.4014117e-01  -5.4522341e-01   5.0540244e-03  -3.7274491e-03   8.9971215e-03
   1.0000703e-01   1.2016727e-01  -5.4690526e-01   4.7920246e-03  -3.9459974e-03   8.7398828e-03
   1.1011750e-01   1.5409213e-01  -5.2447355e-01   4.7127680e-03  -4.0940305e-03   8.8853300e-03
   1.0029042e-01   1.7051435e-01  -5.1147894e-01   4.5817290e-03  -4.1354958e-03   8.8754349e-03
   8.1340700e-02   1.8895226e-01  -5.1235642e-01   5.3920667e-03  -4.4460427e-03   8.7378163e-03
   1.0126322e-01   1.9197896e-01  -4.9676535e-01   6.1150142e-03  -4.3062950e-03   9.0593727e-03
   1.3046659e-01   9.1679014e-02  -5.1430538e-01   6.5868011e-03  -4.0940784e-03   1.0243649e-02
   1.1995417e-01   1.4215356e-01  -5.1882808e-01   6.9099248e-03  -4.2246721e-03   1.0168755e-02
   1.2172527e-01   8.5479979e-02  -5.2769759e-01   6.9210963e-03  -3.8734301e-03   1.0672137e-02
   1.1238949e-01   9.2253793e-02  -5.3058023e-01   6.6897421e-03  -4.1683310e-03   1.0396691e-02
   9.3443273e-02   1.2058967e-01  -4.9727035e-01   5.5350147e-03  -3.9998656e-03   9.9245579e-03
   1.1081913e-01   1.4245310e-01  -4.7765608e-01   5.8603437e-03  -3.7517244e-03   1.0161072e-02
   1.0217807e-01   1.1001013e-01  -4.8622305e-01   6.3170575e-03  -3.5424700e-03   1.0147321e-02
   9.9351823e-02   1.2176912e-01  -4.9708725e-01   6.1278739e-03  -3.7975695e-03   1.0310196e-02
   8.3513691e-02   1.2765110e-01  -4.8545753e-01   5.8109776e-03  -3.6651698e-03   9.7979089e-03
   7.4672844e-02   1.4158158e-01  -4.6111913e-01   5.6230874e-03  -3.1806505e-03   1.0049115e-02
   1.1028437e-01   1.6184872e-01  -4.1823329e-01   5.2832989e-03  -3.1921578e-03   1.0235691e-02
   1.1234495e-01   1.5363395e-01  -4.1049183e-01   5.1434950e-03  -3.4900342e-03   1.0152613e-02
   6.0091437e-02   1.7077965e-01  -4.1676901e-01   4.2849696e-03  -3.6471302e-03   1.0156355e-02
   6.0563251e-02   1.9368509e-01  -4.0677815e-01   4.3261338e-03  -3.6605805e-03   1.0457789e-02
   6.3211144e-02   1.7022771e-01  -4.3637233e-01   4.6481541e-03  -3.7086076e-03   1.0643473e-02
   4.1261667e-02   4.0352537e-01  -1.5392736e-01   7.5522489e-03  -4.5016447e-03   9.7874711e-03
   1.3279108e-02   3.9982579e-02  -3.6445114e-01   6.1915142e-03  -4.3243373e-03   9.3072687e-03
   3.8646981e-02   1.2146820e-01  -3.8558131e-01   6.3205621e-03  -4.5181070e-03   1.0441136e-02
   1.7632896e-02   1.8571272e-01  -3.9172655e-01   6.8029813e-03  -4.4950149e-03   1.0438646e-02
   1.9486395e-02   1.5337903e-01  -3.7546831e-01   6.5348963e-03  -4.5372253e-03   1.0849695e-02
   1.6810541e-02   1.5827795e-01  -3.4516179e-01   5.8246712e-03  -4.2995705e-03   1.0985387e-02
   1.5986555e-02   1.7467119e-01  -3.5309248e-01   5.5869028e-03  -4.1872718e-03   1.1054159e-02
   9.7532744e-03   2.4454037e-01  -3.2194480e-01   5.4774387e-03  -4.1730521e-03   1.0882223e-02
   3.5350998e-02   1.6627318e-01  -3.3677287e-01   6.0210786e-03  -4.1010043e-03   1.1113343e-02
  -3.5712240e-02   2.0222831e-01  -4.2001423e-01   2.4446159e-03  -6.3223742e-03   9.3821247e-03
   1.0208837e-02   2.2051280e-01  -3.0038176e-01  -7.2097055e-05  -7.1062147e-03   8.8580996e-03
   5.5045395e-02   2.4467061e-01  -2.5214820e-01   1.2741509e-03  -6.0449041e-03   1.0688796e-02
   7.1493818e-02   2.5099819e-01  -2.6448621e-01   2.0936144e-03  -5.8537027e-03   1.1461467e-02
   6.5869331e-02   2.3037324e-01  -2.9142614e-01   2.1982306e-03  -5.5651992e-03   1.1543773e-02
   6.1128883e-02   2.2745157e-01  -2.8534587e-01   8.0827340e-04  -5.3198004e-03   1.1697465e-02
   7.8031463e-02   2.0541772e-01  -2.7641189e-01   1.5097225e-03  -5.1061460e-03   1.1975564e-02
   8.1407811e-02   2.4900873e-01  -2.8034852e-01   9.1176082e-04  -4.9082840e-03   1.1759994e-02
   5.6028702e-02   2.4655810e-01  -2.4987077e-01   9.6756177e-04  -4.9710614e-03   1.1785608e-02
   7.1845315e-02   2.1379790e-01  -3.2937246e-01   1.0728703e-03  -5.1210038e-03   1.1965705e-02
   8.2566242e-02   2.0993235e-01  -3.2584652e-01   1.1464995e-03  -5.8934011e-03   1.1749020e-02
   4.2724735e-02   2.6631680e-01  -3.1482480e-01   1.3392923e-03  -5.4323720e-03   1.1540619e-02
   2.6277389e-02   2.4770992e-01  -3.5575366e-01   2.3892238e-03  -4.8561205e-03   1.1263713e-02
  -1.8067589e-04   1.3870070e-01  -6.0609909e-01   5.4326784e-03  -1.0102811e-02   7.4094539e-03
  -5.4421021e-03   2.8036898e-01  -5.0776626e-01   4.0166440e-03  -8.5715436e-03   9.1532631e-03
   2.9887378e-02   1.9190264e-01  -5.2772880e-01   2.6526301e-03  -6.9703951e-03   1.0094593e-02
   4.8590965e-02   3.7811385e-01  -3.1815081e-01   4.3801076e-03  -6.4589096e-03   9.4613135e-03
   4.2883797e-02   7.8660241e-03  -4.3961625e-01   2.4873623e-03  -5.8934915e-03   1.0936769e-02
   4.4749821e-02   2.4629723e-01  -3.7735657e-01   1.9013610e-03  -6.6158107e-03   1.1695561e-02
   3.4775230e-02   2.5937983e-01  -3.4928147e-01   1.8976049e-03  -6.5132845e-03   1.1964499e-02
   3.9012025e-02   1.7883464e-01  -3.5074588e-01   1.5190095e-03  -6.5471069e-03   1.2355516e-02
   3.5525885e-02   2.3080163e-01  -3.1387111e-01   9.5898634e-04  -6.3723172e-03   1.2421181e-02
   3.8914568e-02   1.8323873e-01  -3.0600867e-01   1.1208581e-03  -6.2669231e-03   1.2383885e-02
   2.1268616e-02   2.4386239e-01  -2.7463764e-01   1.4041252e-03  -6.5252989e-03   1.1906382e-02
   1.6314778e-02   2.7748588e-01  -2.1315923e-01   1.6661280e-03  -6.1401819e-03   1.1924563e-02
   3.6272223e-02   1.1129062e-01  -2.7623128e-01   1.2252620e-03  -6.1426040e-03   1.2254005e-02
   2.9773744e-02   2.7074471e-01  -2.0627222e-01   1.6605991e-03  -6.1530636e-03   1.1922139e-02
   3.3024907e-02   1.4548977e-01  -2.7721030e-01   1.3681260e-03  -6.2940731e-03   1.2108551e-02
  -2.3489362e-02   3.2594282e-01  -1.2588787e-01   2.5517605e-03  -6.9163591e-03   1.1663680e-02
  -8.7826316e-02   2.9344794e-01  -1.4215654e-01   3.0506866e-03  -6.6792162e-03   1.0086456e-02
  -6.7659394e-02   1.2366347e-01  -2.3850248e-01   1.9240902e-04  -7.1347197e-03   1.1141476e-02
  -6.0832546e-02   3.1950328e-01  -1.9434690e-01   2.8813386e-05  -6.3638748e-03   1.1976781e-02
  -4.4983872e-02   2.8945420e-01  -2.0043943e-01  -5.8471842e-04  -7.1281454e-03   1.1889707e-02
  -2.4264437e-02   2.8846810e-01  -1.8033773e-01  -1.4033102e-03  -7.0943647e-03   1.2665117e-02
  -3.4869470e-02   2.7884262e-01  -1.6691034e-01  -1.5995381e-03  -7.2240342e-03   1.2339430e-02
  -1.7670036e-02   2.5818307e-01  -1.9897448e-01  -1.8516740e-03  -7.3255568e-03   1.2179212e-02
  -2.2635622e-02   2.5997324e-01  -2.1538962e-01  -2.1624116e-03  -7.0324358e-03   1.2083803e-02
  -1.7234754e-02   2.7977456e-01  -2.2618739e-01  -2.2458692e-03  -7.2252355e-03   1.1970822e-02
  -2.2217870e-02   3.1980757e-01  -2.2381742e-01  -2.2929266e-03  -7.2801785e-03   1.1833637e-02
  -4.5072815e-02   3.9620596e-01  -1.3028360e-01  -3.9801129e-04  -7.6167605e-03   1.1059418e-02
  -3.3150274e-02   2.1008462e-01  -1.8431391e-01   4.9126437e-04  -7.4787603e-03   1.1601414e-02
  -1.0425045e-01   1.1719725e-01  -2.6286739e-01   1.4129283e-03  -7.2700207e-03   1.1234131e-02
  -1.1054442e-01   1.9992067e-01  -2.6990605e-01   2.1831742e-03  -7.3671972e-03   1.1800147e-02
  -8.6967318e-02   2.4082285e-01  -2.5008969e-01   1.5953280e-03  -7.3494191e-03   1.1931844e-02
  -4.3592646e-02   2.8002071e-01  -2.2535973e-01   1.2649206e-03  -8.3455662e-03   1.2396806e-02
  -2.0295178e-02   2.5457456e-01  -2.1350777e-01   1.0064228e-03  -8.2161655e-03   1.3169697e-02
  -8.0108635e-02   3.5316569e-01  -1.6217712e-01   1.4353467e-03  -8.0923540e-03   1.2331513e-02
  -6.0142335e-02   2.0890091e-01  -2.2608131e-01   7.1349722e-04  -8.3285680e-03   1.2542497e-02
  -6.8391452e-02   2.9938583e-01  -1.3280496e-01   1.0482411e-03  -8.3322068e-03   1.2732829e-02
  -8.1334179e-02   2.9402226e-01  -1.4574569e-01   1.0847862e-03  -8.5019668e-03   1.2584089e-02
  -1.3342722e-01   3.4088163e-01  -4.0999867e-02   1.7960927e-03  -8.4756180e-03   1.2183709e-02
  -1.0395148e-01   1.6873897e-01  -1.5719157e-01   1.1539725e-03  -8.3637283e-03   1.2773087e-02
  -1.0003635e-01   2.6731109e-01  -1.6473591e-01   1.1131915e-03  -8.0380555e-03   1.2935286e-02
  -9.8464764e-02   2.7160350e-01  -1.6716167e-01   1.1721836e-03  -7.9704111e-03   1.2283032e-02
  -7.3066015e-02   3.1551104e-01  -1.5661653e-01   1.5667378e-03  -8.1470441e-03   1.2975812e-02
  -6.0161446e-02   2.7570259e-01  -1.8911785e-01   1.2143759e-03  -8.3346868e-03   1.2994897e-02
  -3.3021645e-02   2.6926058e-01  -1.9533094e-01   1.3877134e-03  -8.1158698e-03   1.3476640e-02
  -4.1426553e-02   2.9047783e-01  -1.9731047e-01   1.2822173e-03  -7.9967109e-03   1.3487042e-02
  -4.5071674e-02   2.6372635e-01  -2.1643532e-01   1.5141068e-03  -7.9014811e-03   1.3330322e-02
  -3.5653624e-02   2.6490806e-01  -2.3400114e-01   1.5793699e-03  -7.9420995e-03   1.3484652e-02
  -3.7294204e-02   2.4336890e-01  -2.4933078e-01   1.5317611e-03  -7.7086903e-03   1.3482705e-02
  -2.9140631e-02   2.8245838e-01  -2.4596114e-01   1.6302955e-03  -7.7641057e-03   1.3445843e-02
  -4.4105486e-02   2.9667524e-01  -2.4855782e-01   1.6918895e-03  -7.6430862e-03   1.3168219e-02
  -5.4913150e-02   3.8494400e-01  -1.8148387e-01   2.1540410e-03  -7.4793560e-03   1.3079619e-02
  -5.4216683e-02   1.9546573e-01  -2.5588481e-01   1.8474945e-03  -7.5970911e-03   1.3104479e-02
  -4.8288756e-02   3.2018517e-01  -2.0170303e-01   1.9076970e-03  -7.4781864e-03   1.3262100e-02
