   1.1461583e-14   0.0000000e+00   0.0000000e+00   7.6001439e-56  -1.1435426e-91  -1.5046328e-36
   8.4929774e-03   2.8694115e-02   7.7134142e-03  -3.0485392e-04  -3.4028765e-04  -7.6362543e-04
  -4.5463574e-04   9.7622568e-03   1.9437203e-02  -1.1938273e-03  -4.4575224e-04  -4.8852212e-04
  -1.1211603e-02  -2.1031860e-02   2.6363779e-02  -1.1433705e-03  -9.2326189e-04  -1.0447478e-03
  -2.0695368e-02   1.6942584e-02   1.6246632e-02  -1.0680871e-03  -1.1618455e-03  -1.2293198e-03
  -4.9275892e-02   3.0398700e-01  -3.7029885e-02  -1.7010497e-03  -1.0948550e-03  -1.6564176e-03
  -1.8834314e-02  -3.2540601e-01  -2.7167335e-04  -1.0602719e-03  -1.1531848e-03  -1.5302198e-03
  -1.2664423e-02  -7.4478772e-02  -1.4460881e-02  -7.6108029e-04  -1.4079947e-03  -1.4605695e-03
  -1.5471497e-02  -4.7903384e-03  -2.8888025e-02  -6.4391502e-04  -1.5078389e-03  -1.4662782e-03
  -2.6854725e-02  -9.4436419e-03  -3.1397542e-04  -4.5148572e-04  -1.4133232e-03  -1.5873652e-03
  -1.8224610e-02  -1.6911090e-03   1.4151611e-02  -6.9932487e-04  -1.6170190e-03  -1.6420435e-03
  -1.3686616e-03  -3.6447708e-02   2.2556299e-02  -1.0715997e-03  -1.8914882e-03  -1.7402550e-03
  -8.2166035e-03  -4.4396861e-02   1.1297788e-02  -1.0393409e-03  -1.8963623e-03  -1.7798588e-03
  -3.2872243e-02   1.5233513e-01   9.9868892e-03  -1.6826812e-03  -1.9662979e-03  -2.1779248e-03
  -2.3611534e-02  -1.4927277e-01   2.9822496e-02  -1.3290531e-03  -1.8456410e-03  -2.0486197e-03
  -3.7965214e-02   7.8724966e-02   1.5342397e-02  -1.3504727e-03  -1.9010246e-03  -2.1278953e-03
  -3.4092561e-02   6.7852702e-03   3.2611644e-02  -1.0903560e-03  -2.0219323e-03  -2.1891373e-03
  -4.1291566e-02  -1.2654032e-02   3.4858877e-02  -7.2475199e-04  -1.8561079e-03  -2.0576352e-03
  -3.7545809e-02  -3.6178830e-03   3.4570571e-02  -8.3289253e-04  -1.7739874e-03  -1.9893841e-03
  -2.7162511e-02  -9.6749142e-03   4.6467569e-02  -6.5903524e-04  -1.8307790e-03  -1.9484623e-03
  -2.7259052e-02   1.2832078e-01   4.9124938e-02  -1.1224038e-03  -2.0243684e-03  -2.1699472e-03
  -3.0756234e-02  -6.0599081e-02   7.1434741e-02  -9.8664133e-04  -2.1137838e-03  -2.2184475e-03
  -3.2694126e-02  -4.1940978e-03   6.8500148e-02  -9.5519272e-04  -2.1779656e-03  -2.2769512e-03
  -3.0730856e-02   9.3343047e-04   6.5176952e-02  -9.1189871e-04  -2.2901468e-03  -2.2422048e-03
  -3.3056386e-02  -1.1648920e-02   5.5294694e-02  -8.1091739e-04  -2.3466684e-03  -2.2354334e-03
  -2.6377606e-02   8.0402833e-03   6.4306330e-02  -6.4063284e-04  -2.2515557e-03  -2.2324183e-03
  -3.9724432e-02   1.5405944e-01   7.5812506e-02  -1.1506885e-03  -2.3397387e-03  -2.4783181e-03
  -2.3569332e-02  -8.9337193e-02   7.3997827e-02  -3.1964727e-04  -2.4758564e-03  -2.3653956e-03
  -3.6588383e-02  -4.7641325e-02   6.7356900e-02  -5.3146620e-04  -2.1430849e-03  -2.3690672e-03
  -3.9089892e-02   3.7903568e-02   8.4893027e-02  -6.3753982e-04  -2.2695268e-03  -2.3914253e-03
   1.8168265e-02   2.9810621e-02   1.6077534e-01  -5.8853845e-04  -2.9090953e-03  -3.1063678e-03
   1.8961721e-02  -3.6563188e-02   1.6983187e-01  -6.7092382e-04  -2.9655515e-03  -3.5142736e-03
   1.1057586e-02   2.5557988e-02   1.6066806e-01  -7.0701005e-04  -3.0214340e-03  -3.2646420e-03
  -4.7348545e-03   1.6376261e-02   1.5156182e-01  -8.9614887e-04  -2.9536596e-03  -3.3639397e-03
  -5.6246127e-03  -6.9340363e-02   1.4459745e-01  -7.9692413e-04  -3.0304902e-03  -3.4597909e-03
  -7.9607858e-03  -1.7241974e-02   1.4424940e-01  -7.2311808e-04  -2.7910558e-03  -3.2647906e-03
  -1.1621758e-02   1.4675487e-02   1.3917007e-01  -7.7261348e-04  -2.9025567e-03  -3.2482927e-03
  -9.7447053e-03  -2.9512736e-04   1.4888335e-01  -8.2340672e-04  -2.9090584e-03  -3.1195356e-03
  -7.3216251e-03   5.3895753e-03   1.6092198e-01  -7.3988226e-04  -3.0320567e-03  -3.0146934e-03
  -1.1059159e-02  -8.9705713e-03   1.5215319e-01  -6.7443644e-04  -2.8734866e-03  -3.0744415e-03
  -1.0492532e-02   1.8283912e-01   1.4682095e-01   1.7770157e-04  -2.9999110e-03  -2.7360336e-03
  -6.8902864e-03  -2.3136919e-02   1.3422250e-01  -7.3616669e-04  -2.8905426e-03  -2.7806974e-03
  -1.0437752e-02   5.4662393e-02   1.2731802e-01  -6.0251467e-04  -2.8740896e-03  -2.8300667e-03
  -4.1389187e-02   1.5109937e-01   1.4687732e-01  -5.7940540e-04  -2.6195869e-03  -3.1128718e-03
  -1.3668865e-01   3.2378385e-01   1.2123074e-01  -4.9122908e-04  -1.2292428e-03  -2.7968847e-03
  -1.2095708e-01  -4.9168609e-01   8.5856751e-02  -2.1306583e-04   3.7817585e-05  -2.4048075e-03
  -1.3880242e-01  -1.2349562e-01   5.3561250e-02  -3.1564178e-04   5.3159178e-04  -2.4417453e-03
  -1.4580066e-01  -2.3364022e-02   8.0634753e-02  -1.4170743e-04   3.8189849e-04  -2.8299421e-03
  -1.4531113e-01   9.6270921e-04   1.3789303e-01   8.4299875e-06   3.3100010e-04  -2.8643224e-03
  -1.4157546e-01  -7.2092785e-02   1.4072532e-01  -4.0793463e-05   2.7723844e-04  -2.8500972e-03
  -1.5156029e-01  -5.1702062e-02   1.1707897e-01  -1.7207767e-04   4.1396571e-04  -2.9417175e-03
  -1.5329844e-01  -3.8689041e-02   1.1192096e-01  -4.0356966e-04   2.9594121e-04  -3.0643666e-03
  -1.5236474e-01  -1.0647566e-01   1.0700844e-01  -1.5692006e-04   2.2004798e-04  -2.9779987e-03
  -1.4559171e-01  -2.4258423e-02   8.8423496e-02   1.2794649e-04   5.8976616e-05  -3.1694732e-03
  -2.4078694e-01   2.0668766e-01   1.0220154e-01   4.6963400e-04   8.6999908e-04  -4.3963740e-03
  -3.8471180e-01   6.3250060e-02   1.6202515e-01  -7.0885494e-04   4.6217095e-03  -5.5389755e-03
  -3.3063352e-01  -4.0428035e-01   9.1919453e-02  -9.9975275e-04   4.5611422e-03  -5.9231321e-03
  -3.3071747e-01  -2.2361817e-02   6.1072418e-02  -5.4658184e-04   4.6213387e-03  -5.7451563e-03
  -3.2327669e-01  -3.3735930e-03   8.6679347e-02  -8.9210418e-05   4.3967721e-03  -5.6203926e-03
  -3.2139470e-01  -7.7388369e-03   1.1397052e-01   1.3655291e-05   4.2695337e-03  -5.7080576e-03
  -3.1977091e-01  -2.3370990e-02   1.2870824e-01  -7.5691308e-05   4.1043773e-03  -5.7964974e-03
  -3.2685057e-01  -3.9522029e-02   1.0628125e-01  -1.1028899e-04   3.8547596e-03  -6.0099593e-03
  -3.2754136e-01  -1.1108715e-02   8.9349182e-02  -2.8305193e-04   3.7527768e-03  -6.0509218e-03
  -3.3376951e-01  -6.0981973e-02   8.8448779e-02  -1.2877104e-04   3.7298990e-03  -6.0039656e-03
  -3.1964640e-01  -1.7029815e-02   8.6807861e-02  -2.2886688e-04   3.2885239e-03  -6.0045766e-03
  -3.1980485e-01   8.5015521e-03   7.6656969e-02  -3.4020812e-04   3.0689139e-03  -6.0599188e-03
  -3.3963192e-01   1.0989627e-01   8.2649794e-02  -5.9524954e-04   3.0231039e-03  -6.3257445e-03
  -3.2501210e-01  -6.3904832e-02   1.0016741e-01  -2.2474611e-04   2.8642731e-03  -6.2211072e-03
  -3.2513814e-01  -4.3126017e-02   5.5006870e-02   7.8777966e-04   3.0529188e-03  -5.8984233e-03
  -3.0653764e-01  -6.3629769e-02   7.5063263e-02  -5.7628727e-04   3.0146537e-03  -5.4971315e-03
  -3.0709625e-01  -4.0356435e-02   7.2025610e-02  -1.8460271e-04   3.0626210e-03  -5.4879209e-03
  -3.2027246e-01   2.4975038e-02   8.5529745e-02   1.3198896e-05   3.1914168e-03  -5.4489933e-03
  -3.1756114e-01   3.3675841e-02   9.1089208e-02  -6.7647344e-05   3.2575656e-03  -5.3872786e-03
  -3.2392330e-01   1.5611114e-03   9.0402774e-02  -1.3306038e-04   3.1645951e-03  -5.4263344e-03
  -3.2976052e-01  -4.4259307e-02   9.7152325e-02   2.9426512e-05   3.1213136e-03  -5.5776307e-03
  -3.3531184e-01   3.7371454e-03   9.3016274e-02   8.4729261e-05   3.0243995e-03  -5.7137740e-03
  -3.4350182e-01   2.4423492e-02   9.7463050e-02   2.6845892e-04   2.8942044e-03  -5.8355805e-03
  -3.5298038e-01  -2.5687821e-02   1.0162526e-01   1.8648037e-04   2.9845425e-03  -5.9318559e-03
  -3.5471797e-01  -8.0880810e-03   1.0170545e-01   8.9432193e-05   2.8184499e-03  -5.9852649e-03
  -3.4390715e-01  -2.9922632e-02   1.0881119e-01   3.0389656e-04   2.8114285e-03  -5.7706875e-03
  -3.5846609e-01   4.4352055e-02   1.2364083e-01   4.4181289e-04   2.8021215e-03  -5.9099905e-03
  -3.6670851e-01   2.1313266e-01   6.8865365e-02   7.8531693e-04   2.9007535e-03  -5.9862407e-03
  -3.3380175e-01  -3.9665910e-01   1.6799239e-01   1.3550887e-03   3.0445897e-03  -5.7625732e-03
  -3.4774993e-01  -6.0068865e-02   1.3725361e-01   1.2779615e-03   2.9553789e-03  -5.8223005e-03
  -3.5100569e-01  -5.9304409e-02   1.2908315e-01   1.3154336e-03   2.8884116e-03  -5.8234742e-03
  -3.9373280e-01  -2.1114300e-04   3.8026460e-02   2.3502767e-03   3.5781097e-03  -5.6034731e-03
  -4.7829489e-01  -2.1678471e-01   7.0822549e-02   2.9496294e-03   5.2825124e-03  -5.9186845e-03
  -4.5888571e-01  -6.2234562e-02   6.9835346e-02   2.9207847e-03   4.9582619e-03  -5.9763200e-03
  -4.4647394e-01  -1.2285189e-01   7.4021590e-02   3.2866218e-03   4.7075407e-03  -5.9757160e-03
  -4.9606453e-01   2.2420269e-01   5.6995096e-02   2.5924680e-03   5.8725092e-03  -6.4891096e-03
  -4.8138065e-01  -3.4402591e-01   1.1928693e-01   2.0987008e-03   5.5079987e-03  -6.6689580e-03
  -4.8665148e-01  -1.5161678e-01   1.1836900e-01   2.1989084e-03   5.1148956e-03  -6.9023638e-03
  -4.7261860e-01  -4.8187470e-02  -2.3321167e-02   3.5724779e-03   5.9427017e-03  -5.1562150e-03
  -4.7081377e-01   1.1857564e-01   1.3761270e-01   7.3698255e-04   5.7066872e-03  -5.7676165e-03
  -4.5428306e-01  -2.7787309e-01   1.8387317e-01   1.5621182e-03   5.3618279e-03  -5.9207105e-03
  -4.5916266e-01  -8.9144552e-02   1.7258047e-01   1.7701721e-03   5.3655446e-03  -5.8963254e-03
  -4.5892641e-01  -6.0112751e-02   1.5439321e-01   1.5265300e-03   5.1312036e-03  -5.9186825e-03
  -4.5856546e-01  -7.3696182e-02   1.5685104e-01   1.5366251e-03   5.1531077e-03  -5.8915953e-03
  -4.6630882e-01  -8.9342548e-02   1.5366018e-01   1.7637046e-03   5.3051591e-03  -5.9056925e-03
  -4.6581236e-01  -7.4894146e-02   1.5904211e-01   1.6854436e-03   5.1782854e-03  -5.9162446e-03
  -4.5897685e-01  -4.5701519e-02   1.4320988e-01   1.5797061e-03   5.0456535e-03  -5.8832733e-03
  -4.8247641e-01   7.3715490e-02   1.4286027e-01   1.1204084e-03   5.0804507e-03  -6.1329490e-03
  -4.7603656e-01  -1.1397569e-01   1.3107612e-01   1.3967017e-03   5.0585306e-03  -6.1108632e-03
  -4.8164611e-01  -6.9551224e-02   1.3134810e-01   1.6848685e-03   5.0728521e-03  -5.9989889e-03
  -4.7053618e-01  -5.5647344e-02   1.1685472e-01   2.1429014e-03   4.9523466e-03  -5.9944442e-03
  -4.7594245e-01  -4.5001342e-02   7.4056524e-02   2.0393193e-03   7.1986232e-03  -5.0458914e-03
  -3.9920911e-01   1.8804429e-02   2.3185859e-01   2.9637562e-04   5.7738647e-03  -7.6516269e-03
  -3.9152996e-01  -6.6555049e-02   2.4288907e-01   1.0829929e-03   6.3178499e-03  -6.8674030e-03
  -3.9352497e-01   8.7090682e-02   2.3809092e-01   1.2381501e-03   6.3108661e-03  -6.9323021e-03
  -3.8929683e-01   1.7588621e-01   2.0315886e-01   7.1952469e-04   6.4113615e-03  -6.9882703e-03
  -3.7502633e-01  -4.5065760e-01   2.4096879e-01   1.7145338e-03   6.1587021e-03  -6.8932044e-03
  -3.9720530e-01  -1.3522460e-01   2.3048591e-01   1.6257116e-03   5.9846205e-03  -6.9715220e-03
  -4.0705159e-01  -1.2587836e-01   2.3403924e-01   2.0403678e-03   6.0606293e-03  -7.0879152e-03
  -3.8198560e-01  -1.6750462e-01   1.5159370e-01   4.7208391e-03   6.2613083e-03  -5.5960557e-03
  -3.7368001e-01  -8.6663401e-02   1.5458978e-01   4.0558808e-03   6.4786430e-03  -5.1135380e-03
  -3.6521805e-01  -9.7179585e-02   1.6923381e-01   3.9488692e-03   6.2954546e-03  -5.2287699e-03
  -3.6078858e-01   4.7767459e-04   1.7134600e-01   3.6898692e-03   6.0898002e-03  -5.3330873e-03
  -3.5513259e-01  -1.2492893e-01   1.7940333e-01   3.7874038e-03   6.1082691e-03  -5.1370874e-03
  -3.5806852e-01  -3.4867456e-02   1.6658288e-01   3.9384369e-03   6.2437701e-03  -5.0693193e-03
  -2.9320093e-01  -1.4560234e-01   2.5130497e-01   3.7398332e-03   5.1671105e-03  -5.3753392e-03
  -3.8608162e-01   1.6608675e-01   2.5197874e-01   4.3862133e-03   5.9627692e-03  -5.3806415e-03
  -4.5554229e-01   1.7794191e-01   3.3764910e-01   8.6369200e-03   8.3547160e-03  -6.8420243e-03
  -4.5374142e-01  -6.0584614e-01   4.2224045e-01   8.2799672e-03   9.5181104e-03  -7.4507196e-03
  -4.6529848e-01  -1.5265764e-01   3.6542414e-01   8.6081472e-03   9.1391754e-03  -7.6693855e-03
  -4.6589245e-01  -1.0154562e-01   3.8136725e-01   9.0885492e-03   9.0048447e-03  -7.5728576e-03
  -4.7106025e-01  -7.6024605e-02   4.1616434e-01   9.0619173e-03   9.0975710e-03  -7.5353045e-03
  -4.6870499e-01  -9.1916769e-02   4.1834990e-01   8.8657082e-03   9.2421362e-03  -7.4944406e-03
  -4.6366700e-01  -1.2695920e-01   4.1488662e-01   8.7242169e-03   9.1569363e-03  -7.3835184e-03
  -4.6314916e-01  -1.3216754e-01   4.0807273e-01   8.8329451e-03   9.1245602e-03  -7.3182805e-03
  -4.8289669e-01  -1.8794913e-02   3.9126370e-01   8.8147280e-03   9.1910149e-03  -7.5891140e-03
  -5.0828976e-01   1.3246092e-01   3.7582149e-01   8.5451635e-03   9.4041677e-03  -7.6884819e-03
  -4.2636569e-01  -4.0753575e-01   2.8915267e-01   9.3264971e-03   9.5125547e-03  -5.9071277e-03
  -4.2062468e-01  -9.8686976e-02   2.7245426e-01   9.0106843e-03   8.7091825e-03  -6.2821092e-03
  -4.3455231e-01  -8.4643930e-02   2.8293407e-01   9.6509098e-03   8.5457161e-03  -6.3772182e-03
  -4.2872452e-01  -8.9289931e-02   3.1268056e-01   9.7499372e-03   8.4968688e-03  -6.3128485e-03
  -4.5330823e-01   1.2769556e-01   2.9084885e-01   9.0364059e-03   8.6040977e-03  -6.5737935e-03
  -4.3387650e-01  -2.1929805e-01   2.9136665e-01   9.1540300e-03   8.5606898e-03  -6.6013304e-03
  -4.3935912e-01  -9.8822665e-02   2.7315915e-01   9.4025842e-03   8.4112653e-03  -6.6088334e-03
  -4.4094380e-01  -1.1782738e-01   2.6976854e-01   9.6446641e-03   8.4527871e-03  -6.6687834e-03
  -4.3929521e-01  -6.8507063e-02   2.6940434e-01   9.7319852e-03   8.4316767e-03  -6.6958256e-03
  -4.4609338e-01  -4.5577716e-02   2.6222228e-01   9.5250985e-03   8.4599434e-03  -6.7255638e-03
  -4.5291441e-01  -9.0984368e-02   2.7507538e-01   9.7142068e-03   8.4487898e-03  -6.7247341e-03
  -4.4945806e-01  -1.2143717e-01   2.9235646e-01   9.8013320e-03   8.5566016e-03  -6.5082928e-03
  -4.3317085e-01  -1.0597894e-01   2.9727390e-01   9.4480660e-03   8.3082138e-03  -6.3820198e-03
  -4.2656591e-01  -5.2074701e-02   2.9254130e-01   9.3698965e-03   8.2173453e-03  -6.3509087e-03
  -4.1369758e-01  -7.7047604e-02   3.0038459e-01   9.4527147e-03   8.4488280e-03  -6.1970320e-03
  -4.0879855e-01  -8.5983418e-02   2.9770729e-01   9.6165835e-03   8.4625354e-03  -6.1012114e-03
  -4.0401855e-01  -3.0376343e-02   2.9921633e-01   9.5542510e-03   8.3800017e-03  -6.0154898e-03
  -4.1011311e-01  -6.4349886e-02   3.1429758e-01   9.3888426e-03   8.1291201e-03  -6.0717780e-03
  -4.2681124e-01  -1.8956985e-02   3.0390235e-01   9.4152235e-03   8.2167845e-03  -6.2115870e-03
  -4.1281046e-01  -1.5695455e-01   3.0464662e-01   9.7024320e-03   8.1965974e-03  -6.1161818e-03
  -4.1785154e-01  -5.0695503e-02   2.9964609e-01   9.6722278e-03   8.2412653e-03  -6.2629242e-03
  -4.1216812e-01  -7.0651091e-02   3.1895399e-01   9.7520019e-03   8.1054714e-03  -6.1921102e-03
  -4.0734559e-01  -7.7067006e-02   3.1223905e-01   9.6894755e-03   8.0669767e-03  -6.1034331e-03
  -4.0587441e-01  -9.8901457e-02   3.2893578e-01   9.6746029e-03   8.1148987e-03  -6.0852899e-03
  -3.9842219e-01  -1.2428717e-01   3.2130707e-01   9.6544000e-03   8.1536598e-03  -6.0727090e-03
  -4.0818367e-01  -3.6701908e-02   3.1714241e-01   9.5100686e-03   8.1294318e-03  -6.2487466e-03
  -1.9478896e-01  -2.6915382e-02   2.7193672e-01   8.2956228e-03   5.3333844e-03  -4.1381313e-03
  -2.4919429e-01  -1.6722229e-01   2.3267273e-01   9.7213006e-03   6.8179900e-03  -4.3743161e-03
  -2.6651815e-01  -3.6962979e-03   2.6832432e-01   9.7433284e-03   6.6351564e-03  -4.9052902e-03
  -2.6713721e-01  -4.0250594e-02   2.7736583e-01   9.8894475e-03   6.5404475e-03  -4.8013716e-03
  -2.5786258e-01  -1.0297683e-01   2.9379425e-01   1.0260661e-02   6.5315567e-03  -4.7861880e-03
  -2.5999166e-01  -1.0556382e-01   2.8227817e-01   1.0217157e-02   6.5893229e-03  -4.8780539e-03
  -2.6170387e-01  -6.5142997e-02   2.7699352e-01   1.0108656e-02   6.5399683e-03  -4.8629115e-03
  -2.5633641e-01  -8.9139623e-02   2.7747612e-01   1.0227724e-02   6.4716467e-03  -4.9130981e-03
  -2.6045572e-01  -1.0102245e-01   2.8729947e-01   1.0315983e-02   6.4800814e-03  -5.0458955e-03
  -2.5358348e-01  -1.0072903e-01   2.9661973e-01   1.0437885e-02   6.3364127e-03  -4.9933329e-03
  -2.4960872e-01  -9.8629342e-02   2.9570454e-01   1.0470059e-02   6.2353124e-03  -4.9377685e-03
  -2.5764189e-01  -9.3624181e-02   2.9157538e-01   1.0460462e-02   6.4275498e-03  -4.8728215e-03
  -2.5721538e-01  -1.0938477e-01   2.9794088e-01   1.0404831e-02   6.4405966e-03  -4.8697543e-03
  -2.4994715e-01  -1.1554918e-01   2.7807946e-01   1.0613237e-02   6.2937904e-03  -4.9793960e-03
  -2.3453669e-01  -1.4192383e-01   2.7534876e-01   1.1172496e-02   6.1974216e-03  -5.1823261e-03
  -2.2249043e-01  -9.9938255e-02   2.7901214e-01   1.1432257e-02   6.0816108e-03  -5.1327976e-03
  -2.1860177e-01  -1.1315901e-01   2.9262308e-01   1.1447075e-02   5.9984837e-03  -4.9928831e-03
  -2.2004066e-01  -1.4110927e-01   3.0521027e-01   1.1704160e-02   6.1129314e-03  -4.9491299e-03
  -2.3935557e-01  -7.1057389e-02   2.9411794e-01   1.1651025e-02   6.2984258e-03  -4.8352556e-03
  -2.2506462e-01  -1.4518503e-01   2.7500014e-01   1.1523616e-02   6.2083888e-03  -4.6511142e-03
  -2.3765699e-01  -7.0937656e-02   2.7053673e-01   1.1653205e-02   6.2638442e-03  -4.7370313e-03
  -2.4533980e-01  -1.2832463e-01   2.6284275e-01   1.1784642e-02   6.3234984e-03  -4.6184827e-03
  -2.5047477e-01  -1.2290539e-01   2.4351423e-01   1.1977385e-02   6.4590863e-03  -4.4413604e-03
  -2.5068917e-01  -1.5293824e-01   2.4288105e-01   1.2059535e-02   6.4774576e-03  -4.1467270e-03
  -2.6837689e-01  -8.0651915e-02   2.4988667e-01   1.1782100e-02   6.6403872e-03  -4.3974628e-03
  -2.5190269e-01  -1.6322078e-01   2.3891184e-01   1.1794382e-02   6.5235235e-03  -4.3778508e-03
  -2.3877276e-01  -8.4162804e-02   2.5031130e-01   1.1756553e-02   6.3795906e-03  -4.3210428e-03
  -2.2303684e-01  -1.6371149e-01   2.4471087e-01   1.1888332e-02   6.3617297e-03  -4.2070524e-03
  -2.9223852e-01   1.2036357e-01   2.9401313e-01   1.2035058e-02   7.2322533e-03  -4.1182949e-03
  -2.4272330e-01  -3.6065205e-01   2.0051652e-01   1.2588561e-02   7.9029348e-03  -2.8474597e-03
  -1.9719069e-01  -2.6347958e-01   1.6559172e-01   1.2187518e-02   7.2997789e-03  -2.8929570e-03
  -2.0969744e-01  -1.6961050e-01   1.7360220e-01   1.2603262e-02   7.2500736e-03  -3.3056946e-03
  -2.1184919e-01  -1.2022172e-01   2.0596058e-01   1.2559962e-02   7.1014189e-03  -3.2192730e-03
  -2.1308918e-01  -1.5526858e-01   2.2033012e-01   1.2627427e-02   7.0992278e-03  -3.0444443e-03
  -2.1683315e-01  -1.4058721e-01   2.1112131e-01   1.2326488e-02   7.0576667e-03  -3.2090090e-03
  -2.0660477e-01  -1.6525393e-01   2.0192997e-01   1.2088230e-02   6.9361915e-03  -3.1238248e-03
  -1.9718398e-01  -1.4459188e-01   2.0297486e-01   1.1841558e-02   6.7922065e-03  -3.1344233e-03
  -1.9491020e-01  -9.0761391e-02   2.1548615e-01   1.1747851e-02   6.8025127e-03  -3.1182770e-03
  -1.9312647e-01  -1.1570473e-01   2.3321051e-01   1.1679073e-02   6.9535204e-03  -3.0883639e-03
  -2.8107254e-01  -4.9237914e-02   2.7253844e-01   1.2054465e-02   6.6711447e-03  -1.3678890e-03
  -3.7493175e-01  -6.5141242e-02   2.5095136e-01   1.3183099e-02   7.6141851e-03  -3.0051707e-03
  -3.4122937e-01  -6.0208359e-01   3.6633222e-01   1.2905899e-02   8.6007445e-03  -3.7258044e-03
  -3.4842053e-01  -1.7312877e-01   3.3087447e-01   1.3325608e-02   8.5531700e-03  -3.5492409e-03
  -3.3607222e-01  -1.9945234e-01   3.4918187e-01   1.3675367e-02   8.2830029e-03  -3.4348789e-03
  -3.2575041e-01  -2.1487375e-01   3.7296533e-01   1.4049530e-02   8.2695633e-03  -3.3405648e-03
  -3.0962096e-01  -2.0138051e-01   3.9721069e-01   1.4220029e-02   8.2156694e-03  -2.7914167e-03
  -3.3209045e-01  -1.8190883e-01   3.9481567e-01   1.3637613e-02   8.5294867e-03  -3.0822378e-03
  -3.3017311e-01  -2.7141301e-01   4.0613634e-01   1.3625543e-02   8.4255441e-03  -3.0867427e-03
  -3.2307241e-01  -2.4346314e-01   3.9241558e-01   1.3873867e-02   7.9971382e-03  -3.2804530e-03
  -3.2516437e-01  -2.0221571e-01   3.7881907e-01   1.3467612e-02   7.8141033e-03  -3.1645285e-03
  -3.1989607e-01  -2.1252074e-01   3.6452548e-01   1.3520234e-02   7.5897043e-03  -3.2231923e-03
  -3.2061028e-01  -2.5084927e-01   3.4483247e-01   1.3597468e-02   7.5398575e-03  -3.3035533e-03
  -3.1219731e-01  -2.5473426e-01   3.2997422e-01   1.4267956e-02   7.5131536e-03  -3.3310362e-03
