   0.0000000e+00   0.0000000e+00  -6.6885773e-15  -3.2467599e-18   1.4286250e-18   4.6384022e-36
   5.4412168e-02   1.0549113e-01   5.4781062e-03   1.8395771e-03   1.3753594e-03   1.1053607e-03
   4.8738718e-02   1.0696568e-01  -1.8776817e-02   2.5890826e-03   1.7383761e-03   1.0935122e-03
   3.9179531e-02   7.6480963e-02  -1.1840787e-02   2.2063753e-03   1.2680427e-03   8.0496254e-04
   6.8981815e-02   8.9698633e-02   2.0373182e-02   2.0735286e-03   9.1169772e-04   1.3311656e-03
   4.1931447e-02   7.3521104e-02   5.7510944e-02   1.5878157e-03   1.2501055e-03   9.2185931e-04
   3.7262794e-02   5.5837593e-02   3.9387895e-02   2.4031222e-03   1.6894259e-03   1.0070881e-03
   7.0166495e-02   8.9407793e-02   1.0538107e-01   2.8507795e-03   2.2990741e-03   1.5996086e-03
   8.9324981e-02   1.1548739e-01   1.1051713e-01   2.8819246e-03   2.6343190e-03   1.5036005e-03
   8.9749625e-02   4.9016620e-02   1.5157915e-01   3.1352218e-03   2.5869500e-03   1.6488855e-03
   7.4984175e-02   5.2800749e-02   1.8938405e-01   3.0249670e-03   2.9145004e-03   1.7177681e-03
   7.1026005e-02   3.4459902e-02   2.2269599e-01   3.1255411e-03   3.0342951e-03   1.7665155e-03
   6.4650425e-02   5.8330174e-02   2.9149702e-01   2.6116856e-03   3.1472159e-03   1.7978985e-03
   8.0745419e-02   9.3848610e-02   3.3546025e-01   2.5558860e-03   3.5950338e-03   1.8920044e-03
   1.0450038e-01   4.5505544e-02   3.5171278e-01   2.2999419e-03   3.4530762e-03   2.0392968e-03
   3.6440362e-02   7.7683177e-02   5.3689042e-01   6.1091704e-04   3.1992706e-03   1.5592300e-03
   8.9267814e-03   2.6368592e-03   6.8420433e-01  -1.8941133e-04   3.4596579e-03   1.2891198e-03
  -3.5424454e-02   5.7017056e-02   8.9725428e-01  -1.7534443e-03   3.1276214e-03   1.0854871e-03
  -3.1448818e-02  -3.4186828e-02   7.8744176e-01  -1.0637371e-03   3.1291215e-03   1.0035823e-03
  -1.9449358e-02  -6.2981855e-02   6.8568755e-01  -4.1656028e-04   3.4327447e-03   1.0119628e-03
  -2.8567137e-02   1.1828124e-02   6.5158916e-01  -1.4522668e-05   3.3098810e-03   9.8208574e-04
  -1.0998433e-02   1.8057022e-02   6.7907593e-01  -4.3588084e-04   3.4080678e-03   1.1314358e-03
  -2.6560157e-02  -3.5828304e-02   5.8769001e-01   1.3515283e-03   3.3422817e-03   1.0067476e-03
  -1.9714899e-02  -8.1813429e-02   2.6305670e-01   1.9882240e-03   2.0663672e-03   9.8035439e-04
  -3.0775228e-02   3.7797018e-02   5.2641601e-02   1.6779398e-03   2.1933565e-03   7.9163423e-04
  -3.2408523e-02   6.2031934e-03  -2.2162065e-01   2.7109796e-03   1.4611519e-03   4.8956468e-04
  -2.1164538e-02   1.9771310e-02  -3.8168933e-01   3.3786223e-03   1.1245829e-03   6.1857799e-04
  -4.0459049e-02   1.2386855e-01  -5.8324315e-01   3.9840789e-03   8.4827205e-04   4.6768327e-04
  -4.6327193e-02   1.0492203e-01  -8.3147993e-01   5.0046469e-03   4.8839818e-04   1.5293168e-04
  -5.2871370e-02   1.9979434e-01  -8.7033490e-01   6.9331719e-03   4.8464675e-04  -3.6489660e-04
  -4.2786222e-02   9.9215861e-02  -8.4048565e-01   6.9639682e-03   3.6218412e-04  -4.4041442e-04
  -5.4887494e-02   1.6139974e-01  -8.6769063e-01   7.2302392e-03   4.3062959e-04  -4.3931613e-04
  -7.4968855e-02   2.3282346e-01  -8.6612423e-01   6.8445459e-03   2.7024509e-04  -7.1209523e-04
  -5.6765340e-02   2.3307055e-01  -8.9013844e-01   7.4489098e-03   3.2461196e-04  -4.7387477e-04
  -4.5492443e-02   2.3990574e-01  -8.5243209e-01   7.6298823e-03   2.0830042e-04  -4.6453889e-04
  -3.1090131e-02   1.7148614e-01  -8.3295811e-01   8.0759804e-03   3.1950937e-04  -2.8286838e-04
  -1.4639615e-02   1.6788168e-01  -8.2874782e-01   8.7919472e-03   4.2711080e-04  -2.0113585e-04
  -8.4528415e-03   2.1543230e-01  -8.4111298e-01   8.5176416e-03   1.8190364e-04  -2.7175298e-04
  -2.7172001e-02   1.7665862e-01  -8.4246057e-01   8.6467880e-03   1.1576590e-04  -3.2842486e-04
  -1.8398080e-02   2.0768867e-01  -8.2736274e-01   8.9553688e-03   4.3870036e-05  -2.8268550e-04
  -4.2559266e-02   2.0299033e-01  -9.1226205e-01   8.8265237e-03   1.4621434e-04  -1.7502619e-04
  -5.7082891e-02   2.6006627e-01  -9.4666999e-01   8.5454576e-03  -1.5424571e-04  -4.0098846e-04
  -8.4338663e-02   2.1477238e-01  -9.6881626e-01   9.0544422e-03   3.3281138e-04  -5.1235975e-04
  -7.5852971e-02   2.3404282e-01  -9.5508191e-01   8.6130114e-03   2.2424237e-04  -5.1875874e-04
  -8.5874994e-02   1.7362213e-01  -9.6990443e-01   8.7694111e-03   2.7948255e-04  -4.8489994e-04
  -8.8540974e-02   3.1887402e-01  -9.6893438e-01   9.0058548e-03   3.4734817e-04  -6.3018314e-04
  -5.2201519e-02   2.3269050e-01  -9.3194752e-01   9.0223200e-03   4.5998745e-04  -4.3070740e-04
  -3.0659762e-02   1.9582573e-01  -9.1146747e-01   9.3958239e-03   5.0366903e-04  -1.3908381e-04
  -5.1698909e-02   3.0124038e-01  -8.5163331e-01   9.0379416e-03  -1.8778136e-04  -4.3434586e-04
  -5.0383997e-02   2.0001544e-01  -8.2435601e-01   9.3271618e-03   5.3214701e-04  -3.2099121e-04
  -4.8234489e-02   1.9523620e-01  -8.0428653e-01   9.7067039e-03   6.8952123e-04  -1.8017982e-05
  -4.2573939e-02   2.5559711e-01  -7.8631981e-01   9.9500775e-03   9.6696246e-04   1.5306335e-04
  -2.2403914e-02   1.9841414e-01  -7.8460337e-01   9.8389046e-03   9.6020094e-04   2.5729300e-04
  -3.8711005e-02   2.0544194e-01  -8.3216340e-01   1.0935805e-02   8.9870392e-04   5.5285462e-05
  -5.4730975e-02   1.8617419e-01  -8.4876597e-01   1.0565756e-02   1.3530552e-03   3.2721853e-05
  -5.8374762e-02   2.7304559e-01  -8.6029652e-01   9.9657138e-03   1.4797178e-03   1.4292307e-04
  -6.6072063e-02   2.4411288e-01  -8.6153054e-01   9.6793447e-03   1.5212107e-03   1.6103044e-04
  -7.3404344e-02   2.3333140e-01  -8.8179698e-01   9.9834365e-03   1.5087023e-03   2.7140299e-04
  -7.9928149e-02   1.6964179e-01  -8.0324388e-01   1.0169657e-02   1.3534353e-03   2.4767213e-04
  -8.1816021e-02   3.2798474e-01  -7.6975632e-01   9.8124964e-03   1.1028951e-03  -9.9684798e-06
  -7.8577855e-02   1.9631182e-01  -8.0049015e-01   1.0008538e-02   1.0154275e-03  -8.3540893e-05
  -9.9708602e-02   2.1244824e-01  -8.0066400e-01   1.0360727e-02   1.1598742e-03  -5.0984979e-05
  -9.4638510e-02   2.2572492e-01  -8.1018761e-01   1.0559776e-02   1.2609346e-03  -1.5031124e-04
  -7.8792427e-02   2.7321120e-01  -7.8587023e-01   1.0346338e-02   1.0429339e-03  -2.2126799e-04
  -8.0388224e-02   2.2058798e-01  -8.3346795e-01   1.0980516e-02   8.3927431e-04  -2.4176040e-04
  -8.6008912e-02   2.3254638e-01  -8.6497809e-01   1.0892964e-02   7.2611821e-04  -2.1442569e-04
  -8.9102100e-02   2.4319499e-01  -8.5595184e-01   1.1120526e-02   7.7362901e-04  -5.8198286e-05
  -9.7009146e-02   2.5272788e-01  -7.9205930e-01   1.0554031e-02   9.5168744e-04  -9.3153500e-05
  -9.4569382e-02   2.5097626e-01  -7.6778984e-01   1.0479991e-02   9.9046574e-04  -5.9288175e-05
  -1.0286889e-01   2.2939375e-01  -7.6664678e-01   1.0432056e-02   9.9005267e-04  -2.2011959e-04
  -1.2262847e-01   2.6600864e-01  -7.5220334e-01   9.9126997e-03   9.5309301e-04  -5.3203821e-04
  -1.1241249e-01   1.9291520e-01  -7.3350484e-01   1.0234479e-02   1.1913614e-03  -4.9098531e-04
  -9.3933777e-02   2.1563665e-01  -7.0958194e-01   1.0518347e-02   1.1262207e-03  -3.3969181e-04
  -8.5683592e-02   1.9028620e-01  -6.9240467e-01   1.0266268e-02   1.2475767e-03  -3.3868433e-04
  -7.3941595e-02   2.4905938e-01  -6.8312356e-01   1.1175905e-02   1.1154483e-03   7.5196100e-05
  -4.8936762e-02   1.1727307e-01  -6.2507236e-01   1.0913385e-02   1.0871052e-03   1.4557351e-04
  -6.6149516e-02   1.9737843e-01  -6.1818346e-01   1.0614091e-02   9.5696862e-04  -5.6360418e-05
  -7.9026657e-02   1.4559325e-01  -5.9242263e-01   1.0416423e-02   1.3841111e-03  -2.1076107e-04
  -9.6961437e-02   1.5551713e-01  -5.6082226e-01   1.0746358e-02   1.4650314e-03  -2.1441364e-04
  -1.0636007e-01   2.1077960e-01  -6.3594818e-01   1.1486840e-02   7.2651523e-04  -8.6192448e-05
  -1.4271388e-01   1.6388371e-01  -5.4411697e-01   1.0346566e-02   7.2187194e-04  -5.3652593e-04
  -1.4770556e-01   1.2201236e-01  -7.6985788e-01   1.0170635e-02   5.0736248e-04  -6.9543519e-04
  -1.3061827e-01   2.0131745e-01  -1.0647928e+00   1.0063616e-02  -6.8923965e-04  -2.2950539e-03
  -1.3547045e-01   2.1147717e-01  -1.0088029e+00   1.0038107e-02  -7.0367935e-04  -2.4622949e-03
  -1.4017414e-01   1.2638776e-01  -1.0092896e+00   1.0426524e-02  -6.3680883e-04  -2.6695068e-03
  -1.4820415e-01   2.7937952e-01  -9.8201934e-01   1.0433561e-02  -9.1798875e-04  -2.7304266e-03
  -1.5217489e-01   2.1081539e-01  -9.1684345e-01   1.1090887e-02  -7.4892034e-04  -2.7183526e-03
  -1.7562752e-01   2.2259239e-01  -8.7693679e-01   1.1452698e-02  -5.6399578e-04  -2.8310632e-03
  -1.7157843e-01   2.2234477e-01  -8.6254900e-01   1.1349411e-02  -6.7543910e-04  -2.7530359e-03
  -1.6783301e-01   2.0813732e-01  -8.5765636e-01   1.1721417e-02  -6.5072827e-04  -2.5702375e-03
  -1.7233239e-01   2.1067158e-01  -8.7139281e-01   1.2141238e-02  -4.0578610e-04  -2.5106264e-03
  -1.6409778e-01   1.5615457e-01  -9.0405819e-01   1.2326392e-02  -2.1223333e-04  -2.2251644e-03
  -1.3758958e-01   4.7196646e-01  -9.4418539e-01   1.0955664e-02  -8.8133913e-04  -2.6694394e-03
  -1.3607149e-01   2.4886587e-01  -9.1003679e-01   1.3145727e-02  -1.2988283e-03  -2.6680576e-03
  -1.5677077e-01  -3.0780813e-01  -9.4474028e-01   1.3665269e-02  -7.6644108e-04  -2.5740784e-03
  -1.5279824e-01   1.8527197e-01  -1.0069123e+00   1.4504509e-02   3.7404767e-05  -2.3172278e-03
  -1.6815573e-01   3.1011264e-01  -1.0179895e+00   1.4731079e-02   3.2783022e-04  -2.3825564e-03
  -1.6915059e-01   1.9308627e-01  -1.0688684e+00   1.5160411e-02   3.2002614e-04  -2.3365136e-03
  -1.7557373e-01   2.4925200e-01  -1.0298922e+00   1.5144902e-02   2.7606543e-04  -2.2077424e-03
  -1.7065552e-01   1.6800181e-01  -1.0149140e+00   1.5148018e-02   5.2841119e-04  -2.2564072e-03
  -1.7234497e-01   2.4321615e-01  -1.0304866e+00   1.5229264e-02   4.1953943e-04  -2.3297939e-03
  -1.8580928e-01   1.8469610e-01  -1.0240240e+00   1.5211347e-02   6.2494164e-04  -2.3172231e-03
  -1.7964490e-01   2.0227940e-01  -9.8698554e-01   1.4811955e-02   5.2747996e-04  -2.2090995e-03
  -1.8990449e-01   2.0413495e-01  -9.9730733e-01   1.5037540e-02   4.9981090e-04  -2.2203379e-03
  -1.9915929e-01   2.0576612e-01  -1.0152551e+00   1.5256648e-02   4.9386252e-04  -2.2375821e-03
  -2.0010217e-01   2.5920551e-01  -1.2909464e+00   1.4411255e-02   2.2098377e-04  -2.3383971e-03
  -1.6053126e-01   2.0360303e-01  -1.2536855e+00   1.4071759e-02  -2.2057339e-04  -2.4162654e-03
  -1.8187696e-01   2.4120128e-01  -1.2602796e+00   1.3839507e-02  -2.9776072e-04  -2.4417017e-03
  -1.9414617e-01   2.9480320e-01  -1.2622875e+00   1.4056848e-02  -4.9997652e-04  -2.5214396e-03
  -2.0823859e-01   2.7310139e-01  -1.2575959e+00   1.4242479e-02  -3.7524514e-04  -2.6025951e-03
  -2.1243488e-01   2.1851180e-01  -1.2026166e+00   1.4255707e-02  -1.9685867e-04  -2.6615879e-03
  -2.0395165e-01   2.9751687e-01  -1.2069554e+00   1.4043518e-02  -2.3849019e-04  -2.6646843e-03
  -1.9861899e-01   2.3560628e-01  -1.2614014e+00   1.4380409e-02  -5.1222859e-04  -2.6829702e-03
  -1.9806299e-01   2.3671614e-01  -1.2831919e+00   1.4837182e-02  -6.8015144e-04  -2.6918429e-03
  -1.9505869e-01   3.3218799e-01  -1.2305963e+00   1.4622594e-02  -4.7897713e-04  -2.6425579e-03
  -1.8822501e-01   2.7930690e-01  -1.2523615e+00   1.5036206e-02  -6.1090486e-04  -2.8058349e-03
  -2.0449225e-01   2.4614490e-01  -1.2649991e+00   1.4776469e-02  -4.5991493e-04  -2.8621246e-03
  -1.9040401e-01   3.3654249e-01  -1.2818503e+00   1.4789679e-02  -7.7123169e-04  -2.8294268e-03
  -1.7793423e-01   2.9692018e-01  -1.2761576e+00   1.4939032e-02  -6.5460245e-04  -2.5023465e-03
  -1.9485041e-01   2.8000235e-01  -1.2003497e+00   1.4298232e-02  -4.8648674e-04  -2.5691688e-03
  -2.1165905e-01   3.2023671e-01  -1.1349930e+00   1.3345116e-02  -4.7114020e-04  -2.8404797e-03
  -2.3764263e-01   2.5034600e-01  -1.2512992e+00   1.3911852e-02  -6.4057025e-04  -2.8965390e-03
  -2.2571149e-01   2.4277012e-01  -1.3386485e+00   1.4630842e-02  -5.9198965e-04  -3.0463844e-03
  -2.5654133e-01   2.7954990e-01  -1.3559137e+00   1.4879786e-02  -4.1501335e-04  -3.1574143e-03
  -2.5976509e-01   3.6732407e-01  -1.3344080e+00   1.4670789e-02  -7.1231723e-04  -3.2261686e-03
  -2.8768721e-01   3.1609362e-01  -1.3171478e+00   1.4851629e-02  -5.3330355e-04  -3.5101391e-03
  -3.0044472e-01   3.0248271e-01  -1.3165427e+00   1.4885418e-02  -3.9434894e-04  -3.6708732e-03
  -3.0551318e-01   2.9101681e-01  -1.3390147e+00   1.5265943e-02  -2.9602665e-04  -3.7237887e-03
  -2.9613803e-01   3.3179598e-01  -1.3206014e+00   1.5052507e-02  -3.9151282e-04  -3.7359772e-03
  -2.9341305e-01   2.6328831e-01  -1.3307497e+00   1.5295672e-02  -3.7733758e-04  -3.7882177e-03
  -3.0094438e-01   2.7282853e-01  -1.3483282e+00   1.5429885e-02  -3.6414322e-04  -3.8821195e-03
  -2.9973190e-01   3.1643088e-01  -1.3623661e+00   1.6306839e-02  -4.7353798e-04  -3.7127179e-03
  -2.6187771e-01   3.0024528e-01  -1.3698965e+00   1.5611004e-02  -7.9089033e-04  -3.5235788e-03
  -2.6010941e-01   3.5122209e-01  -1.3842308e+00   1.5955801e-02  -8.0561802e-04  -3.5127961e-03
  -2.5041954e-01   3.1843521e-01  -1.3640098e+00   1.5107846e-02  -5.1179480e-04  -3.2856729e-03
  -2.6431544e-01   2.6569734e-01  -1.4034154e+00   1.5537193e-02  -4.1239956e-04  -3.3083450e-03
  -2.8388113e-01   2.4641194e-01  -1.4501292e+00   1.5790347e-02  -4.2187948e-04  -3.5729703e-03
  -2.5642635e-01   3.3230247e-01  -1.4394935e+00   1.5466856e-02  -5.5133514e-04  -3.3715064e-03
  -2.6007486e-01   3.1841928e-01  -1.4234817e+00   1.5713258e-02  -4.8583784e-04  -3.4528544e-03
  -2.7668229e-01   2.9669978e-01  -1.4137468e+00   1.5776446e-02  -4.2271951e-04  -3.5441897e-03
  -2.8644266e-01   2.8261306e-01  -1.4231371e+00   1.6217564e-02  -9.7840827e-05  -3.5180056e-03
  -2.7962240e-01   3.6038475e-01  -1.4069601e+00   1.6008600e-02  -4.0149479e-04  -3.5106692e-03
  -2.7805744e-01   2.7534658e-01  -1.4205722e+00   1.6010819e-02  -1.6510997e-04  -3.5689138e-03
  -2.7972388e-01   3.2051119e-01  -1.4404992e+00   1.6182999e-02  -7.7411104e-05  -3.5449025e-03
  -2.9231702e-01   3.5942257e-01  -1.4961462e+00   1.8025796e-02  -2.5388015e-04  -3.6594599e-03
  -2.8451143e-01   5.6897059e-01  -1.4707724e+00   1.4782547e-02  -5.7179579e-04  -3.5782098e-03
  -2.8337228e-01  -6.1670898e-02  -1.5871412e+00   1.5638816e-02  -1.0908323e-04  -3.4216953e-03
  -2.7890692e-01   3.9304213e-01  -1.4982303e+00   1.5562523e-02  -3.1008793e-04  -3.4144956e-03
  -2.8566298e-01   2.2932405e-01  -1.4528285e+00   1.6256375e-02  -1.8987316e-04  -3.3969706e-03
  -2.7759067e-01   3.4659710e-01  -1.4408990e+00   1.6561321e-02  -2.1574409e-04  -3.4619642e-03
  -2.7816843e-01   3.0036875e-01  -1.4274021e+00   1.6950209e-02   1.0125813e-04  -3.4566106e-03
  -2.6850426e-01   2.9169469e-01  -1.4501689e+00   1.7092426e-02   3.8935133e-05  -3.4980929e-03
  -2.5693861e-01   3.3333729e-01  -1.4570422e+00   1.6735384e-02   5.7051026e-05  -3.5346103e-03
  -2.6249435e-01   2.6617684e-01  -1.4489320e+00   1.6526677e-02   2.7737736e-04  -3.4414818e-03
  -2.6977637e-01   3.0103409e-01  -1.4790821e+00   1.6709748e-02  -5.1928487e-05  -3.6080762e-03
  -2.7928410e-01   2.6810719e-01  -1.4832387e+00   1.6861944e-02  -2.5524490e-05  -3.5043884e-03
  -2.6285294e-01   3.5623907e-01  -1.4879446e+00   1.6514943e-02  -1.6909483e-04  -3.3984775e-03
  -2.8693575e-01   2.9627126e-01  -1.5224358e+00   1.8302844e-02  -6.6320563e-05  -3.9688624e-03
  -3.1136682e-01   3.0030336e-01  -1.5621286e+00   1.7829434e-02  -5.4141298e-05  -4.5591205e-03
  -3.0137534e-01   3.5627630e-01  -1.6050130e+00   1.5345308e-02  -9.7654178e-04  -3.6226475e-03
  -3.0657839e-01   2.7741481e-01  -1.4926144e+00   1.5270575e-02  -4.9184161e-04  -3.5561025e-03
  -3.1323958e-01   3.8015804e-01  -1.5015163e+00   1.5297272e-02  -8.7482330e-04  -3.5160919e-03
  -3.2822496e-01   3.3128772e-01  -1.4940317e+00   1.6054272e-02  -7.7251583e-04  -3.7268510e-03
  -3.1902131e-01   3.0524184e-01  -1.4444595e+00   1.6726670e-02  -5.8628651e-04  -3.6931647e-03
  -2.9644855e-01   2.9130149e-01  -1.3949238e+00   1.6415778e-02  -5.0539961e-04  -3.4673256e-03
  -3.0252105e-01   3.2508138e-01  -1.3989241e+00   1.6600662e-02  -5.8877440e-04  -3.5644663e-03
  -3.0073346e-01   2.8800018e-01  -1.3639708e+00   1.6340457e-02  -4.8082818e-04  -3.3706887e-03
  -3.1185296e-01   3.1698565e-01  -1.3465209e+00   1.6723056e-02  -3.3185670e-04  -3.2837787e-03
  -3.0917866e-01   3.1640208e-01  -1.3181046e+00   1.6927467e-02  -3.6660951e-04  -3.2789409e-03
  -3.2447828e-01   2.6349076e-01  -1.3075456e+00   1.6898919e-02  -5.5818590e-05  -3.3199160e-03
  -3.0537933e-01   3.3291466e-01  -1.3173196e+00   1.7300926e-02  -3.3414776e-04  -3.3338608e-03
  -3.1349580e-01   2.7552490e-01  -1.2730486e+00   1.6888981e-02  -7.6231858e-04  -3.1434355e-03
  -3.0335747e-01   3.6005756e-01  -1.4568195e+00   1.6517467e-02  -3.7385347e-04  -3.6019775e-03
  -2.8680831e-01   1.6485586e-01  -1.4364288e+00   1.6454597e-02  -1.0622428e-03  -3.5826316e-03
  -2.9472999e-01   3.6817432e-01  -1.3723205e+00   1.5933837e-02  -8.6924982e-04  -3.6210311e-03
  -3.0409091e-01   3.1976212e-01  -1.3754207e+00   1.6592242e-02  -7.3954414e-04  -3.9623989e-03
  -2.9897489e-01   2.6597985e-01  -1.3426966e+00   1.6957806e-02  -6.2599678e-04  -3.8272551e-03
  -2.9957014e-01   3.2256490e-01  -1.3280415e+00   1.6988247e-02  -4.2328612e-04  -3.8139437e-03
  -3.0694812e-01   2.4625058e-01  -1.3391871e+00   1.7308375e-02  -3.9676018e-04  -3.8155372e-03
  -3.1815166e-01   3.1376619e-01  -1.3088689e+00   1.7109448e-02  -2.7914685e-04  -3.7982975e-03
  -3.0952111e-01   3.2917684e-01  -1.3123734e+00   1.7217260e-02  -3.3007765e-04  -3.5402264e-03
  -3.2208902e-01   3.0057993e-01  -1.3043358e+00   1.7434729e-02  -2.7695099e-04  -3.5369612e-03
  -3.1985484e-01   2.8544858e-01  -1.2716858e+00   1.7553555e-02  -2.1175588e-04  -3.3985396e-03
  -3.1832710e-01   3.5256519e-01  -1.2585162e+00   1.7159953e-02  -1.3004153e-04  -3.3469286e-03
  -3.1091029e-01   2.8435438e-01  -1.3529584e+00   1.7561988e-02  -3.4013422e-04  -3.3791328e-03
  -3.1846702e-01   2.8378695e-01  -1.3687924e+00   1.7498029e-02  -3.8813212e-04  -3.3458145e-03
  -2.9378415e-01   3.6550843e-01  -1.3961472e+00   1.8268612e-02  -3.8885441e-04  -3.2358846e-03
  -3.0200597e-01   3.5105392e-01  -1.3392684e+00   1.7786854e-02  -3.9857549e-04  -3.2860999e-03
  -3.2076201e-01   3.1379377e-01  -1.3520855e+00   1.8548054e-02  -3.0436292e-04  -3.5243369e-03
  -3.1515142e-01   2.8752577e-01  -1.3559279e+00   1.8112829e-02  -3.3337564e-04  -3.4052948e-03
  -3.2127502e-01   2.9345615e-01  -1.3879254e+00   1.8369865e-02  -2.0447225e-04  -3.3796599e-03
  -3.0833481e-01   3.8068795e-01  -1.3402044e+00   1.8185133e-02  -2.9907718e-04  -3.2644950e-03
  -3.1409778e-01   3.4136424e-01  -1.3228746e+00   1.8453074e-02  -1.5111077e-05  -3.2800655e-03
  -3.0928727e-01   3.2144071e-01  -1.3348996e+00   1.8789398e-02  -1.2476870e-04  -3.3263391e-03
  -3.1411340e-01   2.7681651e-01  -1.3443998e+00   1.8789151e-02   2.3034678e-06  -3.2716851e-03
  -3.0176561e-01   3.5032081e-01  -1.3456621e+00   1.8693658e-02  -8.9519307e-06  -3.3073329e-03
  -2.9987785e-01   3.4765698e-01  -1.3700075e+00   1.9959668e-02  -2.2235048e-04  -2.9619743e-03
  -3.3462147e-01   3.4998253e-01  -1.3722470e+00   1.9583082e-02   2.5376554e-04  -3.4046461e-03
  -3.5267764e-01   2.8062724e-01  -1.3595969e+00   1.8369348e-02   2.2854742e-04  -3.5085020e-03
  -3.5747867e-01   3.2133047e-01  -1.3423900e+00   1.8679490e-02   2.7478735e-04  -3.5959040e-03
  -3.6314839e-01   2.9430971e-01  -1.3324985e+00   1.8080661e-02   1.5558911e-04  -3.6090825e-03
  -3.8359948e-01   2.7269340e-01  -1.3273860e+00   1.7729513e-02   2.1489219e-04  -3.7159628e-03
  -3.8341190e-01   2.8987568e-01  -1.3336618e+00   1.8078303e-02   3.1181482e-04  -3.6513703e-03
  -3.7032373e-01   3.2592596e-01  -1.3278358e+00   1.8191165e-02   1.5229179e-04  -3.6282340e-03
  -3.7308482e-01   3.6369473e-01  -1.3020742e+00   1.7769077e-02   1.7056188e-04  -3.5223354e-03
  -3.7083512e-01   3.2749017e-01  -1.2705646e+00   1.5575522e-02   4.0080154e-05  -3.9628892e-03
  -3.5560850e-01   2.7651241e-01  -1.1361988e+00   1.4871338e-02   3.2825680e-05  -4.0640119e-03
  -3.5289716e-01   3.1658715e-01  -1.0870487e+00   1.5348744e-02   1.2394173e-04  -3.9098328e-03
  -3.4747053e-01   3.2830217e-01  -1.0688793e+00   1.5693611e-02   2.0919128e-04  -4.0203074e-03
  -3.5014727e-01   3.0078181e-01  -1.0508174e+00   1.5410162e-02  -1.0122169e-04  -3.9253820e-03
