   0.0000000e+00  -9.5366151e-15   0.0000000e+00   0.0000000e+00   0.0000000e+00   6.6935468e-19
  -4.6895562e-03   4.7143455e-02   4.7817226e-03   4.0837767e-04   1.9385534e-04  -2.0882359e-04
  -8.8868677e-02  -1.0524993e-01  -1.3166693e-01   9.8128480e-04   2.8941880e-03  -1.0276275e-03
  -2.3817278e-01   1.0111441e-01   7.1159429e-02   6.5236021e-04   1.7048967e-03  -3.5629208e-03
  -1.9310600e-01  -1.2689111e-01   7.0297505e-02   1.0327892e-03   1.3812050e-03  -3.6708761e-03
  -1.9080528e-01   4.0362956e-02   5.0702161e-02   8.0826735e-04   1.2364956e-03  -3.8034675e-03
  -2.3687188e-01   9.4620770e-02  -5.6423473e-02   2.6627217e-03   2.9508576e-03  -3.4227649e-03
  -3.1968325e-01  -1.9127440e-01  -1.8297607e-01   4.2264841e-03   6.5210018e-03  -2.6571787e-03
  -3.2723601e-01  -2.3945832e-01  -1.5944544e-01   2.0472703e-03   7.2920164e-03  -2.3976061e-03
  -3.1291027e-01  -9.7347871e-02  -1.4742060e-01   1.9338692e-03   6.5090383e-03  -2.9143325e-03
  -3.0352860e-01   6.0811765e-03  -1.4318857e-01   2.1826484e-03   6.1590507e-03  -3.0476534e-03
  -3.0703564e-01  -4.9236254e-02  -1.2742626e-01   2.1541470e-03   6.1573061e-03  -3.0182579e-03
  -3.1877783e-01  -3.9748191e-02  -1.5049488e-01   2.0444314e-03   6.0949305e-03  -3.1627073e-03
  -3.1874077e-01  -1.9917951e-02  -1.6285794e-01   2.0946718e-03   5.9497893e-03  -3.3229076e-03
  -1.2450577e-01   3.3927566e-01  -4.3506358e-01  -3.2508035e-03   5.4376486e-03  -3.6661119e-03
  -1.4959114e-01   1.0206712e-01  -3.4032227e-01  -2.8786092e-03   6.7859615e-03  -3.8684225e-03
  -1.5670236e-01   2.5480528e-02  -3.4573174e-01  -2.6490877e-03   6.6769739e-03  -2.9522821e-03
  -1.5921983e-01   2.1868018e-02  -3.4533940e-01  -2.2822701e-03   6.6152433e-03  -2.9894995e-03
  -1.6259992e-01  -2.6993864e-02  -3.3215474e-01  -2.0892821e-03   6.7177633e-03  -2.8671644e-03
  -1.4311298e-01  -7.4795384e-03  -3.3616885e-01  -1.8883324e-03   6.5173519e-03  -2.5775033e-03
  -1.7345873e-01   1.1326904e-01  -3.5329217e-01  -2.2671455e-03   6.9719856e-03  -2.3446026e-03
  -2.5534184e-01   1.5782792e-02  -5.0117438e-01   2.0389750e-03   9.9345667e-03  -3.4129446e-03
  -3.5311346e-01  -2.9150357e-01  -5.4451396e-01   5.3289733e-03   1.5687880e-02  -3.4619579e-03
  -4.0500805e-01  -6.8059349e-01  -4.4425028e-01   2.3868760e-03   1.5970597e-02  -3.5501558e-03
  -4.9112337e-01  -1.4738244e-01  -4.8114393e-01  -1.8053268e-03   1.7577085e-02  -1.8471679e-03
  -4.6318109e-01  -2.9440385e-02  -4.3574104e-01  -2.1398475e-03   1.6422934e-02  -2.4163262e-03
  -4.5653170e-01  -6.4951745e-03  -3.7947123e-01  -2.2307400e-03   1.6256518e-02  -2.2286397e-03
  -4.2663369e-01  -3.8976082e-02  -3.5637592e-01  -2.4057272e-03   1.5469596e-02  -2.2457128e-03
  -4.1684373e-01   3.5270064e-01  -3.1876819e-01  -9.5824786e-04   1.6112326e-02  -4.5525237e-05
  -4.5428973e-01  -1.9797054e-01  -3.7107287e-01  -1.9640593e-03   1.4572866e-02  -2.6848797e-03
  -4.4581235e-01   1.4100986e-01  -4.0092256e-01  -2.6233620e-03   1.4812576e-02  -1.5133318e-03
  -4.3377032e-01   9.9233591e-02  -4.0947198e-01  -2.3793320e-03   1.4436862e-02  -1.7733867e-03
  -4.4096601e-01  -2.2189220e-01  -4.1209208e-01  -2.1216785e-03   1.3994185e-02  -2.6782162e-03
  -4.5741223e-01  -8.0259364e-02  -4.3568609e-01  -2.0721842e-03   1.4036368e-02  -3.0490595e-03
  -4.6564115e-01   2.2994714e-02  -4.5715180e-01  -2.2575347e-03   1.4175812e-02  -2.7606628e-03
  -4.8195272e-01   3.6968766e-02  -4.2268710e-01  -2.4531704e-03   1.4473560e-02  -4.8561704e-03
  -5.3203222e-01   2.0636106e-01  -3.2647872e-01  -3.4643213e-03   1.4457914e-02  -5.6153788e-03
  -5.0553833e-01  -1.3240974e-01  -2.9160077e-01  -2.6846461e-03   1.3945715e-02  -5.8455704e-03
  -4.8875452e-01   6.8615578e-02  -3.2846075e-01   1.2677913e-03   1.5163940e-02  -3.2308019e-03
  -5.1308206e-01  -5.0790265e-02  -3.4050297e-01  -1.0362001e-03   1.5368051e-02  -4.3483488e-03
  -4.5128400e-01  -1.3524964e-02  -4.1699780e-01  -1.5316587e-03   1.4509658e-02  -4.5673726e-03
  -4.9259157e-01  -8.5578835e-02  -3.8450559e-01  -1.3342765e-03   1.5428955e-02  -4.1758543e-03
  -4.6555517e-01   3.0809574e-01  -3.1432747e-01  -2.1087503e-03   1.4540067e-02  -4.9146908e-03
  -3.3726874e-01  -2.8445673e-01  -2.4113094e-01  -1.9701916e-03   1.2234434e-02  -5.6101398e-03
  -3.4876380e-01  -4.2685921e-03  -2.7768338e-01  -2.0424730e-03   1.2257864e-02  -5.8678655e-03
  -3.4599711e-01   6.6161197e-02  -2.9002610e-01  -2.1188098e-03   1.2208446e-02  -5.8411301e-03
  -3.2312363e-01   7.4170971e-03  -2.6336104e-01  -1.7822030e-03   1.2247407e-02  -5.6969614e-03
  -3.0477985e-01   9.6321956e-02  -2.4999547e-01  -2.2194503e-03   1.1747841e-02  -6.1488609e-03
  -3.0348302e-01  -3.0411087e-02  -2.6279365e-01  -1.7973271e-03   1.1487240e-02  -6.2624917e-03
  -3.0675862e-01  -1.4001668e-02  -2.5457565e-01  -1.6131550e-03   1.1416552e-02  -6.3867299e-03
  -3.0501543e-01   8.8897520e-02  -2.6952677e-01  -1.7867135e-03   1.1337710e-02  -6.4300420e-03
  -2.9492041e-01  -1.6415666e-02  -2.7319672e-01  -1.6072985e-03   1.1146755e-02  -6.5045732e-03
  -3.0014830e-01   4.8114329e-02  -2.9743043e-01  -1.6925588e-03   1.1122035e-02  -6.4854929e-03
  -2.8937382e-01   7.3394364e-03  -3.0323150e-01  -1.5131492e-03   1.0811129e-02  -6.6710485e-03
  -4.0797448e-01   4.3657803e-01  -3.1542041e-01   3.1066653e-03   1.3822418e-02  -6.8740627e-03
  -4.6446402e-01  -1.8438079e-01  -4.3491261e-01   2.3715867e-03   1.5962879e-02  -4.0997719e-03
  -4.0040195e-01  -2.1031004e-01  -4.8674668e-01  -2.7605233e-03   1.4511924e-02  -4.7767506e-03
  -4.3294148e-01  -1.0924741e-01  -4.7998951e-01  -2.6777407e-03   1.4257189e-02  -6.5485022e-03
  -4.2085450e-01   4.6239014e-02  -4.8979955e-01  -2.4366078e-03   1.4310415e-02  -6.3320570e-03
  -4.0790953e-01  -6.7097623e-02  -4.6590500e-01  -1.9953948e-03   1.4176097e-02  -6.5216386e-03
  -4.0092089e-01  -2.9086721e-02  -4.6797574e-01  -2.4245758e-03   1.4082311e-02  -6.6119270e-03
  -4.0006822e-01  -4.9570373e-02  -4.7562964e-01  -2.5276879e-03   1.4154413e-02  -6.4661003e-03
  -3.9179215e-01  -7.0227422e-02  -4.7978624e-01  -2.5310860e-03   1.3998970e-02  -6.7008799e-03
  -4.0920553e-01   3.7027149e-02  -4.9594214e-01  -2.7957033e-03   1.4250626e-02  -6.5708635e-03
  -3.9355480e-01  -9.0735251e-02  -4.9023618e-01  -2.6697070e-03   1.3938771e-02  -6.7523816e-03
  -3.9859021e-01   4.3245427e-02  -5.1978040e-01  -2.7097395e-03   1.3860228e-02  -6.7354343e-03
  -2.7762138e-01   5.8433341e-02  -4.2183049e-01  -1.0991324e-03   1.1466115e-02  -7.1288267e-03
  -2.8588803e-01  -1.7386197e-02  -4.9113151e-01  -1.7368364e-03   1.1552632e-02  -7.5807107e-03
  -2.8409953e-01   6.2221152e-02  -5.4559376e-01  -1.5929225e-03   1.1465971e-02  -7.9119517e-03
  -2.6545035e-01  -4.0963020e-02  -5.2184062e-01  -1.5841438e-03   1.1306718e-02  -8.0364250e-03
  -2.7141936e-01  -1.6872292e-02  -5.2035573e-01  -1.4640224e-03   1.1280862e-02  -8.1965793e-03
  -2.6206151e-01  -5.0560196e-02  -5.0697713e-01  -1.5487580e-03   1.1035051e-02  -8.1701135e-03
  -2.6722655e-01  -1.3198482e-02  -5.0091855e-01  -1.6172531e-03   1.1075514e-02  -8.1481896e-03
  -2.7322424e-01  -1.0114634e-02  -4.8060388e-01  -1.6742445e-03   1.0960025e-02  -8.4220477e-03
  -2.8272281e-01  -2.5986997e-02  -4.9405946e-01  -1.5019368e-03   1.0972204e-02  -8.4626948e-03
  -2.7699508e-01  -3.2052538e-02  -5.0753050e-01  -1.3632802e-03   1.1130754e-02  -8.3793039e-03
  -2.7957148e-01   1.9619262e-02  -4.9579424e-01  -1.4707401e-03   1.1025666e-02  -8.5531162e-03
  -2.8421962e-01  -2.7891788e-02  -4.9498710e-01  -1.3946641e-03   1.0961422e-02  -8.6805781e-03
  -2.7172893e-01  -1.7691060e-02  -5.0404807e-01  -1.3798820e-03   1.0849715e-02  -8.6926987e-03
  -2.8220311e-01   1.2269800e-01  -2.2598362e-01  -1.8153508e-03   1.0004764e-02  -6.5801160e-03
  -2.3516734e-01   1.3784828e-01  -3.0811810e-01  -1.3419218e-03   8.5403674e-03  -7.5101678e-03
  -2.3010045e-01   3.0102543e-02  -3.0099179e-01  -1.1036000e-03   8.5486978e-03  -7.8720872e-03
  -2.3101184e-01   4.4472377e-02  -3.0314120e-01  -1.0161193e-03   8.7423951e-03  -7.8950351e-03
  -2.3133399e-01   1.5056111e-02  -3.2019596e-01  -9.6540319e-04   8.9679822e-03  -7.7061859e-03
  -2.3060294e-01   9.4692618e-02  -3.3933402e-01  -1.1750584e-03   8.7770025e-03  -7.9350465e-03
  -2.4906059e-01   5.5595090e-02  -3.2916051e-01  -1.0574371e-03   8.8288985e-03  -8.0001257e-03
  -2.5577928e-01   5.5016092e-04  -3.2224752e-01  -1.0706994e-03   8.8121211e-03  -8.0069402e-03
  -2.4761488e-01   2.6590956e-02  -3.3156010e-01  -1.0728210e-03   8.9119158e-03  -7.9331546e-03
  -2.7283942e-01   2.2231155e-01  -3.5128439e-01  -1.2817488e-03   9.1742262e-03  -8.1537049e-03
  -2.7408434e-01  -1.6353284e-01  -4.0078650e-01  -3.9806904e-05   1.0198063e-02  -7.7462985e-03
  -3.3460866e-01  -9.3204231e-03  -5.3596185e-01   4.2792409e-04   1.1895533e-02  -7.5126691e-03
  -3.8605685e-01  -1.1287077e-02  -5.5278088e-01   1.9014469e-04   1.2854117e-02  -7.5256622e-03
  -3.4018622e-01  -2.2022355e-01  -4.9702528e-01   7.2227599e-04   1.1978819e-02  -7.7097921e-03
  -3.0794907e-01   7.0132874e-02  -4.7447216e-01   9.8379207e-05   1.0761811e-02  -7.8331424e-03
  -4.0704436e-01   3.0922189e-02  -6.3540966e-01   6.0066464e-03   1.3662378e-02  -8.1647753e-03
  -4.3186752e-01  -2.3912331e-01  -6.4233073e-01   4.8739348e-03   1.5726225e-02  -8.3550594e-03
  -4.6034650e-01  -5.8010496e-01  -5.8710128e-01   2.7151057e-03   1.6730377e-02  -8.8606625e-03
  -4.6611433e-01  -2.2771609e-01  -5.9594991e-01   2.8779805e-03   1.6750062e-02  -8.9860303e-03
  -4.5683740e-01  -1.3651820e-01  -5.8061336e-01   2.8956033e-03   1.6292299e-02  -8.9922078e-03
  -4.4255957e-01  -1.3138652e-01  -5.6247199e-01   2.4790455e-03   1.6004781e-02  -8.9276594e-03
  -4.2373115e-01  -1.5693977e-01  -5.4484719e-01   2.5751634e-03   1.5626978e-02  -9.2564928e-03
  -4.4681783e-01  -1.0489078e-01  -5.8386457e-01   2.1012508e-03   1.5845479e-02  -8.5661209e-03
  -4.3778028e-01  -1.7988558e-01  -5.7869516e-01   2.2038042e-03   1.5529565e-02  -8.5887442e-03
  -4.3297232e-01  -1.4768883e-01  -5.8290663e-01   2.3084507e-03   1.5428207e-02  -8.5797498e-03
  -4.3358426e-01  -5.8050635e-02  -6.0418629e-01   2.0459053e-03   1.5306096e-02  -8.6920725e-03
  -4.3247767e-01  -1.7385577e-01  -6.0397383e-01   2.1415369e-03   1.5224730e-02  -8.5626532e-03
  -4.8632173e-01  -2.0162083e-01  -7.6112471e-01   4.1326648e-03   1.6041797e-02  -8.0080758e-03
  -5.3369532e-01  -5.7841648e-02  -7.2293227e-01   2.5976325e-03   1.6790624e-02  -8.9411504e-03
  -5.1966464e-01  -3.1998146e-01  -6.8404471e-01   3.0903293e-03   1.6290659e-02  -9.4690521e-03
  -5.0906068e-01  -1.5644204e-01  -6.9112769e-01   3.1830993e-03   1.6255490e-02  -9.5554560e-03
  -5.0923113e-01  -6.5879187e-02  -6.8971445e-01   2.8923172e-03   1.5995393e-02  -9.6600794e-03
  -4.9993211e-01  -1.4777343e-01  -6.7991019e-01   2.9055632e-03   1.5754284e-02  -9.4566216e-03
  -4.9519373e-01  -9.1002890e-02  -6.7035924e-01   2.8605336e-03   1.5612204e-02  -9.7059939e-03
  -4.6694961e-01  -1.0466591e-01  -6.3282387e-01   2.1636699e-03   1.4995965e-02  -9.5416668e-03
  -4.7068053e-01  -1.3238558e-01  -6.2434334e-01   2.2708336e-03   1.5145345e-02  -9.5173270e-03
  -4.6233764e-01  -1.0878612e-01  -6.2687439e-01   2.1147818e-03   1.4895889e-02  -9.5755047e-03
  -4.5888909e-01  -1.3405435e-01  -6.1378562e-01   2.2881777e-03   1.4725554e-02  -9.5476358e-03
  -4.6357200e-01  -4.0107764e-02  -6.1750954e-01   2.0561913e-03   1.4877357e-02  -9.5857164e-03
  -4.5532978e-01  -1.3328016e-01  -6.1549330e-01   2.1652704e-03   1.4779855e-02  -9.5937793e-03
  -5.8269548e-01   1.3124435e-01  -6.3611590e-01   3.6956696e-03   1.6352913e-02  -1.1527160e-02
  -5.7447619e-01  -2.7923023e-02  -6.5355375e-01   6.6863478e-03   1.6441794e-02  -1.3412513e-02
  -5.6267674e-01  -5.0329613e-01  -6.2176207e-01   3.9879145e-03   1.7835002e-02  -1.1855887e-02
  -5.1617756e-01  -4.4791851e-01  -5.8692090e-01   4.1423818e-03   1.7689968e-02  -1.0802413e-02
  -5.2705224e-01  -6.9187448e-02  -6.5347529e-01   4.2016935e-03   1.7451094e-02  -9.2706214e-03
  -5.3750725e-01  -2.8232366e-01  -7.1292696e-01   3.7007342e-03   1.7340648e-02  -9.5514096e-03
  -5.1264228e-01  -2.1035595e-01  -6.7415014e-01   3.3468599e-03   1.5990640e-02  -9.8916820e-03
  -4.8938626e-01  -1.9624563e-01  -6.5931706e-01   3.3772357e-03   1.5700619e-02  -9.8102561e-03
  -4.9782339e-01  -1.7032237e-01  -6.6994112e-01   3.3328318e-03   1.5922168e-02  -9.7617475e-03
  -4.8829282e-01  -1.8160797e-01  -6.7456561e-01   3.1654836e-03   1.5674613e-02  -9.7532835e-03
  -4.9570704e-01  -1.8209044e-01  -6.8265539e-01   3.0761135e-03   1.5647380e-02  -9.8840711e-03
  -5.0212860e-01  -1.5616970e-01  -7.1196791e-01   3.4336507e-03   1.5498844e-02  -1.0018371e-02
  -5.0551867e-01  -1.2766774e-01  -7.2176047e-01   3.1133734e-03   1.5660795e-02  -9.9886711e-03
  -5.1050889e-01  -7.5864680e-02  -7.2839702e-01   3.0248992e-03   1.5586569e-02  -1.0123546e-02
  -4.9632725e-01  -1.6945694e-01  -7.0088223e-01   3.2525469e-03   1.5461783e-02  -9.8346275e-03
  -5.0485549e-01  -8.1411218e-02  -7.2329661e-01   3.3176310e-03   1.5423601e-02  -1.0037689e-02
  -4.8906050e-01  -1.5689883e-01  -7.2294672e-01   3.4049944e-03   1.5207651e-02  -1.0096166e-02
  -4.7960153e-01  -1.7076806e-01  -7.3529805e-01   3.4059820e-03   1.5138520e-02  -1.0063352e-02
  -4.7800902e-01  -1.4181178e-01  -7.5063709e-01   3.4263665e-03   1.5230529e-02  -1.0010427e-02
  -4.8162785e-01  -1.2604188e-01  -7.4273938e-01   3.4214536e-03   1.5082182e-02  -1.0014099e-02
  -4.8203910e-01  -1.0908786e-01  -7.5755396e-01   3.5403918e-03   1.5176414e-02  -9.9011727e-03
  -4.7813092e-01  -1.3568605e-01  -7.4034387e-01   3.5068678e-03   1.5094979e-02  -1.0029386e-02
  -4.8569534e-01  -1.5712593e-01  -7.3242684e-01   3.6729143e-03   1.5138111e-02  -9.9459747e-03
  -4.8229727e-01  -1.7377903e-01  -7.1926938e-01   4.0071886e-03   1.5217641e-02  -9.8932682e-03
  -4.7027617e-01  -1.4724354e-01  -7.1858779e-01   3.9968457e-03   1.5105857e-02  -9.8120254e-03
  -4.7335367e-01  -1.1515083e-01  -7.3582509e-01   3.9374406e-03   1.5176457e-02  -9.7481934e-03
  -4.7540578e-01  -1.5364591e-01  -7.3146957e-01   3.9892316e-03   1.5084665e-02  -9.8067208e-03
  -4.6972782e-01  -1.7962246e-01  -7.3111846e-01   4.1632525e-03   1.5018301e-02  -9.8478486e-03
  -4.7670766e-01  -1.4680040e-02  -7.6663804e-01   4.7666948e-03   1.5437303e-02  -9.5331136e-03
  -4.7048378e-01  -3.1537169e-01  -7.3545632e-01   3.8238430e-03   1.5252561e-02  -9.3227286e-03
  -4.9424598e-01  -5.1586111e-02  -7.4386370e-01   4.0739938e-03   1.5361194e-02  -9.6488159e-03
  -4.8203774e-01  -1.7829818e-01  -7.1630925e-01   4.3056846e-03   1.5248024e-02  -9.6210049e-03
  -4.8362269e-01  -1.2422691e-01  -7.1872486e-01   4.3278410e-03   1.5337148e-02  -9.5953202e-03
  -4.7695317e-01  -1.3058242e-01  -7.2592031e-01   4.2603276e-03   1.5221623e-02  -9.5040627e-03
  -4.8607578e-01  -9.3520736e-02  -7.2362132e-01   4.3350971e-03   1.5257975e-02  -9.5090799e-03
  -4.8764723e-01  -8.5141972e-02  -7.1807884e-01   4.2339228e-03   1.5257624e-02  -9.7217239e-03
  -4.8668606e-01  -1.9358106e-01  -7.0181479e-01   4.5797342e-03   1.5318288e-02  -9.6107426e-03
  -4.7702841e-01  -1.4971606e-01  -7.1663244e-01   4.6387354e-03   1.5107660e-02  -9.5848725e-03
  -4.7780777e-01  -9.3261836e-02  -7.3345468e-01   4.4489213e-03   1.5346081e-02  -9.5149001e-03
  -4.8220381e-01  -8.4212426e-02  -7.3510799e-01   4.3637480e-03   1.5416120e-02  -9.5047648e-03
  -4.2923895e-01  -1.7540391e-01  -6.9328359e-01   5.1188340e-03   1.4931067e-02  -9.4795433e-03
  -5.3523769e-01   2.8899772e-01  -6.7113626e-01   5.4832882e-03   1.6510599e-02  -1.0873744e-02
  -5.1367033e-01  -7.6949942e-02  -6.9932947e-01   6.1043699e-03   1.7164943e-02  -1.0329311e-02
  -3.6968764e-01  -4.6262422e-01  -7.2690070e-01   5.3091631e-03   1.5959404e-02  -9.1638489e-03
  -3.5388635e-01  -2.9518392e-01  -7.0445802e-01   5.2779590e-03   1.5039242e-02  -9.0027668e-03
  -4.3151505e-01  -2.6046920e-01  -8.4807833e-01   6.2933597e-03   1.5984143e-02  -9.2585367e-03
  -4.4281391e-01  -2.2151481e-01  -7.5245437e-01   6.0247532e-03   1.6195704e-02  -9.5870405e-03
  -4.3473943e-01  -1.8355836e-01  -7.2309593e-01   5.7293723e-03   1.5952464e-02  -9.7935250e-03
  -4.2311021e-01  -2.2433867e-01  -6.9978409e-01   5.6681231e-03   1.5879710e-02  -9.8179562e-03
  -4.2662421e-01  -1.9898902e-01  -7.0600475e-01   5.3100506e-03   1.5645525e-02  -9.8705743e-03
  -4.2225063e-01  -2.0264641e-01  -7.2389088e-01   5.3253915e-03   1.5609253e-02  -9.7968249e-03
  -4.2110466e-01  -1.9570802e-01  -7.2835469e-01   5.3070481e-03   1.5482224e-02  -1.0027522e-02
  -4.3291022e-01  -9.3053229e-02  -7.2326122e-01   5.2231810e-03   1.5694706e-02  -1.0200404e-02
  -4.4539451e-01  -1.1241686e-01  -7.2843491e-01   5.2336521e-03   1.5958557e-02  -1.0208325e-02
  -4.3366568e-01  -2.6722933e-01  -7.2079067e-01   5.3258443e-03   1.5701196e-02  -1.0346215e-02
  -4.1618812e-01  -2.3327471e-01  -7.4366968e-01   5.4098064e-03   1.5437945e-02  -1.0432250e-02
  -4.1531586e-01  -1.4555817e-01  -7.7826439e-01   5.6174105e-03   1.5299263e-02  -1.0330373e-02
  -4.1884384e-01  -7.4018549e-02  -7.5710813e-01   5.4639461e-03   1.5201462e-02  -1.0452947e-02
  -4.1385311e-01  -1.6331613e-01  -7.3931416e-01   5.5049279e-03   1.5190768e-02  -1.0425748e-02
  -4.1145385e-01  -1.6766443e-01  -7.3321722e-01   5.7584878e-03   1.5200103e-02  -1.0442117e-02
  -4.0697735e-01  -1.4712378e-01  -7.4054097e-01   5.5059440e-03   1.5033580e-02  -1.0380443e-02
  -4.1230422e-01  -1.2493140e-01  -7.4401757e-01   5.3806500e-03   1.5078661e-02  -1.0396216e-02
  -4.1511661e-01  -1.4892767e-01  -7.4118118e-01   5.3705782e-03   1.4991304e-02  -1.0438412e-02
  -4.1618000e-01  -1.3746869e-01  -7.2802351e-01   5.4741954e-03   1.5014487e-02  -1.0294254e-02
  -3.8898417e-01  -2.1225215e-01  -7.6673812e-01   5.6203786e-03   1.4603917e-02  -1.0276001e-02
  -3.7258881e-01  -1.5317632e-01  -7.8364840e-01   5.4765505e-03   1.4251484e-02  -1.0126473e-02
  -3.7029012e-01  -1.3762770e-01  -8.2957124e-01   5.7921392e-03   1.4156719e-02  -1.0132785e-02
  -3.7573710e-01  -7.3977823e-03  -7.5307441e-01   5.7276604e-03   1.4033120e-02  -1.0315741e-02
  -3.6714012e-01  -2.2466479e-01  -7.1641224e-01   5.9582362e-03   1.4105096e-02  -1.0155714e-02
  -3.7364783e-01  -1.3543719e-01  -7.2561399e-01   6.0151424e-03   1.4062696e-02  -1.0231663e-02
  -3.6339962e-01  -1.6312061e-01  -7.0349614e-01   6.0630665e-03   1.3950163e-02  -1.0259205e-02
  -3.5363859e-01  -1.7768953e-01  -6.9062381e-01   5.9658031e-03   1.3897226e-02  -1.0230738e-02
  -3.5987821e-01  -7.9946608e-02  -6.8022791e-01   6.2361867e-03   1.4049959e-02  -1.0298753e-02
  -3.5700388e-01  -2.2205456e-01  -6.6057648e-01   6.5202381e-03   1.3999723e-02  -1.0251829e-02
  -3.5966706e-01  -1.6925759e-01  -6.6429488e-01   6.5828973e-03   1.3937734e-02  -1.0376116e-02
  -3.5800985e-01  -2.1226370e-01  -6.6670581e-01   6.6399872e-03   1.3913665e-02  -1.0292031e-02
  -3.5541245e-01  -1.2932359e-01  -6.8161238e-01   6.6120456e-03   1.3897309e-02  -1.0401936e-02
  -3.6081026e-01  -1.3636610e-01  -6.6995030e-01   6.6852407e-03   1.3936855e-02  -1.0437104e-02
  -3.6366520e-01  -1.3718779e-01  -6.6615666e-01   6.8521281e-03   1.3875602e-02  -1.0475561e-02
  -3.8499667e-01   1.0243670e-01  -6.9114307e-01   7.0574379e-03   1.4417572e-02  -9.7364788e-03
  -3.5082602e-01  -4.0890899e-01  -6.3121543e-01   7.3170909e-03   1.3804827e-02  -9.6986424e-03
  -3.5233589e-01  -1.7595864e-01  -6.7315955e-01   7.4760328e-03   1.3737342e-02  -9.8581340e-03
  -3.4533098e-01  -1.0829932e-01  -6.8096431e-01   8.0883129e-03   1.3462807e-02  -9.7788435e-03
  -3.4681000e-01  -1.4520017e-01  -6.4626164e-01   7.7760756e-03   1.3745962e-02  -9.7459353e-03
  -3.4910721e-01  -1.3720421e-01  -6.3361167e-01   7.7510359e-03   1.3675969e-02  -9.8269727e-03
  -3.4158674e-01  -1.7341692e-01  -6.3966033e-01   7.7541855e-03   1.3555997e-02  -9.7810915e-03
  -3.4468938e-01  -1.3785929e-01  -6.4855837e-01   7.7290030e-03   1.3708508e-02  -9.7032069e-03
  -3.4802331e-01  -1.4798173e-01  -6.4860926e-01   7.6327276e-03   1.3649249e-02  -9.7516807e-03
  -3.5168389e-01  -1.7310863e-01  -6.4190514e-01   7.5212898e-03   1.3690441e-02  -9.7710884e-03
  -3.5832803e-01  -1.1111421e-01  -6.5341772e-01   7.5425015e-03   1.3662943e-02  -9.8145269e-03
  -3.7618158e-01   1.9880055e-02  -6.5387653e-01   7.9289887e-03   1.3919731e-02  -9.9177413e-03
