   0.0000000e+00  -1.0772951e-14   0.0000000e+00   0.0000000e+00   0.0000000e+00  -1.2123764e-18
   1.8119351e-01   8.5500699e-01   2.3017547e+00  -2.3989277e-03   3.0409376e-03   8.2630865e-03
   1.3718767e-01   8.8884542e-02   2.3852626e+00  -4.4216903e-03   5.2692965e-03   7.8459161e-03
   9.9907852e-02   1.9648297e-01   2.4517444e+00  -5.5653962e-03   5.0289591e-03   7.5547938e-03
   9.3446887e-02   1.7338227e-01   2.5092453e+00  -4.6785177e-03   5.1635243e-03   7.4377683e-03
   9.7857681e-02   1.9625874e-01   2.5308704e+00  -4.5183405e-03   5.2596954e-03   7.4233415e-03
   9.8374399e-02   1.9583076e-01   2.5172684e+00  -4.5748672e-03   5.0492770e-03   7.6146372e-03
   8.9893590e-02   2.0647947e-01   2.4703668e+00  -2.3137657e-03   4.8991733e-03   7.6617046e-03
   4.2437245e-02   4.7641257e-01   2.3434509e+00   2.8366731e-03   4.9377726e-03   7.2398497e-03
   3.6859229e-02   3.5038560e-01   2.3357745e+00   2.5527439e-03   4.8726017e-03   8.0899034e-03
   4.0394455e-02   3.1462894e-01   2.3372052e+00   3.4741331e-03   4.7612200e-03   7.9872565e-03
   5.3830615e-02   2.4803636e-01   1.9527717e+00   7.7902973e-03   4.7091804e-03   1.0866471e-02
   9.0251947e-02   6.5920491e-01   1.1297341e+00   2.4589057e-02   7.3717140e-03   1.5005997e-02
   2.5749394e-01   7.4151097e-01   7.4125508e-02   1.0450987e-01   2.9774581e-02  -1.1681445e-03
   7.2635942e-02  -1.5259107e+00  -1.2063673e+00   5.3532151e-02   2.2105721e-02  -1.5237082e-05
   1.2498690e-01  -8.0822623e-01  -3.9980736e-01   1.5705258e-02   7.3314856e-03   7.4353301e-05
   2.7623587e-01   2.3431144e-01   9.1361906e-01   1.1193879e-02   6.8959746e-03   3.5673580e-03
   2.5135820e-01   2.3215533e-01   1.2497786e+00   7.9997446e-03   7.0387844e-03   6.0385612e-03
   1.9542622e-01   3.2163705e-01   1.2882331e+00   7.5848775e-03   6.8828545e-03   5.9400894e-03
   2.5270361e-01   1.6178418e-01   1.2604609e+00   7.7369971e-03   6.5252645e-03   7.0560859e-03
   3.0298713e-01   3.5897353e-01   7.4462600e-01   2.9254831e-02   7.5847042e-03   9.8249282e-03
   2.4050793e-01   2.5435343e-01   9.4851589e-01   1.8102184e-02   1.0060320e-02   8.9432313e-03
   2.3618586e-01   1.7114684e-01   1.1109492e+00   1.4245424e-02   9.3827244e-03   9.0086643e-03
   2.1968474e-01   2.6272740e-01   1.1976795e+00   1.4443480e-02   9.6288957e-03   9.1599552e-03
   2.2172707e-01   2.4683370e-01   1.2103272e+00   1.3101593e-02   9.5114559e-03   8.9066111e-03
   1.9526277e-01   3.2728166e-01   1.2318972e+00   1.3187201e-02   9.4489727e-03   8.6839965e-03
   1.7559482e-01   3.3323007e-01   1.3346510e+00   1.3097129e-02   9.7085538e-03   8.2661465e-03
   1.9118435e-01   2.6914672e-01   1.3241592e+00   1.3221188e-02   8.8461404e-03   8.1123455e-03
   1.9297887e-01   4.9599638e-01   1.3367923e+00   9.6760616e-03   7.9559258e-03   9.4192898e-03
   1.8286313e-01   2.6846570e-01   1.2985711e+00   8.3319436e-03   8.7981848e-03   8.9095551e-03
   2.1078354e-01   1.7802572e-01   1.2611345e+00   7.2204319e-03   9.5476785e-03   9.4164627e-03
   1.8134786e-01   5.1452102e-01   1.3296162e+00   5.7599465e-03   9.7033858e-03   8.9200605e-03
   2.4323160e-01   2.2046890e-01   1.2604700e+00   3.2156376e-04   1.0391011e-02   1.0102009e-02
   2.4966003e-01   2.0518719e-01   1.1970751e+00   4.3947155e-03   1.2220983e-02   1.0134755e-02
   2.6832630e-01   1.9803255e-02   1.3007721e+00   2.7018748e-03   1.1773321e-02   1.0594399e-02
   2.5361590e-01   1.8037391e-01   1.2902969e+00   2.5471338e-03   1.1619676e-02   1.0684135e-02
   2.6539502e-01   1.8151146e-01   1.3279366e+00   3.8967438e-03   1.1355117e-02   1.1126590e-02
   2.5675909e-01   3.4369396e-01   1.3474547e+00   1.9265036e-03   1.1295977e-02   1.1256953e-02
   2.6547349e-01   1.7355662e-01   1.3591896e+00   1.5618050e-03   1.1451078e-02   1.1293883e-02
   2.5825291e-01   2.5827938e-01   1.3442223e+00   2.1593903e-03   1.1618070e-02   1.1351629e-02
   2.3828003e-01   3.3455942e-01   1.3426435e+00   1.5196882e-03   1.2036763e-02   1.1220357e-02
   1.9122193e-01   5.3147239e-01   1.1382374e+00   9.3023393e-03   1.1514791e-02   9.6312215e-03
  -1.1214287e-01   7.2459360e-01  -2.3524188e-01   6.8423836e-02   9.4434087e-03   7.0466003e-03
   4.2426924e-03  -2.7590023e-01  -3.9791237e-01   5.8797062e-02   1.6147229e-02   3.4183334e-03
   1.9717786e-01  -5.9451270e-01   8.4151823e-01   1.7243922e-02   1.5894577e-02   1.0326478e-02
   2.0716286e-01   1.1549423e-02   1.1375829e+00   1.2246834e-02   1.4396503e-02   1.0492461e-02
   2.0553730e-01   2.1763443e-01   1.2544133e+00   8.8362382e-03   1.3560600e-02   1.0186046e-02
   1.8433266e-01   2.8451860e-01   1.2889514e+00   9.2620814e-03   1.3681975e-02   1.0256797e-02
   2.0151538e-01   2.7286044e-01   1.3789398e+00   9.2767725e-03   1.4118198e-02   1.0435951e-02
   2.1203977e-01   2.1919695e-01   1.4033844e+00   9.5503777e-03   1.4156332e-02   1.0674181e-02
   2.0635782e-01   2.9065385e-01   1.4286723e+00   9.4736069e-03   1.4289045e-02   1.0723889e-02
   1.9411374e-01   3.5545864e-01   1.4180989e+00   9.6001489e-03   1.4504088e-02   1.0834790e-02
   1.9998747e-01   2.6130653e-01   1.4107807e+00   1.0088217e-02   1.4909702e-02   1.1012685e-02
   1.8255180e-01   3.8257551e-01   1.1604564e+00   1.6022518e-02   1.3555647e-02   1.0932813e-02
   1.8847841e-01   6.0867329e-01   1.2794718e+00   1.5469660e-02   1.2996649e-02   1.1451680e-02
   1.7246739e-01   4.2196989e-01   1.1259725e+00   1.7621390e-02   1.3600295e-02   1.2012688e-02
   1.9062558e-01   7.0871808e-01   3.7231575e-01   3.3430128e-02   1.3393034e-02   8.4303520e-03
   5.7429788e-02   3.6510180e-01  -3.2437662e-01   7.1909421e-02   1.3388916e-02   7.4553512e-03
   2.5213741e-01   3.5051018e-02   2.4068627e-01   4.1358146e-02   1.3250456e-02   1.3002037e-02
   2.4195694e-01  -1.2047369e-01   7.7621374e-01   2.8436066e-02   1.2431431e-02   1.2943818e-02
   2.4989946e-01   3.8126640e-01   9.4120227e-01   2.7297602e-02   1.2606928e-02   1.2743657e-02
   2.2283603e-01   4.6355546e-01   9.5536322e-01   2.6680974e-02   1.2488843e-02   1.2865116e-02
   2.1721553e-01   4.9434717e-01   1.0136240e+00   2.6370874e-02   1.3030818e-02   1.3502534e-02
   2.3987817e-01   4.0451439e-01   1.1147802e+00   2.5377577e-02   1.3267826e-02   1.3977395e-02
   2.2017631e-01   5.6239461e-01   1.1395227e+00   2.6369041e-02   1.3402002e-02   1.3730218e-02
   1.8223027e-01   4.0512882e-01   1.1678157e+00   2.5919657e-02   1.3747607e-02   1.3923108e-02
   1.9051693e-01   5.4321878e-01   1.1893134e+00   2.4613210e-02   1.3676836e-02   1.4385523e-02
   1.5544336e-01   7.7550476e-01   1.2503809e+00   2.3355049e-02   1.4110145e-02   1.5264327e-02
   2.1501865e-01   5.4424722e-01   1.1879433e+00   1.9109477e-02   1.2950012e-02   1.4489667e-02
   2.4042820e-01   2.9898790e-01   1.1335839e+00   1.8800830e-02   1.2735015e-02   1.4147847e-02
   2.4245159e-01   5.6323900e-01   1.2026402e+00   1.7396145e-02   1.2778992e-02   1.4326030e-02
   2.4481234e-01   4.4518994e-01   1.1917036e+00   1.8609426e-02   1.2985997e-02   1.4337917e-02
   2.2472193e-01   4.4769111e-01   1.2407530e+00   1.7628973e-02   1.3209754e-02   1.3927183e-02
   2.2575402e-01   5.1974444e-01   1.2325154e+00   1.7079800e-02   1.3698088e-02   1.4266231e-02
   2.1406227e-01   4.0882927e-01   1.2553895e+00   1.7732186e-02   1.3686325e-02   1.4062027e-02
   2.1546707e-01   5.7380929e-01   1.2217832e+00   1.8040740e-02   1.3812954e-02   1.4022555e-02
   1.9671425e-01   5.8399171e-01   1.1217349e+00   1.9755481e-02   1.4950461e-02   1.2735266e-02
   2.8818862e-01   1.1425239e+00   1.0958476e-01   5.8217066e-02   1.2957814e-02   1.4016351e-02
   4.2413495e-01   2.9401437e-01  -4.6072730e-01   1.1329141e-01   1.9257246e-02   1.1963402e-02
   2.7246088e-01  -1.7129511e+00  -1.6219531e+00   5.6187071e-02   1.5734747e-02   1.0140841e-02
   3.7181955e-01   8.3618786e-01   1.3203818e+00   3.4987662e-02   1.2249168e-02   1.3571120e-02
   3.5782966e-01   6.7025464e-01   1.8685254e+00   2.9548979e-02   1.1953421e-02   1.3842800e-02
   3.2747465e-01   6.7476983e-01   1.9595488e+00   2.7713442e-02   1.3014572e-02   1.3481264e-02
   3.1825858e-01   6.3382723e-01   2.0765227e+00   2.7085398e-02   1.3327341e-02   1.3545152e-02
   3.1344429e-01   6.5097263e-01   2.1384419e+00   2.6638407e-02   1.3549134e-02   1.3252795e-02
   2.8288083e-01   6.9297812e-01   2.1801807e+00   2.5167937e-02   1.4230944e-02   1.2277707e-02
   2.7200294e-01   6.4503809e-01   2.2145935e+00   2.4128422e-02   1.4573099e-02   1.2777448e-02
   2.7308115e-01   7.9802237e-01   2.2464505e+00   2.3823079e-02   1.4604925e-02   1.4452130e-02
   2.8240627e-01   6.8593398e-01   2.2333132e+00   2.3264545e-02   1.4750038e-02   1.4677333e-02
   2.7187258e-01   7.6747438e-01   2.2274435e+00   2.2472015e-02   1.4831839e-02   1.4733876e-02
   3.2166214e-01   7.8893262e-01   2.1622690e+00   2.0257103e-02   1.3773803e-02   1.5003412e-02
   2.9980008e-01   6.3092735e-01   2.1013920e+00   1.9337337e-02   1.3119622e-02   1.3626208e-02
   3.1143017e-01   4.1016676e-01   1.3798101e+00   2.0300970e-02   1.1963701e-02   1.3086997e-02
   3.0207435e-01   6.9483694e-01   1.6195953e+00   2.2960506e-02   1.1487580e-02   1.2093091e-02
   2.8203557e-01   6.8210024e-01   1.5583676e+00   2.4587679e-02   1.1564010e-02   1.1950938e-02
   2.7220673e-01   6.2310423e-01   1.5650931e+00   2.7447938e-02   1.2490768e-02   1.2880707e-02
   2.6567263e-01   9.1348501e-01   1.7966652e+00   2.8353248e-02   1.3287445e-02   1.3565605e-02
   3.0155703e-01   6.9814617e-01   1.7790265e+00   2.8927260e-02   1.3676934e-02   1.3769869e-02
   3.2038031e-01   7.6013274e-01   1.2675481e+00   3.5363233e-02   1.4828454e-02   1.5041601e-02
   6.4264732e-01   1.1732708e+00   1.0385295e-01   9.6172133e-02   3.2282673e-02   4.0787877e-03
   4.1594224e-01   6.2417022e-01  -4.4835404e-02   1.2244814e-01   3.9233174e-02  -8.0290269e-03
   3.5202383e-01  -8.7105967e-01   7.9053592e-01   4.7108843e-02   1.9593432e-02   3.5319434e-03
   3.5778273e-01   4.0379597e-01   1.4486667e+00   4.2156263e-02   1.7778142e-02   4.9214850e-03
   3.6037069e-01   5.9418211e-01   1.5341231e+00   4.0707693e-02   1.8275945e-02   5.5044190e-03
   3.4171170e-01   7.9336250e-01   1.5335916e+00   4.0684956e-02   1.8352089e-02   5.7304876e-03
   2.0623719e-01   2.2662189e-01   2.6044987e-01   3.6306331e-02   1.7038786e-02   3.3243918e-03
   3.8215508e-01   7.4625317e-01   8.2985326e-01   3.0661587e-02   1.4374620e-02   6.1369807e-03
   3.3785127e-01   6.6560741e-01   9.1235885e-01   2.8538808e-02   1.4535681e-02   7.1942353e-03
   2.3210466e-01   6.0448256e-01   8.6612986e-01   2.6503828e-02   1.4921905e-02   5.0987299e-03
   2.9088459e-01   5.5557089e-01   1.1797786e+00   2.5164396e-02   1.3177387e-02   7.4956045e-03
   2.7164333e-01   5.9626331e-01   1.2422412e+00   2.5321682e-02   1.2940088e-02   8.5080411e-03
   2.0659444e-01   9.8280301e-01   1.4394133e+00   2.5065226e-02   1.3421046e-02   9.4349640e-03
   2.4997490e-01   4.8902038e-01   1.2764095e+00   2.5443975e-02   1.2674557e-02   1.0878738e-02
   2.4345641e-01   8.8703219e-01   1.1362518e+00   2.9672492e-02   1.2959979e-02   9.9692444e-03
   2.7093204e-01   9.5254889e-01   4.0213210e-01   4.9664278e-02   1.3448649e-02   9.7039430e-03
   2.7226140e-01   1.1492496e+00  -5.8140019e-01   1.0122691e-01   1.3804742e-02   1.2049895e-02
   6.2929381e-01   7.2697092e-01  -8.4884561e-01   1.3801559e-01   2.4786185e-02   1.0735021e-02
   4.3620073e-01  -8.3944794e-01  -2.7243269e-01   7.2918158e-02   1.5548885e-02   1.1678161e-02
   4.0428654e-01   3.5695282e-02   8.5735933e-01   3.9784042e-02   7.5401629e-03   1.6484478e-02
   4.3536651e-01   7.3632466e-01   1.1119795e+00   3.8309283e-02   4.7617847e-03   1.9699617e-02
   4.3063748e-01   7.0209456e-01   1.1431847e+00   4.1588308e-02   5.6969996e-03   1.8820645e-02
   4.4234415e-01   7.0781362e-01   1.3175626e+00   4.1028796e-02   5.6550014e-03   1.9511571e-02
   4.3664100e-01   8.1417391e-01   1.3985213e+00   4.3285384e-02   6.7760349e-03   1.9884175e-02
   4.3694404e-01   7.2453097e-01   1.3964742e+00   4.3899560e-02   6.3596661e-03   1.9416808e-02
   3.8763924e-01   8.4386372e-01   1.0327588e+00   4.7343467e-02   6.7865485e-03   1.7859333e-02
   4.1135323e-01   6.7317618e-01   1.0458918e+00   4.7930209e-02   6.4104724e-03   1.7909042e-02
   3.8667671e-01   8.5181776e-01   1.2862459e+00   4.8510967e-02   8.9382312e-03   2.0266851e-02
   4.1603437e-01   1.0029165e+00   1.4552480e+00   5.4327833e-02   1.1153538e-02   2.2672756e-02
   4.3573860e-01   1.2079694e+00   1.3507108e+00   5.9659358e-02   1.1899901e-02   2.1315445e-02
   3.6399075e-01   8.6599960e-01   1.1061129e+00   6.4134928e-02   1.5220272e-02   1.9987805e-02
   3.8452777e-01   1.2722651e+00   9.6508792e-01   6.6149777e-02   1.5581833e-02   2.4431055e-02
   4.2476975e-01   7.6735884e-01   1.7814744e-01   7.6770584e-02   1.6568060e-02   2.2665169e-02
   8.2963343e-01   7.0791140e-01  -3.8272219e-01   1.4151545e-01   3.6764661e-02   1.0013959e-02
   5.7591152e-01   1.2745832e-01  -2.1933651e-01   1.4011919e-01   3.0028081e-02   1.1582761e-02
   7.0540388e-01  -5.0399735e-01   4.5117089e-01   6.8374698e-02   1.7067837e-02   1.7497351e-02
   7.6505563e-01   4.7510918e-01   7.9725037e-01   6.4081528e-02   1.5587205e-02   2.0131797e-02
   7.3364099e-01   7.5485413e-01   8.9759832e-01   6.3397213e-02   1.5778728e-02   2.0402700e-02
   7.0239105e-01   8.4526128e-01   9.5302140e-01   6.3326186e-02   1.5664019e-02   2.0196036e-02
   6.9606956e-01   8.2158950e-01   1.0045330e+00   6.2647701e-02   1.5675049e-02   2.0407805e-02
   7.0690137e-01   8.9848955e-01   1.1910923e+00   6.4115579e-02   1.6040246e-02   2.1198282e-02
   7.0186516e-01   9.2049330e-01   1.3856674e+00   6.3533976e-02   1.6923344e-02   2.1701188e-02
   6.1706823e-01   1.2585518e+00   1.4875219e+00   6.8776833e-02   1.5114414e-02   1.9718915e-02
   5.8851068e-01   1.0010314e+00   1.2048953e+00   6.4848284e-02   1.3639822e-02   2.1752830e-02
   6.3265996e-01   8.2292802e-01   1.0235072e+00   6.2266425e-02   1.3053974e-02   2.2577529e-02
   5.4107023e-01   9.5953769e-01   1.1673206e+00   6.4029036e-02   1.2828861e-02   2.3141069e-02
   3.2974705e-01   1.2397451e+00   1.4755404e+00   7.1948048e-02   1.1507391e-02   2.0254092e-02
   3.8366538e-01   9.2650633e-01   1.6550152e+00   5.5114885e-02   9.3583471e-03   1.9034996e-02
   4.1269030e-01   1.0265321e+00   1.6024439e+00   5.1596704e-02   9.9449497e-03   2.0375318e-02
   4.4836536e-01   8.7453455e-01   1.5515309e+00   5.2495931e-02   1.0880842e-02   2.1389389e-02
   4.4133052e-01   9.9396128e-01   1.5500079e+00   5.4459054e-02   1.1417357e-02   2.2513259e-02
   4.1263505e-01   9.7095533e-01   1.3620804e+00   6.1516201e-02   1.3951584e-02   2.2795117e-02
   4.2393835e-01   9.2024360e-01   1.2758217e+00   6.1318870e-02   1.4304403e-02   2.5065091e-02
   4.3301412e-01   9.4878994e-01   9.3279144e-01   6.2836042e-02   1.5451296e-02   2.7327489e-02
   6.8120007e-01   1.1644343e+00  -2.3207430e-01   1.1265808e-01   3.2488856e-02   1.9936772e-02
   8.5932514e-01   7.9544456e-01  -6.2239247e-01   1.3075811e-01   4.0331549e-02   9.6785009e-03
   7.5248740e-01  -4.7516775e-01   5.6701701e-01   6.1266466e-02   2.1775875e-02   1.6029946e-02
   7.6591488e-01   5.3974587e-01   9.4262493e-01   5.6194096e-02   2.1099564e-02   1.7671755e-02
   7.4436297e-01   7.5059306e-01   1.0279702e+00   5.3191792e-02   1.9722925e-02   1.8828867e-02
   6.7044249e-01   1.2942889e+00   1.1005293e+00   5.8946004e-02   1.9542220e-02   1.8637605e-02
   7.2996531e-01   9.8120245e-01   1.2181990e+00   5.5573904e-02   1.8141039e-02   1.9422007e-02
   7.2344638e-01   9.0686473e-01   1.2602988e+00   5.3315370e-02   1.8541916e-02   2.0201706e-02
   7.2773841e-01   8.9233864e-01   1.2768223e+00   5.5875380e-02   2.0597640e-02   1.9830283e-02
   7.2513015e-01   9.0053954e-01   1.2843908e+00   5.4818283e-02   2.0358864e-02   2.0172374e-02
   6.9967989e-01   9.0970753e-01   1.3142705e+00   5.4077334e-02   2.0703515e-02   2.1428789e-02
   7.0191505e-01   9.6537255e-01   1.3134717e+00   5.3877405e-02   2.0662690e-02   2.1998531e-02
   7.1232562e-01   9.4635629e-01   1.2803307e+00   5.5248475e-02   2.0920288e-02   2.2556047e-02
   6.9689708e-01   9.5868180e-01   1.2720501e+00   5.6571586e-02   2.1004477e-02   2.2895223e-02
   6.8132148e-01   1.2833272e+00   1.1918002e+00   5.7575345e-02   2.0876113e-02   2.2805886e-02
   6.4901334e-01   1.1040240e+00   1.1393244e+00   5.8033114e-02   2.1483858e-02   2.3122375e-02
   6.8267745e-01   8.1270876e-01   1.0061275e+00   5.9112739e-02   2.1778004e-02   2.2888991e-02
   6.6636733e-01   1.0477105e+00   2.4809750e-01   7.1805238e-02   2.1765864e-02   2.0303431e-02
   5.8643582e-01   1.0283421e+00  -9.4878316e-01   1.2914083e-01   2.1880190e-02   2.1593321e-02
   6.3548986e-01   6.5401448e-01  -7.1934119e-01   1.7006736e-01   4.3044631e-02   8.2740817e-03
   6.2531306e-01  -1.4028360e+00  -8.7322707e-01   7.6115141e-02   2.0834884e-02   1.5215839e-02
   7.2773013e-01   1.1648380e+00   9.6454872e-01   5.7611286e-02   1.9520581e-02   1.7721394e-02
   7.6218065e-01   6.7720868e-01   1.2107955e+00   5.6944505e-02   1.9093269e-02   1.9680650e-02
   7.4611859e-01   8.6673627e-01   1.3531373e+00   5.6562118e-02   1.9743328e-02   2.0487573e-02
   7.5846329e-01   8.8018073e-01   1.4382435e+00   5.7480630e-02   2.0034051e-02   2.0829421e-02
   7.6571942e-01   9.2145444e-01   1.5944581e+00   5.8479278e-02   1.9966800e-02   2.1899651e-02
   7.8162865e-01   1.6794058e+00   2.9296298e+00   5.8610447e-02   2.1619703e-02   3.0048643e-02
   8.5551979e-01   1.2716327e+00   3.6524106e+00   5.1931591e-02   2.1056455e-02   2.8587364e-02
   8.6303926e-01   1.0725956e+00   3.2929682e+00   5.3017518e-02   2.1993712e-02   2.8633326e-02
   8.5185166e-01   1.0886175e+00   3.1172860e+00   5.2999155e-02   2.1275771e-02   2.9147615e-02
   7.0673674e-01   1.1127645e+00   3.2519476e+00   5.4871283e-02   1.7616370e-02   2.4696785e-02
   5.9994310e-01   3.4357665e-01   1.0446246e+00   6.1696664e-02   1.7318860e-02   2.3438752e-02
   9.6666298e-01   1.7964481e+00   2.5377104e+00   4.9507926e-02   1.1083163e-02   1.9119094e-02
   9.2871407e-01   4.1434717e-01   1.5262243e+00   4.5936289e-02   9.6288284e-03   2.0193575e-02
   9.3436826e-01   9.9624328e-01   1.5570116e+00   4.8346249e-02   1.0132164e-02   2.0449117e-02
   7.7811606e-01   4.3725335e-01   5.7917884e-01   5.5829451e-02   1.3153940e-02   1.9188645e-02
   7.2601453e-01   8.0943146e-01  -2.0163096e-01   7.0407734e-02   2.0257022e-02   2.2472867e-02
   7.1025661e-01   1.1634832e+00  -8.8201145e-01   1.3298814e-01   2.0970579e-02   1.8714251e-02
   7.4450307e-01   5.3326318e-02  -8.5411148e-01   1.1556316e-01   1.9902070e-02   1.8379280e-02
   8.3726018e-01  -2.7730477e-01  -1.6687361e-01   6.7825785e-02   1.4743711e-02   2.0493369e-02
   8.5435315e-01   6.8610159e-01   3.9618699e-01   5.9087837e-02   1.3923648e-02   2.5796206e-02
   8.3451215e-01   7.3933824e-01   4.9390534e-01   5.6522580e-02   1.4611230e-02   2.6790686e-02
   7.7640815e-01   9.2268848e-01   5.9747920e-01   5.6833417e-02   1.5371041e-02   2.7477114e-02
   8.2260644e-01   7.3694876e-01   8.3814118e-02   6.1645435e-02   1.2151448e-02   2.3562803e-02
   8.4280829e-01   1.6094880e-01  -1.4364736e+00   6.2488093e-02   1.6292866e-02   1.9724519e-02
   1.1800402e+00   2.0146784e+00   1.4888371e+00   5.7395840e-02   1.9763660e-02   2.7457403e-02
   1.0937998e+00   1.6059963e+00   2.7018765e+00   5.5465029e-02   2.0360133e-02   2.8440249e-02
   1.0845082e+00   1.0896518e+00   2.7514122e+00   5.2168772e-02   2.0557398e-02   3.0017969e-02
   1.1025704e+00   1.0382710e+00   2.7108118e+00   5.1363953e-02   2.1104133e-02   3.0825900e-02
   1.0882256e+00   1.1142137e+00   2.6389253e+00   5.2364187e-02   2.1660137e-02   3.1324851e-02
   1.0634901e+00   1.5604776e+00   2.8668556e+00   6.4855529e-02   1.8653978e-02   2.7297413e-02
   1.0523490e+00   2.0173791e+00   5.0434343e+00   5.8080887e-02   1.7597658e-02   2.8375250e-02
   9.9992809e-01   1.6727245e+00   5.2880990e+00   5.7466414e-02   1.7164963e-02   2.7239736e-02
   9.5043838e-01   1.3526425e+00   5.0960040e+00   5.8798029e-02   1.8633429e-02   2.8334180e-02
   9.2460775e-01   1.2319989e+00   4.7728029e+00   6.0665318e-02   1.8482912e-02   2.9015890e-02
   8.3279712e-01   1.5960327e+00   4.3499807e+00   6.0672458e-02   1.9770578e-02   2.8678010e-02
   8.3214121e-01   1.1543439e+00   3.7506543e+00   6.8980489e-02   2.0724777e-02   2.6849965e-02
