   0.0000000e+00   0.0000000e+00   0.0000000e+00   0.0000000e+00   0.0000000e+00   0.0000000e+00
   6.2613900e-03   6.1136785e-02   1.3878680e-02  -5.8287309e-05  -2.5293005e-04   1.5413136e-05
   2.7729957e-03   4.2403357e-02   4.7946374e-03   7.5600407e-05  -4.0254941e-04  -1.0491738e-04
   1.3165658e-02   3.5413438e-02   2.8142973e-03  -8.9743379e-05  -3.6223995e-04   2.7481726e-04
   2.2395832e-02   1.5237303e-02   9.1135632e-03   1.3993772e-04  -1.7812675e-04   3.5220162e-04
   3.8816351e-02   2.3160560e-02   6.9317267e-03  -1.7492385e-04  -3.0226355e-04   5.2310207e-04
   5.1320828e-02   6.1027134e-02   9.7324433e-03  -1.6365724e-04  -2.1762555e-04   7.2093613e-04
   4.3064177e-02   2.9227804e-03  -6.5343908e-04  -5.3149008e-05  -1.3239700e-04   6.3514199e-04
   5.1006301e-02   5.0877839e-02  -1.4369121e-02  -2.7666021e-04  -3.3588616e-04   7.8416505e-04
   5.4114737e-02   3.8655787e-03  -3.0219704e-02   3.4273287e-04  -4.2289488e-04   7.9741170e-04
   6.1753525e-02   2.2891343e-02  -3.0159225e-02   7.2923339e-04  -4.7760847e-04   9.0069889e-04
   6.4143686e-02   4.0732764e-02  -2.1280982e-02   8.5421718e-04  -9.8042721e-04   1.0619818e-03
   5.8542172e-02   2.7926453e-02  -5.1919230e-03   5.3695647e-05  -9.7033824e-04   1.0510121e-03
   6.0509011e-02   2.7911373e-02  -2.3196301e-03   4.2582714e-06  -9.7527680e-04   1.0275411e-03
   7.2722435e-02   1.5419590e-02  -9.5773191e-03  -2.7379982e-05  -1.0509223e-03   1.1743009e-03
   6.0937289e-02  -4.1622386e-02  -4.9905149e-02   1.9681259e-03  -1.4192588e-03   1.4382829e-03
   5.9418891e-02   3.4433222e-02  -3.9649852e-02   1.4320492e-03  -1.5822969e-03   1.4931573e-03
   6.8833103e-02   1.1672738e-02  -4.0596976e-02   1.4812908e-03  -1.4177339e-03   1.6632302e-03
   7.4599009e-02   7.2339206e-02  -1.7009023e-02   9.1160154e-04  -1.4326187e-03   1.6271840e-03
   8.7504324e-02   2.6701378e-02  -1.2132771e-02   5.5191993e-04  -1.5929775e-03   1.8052206e-03
   8.4388449e-02   2.5491461e-02  -3.1179730e-02   4.5219252e-04  -1.7937226e-03   1.7595250e-03
   7.4641670e-02   7.2201256e-02  -4.5772498e-02   7.3420553e-04  -1.6225022e-03   1.6894211e-03
   8.0343582e-02   4.4341317e-02  -4.0152233e-02   7.4361006e-04  -1.5838229e-03   1.8239432e-03
   8.6798119e-02   3.0187478e-02  -3.8907469e-02   5.4049943e-04  -1.5633175e-03   1.7706517e-03
   8.9054418e-02   3.6307357e-02  -4.7242109e-02   4.8019528e-04  -1.7115037e-03   1.8744051e-03
   9.3697744e-02   3.2310326e-02  -5.2993018e-02   6.9589584e-04  -1.6717983e-03   1.8830275e-03
   9.7582096e-02   2.8807315e-02  -5.4757079e-02   4.9792950e-04  -1.6704030e-03   1.9192764e-03
   8.8911590e-02   5.1405638e-02  -5.9494439e-02   5.6830113e-04  -1.6352570e-03   1.8131367e-03
   9.1263566e-02   4.7028145e-02  -5.5242207e-02   4.7899509e-04  -1.6037753e-03   1.7778738e-03
   9.6045851e-02   2.8059315e-02  -4.7775000e-02   8.0585562e-05  -1.7991893e-03   1.8735398e-03
   9.4062277e-02   4.3980662e-02  -5.2528650e-02   1.7353904e-04  -2.0687524e-03   1.9214220e-03
   9.6338515e-02   2.7886956e-02  -4.5737753e-02   4.4837730e-04  -2.0411867e-03   1.9567512e-03
   9.7952477e-02   1.1362530e-02  -5.5146740e-02   5.5383514e-04  -2.0288943e-03   1.9009874e-03
   9.2289575e-02   2.3547312e-02  -6.6407285e-02   3.7916044e-04  -2.0099899e-03   1.8070521e-03
   8.9398275e-02   9.0838401e-02  -7.6243128e-02   5.6806994e-04  -2.1499133e-03   1.5947999e-03
   5.2126197e-02   5.4707250e-03  -9.4713021e-02   1.0215347e-03  -2.1482730e-03   1.5725922e-03
   4.5151138e-02   8.9216093e-02  -9.8931920e-02   1.2427604e-03  -2.3876829e-03   1.3681305e-03
   7.0059392e-02   5.1074589e-02  -9.2069784e-02   1.4032976e-03  -2.1990884e-03   1.6633325e-03
   7.4528004e-02   4.0010498e-02  -6.7319469e-02   1.1293064e-03  -1.9807893e-03   1.7680686e-03
   8.3068911e-02   2.9079951e-02  -7.1671079e-02   7.4935647e-04  -1.9899992e-03   1.8122897e-03
   8.8675478e-02   5.3812750e-02  -8.3097435e-02   6.4655223e-04  -2.2061415e-03   1.8433186e-03
   6.0083427e-02   1.0114518e-01  -6.1385185e-02   7.3604108e-04  -2.3619779e-03   1.4700180e-03
   4.8440870e-02   3.7559189e-02  -5.5792115e-02   8.5713924e-04  -2.5362501e-03   1.2124500e-03
   6.0831534e-02   5.1424140e-02  -4.6238611e-02   3.1355291e-04  -2.5093870e-03   1.4336305e-03
   1.1193887e-01   3.9842382e-02  -2.2030553e-02   1.4918174e-04  -2.5543459e-03   2.0654926e-03
   1.3557232e-01   1.5630586e-03  -2.7881301e-02   6.5666416e-05  -2.2830608e-03   2.3040612e-03
   1.3099574e-01   1.8424523e-02  -3.3631566e-02  -3.7690082e-04  -2.4312607e-03   2.2678499e-03
   1.1919285e-01   3.6499677e-02  -4.9819575e-02   1.1369811e-04  -2.5048525e-03   2.1700547e-03
   1.1651393e-01   1.6103399e-02  -4.1227757e-02  -1.9140722e-04  -2.5940059e-03   2.1997580e-03
   1.1695635e-01   6.2115917e-03  -5.8477458e-02   7.2704460e-05  -2.4310574e-03   2.2154425e-03
   1.0995759e-01   2.4642004e-02  -6.2298546e-02  -1.1081122e-04  -2.5254993e-03   2.0541005e-03
   1.0828059e-01   5.1199304e-02  -5.3549152e-02  -3.0552720e-04  -2.4934007e-03   2.0029041e-03
   1.0613307e-01   3.7631771e-02  -6.2803377e-02  -4.4651988e-04  -2.7903601e-03   2.0122649e-03
   1.0698383e-01   4.1431869e-02  -4.3184753e-02  -3.9091361e-04  -2.8918844e-03   1.9270829e-03
   8.1103716e-02  -5.3324546e-02  -6.7970514e-02   1.2912964e-03  -3.1103993e-03   1.9066882e-03
   5.5281654e-02   6.8313396e-02  -1.1283599e-01   2.0815625e-03  -3.0849922e-03   1.4128096e-03
   5.5959841e-02   1.2886695e-01  -7.2102456e-02   8.3440227e-04  -3.5403029e-03   1.4556798e-03
   7.7879168e-02   7.3937482e-02  -6.8843215e-02   7.5012078e-04  -3.5371144e-03   1.6001043e-03
   8.8379209e-02   6.8014711e-02  -4.6389531e-02   6.1323599e-04  -3.2552854e-03   1.7383261e-03
   7.9715117e-02   1.3000749e-02  -4.6945743e-02  -7.6455228e-05  -3.3609897e-03   1.6135433e-03
   7.4560469e-02   1.0808092e-01  -7.3392007e-02   7.3513645e-05  -3.4230514e-03   1.5260270e-03
   6.8584764e-02   9.2726967e-02  -6.6005211e-02   2.2417145e-04  -3.5615325e-03   1.4556886e-03
   8.0900444e-02   5.1151774e-02  -5.6754461e-02   2.0626674e-04  -3.6441726e-03   1.3992678e-03
   8.1728713e-02   5.3456712e-02  -6.2577581e-02   3.1565029e-04  -3.7045363e-03   1.4411382e-03
   7.6248145e-02   1.9445897e-02  -6.6934663e-02   6.7788256e-05  -3.6385680e-03   1.5173280e-03
   7.7214120e-02   5.7426032e-02  -7.5405070e-02  -1.4219618e-04  -3.6628953e-03   1.4067381e-03
   6.9916499e-02   5.0126961e-02  -7.1328794e-02  -2.0391667e-04  -3.7048086e-03   1.3558673e-03
   6.4122163e-02   5.6619918e-02  -4.7880684e-02   1.2153149e-04  -3.6173286e-03   1.3960855e-03
   6.7711303e-02   5.9677870e-02  -3.9195111e-02  -7.6154542e-05  -3.8926770e-03   1.5486028e-03
   7.6548829e-02   3.8718606e-02  -4.8027222e-02   1.6039130e-05  -3.8144534e-03   1.5966588e-03
   7.5918438e-02   3.8020553e-02  -4.5845083e-02   9.4411003e-05  -3.8341626e-03   1.5791941e-03
   7.8980084e-02   5.4254170e-02  -4.2051045e-02  -4.4535724e-04  -3.7502670e-03   1.5653257e-03
   7.9294886e-02   5.6179831e-02  -5.3451318e-02  -1.2401211e-04  -3.6414674e-03   1.5746339e-03
   6.6464188e-02   5.3302209e-02  -6.0942013e-02  -5.7476930e-05  -3.8207387e-03   1.5326777e-03
   7.0117135e-02   6.1021122e-02  -6.6373974e-02  -2.5314223e-04  -3.9299097e-03   1.5563084e-03
   7.2179255e-02   4.7141160e-02  -5.9418319e-02  -1.9341919e-04  -3.7542923e-03   1.4732029e-03
   7.3358128e-02   2.7373017e-02  -4.7456540e-02  -1.3582126e-04  -3.7831186e-03   1.4161544e-03
   7.1865625e-02   6.7912733e-02  -6.7744740e-02  -1.8557899e-04  -3.7141177e-03   1.3744267e-03
   6.6989793e-02   6.5617278e-02  -4.7112494e-02  -2.1703157e-04  -3.7104829e-03   1.3202769e-03
   7.5000667e-02   7.2725235e-02  -3.8555489e-02  -1.2986339e-04  -3.6547502e-03   1.2159099e-03
   7.4644718e-02   3.5409942e-02  -5.8221388e-02  -3.1431413e-04  -3.6309052e-03   1.2077144e-03
   6.8029620e-02   6.1998737e-02  -5.1995507e-02  -1.6595422e-04  -3.7462467e-03   1.2160290e-03
   7.2104230e-02   6.3517830e-02  -4.1232645e-02  -2.2682323e-04  -3.5793430e-03   1.2694354e-03
   7.2484477e-02   6.8935736e-02  -6.1809232e-02  -1.0187449e-04  -3.5076208e-03   1.3734935e-03
   6.2150735e-02   5.3600753e-02  -5.8172248e-02  -2.8776514e-04  -3.8000254e-03   1.2876523e-03
   7.5436063e-02   8.3918298e-02  -6.9895544e-02  -4.4041684e-04  -3.8855337e-03   1.2908847e-03
   7.3083253e-02   7.0109899e-02  -6.8970508e-02  -7.1696780e-04  -3.9749878e-03   1.4482819e-03
   7.0861173e-02   8.3509169e-02  -7.8229413e-02  -2.5756443e-04  -3.8595172e-03   1.4240238e-03
   7.0419930e-02   6.7420882e-02  -8.4648691e-02  -1.8073592e-04  -3.9953536e-03   1.3224101e-03
   7.3527025e-02   4.7915953e-02  -8.7606012e-02  -1.5220151e-04  -3.9308026e-03   1.4180731e-03
   7.7205771e-02   7.5867717e-02  -7.5526940e-02  -1.1601053e-04  -3.9902279e-03   1.3739967e-03
   7.8265737e-02   8.2134277e-02  -7.9146020e-02  -1.2756703e-04  -3.9379794e-03   1.3675740e-03
   7.4704477e-02   6.5679192e-02  -7.9208768e-02  -4.2923288e-04  -4.0352814e-03   1.3778132e-03
   7.4098041e-02   7.1287001e-02  -7.6474361e-02  -5.7809620e-04  -4.1156541e-03   1.4304281e-03
   5.3613447e-02  -2.4313139e-02  -6.1000608e-02  -5.8229578e-05  -4.1065890e-03   1.2723940e-03
   4.7647821e-02   1.2125693e-01  -1.1140213e-01   8.7177225e-04  -4.4027032e-03   1.3900161e-03
   4.4380239e-02   7.8156550e-02  -1.0252195e-01   4.5877809e-04  -4.3918730e-03   1.1936080e-03
   5.2867960e-02   5.1066223e-02  -9.2280087e-02   1.2101233e-04  -4.2628168e-03   1.3271584e-03
   5.9008046e-02   6.7557686e-02  -9.7373241e-02   4.7198582e-04  -4.0034854e-03   1.3735903e-03
   6.3150116e-02   5.6339589e-02  -9.2178245e-02  -9.5825139e-05  -4.1244738e-03   1.2999657e-03
   6.3037310e-02   6.4718433e-02  -1.1374567e-01  -2.1549926e-04  -4.2053417e-03   1.2708924e-03
   6.8477389e-02   1.0154922e-01  -1.2488703e-01   8.8297216e-05  -4.1706115e-03   1.3225870e-03
   6.5147070e-02   6.5987347e-02  -1.1291260e-01   1.2522111e-04  -4.2281101e-03   1.3458968e-03
   6.1387878e-02   7.0825241e-02  -1.0136636e-01   5.6844108e-05  -4.2233227e-03   1.2858337e-03
   6.0229610e-02   9.1119741e-02  -9.7168677e-02   2.6462490e-04  -4.4386831e-03   1.2200477e-03
   5.6097136e-02   7.3343938e-02  -9.4215833e-02   6.2234983e-05  -4.4009301e-03   1.1455900e-03
   5.2390957e-02   7.9614066e-02  -9.4779626e-02   3.8960689e-04  -4.2833224e-03   9.1794994e-04
   5.6664540e-02   8.4071015e-02  -9.8958230e-02   8.6468300e-04  -4.6367932e-03   1.0406090e-03
   5.0245646e-02   6.4558506e-02  -8.9112849e-02   8.1650438e-04  -4.5994383e-03   1.1005241e-03
   6.0778732e-02   5.9741088e-02  -7.5989124e-02   1.4155230e-04  -4.7211105e-03   1.4247803e-03
   6.8168653e-02   5.3638222e-02  -8.3237784e-02   1.1633178e-04  -4.6438627e-03   1.3357619e-03
   7.3529197e-02   1.1602929e-01  -8.3654719e-02  -3.0699296e-04  -4.7866362e-03   1.4383896e-03
   7.3677051e-02   4.7968224e-02  -7.9030513e-02  -4.4845137e-04  -4.8352116e-03   1.3626038e-03
   6.7645941e-02   6.7647340e-02  -9.8977812e-02  -1.2633552e-04  -4.7414492e-03   1.3424978e-03
   6.3827819e-02   7.0725960e-02  -9.6104656e-02   8.9104445e-06  -4.8455445e-03   1.4136525e-03
   7.0568233e-02   5.7940293e-02  -9.7715580e-02   4.1007091e-05  -4.7342485e-03   1.3733711e-03
   7.7115009e-02   6.3697827e-02  -1.0185967e-01  -1.2094893e-04  -4.9295873e-03   1.3188411e-03
   7.1498481e-02   6.3609013e-02  -1.0133832e-01   7.1874607e-06  -4.7628324e-03   1.3098159e-03
   7.6645754e-02   4.2053076e-02  -1.0239443e-01   2.8967592e-04  -4.7027571e-03   1.2757702e-03
   5.5243680e-02   6.7546101e-02  -8.8905240e-02   2.0228787e-04  -4.3818436e-03   8.6118425e-04
   4.7809609e-02   4.9389026e-02  -7.2983913e-02  -9.7661666e-05  -4.7420414e-03   8.9560100e-04
   5.2236620e-02   6.4834036e-02  -7.2343912e-02  -1.2309505e-04  -4.8769168e-03   8.8078022e-04
   4.5535307e-02   3.6734805e-02  -7.6273657e-02  -1.0130836e-04  -4.7357662e-03   8.7564945e-04
   4.6525328e-02   3.2985669e-02  -8.4450682e-02  -1.6635723e-04  -4.7712018e-03   7.8416966e-04
   5.8102979e-02   5.9228576e-02  -1.0851239e-01   8.0489274e-04  -4.6032201e-03   9.8325737e-04
   4.8244871e-02   7.9230424e-02  -9.1982857e-02   7.8194171e-05  -4.5652789e-03   9.5613107e-04
   5.0221945e-02   7.3091386e-02  -9.5458478e-02   6.6654129e-05  -4.7576123e-03   7.8957914e-04
   5.3408444e-02   8.2686495e-02  -9.1638227e-02  -1.5376951e-05  -4.7164068e-03   8.4105379e-04
   5.0690633e-02   8.0223865e-02  -9.4984055e-02  -6.1708305e-05  -4.6448372e-03   8.2287375e-04
   4.7463063e-02   5.9532862e-02  -8.7771087e-02  -2.8884662e-04  -4.8247941e-03   8.0256608e-04
   5.3187885e-02   8.1510894e-02  -9.8401421e-02  -2.8462796e-05  -4.6635529e-03   8.2018161e-04
   5.7251751e-02   9.1936039e-02  -8.4181246e-02  -1.2854062e-04  -4.6153870e-03   7.9991159e-04
   5.1743150e-02   6.9760032e-02  -9.4656835e-02   7.0333013e-04  -4.3485421e-03   7.5578745e-04
   5.3998415e-02   6.3050124e-02  -8.2671694e-02  -2.4201991e-05  -4.6851239e-03   1.0369323e-03
   5.5315193e-02   6.9239203e-02  -8.5269363e-02   2.2912091e-05  -4.6780534e-03   9.3767583e-04
   5.5016362e-02   7.2210093e-02  -8.5801833e-02   2.6904836e-04  -4.5120971e-03   9.3457335e-04
   5.3790706e-02   4.9744606e-02  -7.6610302e-02  -4.1886748e-04  -4.4380375e-03   8.7651052e-04
   6.2208770e-02   1.0021684e-01  -8.8545523e-02  -4.5305109e-04  -4.7267971e-03   8.8533093e-04
   5.4828455e-02   8.6011182e-02  -9.4968687e-02  -2.3263494e-04  -4.7450496e-03   1.0868147e-03
   5.3511165e-02   7.9707481e-02  -9.2639530e-02  -1.4278878e-04  -4.6108296e-03   9.2224797e-04
   6.3910701e-02   7.6340211e-02  -9.0663968e-02  -3.6051876e-04  -5.0246852e-03   1.1101857e-03
   7.1518769e-02   8.4247726e-02  -1.0023400e-01  -2.0385056e-04  -5.2424618e-03   1.3203273e-03
   6.9222436e-02   6.9661423e-02  -8.9991743e-02   2.4833257e-04  -4.9126477e-03   1.2404581e-03
   7.6350021e-02   5.2459294e-02  -8.7235859e-02  -1.6231804e-04  -5.0529913e-03   1.2139865e-03
   7.0002785e-02   7.7475796e-02  -9.1643336e-02  -2.7422879e-04  -5.0805934e-03   1.2233787e-03
   6.8525573e-02   8.5678370e-02  -8.9828543e-02   1.3422395e-04  -4.9119868e-03   1.0597763e-03
   7.5442112e-02   7.0642008e-02  -9.5270909e-02  -1.6429869e-04  -5.0227178e-03   1.1106297e-03
   7.4266842e-02   8.7946877e-02  -9.0147722e-02  -4.0800822e-04  -5.0001634e-03   1.2040942e-03
   7.3160186e-02   3.5973624e-02  -7.5070814e-02  -3.8951411e-04  -5.0364804e-03   1.2501785e-03
   8.2831895e-02   5.2729623e-02  -7.1252771e-02  -5.8855287e-04  -4.8631744e-03   1.1591149e-03
   8.3825290e-02   7.4280728e-02  -7.8668289e-02  -8.4674366e-04  -5.0336825e-03   1.2500011e-03
   7.2298484e-02   9.1508167e-02  -8.8392649e-02  -7.6270795e-04  -5.0891741e-03   1.2871687e-03
   6.5363920e-02   5.6888183e-02  -1.4301723e-01   1.0913055e-03  -5.4881235e-03   1.4663306e-03
   7.4929483e-02   1.0154279e-01  -1.3146558e-01   9.5426760e-04  -5.6063989e-03   1.6341598e-03
   6.8258714e-02   8.5780246e-02  -1.2093483e-01   1.0779185e-03  -5.7402893e-03   1.6324837e-03
   6.3193721e-02   6.5691060e-02  -1.0987631e-01   1.1425697e-03  -5.5817150e-03   1.4183059e-03
   6.3684718e-02   7.3855467e-02  -1.1140086e-01   1.1220329e-03  -5.4451439e-03   1.1647435e-03
   6.4923200e-02   8.6232616e-02  -1.1145290e-01   6.2971353e-04  -5.7221306e-03   1.2089320e-03
   5.7581256e-02   7.9304263e-02  -1.2877580e-01   1.0624387e-03  -5.2882913e-03   1.0562389e-03
   6.0721510e-02   8.7172937e-02  -1.0925276e-01   4.3274548e-04  -5.1698816e-03   1.0962402e-03
   5.4006097e-02   8.5867289e-02  -9.5083695e-02  -4.5307959e-05  -5.2761159e-03   9.6558402e-04
   5.9317649e-02   9.7527123e-02  -1.0475131e-01  -2.0034372e-05  -5.2135076e-03   8.3196193e-04
   6.0455263e-02   9.5165530e-02  -1.0687004e-01  -1.6472532e-04  -5.1128813e-03   8.6549681e-04
   5.4486334e-02   5.4827423e-02  -1.0404203e-01  -2.2494400e-04  -5.2457201e-03   9.0964741e-04
   4.8892634e-02   7.7769635e-02  -1.1118044e-01  -1.8933216e-04  -5.1649939e-03   8.7870329e-04
   5.7905090e-02   6.5517052e-02  -1.0556794e-01  -1.0734309e-04  -4.9732234e-03   9.1762072e-04
   6.4637844e-02   7.9513445e-02  -9.7180234e-02   1.6769571e-05  -5.0005904e-03   8.9776126e-04
   6.6960593e-02   5.8547701e-02  -9.7225906e-02  -2.0022849e-04  -5.1485620e-03   8.6683477e-04
   6.2473002e-02   8.3209366e-02  -9.7699295e-02  -1.5895802e-05  -4.9786194e-03   8.3304658e-04
   5.9660411e-02   9.7739351e-02  -9.9790448e-02  -7.2703265e-05  -5.0950146e-03   7.8173662e-04
   5.5868391e-02   8.9035898e-02  -9.1911340e-02  -2.8027043e-04  -5.3376280e-03   8.2742502e-04
   5.7703403e-02   1.5274845e-01  -1.1267582e-01   1.0119324e-03  -4.6824346e-03   4.6938967e-04
   8.9001828e-02   2.3576265e-01  -1.1250192e-01  -1.0478477e-03  -4.9753014e-03   1.4853991e-03
   8.2513448e-02  -1.9597191e-01  -1.1121991e-01   2.1822205e-05  -4.9710899e-03   1.1339965e-03
   9.1184869e-02   9.5917325e-02  -1.1413338e-01   5.4622387e-04  -4.9014981e-03   1.1266262e-03
   9.2638216e-02   6.1858970e-02  -1.0141977e-01   5.3226332e-05  -4.7315798e-03   1.1813568e-03
   9.2030983e-02   8.9821229e-02  -8.9280766e-02  -6.9325099e-05  -4.8296393e-03   1.2586877e-03
   8.4708535e-02   8.5079394e-02  -9.7567119e-02  -3.6741127e-04  -4.9723254e-03   1.2736997e-03
   8.9388202e-02   5.3233338e-02  -1.1418638e-01  -1.7572813e-04  -4.9391162e-03   1.3335871e-03
   9.7882591e-02   8.4334536e-02  -1.1459713e-01  -3.4684896e-04  -4.8945253e-03   1.2273440e-03
   1.0367482e-01   1.0314894e-01  -1.2341902e-01  -2.7288383e-04  -4.9888220e-03   1.2023493e-03
   1.0270108e-01   9.1765613e-02  -1.1773339e-01  -1.4646551e-04  -4.9979721e-03   1.3059913e-03
   9.5655963e-02   5.5085333e-02  -1.1597427e-01  -4.6522856e-05  -4.7673907e-03   1.1857283e-03
   9.6286739e-02   1.0194528e-01  -1.2480820e-01   1.3549206e-04  -4.8041066e-03   1.2025519e-03
   1.0164865e-01   6.3817752e-02  -1.2136857e-01   1.9949793e-04  -4.3842958e-03   1.1370411e-03
   9.6381765e-02   1.0019554e-01  -1.0802521e-01  -1.5545029e-04  -4.7255682e-03   1.3625806e-03
   1.0099373e-01   6.2838047e-02  -1.1874473e-01   2.8617922e-04  -4.6194695e-03   1.3670936e-03
   9.3373222e-02   9.1276179e-02  -1.1801245e-01   2.6533428e-04  -4.2928407e-03   9.6051924e-04
   9.3706074e-02   1.1956693e-01  -1.1043181e-01  -4.1873830e-04  -4.3765195e-03   9.2973627e-04
   9.9990645e-02   9.5795070e-02  -1.1056452e-01  -5.1978277e-04  -4.3005938e-03   1.0724145e-03
   9.6438046e-02   8.3649223e-02  -1.1556825e-01  -2.3360368e-04  -4.3487623e-03   9.5769979e-04
   1.0374617e-01   1.0886030e-01  -1.0170392e-01  -3.9145097e-04  -4.2779702e-03   8.3562356e-04
   1.0693820e-01   8.9691340e-02  -9.6932184e-02  -4.4702852e-04  -4.3578301e-03   8.8254658e-04
   1.0131568e-01   9.5054059e-02  -9.3734335e-02  -2.9297947e-04  -4.1590168e-03   8.7338787e-04
   1.0409007e-01   8.8376636e-02  -9.2736508e-02  -3.2010671e-04  -4.1944239e-03   8.9371782e-04
   1.1010542e-01   1.1492146e-01  -9.7280353e-02  -3.3628867e-04  -4.2255077e-03   8.9968837e-04
   1.0543873e-01   9.8957199e-02  -1.0302755e-01  -1.1887686e-04  -4.1723017e-03   8.5637933e-04
   1.0858809e-01   1.4070413e-01  -9.5841938e-02  -5.7132746e-04  -4.2998428e-03   9.1441223e-04
   1.2052370e-01   1.0240747e-01  -8.8024430e-02  -8.9750321e-04  -4.3983706e-03   1.3077419e-03
   1.2284745e-01   7.1972708e-02  -9.8961830e-02  -9.6211050e-04  -4.5676995e-03   1.3401870e-03
   1.2855249e-01   9.8486374e-02  -9.8229080e-02  -4.7406780e-04  -4.5683649e-03   1.3427455e-03
   1.3020336e-01   7.2369681e-02  -1.0625885e-01  -3.9277415e-05  -4.2970819e-03   1.3075845e-03
   1.4703631e-01   9.2316168e-02  -1.1759603e-01  -5.0022216e-04  -4.7020408e-03   1.5527406e-03
   1.4462287e-01   9.1770180e-02  -1.1797187e-01  -3.8143685e-04  -4.7382351e-03   1.4887887e-03
   1.2818229e-01   3.7591279e-02  -1.5405940e-01   7.7146168e-04  -5.1483930e-03   1.7638657e-03
   1.4040542e-01   1.3591317e-01  -1.6124114e-01   6.5291767e-04  -5.1002553e-03   1.9579231e-03
   1.4231170e-01   1.0370200e-01  -1.5936526e-01   5.1202431e-04  -5.3331471e-03   1.8500672e-03
   1.4773855e-01   1.0440473e-01  -1.5435160e-01   1.1680127e-03  -5.2985682e-03   1.9181446e-03
   1.5793849e-01   6.4327983e-02  -1.1634654e-01   1.5003837e-04  -5.8881018e-03   1.9341891e-03
   1.5875281e-01   1.1093343e-01  -1.3314799e-01   1.2125000e-04  -5.9195914e-03   1.8117112e-03
