   0.0000000e+00  -1.0339540e-14   1.4210855e-14   7.7037198e-34   0.0000000e+00  -1.3374660e-18
   1.1278115e-02   1.4465085e-02  -5.8433149e-02   5.8834734e-04   4.4733638e-04   2.6010496e-06
  -1.0174639e-02   6.1994546e-02  -1.3772554e-02  -1.3738049e-04   8.4474632e-05  -1.2913074e-04
   4.2571751e-03  -1.1112057e-02  -6.4899266e-02   1.3305116e-03   6.5434569e-04   1.6438414e-05
  -1.7499473e-02   5.5671685e-02   1.5923072e-02  -5.7667082e-05  -7.0945149e-05  -4.1962328e-04
  -1.1310671e-02   3.9154641e-03  -7.3420918e-03   8.2241186e-04  -2.5011002e-04  -3.6493955e-04
  -1.9215131e-02   4.8365822e-02  -6.8063423e-02   7.9936727e-04   1.8593768e-04  -5.7001250e-04
  -3.7868549e-02   7.9798690e-02  -5.6282063e-02   5.3702475e-04   8.9898389e-05  -9.5300118e-04
  -1.9504953e-02   1.2315554e-02  -7.8463639e-02   1.2811959e-03  -2.9231650e-04  -7.7647993e-04
  -3.6392843e-02   7.6937599e-02  -7.3373846e-02   9.7371737e-04  -1.8880188e-04  -1.0290439e-03
  -3.6364502e-02   9.7420973e-02  -7.0421031e-02   1.2855142e-03  -2.7295733e-04  -9.8981883e-04
  -3.4586005e-02   2.6037110e-02  -8.8096591e-02   1.3029354e-03  -3.2844373e-04  -1.1068450e-03
  -4.9940652e-02   1.0629422e-01  -4.9562023e-02   9.5293711e-04  -2.9406990e-04  -1.2861016e-03
  -4.2803116e-02   9.6463428e-02  -7.2973686e-02   1.2823203e-03  -5.0025238e-05  -1.3283075e-03
  -2.8291443e-02   1.1362822e-01  -6.7117325e-02   1.7457655e-03  -1.1194453e-04  -9.4176232e-04
  -1.5248304e-02   5.1081327e-02  -1.2461886e-01   1.9234508e-03  -2.0229241e-04  -8.6149426e-04
  -1.5530795e-02   1.4206357e-01  -4.5863462e-02   1.1655226e-03  -4.1047004e-04  -7.2775834e-04
  -2.8279462e-03   1.0219572e-01  -6.2950299e-02   1.7575492e-03  -2.6531706e-04  -5.4142580e-04
  -3.4252625e-03   5.6944105e-02  -1.0848883e-01   2.8896592e-03   6.7220228e-05  -6.4571675e-04
  -1.7307128e-02   1.2253288e-01  -1.9506604e-02   1.1889279e-03   2.0037157e-05  -6.2730612e-04
  -2.6324235e-02   6.8479662e-02  -4.6506201e-02   1.3421674e-03  -1.8513606e-04  -6.5995041e-04
  -2.6502547e-02   6.4805792e-02  -5.2861641e-02   1.4430980e-03  -1.5610487e-04  -6.8378844e-04
  -1.9758719e-02   5.1601557e-02  -8.8925480e-02   1.6748082e-03  -4.7894602e-05  -6.4611277e-04
  -2.8030591e-02   1.1658395e-01  -5.5289706e-02   1.3963224e-03  -8.1410065e-05  -9.1931403e-04
  -1.3643351e-02   4.9074224e-02  -7.7610940e-02   1.9491987e-03   1.7950371e-04  -8.5878575e-04
  -1.4969081e-02   4.1838710e-02  -9.1989784e-02   2.0330277e-03   4.0550431e-04  -8.6195765e-04
  -1.8838984e-02   9.4417205e-02  -8.0106736e-02   1.2031572e-03   7.0581143e-04  -9.0695749e-04
   3.9853098e-02   6.7592467e-02  -2.6617115e-01   1.3689438e-03   9.4918578e-05  -4.9644146e-05
  -1.9751237e-03   3.6263580e-02  -1.5122171e-01   1.6512444e-03   7.8522581e-04  -8.4529319e-04
  -3.8795482e-02   1.3078426e-01  -1.2226434e-01   1.4271696e-03   3.7636007e-04  -1.1940315e-03
  -2.3134859e-02   9.1077808e-02  -1.4537948e-01   2.6880731e-03   7.7450450e-04  -1.2126885e-03
  -1.1243924e-02   5.5543422e-02  -1.4354130e-01   2.5086801e-03   9.7867294e-04  -8.1254392e-04
  -1.2038971e-02   1.5940414e-01  -1.4577519e-01   2.5407941e-03   7.3669075e-04  -8.3304159e-04
  -5.8461144e-03   4.3052394e-02  -1.3752270e-01   1.8849375e-03   5.3026855e-04  -6.4965074e-04
  -2.9099153e-02   1.6627758e-01  -1.5826530e-01   2.7005998e-03   7.6048743e-04  -9.3574312e-04
  -2.3173624e-02   1.0454084e-01  -1.4780063e-01   2.6741160e-03   1.0818876e-03  -1.0585484e-03
  -1.3229564e-02   1.2582071e-01  -1.3923485e-01   2.8804149e-03   1.1589478e-03  -8.3551693e-04
  -3.1929297e-03   8.2462565e-02  -1.4778582e-01   2.8974545e-03   1.2354931e-03  -7.0927954e-04
  -8.7471051e-03   1.6975406e-01  -1.2146776e-01   2.5544281e-03   1.2130755e-03  -7.2623444e-04
  -2.2151690e-03   1.3829814e-01  -1.2724037e-01   2.6687776e-03   1.3905479e-03  -7.3074470e-04
   5.9589880e-03   7.3196346e-02  -1.4710106e-01   3.2520117e-03   1.1994446e-03  -7.5586654e-04
  -1.1556318e-02   1.7303671e-01  -1.3064087e-01   2.6887224e-03   1.3954177e-03  -9.2151615e-04
  -4.1786082e-02   2.6046739e-01   1.6983380e-01   5.5355274e-03  -7.8706410e-04   3.8286900e-04
   6.7798249e-02   2.3637367e-01  -9.5086623e-02   8.1965548e-03   5.6992618e-04   1.5961940e-03
   1.1034318e-01   1.1677740e-01  -2.0576187e-01   3.4123961e-03   5.8882295e-04   1.0662214e-03
   5.8812814e-02   1.1477768e-01  -1.7531197e-01   4.6285098e-03   1.2549727e-03   2.4842722e-04
   3.9339346e-02   1.6125992e-01  -1.5115555e-01   3.5471371e-03   8.4054894e-04  -1.4858667e-04
   4.5761161e-02   8.2808713e-02  -1.4540931e-01   4.1903875e-03   1.2971152e-03  -7.9109173e-06
   5.2635553e-02   1.2088329e-01  -1.3270840e-01   3.4630417e-03   1.4880650e-03   1.6980757e-04
   2.4865556e-02   1.0004244e-01  -1.2841158e-01   3.4470005e-03   1.4984084e-03  -2.4185398e-04
   3.1547681e-02   7.0830027e-02  -1.5072160e-01   4.1763519e-03   1.7951025e-03  -1.3768230e-04
   2.8330340e-02   1.3788685e-01  -1.3497882e-01   3.6977150e-03   1.8321503e-03  -1.0167265e-04
   2.4117807e-02   1.0049111e-01  -1.4601506e-01   4.0372170e-03   2.1726200e-03  -2.6729243e-04
   1.8722169e-02   1.7111165e-01  -1.4228050e-01   3.5616078e-03   1.9394325e-03  -3.7531094e-04
   5.0613117e-02  -2.9042941e-01   2.1581914e-01   9.8402472e-03   4.9721689e-04   9.1111061e-04
   2.1462772e-01   1.4539731e-01   3.4561572e-01   1.6458526e-02  -2.2846588e-03   2.8427308e-03
   1.1629906e-01   1.8801987e-01  -1.8945357e-01   7.2725813e-03   1.4132394e-03   1.2178148e-03
   1.1223314e-01   2.2721935e-01  -7.7822904e-02   7.8820604e-03   2.4460276e-03   1.5477463e-03
   5.6682369e-02   2.7745311e-01   2.1755107e-02   8.0407644e-03   1.6230672e-03   1.0918875e-03
   5.7376094e-02   2.0892142e-01   2.4775175e-03   8.7015498e-03   2.0670069e-03   1.0662308e-03
   5.0900627e-03   2.5966984e-01  -4.6001431e-03   8.0034905e-03   2.2212984e-03   4.2516801e-04
  -1.1193692e-03   2.5445985e-01   9.2686355e-04   7.8324016e-03   2.2728091e-03   2.5160832e-04
   1.4277177e-02   1.8737587e-01  -3.5298843e-02   8.3041644e-03   2.6529640e-03   4.0815596e-04
  -4.8199996e-03   2.9691407e-01  -7.8904095e-03   7.8248950e-03   2.6703661e-03   1.4949194e-04
   8.5660922e-03   2.2492767e-01  -4.3758287e-02   8.5066971e-03   3.1391376e-03   3.4001550e-04
  -5.5112064e-03   3.2350501e-01  -3.7574035e-02   8.2565041e-03   2.9761274e-03  -1.9663227e-05
  -2.3993551e-03   2.8771797e-01  -4.7439737e-02   9.1758097e-03   3.3591300e-03   7.0379063e-05
   1.6977322e-02   2.9501106e-01  -8.6953741e-02   9.2800921e-03   3.4966250e-03   2.2507623e-04
  -1.7658117e-02   3.2411219e-01  -6.4337929e-02   9.2601186e-03   3.2041701e-03  -7.4039256e-05
  -1.5063961e-02   2.8369200e-01  -8.7464626e-02   9.8072277e-03   3.1840579e-03  -7.3209668e-05
  -1.6021530e-02   3.1736889e-01  -9.0020782e-02   9.3793191e-03   3.7526005e-03   3.3514691e-05
  -1.7904790e-02   3.1724039e-01  -7.1172061e-02   9.5122872e-03   3.4934129e-03   5.8229885e-05
   4.2976801e-03   3.0552642e-01  -9.0173530e-02   1.0418185e-02   3.5825961e-03   4.6082558e-04
  -1.4110325e-03   3.4816015e-01  -6.4152066e-02   1.0097459e-02   3.7731181e-03   4.6808447e-04
   7.2940433e-03   3.5250321e-01  -3.9641236e-02   1.0121156e-02   3.8233263e-03   5.1705947e-04
   1.8179225e-02   2.9014794e-01  -4.2949797e-02   1.0052782e-02   3.9044827e-03   6.6657311e-04
   1.3548219e-01   3.2520614e-01  -2.9684238e-01   8.2033367e-03   1.3139034e-03   1.4317789e-03
   7.5026074e-02   2.7514254e-01  -2.0477191e-01   9.1876219e-03   2.5083074e-03   1.2450629e-03
   6.6413809e-02   3.2187560e-01  -1.6792538e-01   9.9637874e-03   2.6054529e-03   1.1186623e-03
   8.3836239e-02   2.5757890e-01  -1.7588160e-01   9.9753146e-03   2.8128336e-03   1.4802954e-03
   1.8115157e-01   5.9015941e-01  -7.3459922e-02   7.1461502e-03   2.5488349e-03   2.6258540e-03
   2.3928056e-01  -4.8225866e-02  -1.2615331e-01   6.2934471e-03   4.0858537e-03   3.8664082e-03
   1.7369454e-01   2.4404118e-01  -7.4695627e-02   7.4322522e-03   3.4723566e-03   2.8968986e-03
   1.7751670e-01   2.4520508e-01  -6.5285599e-02   8.4992253e-03   4.1918025e-03   3.1952764e-03
   1.2235530e-01   2.5594316e-01  -6.0517211e-01   1.3826147e-02   2.8103562e-03   2.1859951e-03
   1.3450330e-01   2.1499932e-01  -4.1920767e-01   1.0966816e-02   3.6744436e-03   1.9608274e-03
   8.7095042e-02   2.5431816e-01  -3.4563279e-01   9.9810173e-03   3.9199052e-03   1.0717793e-03
   1.1016191e-01   2.2471932e-01  -3.1974002e-01   9.7433695e-03   4.8267911e-03   1.5192590e-03
   9.8106266e-02   2.8537218e-01  -2.8107309e-01   9.3954667e-03   4.6655479e-03   1.5289012e-03
   1.1662265e-01   2.4617281e-01  -3.1354964e-01   9.5980655e-03   5.0257788e-03   1.7366708e-03
   9.9730494e-02   3.1549082e-01  -2.8274844e-01   9.1653391e-03   4.7329005e-03   1.4473901e-03
   8.8543808e-02   2.9633634e-01  -3.1885830e-01   9.0475994e-03   4.7214661e-03   1.2383336e-03
   1.1928591e-01   2.5491836e-01  -3.1880061e-01   9.5835002e-03   5.0018437e-03   1.6293403e-03
   1.3564287e-01   4.1917596e-01  -3.1083851e-01   8.9904277e-03   5.2431279e-03   1.7615719e-03
   2.6514426e-01   3.5843823e-01  -6.8867862e-02   6.7364848e-03   4.4663062e-03   3.1065385e-03
   1.9252614e-01   1.1991785e-01  -1.9349616e-01   7.5569332e-03   4.8936727e-03   2.7694521e-03
   1.7851347e-01   2.4666795e-01  -2.1632563e-01   8.7992343e-03   4.4369972e-03   2.7695429e-03
   1.6053324e-01   3.1320952e-01  -2.2636019e-01   8.4372889e-03   4.4391749e-03   2.5685273e-03
   1.6070957e-01   2.5118502e-01  -2.2818870e-01   8.6626580e-03   4.7137750e-03   2.5819931e-03
   1.6572418e-01   2.6529284e-01  -2.4569834e-01   9.3726497e-03   4.4905566e-03   2.6663489e-03
   1.5799688e-01   3.0999023e-01  -2.2999534e-01   8.8096769e-03   4.3197843e-03   2.4128027e-03
   1.5691876e-01   2.9255024e-01  -2.3280714e-01   9.0730918e-03   4.6505455e-03   2.5022207e-03
   1.7982448e-01   2.7770610e-01  -2.3158337e-01   9.7251140e-03   4.7799227e-03   2.7582068e-03
   1.7642321e-01   3.4501262e-01  -2.2519820e-01   8.6091046e-03   5.0082458e-03   2.7459170e-03
   1.8641241e-01   3.0989029e-01  -2.4038023e-01   8.9480782e-03   5.1331978e-03   2.7667135e-03
   1.8692294e-01   3.6644042e-01  -2.8755270e-01   8.6186359e-03   4.8712210e-03   2.5205950e-03
   2.4485614e-01   3.2965039e-01  -3.0737345e-01   8.1815657e-03   4.2754358e-03   3.2187449e-03
   2.1667035e-01   2.5470154e-01  -2.7555437e-01   8.5104760e-03   4.0484606e-03   3.0136893e-03
   2.0273956e-01   2.3848167e-01   1.1711278e-01   1.0791271e-02   5.5570420e-03   9.9589834e-04
   4.0728906e-01  -4.9791111e-02   9.4815033e-01   2.6290831e-02  -5.0953684e-04  -1.8562572e-03
   2.7363772e-01   5.9416228e-01   3.0491618e-01   2.1528283e-02  -8.1891828e-04   4.4189432e-04
   5.2991384e-02   2.7343650e-01   1.4319074e-01   1.7327358e-02   2.6795744e-03  -4.4814800e-03
   5.2986454e-02   4.6710388e-01   2.6968974e-01   1.7029954e-02   2.3457728e-03  -5.0884702e-03
   6.0547013e-02   5.2268804e-01   2.9241319e-01   1.7476867e-02   2.0618994e-03  -5.1189983e-03
   4.6616101e-02   4.9055528e-01   2.9317026e-01   1.7319755e-02   2.1211389e-03  -5.2080434e-03
   6.0066036e-02   4.8920613e-01   2.8694854e-01   1.6985001e-02   2.4995766e-03  -4.8587408e-03
   4.7407473e-02   5.3950066e-01   3.3299313e-01   1.6349234e-02   2.0427750e-03  -4.7751692e-03
   7.1617748e-02   4.9048348e-01   3.6070211e-01   1.7066690e-02   2.4897807e-03  -4.2778273e-03
   2.0151714e-01   5.2612140e-01   3.0835423e-01   1.7580965e-02   1.8562349e-03  -1.5486530e-03
   5.1919205e-02   6.0169098e-01   3.8205489e-01   1.6162446e-02   1.9053459e-03  -4.6680932e-03
   7.2086426e-02   5.3384196e-01   3.1631490e-01   1.7625526e-02   3.8101946e-03  -4.1642675e-03
   5.6533857e-02   5.9787563e-01   3.0782930e-01   1.7364168e-02   3.0205992e-03  -4.3383855e-03
   7.2029678e-02   5.7746477e-01   3.0677020e-01   1.7454424e-02   3.3822702e-03  -4.2258639e-03
   6.6075731e-02   5.9391956e-01   2.9825052e-01   1.7386178e-02   3.1813859e-03  -4.2287136e-03
   7.5868106e-02   5.5911789e-01   3.0932456e-01   1.7509704e-02   3.6139472e-03  -3.8888290e-03
   6.5069923e-02   6.4611289e-01   2.9876080e-01   1.7057451e-02   2.9622888e-03  -4.0033830e-03
   7.2596864e-02   5.3718345e-01   3.0093578e-01   1.7475838e-02   3.2035403e-03  -3.8675755e-03
   7.0202096e-02   6.3207681e-01   2.9474748e-01   1.7176475e-02   2.7313799e-03  -3.9771508e-03
   8.5686225e-02   5.7325980e-01   2.8779985e-01   1.7725188e-02   2.9685562e-03  -3.5813812e-03
   9.2656099e-02   6.0007317e-01   2.7556133e-01   1.8031823e-02   3.4167827e-03  -3.6005818e-03
   1.1113523e-01   6.7395732e-01   2.7410552e-01   1.7611433e-02   2.9683244e-03  -3.5049058e-03
   1.5037167e-01   5.3110628e-01   2.6702928e-01   1.8375673e-02   2.4498823e-03  -2.8675157e-03
   1.1418390e-01   6.6175518e-01   2.9567513e-01   1.8075487e-02   2.3755822e-03  -3.2659814e-03
   1.6485126e-01   6.0177241e-01   3.2212135e-01   1.8779849e-02   2.8140443e-03  -2.9067093e-03
   1.4982341e-01   5.7128823e-01   3.1272564e-01   1.8605955e-02   2.7919586e-03  -2.8578743e-03
   1.6577321e-01   6.2961882e-01   2.7772329e-01   1.8202424e-02   2.6099616e-03  -2.4606305e-03
   2.7244515e-01   5.8497213e-01   2.4509515e-01   2.0516853e-02   2.3892970e-03  -7.2758147e-04
   2.5966293e-01   5.8037455e-01   1.7804349e-01   1.8398686e-02   1.0003623e-03  -4.2538420e-04
   2.4290784e-01   5.5426247e-01   2.3099443e-01   1.8933768e-02   6.7275824e-04  -8.3376669e-04
   2.1762706e-01   5.9689941e-01   2.4823071e-01   1.8644237e-02   1.1817829e-03  -1.1875311e-03
   2.1003362e-01   5.6367975e-01   2.6020310e-01   1.8694154e-02   1.3122590e-03  -1.4186394e-03
   2.1943541e-01   5.5811205e-01   2.5654695e-01   1.9509643e-02   1.8685569e-03  -1.3507176e-03
   2.0930678e-01   5.5627038e-01   2.3448533e-01   1.9422800e-02   1.9241794e-03  -1.4191890e-03
   2.1457354e-01   5.8922279e-01   2.2926088e-01   1.8818026e-02   2.0772082e-03  -1.2736174e-03
   2.0528621e-01   5.7125742e-01   2.0907453e-01   1.8951924e-02   2.3132760e-03  -1.4256673e-03
   2.0807735e-01   6.0328633e-01   1.9232217e-01   1.8954148e-02   2.1475037e-03  -1.3449579e-03
   2.1166175e-01   5.6528476e-01   2.3047840e-01   1.8308204e-02   2.4479953e-03  -1.2710116e-03
   2.0151369e-01   6.6783657e-01   2.1119636e-01   1.9324891e-02   2.7372393e-03  -1.1380205e-03
   2.0731075e-01   5.8164038e-01   2.3598651e-01   1.9008320e-02   2.2956161e-03  -1.0385706e-03
   9.9430538e-02   1.4283724e-01   1.1041459e+00   2.7483228e-02  -6.7798244e-05  -2.1842601e-03
   2.4420275e-01   2.1043735e-01   1.1634926e+00   4.4980361e-02  -1.4706970e-02   3.3365427e-04
   1.3965548e-01   5.1813000e-01   5.0451661e-01   1.7593114e-02  -8.8467821e-03  -1.0690085e-04
   6.5063777e-02   6.3357506e-01   3.2439239e-01   2.4582864e-02  -5.7780760e-03  -2.3525637e-03
   8.3896448e-02   7.2295096e-01   4.5333237e-01   2.6603021e-02  -4.3679375e-03  -2.6156127e-03
   7.3655142e-02   7.7121904e-01   5.5714134e-01   2.6310662e-02  -3.9852887e-03  -2.1713312e-03
   8.9189372e-02   6.9587808e-01   5.2570233e-01   2.6802939e-02  -3.0482177e-03  -1.7017170e-03
   7.5572961e-02   7.4745207e-01   5.0465999e-01   2.6187630e-02  -3.2468384e-03  -1.5583172e-03
   3.4784230e-01   7.5182820e-01  -1.1213124e-01   2.2623852e-02  -6.8752845e-03   3.1905477e-03
   1.7252521e-01   5.9227081e-01   1.3997702e-01   2.4603457e-02  -4.4251509e-03   4.1933310e-04
   1.4270998e-01   6.6282679e-01   1.5195081e-01   2.5246830e-02  -3.9487012e-03  -1.5857271e-04
   9.4418232e-02   7.4820669e-01   2.3756465e-01   2.4073177e-02  -3.8430534e-03  -8.0384588e-04
   9.3453615e-02   6.9720079e-01   2.1789374e-01   2.4722103e-02  -3.2458794e-03  -1.0196632e-03
   1.1197694e-01   6.7302557e-01   2.3463713e-01   2.4977919e-02  -2.7987309e-03  -5.0294897e-04
   7.9069518e-02   7.5444970e-01   2.1763204e-01   2.4840270e-02  -2.5749967e-03  -1.1204147e-03
   6.3598426e-02   7.4857120e-01   2.2448387e-01   2.5404796e-02  -2.0024165e-03  -1.4513303e-03
   6.3251097e-02   7.5304090e-01   1.9233313e-01   2.6152781e-02  -1.4401034e-03  -1.5808212e-03
   5.9835407e-02   7.7395565e-01   2.0612895e-01   2.5949374e-02  -1.4204956e-03  -1.6007917e-03
   7.5917410e-02   7.8971703e-01   2.1972414e-01   2.5679077e-02  -1.3763187e-03  -1.4418668e-03
   7.8682992e-02   7.7422227e-01   2.3667429e-01   2.5490519e-02  -1.2036300e-03  -1.5435595e-03
   6.7339208e-02   7.5388046e-01   2.0135616e-01   2.6516335e-02  -7.7797979e-04  -1.7136027e-03
   2.0409188e-01   8.6201677e-01   1.2972930e-01   2.5856790e-02  -3.5751234e-03  -5.1459576e-04
   2.2800697e-01   7.3428827e-01  -1.3590569e-01   2.1801704e-02  -4.1529944e-03  -5.6545762e-04
   2.5038551e-01   7.3851769e-01  -4.2104694e-02   2.3768362e-02  -4.2303943e-03   4.3869285e-04
   2.4669124e-01   7.1698773e-01   3.9487671e-04   2.4281138e-02  -3.9270784e-03   2.3573984e-04
   2.6356129e-01   6.6867508e-01   4.2695959e-02   2.4881882e-02  -3.7832380e-03   7.4229451e-04
   2.7579907e-01   7.4540762e-01   6.4875896e-02   2.4352815e-02  -3.3087565e-03   1.4135397e-03
   2.6892317e-01   6.9399176e-01   8.2481312e-02   2.4342523e-02  -3.4265062e-03   1.1401550e-03
   2.8366341e-01   7.0425747e-01   8.8353050e-02   2.4696045e-02  -3.2132254e-03   1.3500720e-03
   2.7592441e-01   6.6716897e-01   7.4663983e-02   2.4804919e-02  -2.7968472e-03   1.1777640e-03
   2.6906615e-01   6.8539198e-01   7.9202519e-02   2.5095244e-02  -2.6024230e-03   1.1094879e-03
   2.2139514e-01   7.2132140e-01   9.6105157e-02   2.4067800e-02  -2.2379148e-03  -1.2581473e-03
   2.0927228e-01   7.0327722e-01   9.4088566e-02   2.4647307e-02  -1.9050169e-03  -1.2832703e-03
   2.0266163e-01   7.6243386e-01   8.7764362e-02   2.4563050e-02  -1.8842891e-03  -1.1938520e-03
   1.9395919e-01   7.4149749e-01   5.2563880e-02   2.5090773e-02  -1.9744372e-03  -1.6560533e-03
   2.1152509e-01   7.3079551e-01   7.4268738e-02   2.5655170e-02  -1.5149154e-03  -1.4248745e-03
   1.9613420e-01   8.2033173e-01   6.6017969e-02   2.5075043e-02  -1.9168148e-03  -1.5481849e-03
   1.9816429e-01   7.5582955e-01   5.2275380e-02   2.5871911e-02  -1.2895843e-03  -1.7406961e-03
   1.9413443e-01   7.3700818e-01   7.7468136e-02   2.5861859e-02  -1.0898083e-03  -1.7193190e-03
   2.1279288e-01   7.4962103e-01   5.0006649e-02   2.5693486e-02  -1.5448715e-03  -1.3220410e-03
   1.9135807e-01   7.9311494e-01   6.6639038e-02   2.5356606e-02  -1.5882036e-03  -1.5017521e-03
   1.8294398e-01   7.4115784e-01   2.3263414e-02   2.5681427e-02  -1.2825192e-03  -1.7335536e-03
   2.0462502e-01   7.2747093e-01   3.8809043e-02   2.6022448e-02  -9.4852666e-04  -1.4822854e-03
   1.6978483e-01   7.9153512e-01   1.3192929e-02   2.5441935e-02  -6.7846969e-04  -1.9153479e-03
   1.6961868e-01   7.9909802e-01  -7.5927397e-03   2.5887513e-02  -6.9987793e-04  -2.2033479e-03
   1.8672418e-01   7.2793669e-01  -6.3700910e-03   2.6795857e-02  -6.6342544e-04  -1.9806944e-03
   1.5779480e-01   8.4550146e-01   8.5440878e-02   2.5997898e-02  -1.1489832e-03  -2.1951644e-03
   2.0113074e-01  -1.1741096e-02   1.3833118e+00   5.7969258e-02  -8.1695785e-03   1.3102245e-03
   1.0831049e-01   9.3310375e-01   8.9565815e-02   2.9693539e-02  -4.5560526e-03  -1.2320038e-03
  -1.7945639e-02   7.9001973e-01   1.9505223e-01   2.9183900e-02  -2.6614259e-03  -3.1178241e-03
  -2.3090197e-02   9.1116246e-01   1.8695241e-01   3.1382744e-02  -2.0832866e-03  -3.0207320e-03
  -3.6009729e-02   9.4083556e-01   2.2097202e-01   3.0074063e-02  -1.4889527e-03  -2.7985363e-03
   1.9538226e-02   7.9850472e-01  -1.4978553e-01   3.4060446e-02   9.4218927e-04  -1.5201636e-03
  -2.6106584e-02   9.7030129e-01   4.7458651e-02   3.2221513e-02   3.2252663e-04  -2.2799779e-03
  -9.3916161e-03   8.6589117e-01   2.0245723e-02   3.3799462e-02   8.7635573e-04  -2.0598494e-03
  -2.5874103e-02   9.6622316e-01   8.0542080e-02   3.3352262e-02   9.7809327e-04  -2.0677851e-03
  -2.0364632e-02   8.4603696e-01   4.2871036e-02   3.3739506e-02   1.3732312e-03  -1.8460671e-03
  -4.0760360e-02   9.8452346e-01   5.8534403e-02   3.3239871e-02   1.3219205e-03  -2.1700068e-03
  -2.9883612e-02   9.3433457e-01   7.4052601e-02   3.3002926e-02   8.6837152e-04  -2.1774638e-03
  -2.1253034e-02   9.7988793e-01   7.8306759e-02   3.3026062e-02   8.7340302e-04  -1.9042869e-03
   5.4251999e-02   1.1803290e+00   1.7218040e+00   4.4738895e-02  -6.3651514e-04  -4.3397939e-03
