   1.1685581e-14   0.0000000e+00   0.0000000e+00   1.9183877e-51   1.4778722e-84   7.7037198e-34
  -4.1325991e-02   5.9240899e-02   1.1725359e-01  -4.4479120e-04  -5.1743288e-04  -6.8373732e-04
  -7.7731865e-02   2.0871121e-02   9.3222417e-02  -7.4644470e-04  -2.7391316e-04  -1.3973536e-03
  -4.9503936e-02  -4.3988606e-02   1.5487202e-01  -2.4667044e-04  -1.1741680e-03  -1.2886897e-03
  -7.9127224e-02   1.1276683e-01   1.5451519e-01  -1.6211768e-03  -1.3806220e-03  -1.6466201e-03
  -4.9189779e-02  -5.9729616e-02   1.6960824e-01   8.5075764e-06  -1.4102392e-03  -1.1921013e-03
  -1.1965262e-01   1.0863512e-02   2.6261349e-01  -6.4197413e-04  -1.6005899e-03  -2.4006489e-03
  -1.2749168e-01  -5.3118073e-02   2.4818561e-01  -6.7474494e-04  -2.1953880e-03  -2.9205597e-03
  -1.0655271e-01   3.1035745e-02   2.9945703e-01  -8.6166349e-04  -2.1180376e-03  -2.8806899e-03
  -1.0474454e-01  -7.8435011e-02   3.3566497e-01  -1.4495095e-04  -2.7111567e-03  -3.0155459e-03
  -1.4037225e-01   4.8347866e-02   3.3213727e-01  -2.2315055e-04  -1.6668853e-03  -3.4347834e-03
  -1.9642502e-01  -3.9518680e-02   4.2212037e-01   1.0119262e-03  -2.4505169e-03  -5.5038031e-03
  -1.5659377e-01  -2.5991154e-02   3.8342435e-01   6.3715705e-04  -2.7885297e-03  -4.9705214e-03
  -1.5276572e-01  -1.4911233e-02   4.6615080e-01   6.9460171e-04  -3.0506418e-03  -5.0612004e-03
  -1.1553563e-01  -6.2204817e-02   4.6112037e-01   1.1266050e-03  -3.2021337e-03  -4.5782312e-03
  -8.5449434e-02   7.6204429e-03   4.8451116e-01   5.3627052e-04  -3.5261435e-03  -4.3772454e-03
  -1.0250935e-01   3.1616755e-03   4.1985848e-01   4.4226603e-04  -3.5416883e-03  -4.5770411e-03
  -5.1725797e-02  -1.0153751e-01   5.1758620e-01   1.4856269e-03  -4.0668539e-03  -4.0440220e-03
  -1.4349193e-02   1.6954800e-02   5.1103754e-01   7.4495212e-04  -3.6027079e-03  -2.7767415e-03
   9.5484383e-03  -1.1381699e-01   5.1122269e-01   1.4102966e-03  -4.1989660e-03  -2.9823605e-03
   8.4609337e-03   3.4442090e-03   5.0448276e-01   8.8366890e-04  -4.0942366e-03  -2.8330287e-03
  -1.7724164e-03  -1.0880799e-01   5.2673295e-01   1.5251007e-03  -4.6444657e-03  -3.1140726e-03
  -3.0224179e-02  -5.4075454e-03   5.3639339e-01   9.5862267e-04  -4.5451571e-03  -3.3976911e-03
  -2.4373334e-02  -9.6275547e-02   5.6706843e-01   1.6367293e-03  -5.2523000e-03  -3.7039646e-03
  -1.0172349e-02  -2.1553040e-02   5.3219244e-01   1.0987635e-03  -5.0595250e-03  -3.4508806e-03
  -9.9800119e-05  -1.0790951e-01   5.5583237e-01   1.9640922e-03  -5.5498436e-03  -3.5135764e-03
  -2.3899691e-02  -1.7284704e-02   5.3882662e-01   1.1150027e-03  -5.2605703e-03  -3.6369210e-03
  -1.1965185e-02  -9.1367421e-02   5.7601996e-01   1.9254274e-03  -5.5554003e-03  -3.6246114e-03
  -2.4018461e-02   1.6477373e-02   5.2208831e-01   1.3324664e-03  -5.6506813e-03  -3.9401562e-03
  -1.2175865e-02  -7.4285098e-02   5.2418654e-01   2.4749773e-03  -5.5525812e-03  -3.9098786e-03
  -3.4608529e-03   2.7543268e-03   5.1068578e-01   2.5717869e-03  -5.5738872e-03  -3.7382625e-03
   3.1725779e-04  -7.0500700e-02   5.5731022e-01   2.9853950e-03  -6.0126197e-03  -3.6935369e-03
   9.2386933e-03  -2.7132247e-02   5.1833644e-01   2.5835110e-03  -5.9152511e-03  -3.4663141e-03
   9.5671482e-03  -4.7154511e-02   5.2876983e-01   2.8256540e-03  -6.2224153e-03  -3.6150369e-03
   3.5992145e-02  -4.3395334e-02   4.8848274e-01   3.1815195e-03  -5.7838154e-03  -3.4483105e-03
   1.3234843e-02   1.6909315e-02   5.0896656e-01   2.8075783e-03  -5.8961143e-03  -3.5596104e-03
   2.8980037e-02  -5.5939461e-02   5.2959817e-01   3.3075942e-03  -6.1244630e-03  -3.6112475e-03
   4.9115519e-02  -1.8442285e-02   4.9887492e-01   3.4374103e-03  -6.2079013e-03  -3.3691869e-03
   4.2551341e-02   5.4034285e-03   4.9863878e-01   3.1538370e-03  -5.9253894e-03  -3.2246799e-03
   3.9484678e-02  -3.3482688e-02   5.4229504e-01   3.6218385e-03  -6.2860952e-03  -3.4068503e-03
   4.2495927e-02   2.1355857e-02   5.0854418e-01   3.3013286e-03  -6.1831307e-03  -3.2400032e-03
   1.0668906e-01   3.0568892e-02   5.5083228e-01   3.8547828e-03  -5.5788485e-03  -2.1315055e-03
   4.1674716e-02   2.2304425e-01   4.7243720e-01   2.0421700e-03  -5.1908163e-03  -2.3415012e-03
   8.3043369e-02  -1.3227499e-01   4.8307193e-01   2.8250391e-03  -5.9158189e-03  -2.8984189e-03
   1.0346092e-01  -8.6519033e-02   6.2012834e-01   3.6950938e-03  -7.0305341e-03  -2.8728874e-03
   1.0097689e-01  -7.1369336e-02   6.1827093e-01   3.6969034e-03  -7.1070814e-03  -2.8469311e-03
   1.0626027e-01  -9.9797581e-03   5.9924650e-01   3.3519852e-03  -7.4629287e-03  -2.9710855e-03
   8.7460420e-02  -2.5617695e-02   6.6095963e-01   2.5919849e-03  -7.6699759e-03  -3.2430051e-03
   8.3731206e-02  -9.9105639e-02   6.8355798e-01   2.9830022e-03  -8.5915953e-03  -3.8556860e-03
   9.5011785e-02  -2.9880736e-02   6.5588475e-01   2.5610278e-03  -8.3366540e-03  -3.4214223e-03
   1.3074324e-01  -6.4450375e-02   7.0022374e-01   3.1103513e-03  -8.2396184e-03  -2.9990241e-03
   1.5578762e-01  -3.5333321e-02   6.8108251e-01   3.1001325e-03  -8.4779117e-03  -2.8695483e-03
   1.5278803e-01  -5.5248722e-02   6.9922919e-01   3.0484161e-03  -8.5309661e-03  -3.2034247e-03
   1.5522537e-01  -7.6965677e-02   7.0832431e-01   3.3493785e-03  -8.8401610e-03  -3.2475643e-03
   1.4541394e-01  -2.4999922e-02   6.8298826e-01   3.1239364e-03  -8.9054428e-03  -3.2451527e-03
   1.5674237e-01  -5.9472250e-02   7.2588716e-01   3.2439377e-03  -8.9728899e-03  -3.0825878e-03
   1.8387427e-01  -7.0822816e-02   6.8796961e-01   3.6379649e-03  -8.9855505e-03  -2.5982286e-03
   1.7030505e-01  -2.2809565e-03   6.8967915e-01   3.1051971e-03  -8.9620388e-03  -2.6781098e-03
   2.0712047e-01  -8.3217695e-02   6.9338308e-01   3.7367970e-03  -9.1559849e-03  -2.4770402e-03
   1.4031855e-01   3.7220189e-02   6.8384031e-01   3.2408079e-03  -9.9385527e-03  -3.3262912e-03
   1.7446296e-01  -8.1479425e-02   6.9538961e-01   3.8881936e-03  -9.9100402e-03  -3.3667770e-03
   1.7998655e-01  -6.6917440e-03   6.7356401e-01   3.4393586e-03  -9.7005242e-03  -3.0938811e-03
   2.0583342e-01  -2.5454260e-02   7.2621775e-01   3.5077374e-03  -9.9366218e-03  -2.8822455e-03
   2.1614203e-01  -7.8727592e-02   7.1333760e-01   4.1718414e-03  -1.0030902e-02  -2.8054164e-03
   2.0554983e-01  -5.3980615e-03   7.0440473e-01   3.6902002e-03  -9.8065637e-03  -2.8823051e-03
   2.0822979e-01  -6.2421048e-02   7.5954104e-01   4.2480582e-03  -1.0275265e-02  -3.0877974e-03
   2.1767387e-01  -4.0944798e-02   7.2089770e-01   3.9081684e-03  -1.0370113e-02  -2.8714128e-03
   2.0255642e-01  -3.5273716e-02   7.7117692e-01   3.7620150e-03  -1.0652381e-02  -3.1128119e-03
   2.1965955e-01  -5.7377473e-02   7.3367906e-01   4.0613969e-03  -1.0541088e-02  -3.0300977e-03
   2.2845474e-01  -3.1511339e-02   7.8387351e-01   4.0362401e-03  -1.0784111e-02  -2.6137171e-03
   2.5876223e-01  -8.2299089e-02   7.7342774e-01   4.1183212e-03  -1.0727363e-02  -2.5566969e-03
   2.2441992e-01  -2.8305189e-02   7.7294995e-01   3.7726934e-03  -1.0905777e-02  -2.6309100e-03
   2.3295014e-01  -8.7788277e-02   7.6027137e-01   4.4526650e-03  -1.1166261e-02  -2.7959566e-03
   2.0917774e-01  -9.4707753e-03   7.4752524e-01   3.7196215e-03  -1.0664028e-02  -2.8812041e-03
   2.0824213e-01  -5.1146786e-02   7.7874338e-01   3.9527650e-03  -1.0814750e-02  -2.8290357e-03
   2.5195166e-01  -7.5432835e-02   7.7527960e-01   4.4209974e-03  -1.0721613e-02  -2.7424571e-03
   2.4446605e-01  -1.2802412e-02   7.6777097e-01   3.6628452e-03  -1.0498549e-02  -2.7955796e-03
   2.2942492e-01  -2.0859904e-02   7.7830301e-01   3.9519159e-03  -1.0654977e-02  -2.8657081e-03
   2.3946014e-01  -6.5158446e-02   7.7304089e-01   4.5576717e-03  -1.1030797e-02  -3.0694125e-03
   2.0578897e-01  -1.3574137e-02   7.8213354e-01   3.8737928e-03  -1.0874686e-02  -3.3656704e-03
   1.8422730e-01  -4.3303171e-02   8.0498631e-01   4.1234716e-03  -1.1136057e-02  -3.4840594e-03
   1.9940899e-01  -5.2824815e-02   7.5508102e-01   5.0633833e-03  -1.1205162e-02  -3.4399802e-03
   1.5298213e-01   1.3387053e-02   7.8153258e-01   4.4507005e-03  -1.1203644e-02  -3.6793173e-03
   1.8245232e-01  -9.7886237e-02   7.9652766e-01   4.9692818e-03  -1.1553799e-02  -3.6753996e-03
   1.6776432e-01  -1.2852305e-02   7.6322538e-01   4.3825132e-03  -1.1076181e-02  -3.6720975e-03
   1.6595320e-01  -6.6955081e-02   7.7916103e-01   4.5182213e-03  -1.1081486e-02  -3.7357689e-03
   1.7729755e-01  -7.6011326e-02   7.6612017e-01   4.7087770e-03  -1.1325418e-02  -3.7044842e-03
   1.5785240e-01   1.0013299e-02   7.6231065e-01   4.4761333e-03  -1.1402053e-02  -4.0041978e-03
   1.5488847e-01  -4.6494525e-02   7.5882586e-01   4.8267581e-03  -1.1324630e-02  -3.8922433e-03
   1.5032060e-01  -4.2970300e-02   7.8210024e-01   4.6207111e-03  -1.1893145e-02  -4.1943439e-03
   1.6185288e-01  -2.7279476e-02   7.6180516e-01   4.9640744e-03  -1.2219429e-02  -4.2280004e-03
   1.2724209e-01   1.5326506e-02   7.7235148e-01   4.5375230e-03  -1.2297339e-02  -4.5731326e-03
   1.5166065e-01  -1.9497348e-02   8.0071915e-01   4.4295293e-03  -1.2390718e-02  -4.7335270e-03
   1.8574072e-01  -3.4879575e-02   7.5430611e-01   4.8717797e-03  -1.2298592e-02  -4.3977396e-03
   1.5239642e-01  -1.2961281e-02   8.2789731e-01   5.0965449e-03  -1.2655614e-02  -4.8843852e-03
   2.1282536e-01  -8.1780755e-02   7.8313303e-01   5.4860028e-03  -1.2475249e-02  -4.6424297e-03
   2.2440339e-01   3.5560477e-03   8.0714438e-01   5.1431513e-03  -1.2080006e-02  -3.8995609e-03
   2.3980133e-01  -1.0215248e-01   8.0828909e-01   5.5857438e-03  -1.2864260e-02  -3.8864874e-03
   2.2615278e-01  -6.7063617e-03   7.9527944e-01   5.2157362e-03  -1.2625769e-02  -4.0487813e-03
   2.0533067e-01  -1.7560894e-02   7.8853626e-01   5.0129541e-03  -1.2551377e-02  -4.0238950e-03
   1.9907938e-01  -6.6550612e-02   8.2075050e-01   5.7617744e-03  -1.3952649e-02  -4.4764334e-03
   1.6659912e-01   1.5598655e-02   8.0657885e-01   5.2407480e-03  -1.3676003e-02  -4.8710370e-03
   1.8884387e-01  -4.2451872e-02   8.0934059e-01   5.5453616e-03  -1.3247122e-02  -4.5954859e-03
   2.0315006e-01  -4.5766383e-02   8.0518401e-01   5.8142545e-03  -1.3794323e-02  -4.6372194e-03
   1.6768642e-01   3.0225031e-02   8.1762136e-01   5.5058205e-03  -1.3886173e-02  -4.9476051e-03
   1.8592692e-01  -4.3494709e-02   8.3010084e-01   5.5993295e-03  -1.3775969e-02  -4.8030204e-03
   2.0318556e-01  -5.6268929e-02   7.9206725e-01   5.8374815e-03  -1.4116024e-02  -4.7546770e-03
   1.8286766e-01   6.1176202e-02   8.1242748e-01   5.3088326e-03  -1.4198659e-02  -4.7786049e-03
   2.1601046e-01  -7.5108591e-02   8.3764055e-01   6.0878016e-03  -1.4649753e-02  -4.6507493e-03
   2.2660506e-01   5.4877636e-02   8.1261670e-01   5.3935406e-03  -1.3778100e-02  -4.0898420e-03
   2.6557513e-01  -8.5240885e-02   8.3983520e-01   5.8332978e-03  -1.3054943e-02  -3.7437228e-03
   2.6049347e-01  -2.6241949e-02   7.9742082e-01   5.8778051e-03  -1.3843483e-02  -4.0332033e-03
   2.4910429e-01   4.0423154e-03   7.9795694e-01   5.3533578e-03  -1.3084859e-02  -3.9204063e-03
   2.6051028e-01  -6.2836371e-02   8.3267663e-01   5.9711135e-03  -1.4033589e-02  -4.0554999e-03
   2.7083214e-01  -2.9448326e-02   7.7295823e-01   5.6971472e-03  -1.3724453e-02  -3.6553704e-03
   2.4749190e-01   1.6179976e-02   8.0650846e-01   5.3005641e-03  -1.3487165e-02  -3.6915359e-03
   2.3668044e-01  -2.7735408e-02   8.4883105e-01   5.5506764e-03  -1.4161102e-02  -4.1350135e-03
   2.4578475e-01  -2.2598386e-02   8.1774123e-01   5.5847995e-03  -1.4182156e-02  -3.9397664e-03
   2.2091840e-01   1.4521009e-01   8.5986052e-01   4.8544232e-03  -1.6102436e-02  -1.8026212e-03
   5.7524115e-02   8.4384583e-02   7.1235921e-01   5.4702876e-03  -1.5296396e-02  -1.8611583e-03
   2.4856668e-02  -5.7781010e-02   7.7596192e-01   6.2632518e-03  -1.3552124e-02  -3.5399600e-03
  -1.1899756e-03   1.9576759e-02   8.9912105e-01   5.6614935e-03  -1.4175834e-02  -3.9939464e-03
   6.9499188e-02  -3.4704271e-02   8.5687361e-01   5.9768431e-03  -1.4356255e-02  -3.2146860e-03
   1.0551312e-01  -7.2333340e-02   8.4740252e-01   5.9063217e-03  -1.4666138e-02  -3.6217676e-03
   9.8245449e-02   2.0737485e-03   8.5562090e-01   5.5647884e-03  -1.4631534e-02  -3.2675049e-03
   1.2946472e-01  -8.7292733e-02   8.5368891e-01   6.2499566e-03  -1.5062932e-02  -3.5433388e-03
   1.4178154e-01  -2.4614451e-02   8.4773255e-01   5.8996934e-03  -1.4906985e-02  -3.4329361e-03
   1.4637316e-01  -2.6129966e-02   8.7466376e-01   5.6791174e-03  -1.5159406e-02  -3.2876506e-03
   1.5459443e-01  -7.4372142e-02   8.5893624e-01   5.9771267e-03  -1.5627732e-02  -3.6933645e-03
   1.4527892e-01  -5.8376446e-03   8.6642399e-01   5.5639420e-03  -1.5249230e-02  -3.2957248e-03
   1.6716655e-01  -9.9104339e-02   8.7757549e-01   6.1225556e-03  -1.5785691e-02  -3.4003726e-03
   1.4567828e-01  -4.7498873e-02   8.6285489e-01   5.7653559e-03  -1.5480347e-02  -3.4055847e-03
   1.4518126e-01  -7.8237674e-02   8.9690606e-01   5.9867425e-03  -1.5830793e-02  -3.6604163e-03
   1.4206680e-01  -5.6105172e-02   8.3674874e-01   6.1427508e-03  -1.5509272e-02  -3.5368532e-03
   1.2383145e-01  -3.3179899e-02   8.9961978e-01   6.1423985e-03  -1.5886115e-02  -3.4998603e-03
   5.5921024e-02  -5.6752462e-02   8.7207165e-01   5.5252394e-03  -1.5868527e-02  -4.4492097e-03
   1.0120119e-01  -1.0365476e-01   8.6537965e-01   6.1268987e-03  -1.6214070e-02  -4.2562732e-03
   8.4032522e-02  -4.5288167e-02   8.1760953e-01   5.8393946e-03  -1.6127338e-02  -4.4596165e-03
   7.3792176e-02  -3.8867571e-02   8.3068452e-01   5.6997278e-03  -1.6327119e-02  -4.5170239e-03
   1.0425221e-01  -6.1697972e-02   8.2723116e-01   6.2751681e-03  -1.6122800e-02  -4.3169062e-03
   7.3973768e-02  -2.4892693e-02   8.1053081e-01   5.6324383e-03  -1.6411346e-02  -4.6631718e-03
   6.5702770e-02  -4.2746061e-02   8.1439467e-01   5.8229494e-03  -1.6399761e-02  -4.8084492e-03
   1.0247965e-01  -4.5164012e-02   8.0304781e-01   6.2256968e-03  -1.6599386e-02  -4.7805549e-03
   6.5896089e-02   1.1510419e-02   7.7833617e-01   5.5734763e-03  -1.6976849e-02  -5.1397402e-03
   4.3852144e-02  -3.2287534e-03   8.1232248e-01   5.5224641e-03  -1.6922729e-02  -5.4666194e-03
   8.4428689e-02  -6.1788971e-02   7.8729322e-01   6.2766277e-03  -1.7435602e-02  -5.2435427e-03
   5.7369278e-02   1.6316988e-02   7.6102003e-01   6.1699785e-03  -1.7346926e-02  -5.4062935e-03
   6.8590709e-02  -2.5822533e-02   8.1016952e-01   6.4646737e-03  -1.7487149e-02  -5.0258219e-03
   6.9068348e-02  -6.9937609e-02   7.9232050e-01   6.7302565e-03  -1.8011699e-02  -5.2923250e-03
   2.7007094e-02   1.0640711e-02   8.2441090e-01   6.3791534e-03  -1.7978064e-02  -5.3081934e-03
   2.6991528e-02  -7.2128996e-02   7.9033083e-01   6.4738687e-03  -1.8262286e-02  -6.0660712e-03
   4.0799478e-02  -3.3613629e-03   7.7561186e-01   5.9014041e-03  -1.7755069e-02  -5.6351211e-03
   1.0106297e-02  -2.3994977e-03   8.0674790e-01   6.1958497e-03  -1.8053287e-02  -5.6837283e-03
  -1.2954543e-01  -3.4189364e-02   8.3277947e-01   5.8888791e-03  -1.9706190e-02  -8.0486051e-03
  -5.2272657e-02  -1.1528597e-02   8.1703240e-01   5.5456916e-03  -1.8331363e-02  -6.7521208e-03
  -2.2430806e-02  -2.6802670e-02   8.2020123e-01   5.6907900e-03  -1.8152528e-02  -6.3733178e-03
  -2.8028207e-02  -2.5239374e-02   8.2927051e-01   5.8914510e-03  -1.8541300e-02  -6.5013260e-03
  -3.1671053e-02   3.6753357e-03   8.3102829e-01   5.8057983e-03  -1.8754275e-02  -6.8638926e-03
  -4.1663542e-02  -1.6009190e-03   8.6092323e-01   5.5795838e-03  -1.8781164e-02  -6.8794883e-03
  -3.2318608e-02  -5.1641439e-02   8.8787531e-01   5.8774358e-03  -1.9435991e-02  -7.1272702e-03
  -5.6041889e-02   6.6333647e-02   8.4165337e-01   5.0863048e-03  -1.8925966e-02  -6.6023326e-03
  -3.4575824e-02  -7.7179121e-02   8.8346753e-01   5.9675547e-03  -1.9294419e-02  -6.9672641e-03
  -7.7134676e-02   2.2749899e-02   8.7568899e-01   5.4801688e-03  -1.9401398e-02  -7.1736294e-03
  -6.3372977e-02  -3.1005467e-02   8.7982015e-01   5.4796217e-03  -1.9429238e-02  -7.0292183e-03
  -6.7916647e-02  -3.5058141e-02   8.3821521e-01   5.7844982e-03  -1.9924337e-02  -7.4831585e-03
  -7.5857446e-02  -2.5293982e-04   8.7967361e-01   5.5353951e-03  -1.9806180e-02  -7.2660162e-03
  -6.6972507e-02  -5.5925918e-02   8.8716115e-01   5.9543895e-03  -2.0291519e-02  -7.5291931e-03
  -2.6200953e-02  -2.8615560e-02   8.4392730e-01   5.9082554e-03  -1.9635410e-02  -7.0747128e-03
  -4.9252240e-02  -9.2140480e-03   8.8992731e-01   5.6382441e-03  -2.0225629e-02  -7.0290889e-03
  -2.5096975e-02  -4.1587647e-02   8.5130718e-01   5.9161736e-03  -1.9663277e-02  -7.0318434e-03
  -3.4949891e-02   3.2694777e-02   8.9418734e-01   5.2691342e-03  -1.9855108e-02  -6.6894215e-03
  -1.2460891e-02  -1.0055013e-01   9.1251294e-01   5.9185732e-03  -2.0599555e-02  -7.2341555e-03
  -4.7963787e-02   3.0704830e-03   9.1158511e-01   5.5328157e-03  -2.0349855e-02  -7.0474117e-03
  -5.6904312e-02  -6.9141685e-02   9.0732769e-01   5.6785983e-03  -2.0856613e-02  -7.5891103e-03
  -5.5972414e-02   1.9887507e-02   8.8115903e-01   5.3103092e-03  -2.0199445e-02  -6.8337130e-03
  -3.6559112e-02  -6.0457812e-02   9.0225543e-01   5.7913095e-03  -2.0543586e-02  -6.8343874e-03
  -2.1073217e-02  -3.0353732e-02   8.6961993e-01   5.7591467e-03  -2.0409749e-02  -6.7314794e-03
  -3.5355885e-02  -3.6401674e-02   9.0965651e-01   5.6649625e-03  -2.0524952e-02  -6.6851605e-03
  -3.9018634e-03  -6.8274310e-02   9.1087372e-01   6.3671884e-03  -2.0790982e-02  -6.6001158e-03
  -1.3541022e-02   2.1198859e-02   9.0032567e-01   5.6783264e-03  -2.0585886e-02  -6.5360118e-03
  -8.2934859e-03  -5.2112964e-03   9.1853478e-01   5.5626411e-03  -2.0482417e-02  -6.0839647e-03
   3.4421718e-02  -7.0462137e-02   8.7974709e-01   6.1490247e-03  -2.0595929e-02  -6.1088275e-03
  -8.3628945e-03   3.5194029e-02   9.0431476e-01   5.3184344e-03  -2.0695637e-02  -6.2383646e-03
   4.1415728e-02  -8.9767846e-02   9.3278786e-01   6.0484165e-03  -2.1014300e-02  -6.1768090e-03
  -2.8972697e-02   4.7859874e-02   8.9322460e-01   5.4583341e-03  -2.0447595e-02  -6.1814923e-03
  -7.9531456e-03  -7.2820355e-02   9.2490500e-01   6.1575571e-03  -2.0812843e-02  -6.3737585e-03
  -1.7300299e-02   7.9268880e-02   8.9000021e-01   5.6449457e-03  -2.0333327e-02  -5.8028472e-03
   1.8825528e-02  -9.6851451e-02   8.8768937e-01   6.4674798e-03  -2.0695012e-02  -6.1673916e-03
  -4.2656918e-02   4.5895575e-02   8.9211179e-01   5.8255058e-03  -2.0999451e-02  -6.2294336e-03
  -1.0355739e-01   6.6441029e-02   8.5319724e-01   6.3663480e-03  -2.1027340e-02  -5.7755638e-03
  -1.4690806e-01  -4.4344979e-02   8.2219400e-01   5.8416203e-03  -2.0452141e-02  -6.3055678e-03
  -1.1739130e-01  -7.5733146e-02   9.0979677e-01   5.4225116e-03  -2.0932399e-02  -7.6925815e-03
  -1.1072161e-01   5.2609005e-03   9.6599818e-01   5.2744178e-03  -2.1586280e-02  -7.5391936e-03
  -9.6299114e-02  -8.0706915e-02   9.2467320e-01   5.2402152e-03  -2.1759053e-02  -7.9203557e-03
  -1.1189139e-01  -2.5740116e-02   9.7021596e-01   4.6352457e-03  -2.1885141e-02  -7.5405835e-03
  -9.4944496e-02  -8.8229924e-02   9.4049726e-01   5.0769180e-03  -2.2261980e-02  -8.0602512e-03
  -1.4273129e-01   1.1484644e-02   9.5898250e-01   4.5033333e-03  -2.1885143e-02  -7.6200759e-03
  -1.1905026e-01  -1.0441018e-01   9.5278545e-01   5.1734074e-03  -2.2194070e-02  -8.3230375e-03
  -1.3704293e-01  -1.8749555e-02   1.0121872e+00   4.7337818e-03  -2.2121562e-02  -7.9897635e-03
  -7.5626058e-02  -7.8782231e-02   9.7595524e-01   5.1565863e-03  -2.2017636e-02  -7.9871407e-03
  -6.6800945e-02  -4.8401915e-02   1.0217135e+00   4.5762062e-03  -2.1738516e-02  -7.4816164e-03
  -4.5947617e-02  -8.4998706e-02   9.8232498e-01   5.2082152e-03  -2.2231477e-02  -7.5609688e-03
  -9.5178949e-02  -2.5405829e-02   9.9169121e-01   4.5869573e-03  -2.2230686e-02  -7.9101413e-03
  -9.2655932e-02  -5.1964623e-02   9.9420474e-01   4.8792663e-03  -2.2850985e-02  -8.0002060e-03
  -1.1167591e-01  -6.1074460e-02   9.7934249e-01   5.3170662e-03  -2.3071928e-02  -8.4867078e-03
  -1.5970520e-01  -2.8856878e-02   9.9980168e-01   5.0425464e-03  -2.3399714e-02  -8.8458004e-03
  -1.5304137e-01  -5.4781808e-02   9.8449567e-01   5.0275098e-03  -2.3410106e-02  -8.9844411e-03
  -1.1402990e-01  -5.8033521e-02   9.5526627e-01   5.2759410e-03  -2.3009699e-02  -8.6564701e-03
  -1.3150992e-01   5.6495993e-03   9.8900932e-01   4.9818371e-03  -2.3013167e-02  -8.4006181e-03
  -1.0193928e-01  -4.5512332e-02   9.9504425e-01   5.3560856e-03  -2.3379623e-02  -8.3228208e-03
