   0.0000000e+00   0.0000000e+00   1.4210855e-14   0.0000000e+00   0.0000000e+00   0.0000000e+00
   2.2180002e-02   8.7480169e-02  -7.9425891e-03   1.8396506e-04   1.4909304e-04   1.1087394e-04
   4.8581656e-02   4.6034520e-02  -2.2181126e-02  -4.6264684e-04   1.7890999e-04   1.6592163e-04
   2.7841252e-02   5.0885255e-02  -3.2921731e-02   2.4407317e-04   2.3853952e-04  -4.0059980e-05
   2.5606175e-02   2.4367521e-02  -4.9846638e-02  -1.3304859e-04   1.5166708e-04  -1.0792577e-04
   2.9806608e-02  -5.8603337e-02  -4.9826720e-02  -2.9842166e-04   1.2801314e-04  -5.9839066e-05
   3.4478040e-02   2.8233176e-02  -7.4171881e-02  -8.1038862e-05  -5.4985769e-05   1.9565315e-04
   4.5899189e-02  -2.6635285e-02  -1.0303712e-01   5.1795663e-04   1.5703080e-04   4.3489537e-04
   5.0854052e-02   1.2927808e-02  -1.1261439e-01   5.7316961e-04   1.3837563e-04   3.4556382e-04
   5.8888942e-02  -1.3419741e-02  -1.3714488e-01   1.1289373e-03  -1.0426650e-06   2.6981646e-04
   5.6037525e-02   8.2415057e-03  -1.4121896e-01   1.1641983e-03   4.3504068e-05   1.9934454e-04
   7.2947743e-02  -1.3134072e-02  -1.6697774e-01   1.6736040e-03   6.3064269e-05   5.8640281e-04
   7.8483630e-02  -2.3916555e-02  -1.6318033e-01   1.6173588e-03   8.4049596e-05   1.0033159e-03
   9.7825476e-02  -8.5792456e-02  -1.9737096e-01   1.5927984e-03   3.2050284e-04   1.2397205e-03
   9.2680140e-02  -4.1789464e-02  -2.0647409e-01   1.7444386e-03   2.9456738e-04   1.5370383e-03
   5.5645385e-02  -1.1642543e-01  -1.9686117e-01   1.1208204e-03  -9.6941468e-04   3.1637532e-03
   5.1162947e-02  -1.4006752e-01  -1.9597141e-01   1.1688473e-03  -1.3818940e-03   3.5996677e-03
   6.9135012e-02  -1.5949265e-01  -2.2573119e-01   6.3976505e-04  -2.0934446e-03   4.8493590e-03
   1.4855046e-01  -2.3079014e-01  -2.1527762e-01   6.5652445e-05  -1.8657659e-03   5.4484649e-03
   9.0998023e-02  -1.5563737e-01  -2.1225136e-01   5.9518069e-04  -2.0796784e-03   4.0510594e-03
   1.2541993e-01  -1.1984739e-01  -2.5175571e-01   1.6465810e-03  -1.0303849e-03   4.0797673e-03
   1.4091451e-01  -1.7401669e-01  -3.1295397e-01   2.7827579e-03  -7.6065028e-04   4.0559484e-03
   1.1721821e-01  -1.3210662e-01  -2.9005100e-01   1.5065450e-03  -7.4908272e-04   3.2623858e-03
   9.4548352e-02  -1.5731714e-01  -2.7012917e-01   1.3551209e-03  -4.1850954e-04   2.8077204e-03
   7.5657237e-02  -1.6524385e-01  -2.7495632e-01   1.0804257e-03   8.2095283e-05   2.1878931e-03
   7.7705317e-02  -4.2615376e-02  -2.7997254e-01   2.4434738e-03   6.6061677e-04   2.2110427e-03
   8.0957088e-02  -1.4557737e-01  -3.0296910e-01   1.9095444e-03   5.5869394e-04   2.6164373e-03
   7.2569907e-02  -1.2581987e-01  -2.7972653e-01   1.7721175e-03   5.8077127e-04   2.7409283e-03
   8.3554855e-02  -1.3579388e-01  -2.9127385e-01   2.0127873e-03   4.5639798e-04   2.9040935e-03
   9.3776839e-02  -1.4426946e-01  -2.8770631e-01   9.2081210e-04   6.2257444e-04   3.0511716e-03
   1.0341821e-01  -1.4327615e-01  -3.3745164e-01   1.3343512e-03   2.6529376e-04   2.6342296e-03
   1.0347994e-01  -1.2645975e-01  -3.3669671e-01   1.4649825e-03   2.9017111e-04   2.4496156e-03
   8.4691285e-02  -8.3379014e-02  -2.9938554e-01   1.3747841e-03   5.0905706e-04   2.3676635e-03
   3.9453203e-02  -9.9649435e-02  -2.9500078e-01   1.1248160e-03   5.0354215e-04   1.9151339e-03
   1.6408958e-02  -1.1984636e-01  -2.9499541e-01   9.8960997e-04   8.0082180e-04   1.6796511e-03
   1.1654991e-02  -1.1129555e-01  -3.0790717e-01   8.1441889e-04   1.0162972e-03   1.4212730e-03
  -1.7878039e-03  -1.0967080e-01  -2.7639684e-01   7.7330232e-04   1.0204303e-03   1.2112471e-03
  -1.8981362e-02  -9.2061874e-02  -2.8392150e-01   9.8394942e-04   1.0765990e-03   1.4570713e-03
  -1.5422237e-02  -1.0626247e-01  -2.6971599e-01   8.8408670e-04   1.0411054e-03   1.2549707e-03
  -4.0472212e-02  -8.7875533e-02  -2.5530869e-01   8.5174282e-04   1.0175260e-03   9.5144568e-04
  -7.2917778e-03  -1.0642665e-01  -2.5383175e-01   3.5922197e-04   8.1472309e-04   1.1783053e-03
   1.7265472e-02  -1.7206998e-01  -2.9428723e-01  -2.1362323e-04   4.3697865e-04   1.5022997e-03
   7.1793691e-02  -7.7729831e-02  -3.0051912e-01  -3.7565425e-05   1.3415281e-03   1.5466896e-03
   7.2848697e-02  -1.4380680e-01  -3.1320320e-01   1.0297850e-04   1.2080815e-03   1.7218075e-03
   9.3157717e-02  -1.4947617e-01  -3.3204931e-01  -3.5977595e-04   1.1791279e-03   2.2621618e-03
   1.0631820e-01  -1.5014948e-01  -3.0638810e-01  -7.9428669e-04   7.3485027e-04   2.4947273e-03
   6.7676132e-02  -1.4867730e-01  -2.8984778e-01  -1.0363859e-03   6.5624759e-04   1.9052039e-03
   6.2653387e-02  -1.7681095e-01  -2.9640804e-01  -8.3871048e-04   9.0191907e-04   1.8653267e-03
   5.4389209e-02  -1.7352394e-01  -2.8449064e-01  -8.2823986e-04   1.0027681e-03   1.7229168e-03
   3.4181879e-02  -1.4854914e-01  -2.8069437e-01  -7.7227931e-04   8.7339334e-04   1.7538338e-03
   6.1854529e-02  -1.6022218e-01  -2.7871506e-01  -5.8125217e-04   9.1630546e-04   2.1042767e-03
   6.7024295e-02  -1.3225254e-01  -2.5935234e-01  -8.9713641e-04   8.9236783e-04   2.0465748e-03
   6.0473442e-02  -1.4626561e-01  -2.6307684e-01  -7.1709870e-04   7.4620043e-04   2.0074809e-03
   5.3357956e-02  -1.5253353e-01  -2.6337883e-01  -6.6030960e-04   6.8100127e-04   2.1595607e-03
   7.7372519e-02  -1.4300128e-01  -2.6330917e-01  -5.5382729e-04   9.1627462e-04   2.3965187e-03
   5.9803528e-02  -1.1749161e-01  -2.3975731e-01  -1.0147673e-03   9.7315041e-04   2.1190755e-03
   5.8531364e-02  -2.0724915e-01  -2.6190959e-01  -9.2784947e-04   1.1850988e-03   2.3320624e-03
   3.1432945e-02  -1.2333869e-01  -2.8721365e-01  -8.0166375e-04   3.7663694e-04   2.2570363e-03
  -1.1357305e-02  -6.5271558e-02  -1.9262567e-01  -5.5227694e-04   2.2391382e-04   1.8810497e-03
  -4.4582822e-03  -1.1913173e-01  -2.0475438e-01  -3.9565088e-04   5.9768935e-04   2.1396616e-03
   7.5964727e-03  -1.2775757e-01  -2.5366240e-01  -5.2099935e-05   6.7088866e-04   2.2291792e-03
   1.4983963e-03  -1.5524395e-01  -2.8530316e-01   1.2701233e-04   6.9041825e-04   2.1451345e-03
  -8.2282087e-03  -1.4016214e-01  -2.6543318e-01  -4.0554375e-04   4.9409266e-04   2.1692274e-03
   9.1343699e-03  -1.7216902e-01  -2.5296918e-01  -4.4500096e-04   6.6903610e-04   3.0760248e-03
   2.4049734e-02  -1.6718282e-01  -2.6703351e-01  -3.6337085e-05   1.8835002e-04   2.6695696e-03
   1.5837634e-02  -1.7241432e-01  -2.3984170e-01   1.3589892e-04   1.4127213e-04   3.0420289e-03
  -3.5798275e-02  -1.6744824e-01  -2.2517708e-01  -1.8010802e-06  -4.9775421e-04   2.8810899e-03
   3.0543897e-02  -1.7548361e-01  -2.7856104e-01  -1.0583837e-03  -8.4409325e-04   2.4299409e-03
   1.7262627e-02  -1.6368768e-01  -2.8032504e-01  -7.3345556e-04  -1.2295788e-03   2.6443087e-03
   1.4482057e-02  -1.7726580e-01  -2.9002436e-01  -5.3132086e-04  -1.1952224e-03   2.7396798e-03
   2.4136385e-02  -1.2555085e-01  -2.8593044e-01  -4.1685931e-04  -1.1839252e-03   2.8558311e-03
  -1.5409987e-02  -1.5735547e-01  -2.8147206e-01  -3.1954495e-04  -1.2140665e-03   2.2083648e-03
  -4.5100498e-02  -1.4359535e-01  -2.9286368e-01   4.5758289e-05  -9.3193612e-04   2.0288370e-03
  -7.7865213e-02  -1.0751692e-01  -2.9055211e-01  -9.8310040e-05  -9.9348640e-04   1.5786383e-03
  -8.3624216e-02  -1.6370853e-01  -2.9458836e-01  -3.6824491e-04  -7.7188012e-04   1.5242934e-03
  -8.8398831e-02  -1.7030852e-01  -2.9956840e-01  -5.1158744e-04  -4.1719714e-04   1.4214584e-03
  -1.0179645e-01  -1.2584036e-01  -3.1033959e-01   1.3850662e-05  -4.3875190e-04   1.4100817e-03
  -1.1295381e-01  -1.5084560e-01  -3.1411696e-01  -4.1956811e-05  -4.0060098e-04   1.5897120e-03
  -1.3562824e-01  -1.3471612e-01  -3.0511298e-01  -1.0937403e-04  -3.4564264e-04   1.5429515e-03
  -8.7987200e-02  -7.0898852e-02  -2.8664746e-01   1.6599726e-03  -1.0252814e-03   1.7031381e-03
  -4.6828650e-02  -1.2758461e-01  -3.0675728e-01   7.4919137e-04  -5.7890781e-04   2.5807522e-03
  -9.8575353e-02  -1.2365028e-01  -3.2809654e-01   4.4654001e-04  -1.0782641e-03   2.4000864e-03
  -8.0836820e-02  -1.2194130e-01  -3.6069169e-01   3.6872057e-04  -1.0027297e-03   1.9223668e-03
  -6.3116215e-02  -9.0764747e-02  -3.9753524e-01   2.6241153e-04  -5.0668851e-04   2.1725639e-03
  -8.7640203e-02  -9.9162322e-02  -3.9028983e-01   4.7463943e-04  -7.6991989e-04   2.0379575e-03
  -1.3848713e-01  -9.1645187e-02  -4.0323916e-01   5.5806603e-04  -6.8618556e-04   1.7995573e-03
  -1.4734931e-01  -1.1977560e-01  -4.0490313e-01   6.5488804e-04  -1.8477877e-04   2.0128363e-03
  -1.5676933e-01  -1.5416408e-01  -4.1538445e-01   9.0510707e-04  -1.5058621e-04   2.2256675e-03
  -1.5352932e-01  -1.1120083e-01  -4.0669206e-01   9.8420940e-04   1.3415114e-04   2.3559309e-03
  -1.4707453e-01  -1.2638557e-01  -4.0955207e-01   9.5116936e-04   2.7207015e-04   2.4758709e-03
  -1.5351210e-01  -1.1903469e-01  -4.0266532e-01   1.1869772e-03   5.7739631e-04   2.4602151e-03
  -1.7209786e-01  -1.4480654e-01  -4.1411434e-01   9.7029941e-04   7.0715970e-04   2.2044006e-03
  -1.2243674e-01  -1.1783882e-01  -3.6685229e-01   2.2859163e-04   2.0396676e-04   2.7064921e-03
  -8.3386236e-02  -1.4086687e-01  -4.2548665e-01  -2.1750413e-04  -6.5951472e-04   2.8913574e-03
  -4.9308737e-02  -1.2581032e-01  -4.2910168e-01   4.4295626e-05  -4.9883261e-04   3.0548326e-03
  -4.1943295e-02  -1.2142989e-01  -4.2265766e-01   2.8407418e-04  -4.9672441e-04   3.2240091e-03
  -4.7272804e-02  -2.0899798e-01  -4.4822532e-01  -1.6821374e-04  -4.9541043e-04   2.8841371e-03
  -6.7455879e-02  -1.2192563e-01  -4.2207377e-01   2.7989231e-04  -2.7343972e-04   2.6945411e-03
  -5.2561582e-02  -1.7599836e-01  -4.3927450e-01   6.4435099e-04  -2.8264561e-06   3.1009302e-03
  -5.0309083e-02  -1.4889283e-01  -4.3158945e-01   3.9899854e-04   1.1007228e-04   3.1328067e-03
  -3.7878047e-02  -1.6676833e-01  -4.4348665e-01   3.8899891e-04  -1.2229589e-04   3.4126899e-03
  -4.0583258e-02  -2.0309620e-01  -4.6051716e-01   2.9484295e-04  -2.3100949e-04   3.3997602e-03
  -2.5279803e-02  -1.4765947e-01  -4.3511141e-01   3.4554639e-04  -2.6796934e-04   3.3835882e-03
  -3.0112975e-02  -1.8896943e-01  -4.3483632e-01   6.4924190e-04  -9.2856832e-05   3.4247681e-03
  -1.7183546e-02  -2.2850008e-01  -4.1484676e-01   9.1956688e-05   2.6813376e-04   3.9854039e-03
  -9.3588219e-03  -1.5531386e-01  -3.7793421e-01  -1.0424368e-03  -4.1242127e-05   3.8857123e-03
   4.4686219e-03  -2.2311427e-01  -4.4084140e-01  -1.4838659e-04  -1.2228844e-03   4.2140730e-03
   3.2930025e-03  -1.0382669e-01  -4.2654737e-01  -1.1879158e-04  -1.0591516e-03   4.6631124e-03
  -1.4591194e-02  -2.0185455e-01  -4.9339793e-01   1.5849015e-03  -1.6087112e-03   4.9931008e-03
  -2.8257162e-02  -2.0180729e-01  -4.9498975e-01   1.4201431e-03  -1.5825278e-03   4.9009359e-03
  -1.8367258e-02  -1.8058781e-01  -4.6358436e-01   8.6570106e-04  -1.1802448e-03   5.4913086e-03
  -2.0722939e-02  -1.8957228e-01  -4.3295582e-01   6.8950153e-04  -8.3817761e-04   5.5146937e-03
  -1.3737557e-02  -1.7197684e-01  -4.4513846e-01   1.1943893e-04  -9.0006050e-04   5.2557435e-03
  -1.5444212e-02  -1.7516550e-01  -4.4388193e-01   3.6341855e-04  -5.7662788e-04   5.2420937e-03
  -2.2412194e-02  -1.8743169e-01  -4.5085353e-01   4.1893516e-04  -5.7997159e-04   5.6738611e-03
  -4.2330660e-02  -2.2383008e-01  -4.5557826e-01   2.4826254e-04  -7.5786264e-04   5.7223931e-03
  -5.3682075e-02  -2.0837703e-01  -4.6722298e-01   3.2747437e-04  -5.5048699e-04   5.6399330e-03
  -4.3920007e-02  -1.8726903e-01  -4.7508553e-01   2.0658743e-04  -7.5463655e-04   5.6095684e-03
  -7.7739507e-02  -2.3301213e-01  -4.5997849e-01   9.7585551e-04  -3.2807066e-03   6.3002512e-03
  -1.5987415e-01  -1.2371231e-01  -3.3299112e-01  -1.6226165e-03  -3.0949930e-03   6.1550450e-03
  -1.5225126e-01  -2.3403464e-01  -3.0803294e-01  -6.7673189e-04  -1.5921080e-03   5.0743047e-03
  -1.0840678e-01  -1.8154200e-01  -3.3909958e-01  -1.1456884e-04  -9.6012898e-04   5.1191792e-03
  -1.0986752e-01  -1.5237841e-01  -3.1964400e-01   3.3513806e-04  -6.2966527e-04   5.6789859e-03
  -9.0795036e-02  -2.2000822e-01  -3.6220797e-01  -5.0931008e-05  -8.0124915e-04   5.5547521e-03
  -9.9761105e-02  -2.3934169e-01  -3.9245315e-01  -3.9579556e-04  -7.7387831e-04   5.3001014e-03
  -1.3084400e-01  -2.2069303e-01  -3.7704712e-01  -2.8592243e-04  -9.3943417e-04   5.1774736e-03
  -1.1776313e-01  -1.9765224e-01  -3.6112266e-01  -1.3716547e-04  -7.1885754e-04   5.2526359e-03
  -1.2459727e-01  -1.6383593e-01  -3.6037381e-01   8.2855375e-04  -8.6181921e-04   5.3374062e-03
  -6.7119061e-02  -2.0629215e-01  -4.7250488e-01   2.5180011e-03  -1.0444073e-03   6.2045517e-03
  -6.6608658e-02  -2.5980269e-01  -4.5760083e-01   1.4703081e-03  -1.1913379e-03   6.1690811e-03
  -4.9335709e-02  -2.1258188e-01  -4.5611972e-01   1.5841337e-03  -9.4440853e-04   6.4992518e-03
  -4.8321275e-02  -1.3901835e-01  -3.4428384e-01  -9.0589694e-04  -1.3334900e-03   6.2811945e-03
  -5.7830205e-02  -2.5309763e-01  -3.0217245e-01  -1.7390312e-03  -2.4249496e-03   6.3463132e-03
  -2.6539178e-02  -2.1984219e-01  -2.8845452e-01  -1.6760552e-03  -2.0956940e-03   6.9896705e-03
  -1.4319402e-02  -2.4253286e-01  -3.1883405e-01  -2.6712466e-03  -1.8178957e-03   7.1766298e-03
  -9.1461889e-03  -2.3623042e-01  -3.2331870e-01  -2.6940552e-03  -2.2155091e-03   7.2912781e-03
  -2.3953825e-02  -2.1299156e-01  -2.7879019e-01  -3.7513747e-03  -2.1165558e-03   6.8668041e-03
   4.8230901e-04  -2.9781772e-01  -3.5421677e-01  -3.0638496e-03  -2.0089727e-03   7.0454253e-03
   5.0822104e-03  -2.2884357e-01  -3.0406533e-01  -2.6106805e-03  -1.8732297e-03   6.8216052e-03
  -2.3431807e-02  -2.5744862e-01  -3.2460622e-01  -2.6604182e-03  -1.4832243e-03   6.4608623e-03
  -1.7693901e-02  -2.5304958e-01  -3.4179530e-01  -2.7413206e-03  -1.4057488e-03   6.3973347e-03
  -4.1888966e-04  -2.1555313e-01  -3.3132514e-01  -2.4328559e-03  -1.6971915e-03   7.1661161e-03
   4.9982507e-03  -2.2277667e-01  -2.8945397e-01  -2.4728138e-03  -1.3077275e-03   7.2621415e-03
   1.1330591e-02  -2.1634273e-01  -3.2362931e-01  -1.8855385e-03  -1.2890059e-03   7.1471185e-03
   2.7156407e-02  -1.3747746e-01  -3.1605215e-01  -2.3270387e-03  -1.9642070e-03   6.8128669e-03
   1.6335481e-02  -2.7715140e-01  -3.5099422e-01  -2.5843664e-03  -2.2081922e-03   6.7156696e-03
   5.2691826e-02  -1.9372374e-01  -3.0492907e-01  -2.6833507e-03  -1.6848262e-03   7.0078341e-03
   1.9560996e-02  -2.4049442e-01  -2.8300341e-01  -3.5529675e-03  -1.1351425e-03   6.5066091e-03
   3.8420056e-02  -2.6094040e-01  -3.0272998e-01  -2.9490169e-03  -1.5320357e-03   7.2076516e-03
   3.0753479e-02  -2.5114449e-01  -2.9797393e-01  -3.1832802e-03  -1.1605565e-03   7.0039527e-03
   3.3904613e-02  -2.3114557e-01  -3.0207054e-01  -3.2706360e-03  -1.1616235e-03   6.5569249e-03
   3.5096617e-02  -2.4690195e-01  -3.1511783e-01  -3.3504471e-03  -1.0013097e-03   6.5274743e-03
   3.6114472e-02  -2.4842680e-01  -3.2377783e-01  -3.1437153e-03  -9.7616494e-04   6.3155737e-03
   2.2475244e-02  -2.0268704e-01  -2.9161145e-01  -3.4012810e-03  -1.0906009e-03   6.1940772e-03
   1.6830063e-02  -2.7994797e-01  -3.1184358e-01  -3.3361357e-03  -9.9809521e-04   6.1076922e-03
   2.4645718e-02  -2.2106668e-01  -2.8348787e-01  -3.6516032e-03  -9.9346437e-04   6.3226655e-03
   3.5255827e-02  -2.6649107e-01  -3.2907931e-01  -3.3673768e-03  -9.1333742e-04   6.2895416e-03
   5.9665425e-02  -1.9286109e-01  -3.0946636e-01  -4.4631915e-03  -1.0984511e-03   6.2698341e-03
   6.9005258e-02  -3.5740653e-01  -3.2118866e-01  -4.5563131e-03  -1.3683289e-03   6.5589496e-03
   7.5427390e-02  -2.6692126e-01  -2.8619849e-01  -3.7572172e-03  -1.7036287e-03   6.8325904e-03
   5.4948634e-02  -2.2073401e-01  -2.5315051e-01  -3.3010537e-03  -1.4060925e-03   6.9455067e-03
   7.2238391e-02  -2.3554957e-01  -2.6320855e-01  -3.4523678e-03  -9.0111611e-04   7.2062298e-03
   7.4616905e-02  -2.2825816e-01  -2.6072604e-01  -3.9310443e-03  -7.8659995e-04   7.0782592e-03
   7.1414080e-02  -2.9145085e-01  -2.6373142e-01  -4.0878902e-03   1.1989778e-04   7.1903878e-03
   6.7224726e-02  -2.3789155e-01  -2.7105786e-01  -3.8362780e-03   1.2779362e-06   7.0609825e-03
   1.0780136e-01  -2.7796854e-01  -3.3455633e-01  -3.0897221e-03   1.7423010e-04   7.2406354e-03
   1.0729008e-01  -2.6995469e-01  -3.0905290e-01  -3.1650706e-03   2.6719820e-04   7.5774094e-03
   1.1671916e-01  -2.6016485e-01  -3.0295217e-01  -3.0853094e-03   5.4626238e-04   7.5903113e-03
   1.4978309e-01  -2.6659352e-01  -3.2036234e-01  -2.5269123e-03   1.1477681e-03   8.2993470e-03
   1.6768595e-01  -2.0758525e-01  -3.2800828e-01  -2.4961044e-03   1.2190185e-03   8.4805356e-03
   2.1238294e-01  -2.1873469e-01  -3.2581986e-01  -3.2158159e-03   1.1030160e-03   8.5606397e-03
   1.7033009e-01  -2.4687394e-01  -3.2792643e-01  -2.5299316e-03   4.3337548e-04   8.0194750e-03
   1.8008112e-01  -2.6091178e-01  -3.0441264e-01  -3.2270849e-03   6.2349931e-04   8.1440817e-03
   1.9002202e-01  -2.7052614e-01  -2.8604271e-01  -3.2477656e-03   1.1271510e-03   8.2901761e-03
   1.7702819e-01  -2.6215189e-01  -2.9609377e-01  -2.8026521e-03   1.2787826e-03   8.3652304e-03
   1.5378800e-01  -2.6607667e-01  -2.5555490e-01  -7.6315817e-05   1.0162271e-03   9.9245551e-03
   1.5083065e-01  -3.4570749e-01  -2.4263756e-01  -5.3502701e-05   1.0916925e-03   1.0294478e-02
   1.8353756e-01  -3.0298220e-01  -2.5087984e-01  -2.9832444e-04   1.6360695e-03   1.0520281e-02
   1.9645707e-01  -3.2492193e-01  -2.4248088e-01  -6.5058068e-04   2.0018406e-03   1.0517899e-02
   2.1800682e-01  -4.2575045e-01  -2.6100336e-01  -9.9182097e-04   2.5714277e-03   1.0062181e-02
   2.1790631e-01  -4.0534957e-01  -2.7692000e-01  -8.1845508e-04   2.7197971e-03   1.0543984e-02
   1.9892683e-01  -3.6431674e-01  -2.5629477e-01  -1.0397261e-03   3.1860486e-03   1.0001398e-02
   1.7025543e-01  -3.7619004e-01  -2.5899847e-01  -7.4393781e-04   2.7899334e-03   9.9958265e-03
   1.2248409e-01  -3.6612185e-01  -2.5995530e-01  -8.5893314e-04   2.2449775e-03   9.8192957e-03
   1.4522297e-01  -3.6173474e-01  -3.2237753e-01  -7.1022747e-04   2.0153607e-03   9.7932375e-03
   1.3506761e-01  -3.6221245e-01  -3.3660026e-01  -1.1033201e-03   1.7273221e-03   9.7881626e-03
   9.0600486e-02  -3.0944392e-01  -2.8157728e-01  -1.1462985e-03   1.8676634e-03   9.3066179e-03
   1.1940499e-01  -3.0479111e-01  -4.9333221e-01  -8.2072350e-04   1.4418953e-03   8.4220906e-03
   1.0200191e-01  -3.5868678e-01  -4.1624617e-01  -9.6787741e-04   1.2765633e-03   8.9561385e-03
   1.0244368e-01  -3.8178530e-01  -3.8980186e-01  -9.6326337e-04   1.5778374e-03   9.5468211e-03
   1.4350800e-01  -3.6042917e-01  -3.9190551e-01  -1.4574042e-03   2.0068976e-03   9.7530200e-03
   1.8829063e-01  -3.9937074e-01  -4.0701724e-01  -1.4599965e-03   2.0084044e-03   1.0184532e-02
   1.4754880e-01  -3.2316856e-01  -2.5583339e-01  -1.4882441e-03   2.3619747e-03   1.0016373e-02
   1.5514125e-01  -3.0917887e-01  -3.1068548e-01  -1.6163985e-03   2.5490718e-03   1.0160981e-02
   8.2496032e-02  -4.0552626e-01  -2.1472164e-01  -3.3238495e-03   2.9242252e-03   1.0314896e-02
   1.4057887e-01  -3.2790173e-01  -3.0338959e-01  -4.0085121e-03   2.2726989e-03   9.2193700e-03
   2.0334908e-01  -3.1341399e-01  -4.6134846e-01  -2.8446496e-03   1.6682760e-03   9.5313721e-03
   2.4530612e-01  -2.7699425e-01  -4.7487753e-01  -2.1061637e-03   1.5634745e-03   9.3840280e-03
   2.3657128e-01  -4.1832633e-01  -4.9510147e-01  -4.5490690e-04   8.8532802e-04   1.0674013e-02
   2.9969994e-01  -3.3676900e-01  -5.3322472e-01  -1.5665725e-03   1.5047064e-03   1.0425944e-02
   2.5673810e-01  -2.9882572e-01  -4.3996771e-01  -1.7861154e-03   1.5971612e-03   9.6757979e-03
   2.3154206e-01  -2.7888466e-01  -3.8659955e-01  -1.2377812e-03   1.3130144e-03   9.4468020e-03
   2.1860613e-01  -3.2289823e-01  -4.2582874e-01  -1.6073763e-03   8.4319537e-04   9.4089027e-03
   2.3543455e-01  -2.5568402e-01  -4.2349848e-01  -2.4627189e-03  -1.2819540e-04   9.5537673e-03
   2.8215598e-01  -3.6434144e-01  -4.3029398e-01  -1.8287316e-03   8.3481384e-04   1.0112972e-02
   3.1635441e-01  -3.3995203e-01  -4.1458020e-01  -1.6332040e-03   1.0809214e-03   1.0375284e-02
   3.2251661e-01  -3.5711393e-01  -4.3152591e-01  -1.5276525e-03   1.0327656e-03   1.0341835e-02
   3.3051815e-01  -3.0041764e-01  -4.3328605e-01  -1.8202457e-03   1.3563163e-03   1.0576289e-02
   3.5114109e-01  -3.7753522e-01  -4.5093926e-01  -1.2301568e-03   1.3536416e-03   1.0885573e-02
   3.7006068e-01  -3.0472245e-01  -4.2821442e-01  -1.3898535e-03   1.6222082e-03   1.1431251e-02
