   0.0000000e+00   0.0000000e+00  -1.4210855e-14   0.0000000e+00   0.0000000e+00   0.0000000e+00
  -2.8384354e-03  -4.0391034e-02   7.2011369e-02  -1.1674106e-03  -3.4781284e-04  -4.7786868e-05
   1.2660890e-02  -1.5796683e-02   1.0493509e-01  -2.0468645e-03  -7.6015005e-05   3.6142815e-04
   2.8354767e-03  -7.3941795e-02   1.2838910e-01  -2.9399843e-03  -4.0780381e-04   3.5687377e-04
  -9.1638223e-03  -9.9816419e-02   1.5742064e-01  -3.2958066e-03  -1.7485522e-04   3.4519431e-04
   2.3337109e-02  -9.7859705e-02   1.3071267e-01  -3.6882617e-03  -1.3633145e-04   1.1286166e-03
   1.3006623e-02  -3.8278551e-02   1.0309522e-01  -4.1976984e-03  -6.0963758e-04   1.1515804e-03
   4.2179958e-03  -1.0354863e-01   5.8066955e-02  -4.0833092e-03  -6.0394658e-04   9.7901561e-04
   2.1318885e-03  -6.1269307e-02   1.9079471e-02  -4.4379399e-03  -3.3231328e-04   9.4796027e-04
  -9.7550348e-03  -6.0499165e-02   5.8710351e-03  -4.2799592e-03  -4.4059091e-04   7.4127161e-04
  -2.0301224e-03  -7.3931342e-02   1.1044373e-02  -4.9307828e-03  -2.2340684e-04   1.1033143e-03
  -1.0741006e-02  -6.0664083e-02  -1.6958422e-02  -4.4565259e-03  -3.9711974e-04   7.2591986e-04
  -1.5216783e-02  -6.2874451e-02  -5.5563413e-02  -4.5191884e-03  -3.8612512e-04   5.9432118e-04
  -2.1187872e-02  -6.5962405e-02  -8.6252051e-02  -4.6126664e-03  -9.1700542e-04   4.6503713e-04
  -1.7114078e-02  -3.8779560e-02  -8.5517740e-02  -4.4368062e-03  -7.6081785e-04   4.7092624e-04
  -2.6836449e-02  -1.3802013e-01  -5.1525620e-02  -4.6028479e-03  -1.0448777e-03   2.9048807e-04
  -8.7042578e-02  -7.6554688e-02  -1.5415575e-02  -5.5422681e-03  -1.6356118e-03  -6.6346891e-04
  -8.1591992e-02  -1.5895236e-01   3.1852537e-02  -6.6905461e-03  -1.8105187e-03  -6.3857902e-04
  -6.9566659e-02  -8.3254048e-02   3.0901348e-02  -6.2869468e-03  -1.5501796e-03  -4.8751664e-04
  -6.8160012e-02  -1.5518107e-01   2.1036439e-03  -6.1261419e-03  -1.7413020e-03  -3.7788760e-04
  -7.6342455e-02  -9.9619890e-02  -9.0567722e-04  -6.1554380e-03  -1.8351392e-03  -3.7943825e-04
  -9.2129078e-02  -1.2522837e-01  -2.7158582e-02  -6.0084455e-03  -1.6137131e-03  -5.6919526e-04
  -9.2050042e-02  -8.7505771e-02  -1.1290017e-02  -6.1225563e-03  -1.6804115e-03  -5.3749449e-04
  -9.1899493e-02  -1.4840536e-01  -1.7765404e-02  -6.1446289e-03  -1.8726564e-03  -6.9798582e-04
  -1.0208453e-01  -1.2156987e-01  -2.5056182e-02  -6.0785400e-03  -2.0456066e-03  -7.5070468e-04
  -1.1247871e-01  -8.0863588e-02  -2.7322712e-02  -5.7802110e-03  -1.9414489e-03  -8.6972201e-04
  -1.1953711e-01  -1.3840518e-01  -8.0688892e-03  -6.9461086e-03  -1.9488412e-03  -8.9087076e-04
  -1.2084315e-01  -1.3745431e-01   2.6722334e-03  -7.0500542e-03  -1.8123165e-03  -9.7342955e-04
  -1.2727321e-01  -1.5909298e-01   5.5890724e-02  -7.0712012e-03  -1.9795311e-03  -1.0740781e-03
  -1.2350158e-01  -1.4516836e-01   4.3348249e-02  -7.0593793e-03  -1.8660542e-03  -1.2711655e-03
  -1.3632565e-01  -1.1277174e-01   2.8474463e-02  -7.6650359e-03  -1.9032451e-03  -1.5402963e-03
  -1.3791312e-01  -1.2354403e-01   3.1968344e-03  -7.5407814e-03  -2.0320590e-03  -1.5108065e-03
  -1.3310470e-01  -1.3840957e-01   1.7704108e-02  -7.7520414e-03  -2.0144449e-03  -1.3609698e-03
  -1.2639555e-01  -1.2559935e-01   1.6984709e-02  -5.7971210e-03  -2.0070558e-03  -1.3335178e-03
  -1.3520099e-01  -6.6576550e-02   3.1779940e-02  -8.0494119e-03  -2.0327634e-03  -1.1556674e-03
  -1.3993451e-01  -1.9540887e-01   1.8642231e-02  -7.8502231e-03  -2.0513590e-03  -1.1578183e-03
  -1.3264155e-01  -1.6096847e-01   5.3421059e-02  -8.0567374e-03  -1.9503767e-03  -1.0828774e-03
  -1.2956543e-01  -1.4494668e-01   3.9780311e-02  -8.6907175e-03  -2.0958014e-03  -9.1716338e-04
  -1.2962727e-01  -1.5318493e-01   3.8000750e-02  -8.8411579e-03  -1.9469627e-03  -8.1839348e-04
  -1.1699976e-01  -1.6761329e-01   3.7707054e-02  -9.0263621e-03  -1.9762225e-03  -7.5280365e-04
  -1.1834418e-01  -1.8536697e-01   2.1295526e-02  -8.9421250e-03  -2.0119126e-03  -7.4215020e-04
  -1.1720005e-01  -1.8775358e-01   1.0067497e-02  -8.6657685e-03  -1.9055140e-03  -6.1923636e-04
  -1.1340812e-01  -1.3939060e-01   2.2593676e-02  -8.7536085e-03  -1.7859184e-03  -7.5485834e-04
  -1.1090737e-01  -1.9512547e-01   2.6118912e-02  -8.9060653e-03  -1.7931744e-03  -5.9280609e-04
  -1.1053630e-01  -1.4138727e-01   4.8792806e-02  -9.5178668e-03  -1.8573360e-03  -5.4840252e-04
  -1.1127379e-01  -2.1203859e-01   1.4408959e-02  -9.6212537e-03  -1.6901700e-03  -3.0854370e-04
  -1.0667623e-01  -1.9620620e-01   2.9296582e-02  -1.0505428e-02  -1.7441985e-03  -1.9908395e-04
  -1.1212763e-01  -2.1662675e-01   4.0643376e-02  -1.0618924e-02  -1.8100631e-03  -1.6862996e-04
  -1.1903841e-01  -2.2631279e-01   5.4389493e-02  -1.1115278e-02  -2.0828092e-03  -1.1618593e-05
  -1.2488237e-01  -2.2243909e-01   4.9056298e-02  -1.1038707e-02  -1.8141126e-03   1.0512438e-04
  -1.2837894e-01  -2.3540585e-01   3.9963688e-02  -1.1192104e-02  -1.7566874e-03   8.4736645e-05
  -1.2347915e-01  -2.0365565e-01   4.9740154e-02  -1.1573433e-02  -1.8091947e-03   1.4889057e-04
  -9.8954548e-02  -2.2672778e-01   4.9639311e-02  -1.1777229e-02  -1.8880807e-03   6.8757091e-04
  -2.7767251e-02   2.2099855e-01  -4.4002001e-01   3.8846046e-03   1.2953191e-03  -2.8506768e-04
  -1.5937756e-02   1.2211187e-01  -3.1055571e-01   4.6724149e-03   1.1311156e-03   1.0908821e-03
  -3.4648383e-02   1.4612494e-02  -3.6656185e-01   3.0771515e-03   6.3054234e-04   6.1264943e-04
  -3.7517986e-02   4.0267996e-03  -2.8613072e-01   1.1137118e-03   3.0409312e-04   4.6455589e-04
  -3.9869681e-02   3.9854132e-02  -2.5526825e-01  -3.0238826e-04   6.7074907e-04   4.6949942e-04
  -2.8729562e-02  -3.3738446e-02  -2.6765598e-01  -1.4316040e-03   5.9795466e-04   8.1955491e-04
  -2.3945602e-02  -3.8242306e-02  -2.8442443e-01  -1.3396974e-03   4.6313505e-04   1.0086778e-03
  -3.8571112e-02  -3.1524810e-02  -3.1138803e-01  -1.8041637e-03   2.8389837e-04   9.3193352e-04
  -4.0576149e-02  -1.6901164e-03  -3.1109995e-01  -1.9553469e-03   4.6906434e-04   9.6056328e-04
  -4.4409767e-02  -1.6872095e-02  -2.7233583e-01  -2.6813046e-03   3.1714269e-04   9.8328643e-04
  -3.9792953e-02  -4.3557186e-02  -2.9420947e-01  -2.8271077e-03   4.2345009e-04   1.0554520e-03
  -4.3688940e-02  -3.0435502e-02  -3.2545295e-01  -2.4688390e-03   1.3838963e-04   9.0505808e-04
  -4.4483274e-02  -4.0982243e-02  -3.1872338e-01  -2.4813740e-03   7.0060338e-05   9.8898514e-04
  -5.4958056e-02  -4.6836196e-02  -2.7283239e-01  -2.7087710e-03   1.9462695e-04   7.6535809e-04
  -5.0822164e-02  -1.8115702e-02  -2.6460280e-01  -3.0484687e-03   2.9265170e-04   7.2804864e-04
  -5.2013973e-02  -7.0232460e-02  -2.7803485e-01  -2.8511153e-03   2.9082620e-04   6.5219470e-04
  -5.6843296e-02  -3.4639090e-02  -2.5722280e-01  -2.8117931e-03   2.2548967e-04   6.5635134e-04
  -4.5738230e-02  -5.1128375e-02  -2.4261879e-01  -3.1103701e-03   2.9390423e-04   7.3827879e-04
  -3.4258578e-02  -6.3342354e-02  -2.7254793e-01  -3.7198020e-03   3.5760404e-04   1.0228935e-03
  -3.4445708e-02  -7.4866698e-02  -3.0204387e-01  -4.5505757e-03   2.7178109e-04   1.3776436e-03
  -5.2452748e-02  -8.4429872e-02  -3.2266089e-01  -4.5907921e-03   1.4115952e-04   1.1766696e-03
  -5.2987761e-02  -8.5792653e-02  -3.0178274e-01  -5.0335215e-03  -6.3578231e-06   1.0366676e-03
  -5.9640591e-02  -9.1798424e-02  -2.9620542e-01  -5.2062399e-03   7.4079654e-05   9.7345816e-04
  -6.2798298e-02  -1.2450618e-01  -3.1019776e-01  -5.1561337e-03  -1.1285801e-04   7.6306369e-04
  -6.6033713e-02  -5.8112959e-02  -3.0192424e-01  -5.4688323e-03   5.5769439e-05   8.2122032e-04
  -6.4433540e-02  -7.7674251e-02  -2.7742650e-01  -5.7033984e-03   1.6029926e-04   7.1717424e-04
  -5.2127257e-02  -1.3080886e-01  -3.2490459e-01  -3.8148771e-03   3.6482079e-04   1.0593452e-03
  -7.1899981e-02  -9.2589572e-02  -2.7308739e-01  -6.0236196e-03   2.8453730e-04   9.8365161e-04
  -8.5315382e-02  -8.9060200e-02  -2.0951478e-01  -7.2462435e-03   5.3034211e-04   1.0455854e-03
  -8.4265071e-02  -2.1384031e-01  -1.8882088e-01  -7.2820211e-03   5.4351742e-04   1.1114671e-03
  -9.5848384e-02  -1.0621244e-01  -1.9629287e-01  -7.7472653e-03   5.5483138e-04   8.7638266e-04
  -1.1300558e-01  -2.0165086e-01  -1.9265338e-01  -8.1189405e-03   3.9749925e-04   5.6138258e-04
  -1.2195422e-01  -1.4991733e-01  -2.4012346e-01  -8.0467929e-03   6.4309800e-04   6.0776180e-04
  -1.3483006e-01  -1.7617602e-01  -2.5479660e-01  -7.8842765e-03   3.0219048e-04   4.1784685e-04
  -1.3536618e-01  -1.5403342e-01  -2.4090079e-01  -8.1002221e-03   3.8137960e-04   3.6105383e-04
  -1.5066354e-01  -1.6481170e-01  -2.2952769e-01  -8.6041883e-03   1.4711156e-04   4.7613220e-05
  -1.4912918e-01  -1.7696766e-01  -2.2637531e-01  -9.1251738e-03   4.4891024e-04   2.9436662e-04
  -1.4696176e-01  -1.9260833e-01  -1.9821249e-01  -9.6756937e-03   3.4562166e-04   1.9997749e-04
  -1.4970709e-01  -2.2726292e-01  -1.7131049e-01  -9.7579000e-03   1.2823905e-04   2.8407897e-04
  -1.5589417e-01  -1.6723699e-01  -1.6306519e-01  -9.8501484e-03   4.5045496e-04   2.6348107e-04
  -1.6032660e-01  -1.9736144e-01  -1.4842254e-01  -9.8319646e-03   4.5685408e-04   9.5763532e-05
  -1.7547414e-01  -1.6597668e-01  -1.1463949e-01  -1.0857139e-02   7.8595753e-04  -3.3535918e-04
  -1.6011613e-01  -2.8610056e-01  -9.0787560e-02  -1.1134342e-02   6.8291325e-04  -6.4305716e-04
  -1.6578184e-01  -2.6307567e-01  -4.6504073e-02  -1.1328523e-02   6.1457413e-04  -6.0781624e-04
  -1.6884460e-01  -2.5649288e-01  -3.7482330e-02  -1.1538386e-02   8.0680730e-04  -6.1429543e-04
  -1.7183080e-01  -2.8148592e-01  -5.7871724e-02  -1.1774754e-02   8.3154816e-04  -4.9206750e-04
  -1.6471082e-01  -2.1843288e-01  -8.7011418e-02  -1.1819191e-02   7.3717297e-04  -4.3961329e-04
  -1.7141647e-01  -2.2897648e-01  -9.1747304e-02  -1.2263005e-02   5.6281804e-04  -5.7019740e-04
  -1.7161773e-01  -2.8865010e-01  -9.2155948e-02  -1.2471958e-02   4.4219195e-04  -6.2811678e-04
  -1.7907361e-01  -2.8693701e-01  -8.9063958e-02  -1.3114824e-02   3.2792768e-04  -7.7949394e-04
  -1.7658390e-01  -2.6757317e-01  -1.0946609e-01  -1.3267779e-02  -7.8496397e-05  -6.7555194e-04
  -1.9752871e-01  -2.7804885e-01  -4.1248181e-02  -1.4648424e-02   2.8314729e-04  -6.7787216e-04
  -1.9149536e-01  -2.7811670e-01   3.9677170e-02  -1.4666352e-02   3.2241740e-04  -9.9568411e-04
  -1.7469225e-01  -2.9644283e-01   1.0243309e-02  -1.4518044e-02  -5.4175677e-05  -8.2821004e-04
  -1.4213152e-01  -3.0602975e-01  -1.8889394e-02  -1.4638007e-02   2.0359612e-04  -1.2164945e-04
  -1.5602802e-01  -2.8120470e-01  -1.6924271e-02  -1.4544822e-02  -3.8903685e-06  -4.3220993e-04
  -1.3993460e-01  -3.0355648e-01  -1.8091794e-02  -1.4496750e-02  -1.1898288e-04  -4.1581133e-04
  -1.3899049e-01  -2.9653593e-01  -2.7209355e-02  -1.4543740e-02   3.1372997e-06  -2.9233562e-04
  -1.2963183e-01  -2.9086961e-01  -3.4204529e-02  -1.4312831e-02  -2.1782291e-05  -1.2469842e-04
  -1.4375096e-01  -3.0024182e-01  -2.9611148e-02  -1.4126842e-02   7.5082712e-05  -2.2625803e-04
  -1.3320547e-01  -3.0656258e-01   5.5695465e-02  -1.4408636e-02   2.4310444e-04   2.5345035e-04
  -1.3606804e-01  -2.9810804e-01  -8.5722640e-03  -1.4352460e-02   4.9857354e-04   4.5055682e-04
  -1.2936784e-01  -2.9270652e-01  -1.4998921e-02  -1.4477759e-02   1.1435657e-04   5.8073703e-04
  -1.3460456e-01  -2.9766327e-01  -6.2575269e-03  -1.4699817e-02   3.1607694e-04   5.5130370e-04
  -1.4131593e-01  -2.7459197e-01  -6.4445497e-03  -1.4902593e-02   3.1039664e-04   4.0888494e-04
  -1.2098329e-01  -2.7007928e-01   9.1325417e-03  -1.4273033e-02   1.5983396e-04   6.2442740e-04
  -1.2517797e-01  -2.4134382e-01   3.7870496e-02  -1.4465305e-02   5.2847761e-05   4.3305561e-04
  -1.2142767e-01  -2.7463271e-01   5.0024634e-02  -1.4525669e-02  -7.8323460e-05   4.0158964e-04
  -1.3433899e-01  -3.2628872e-01   6.2591230e-02  -1.4479984e-02  -2.1469874e-04   5.8772048e-05
  -1.3142676e-01  -3.1451105e-01   4.9710479e-02  -1.4533698e-02  -1.1459239e-04   3.4736886e-05
  -1.3896081e-01  -2.9486271e-01   1.5623949e-02  -1.4903722e-02   6.3434063e-05   1.4733375e-04
  -1.4384460e-01  -2.8557252e-01   1.2643074e-02  -1.4891810e-02  -1.2231241e-04   1.4708689e-04
  -1.4010552e-01  -3.3738982e-01   4.5123289e-03  -1.4965547e-02  -2.4403528e-04   3.1556805e-04
  -1.5058411e-01  -2.9311291e-01  -1.1469569e-02  -1.4545421e-02  -2.1566448e-04   1.4922177e-04
  -1.5339107e-01  -3.0598942e-01   3.4556289e-03  -1.4575263e-02  -2.3597935e-04   1.9593006e-04
  -1.5338460e-01  -3.0412709e-01   2.1911916e-02  -1.4445207e-02  -2.1446682e-04   1.3399928e-04
  -1.4302857e-01  -2.8512026e-01   1.0395997e-02  -1.4504174e-02   7.7489952e-06   5.2207834e-04
  -1.2584080e-01  -2.9715788e-01  -1.4572945e-02  -1.4127367e-02  -1.0776334e-04   9.3524605e-04
  -1.3320044e-01  -2.4859004e-01   1.9878577e-02  -1.4608053e-02  -2.8427410e-05   8.6114866e-04
  -1.3804601e-01  -2.9726401e-01   1.3309621e-02  -1.4326959e-02  -9.7494223e-05   6.2954584e-04
  -1.2130021e-01  -2.5051741e-01  -9.4920893e-02  -9.4023683e-03   7.4045661e-04   6.3204118e-04
  -1.2630754e-01  -2.2508019e-01  -5.7339958e-02  -1.1681789e-02   2.6402920e-04   5.5710863e-04
  -1.1687195e-01  -2.1449698e-01  -6.1132929e-02  -1.1860801e-02   1.4039764e-04   6.4575805e-04
  -1.1627941e-01  -2.4133864e-01  -4.8599887e-02  -1.2124545e-02  -8.2455541e-05   8.3504230e-04
  -1.0735678e-01  -2.5942178e-01  -4.2067656e-02  -1.2060125e-02  -5.0478412e-05   1.0522617e-03
  -1.2808344e-01  -2.7559818e-01  -3.4103406e-02  -1.2144399e-02  -6.9049518e-05   7.2346858e-04
  -1.5535237e-01  -2.5531314e-01  -5.5045258e-02  -1.2367431e-02  -2.7210002e-04   3.8464906e-04
  -1.5650865e-01  -2.5990565e-01  -4.2882961e-02  -1.2820967e-02  -4.0764881e-04   3.7589319e-04
  -1.6161630e-01  -2.6768736e-01  -2.4317453e-02  -1.2951828e-02  -6.0512683e-04   3.3438884e-04
  -1.6754640e-01  -2.5476132e-01  -5.0312733e-03  -1.3246004e-02  -4.1640365e-04   2.0804524e-04
  -1.6257807e-01  -2.7389077e-01  -1.1110485e-02  -1.3148480e-02  -4.6842327e-04   2.6649933e-04
  -1.5078327e-01  -3.0701071e-01   8.7147274e-04  -1.2958294e-02  -5.1593436e-04   4.9835302e-04
  -1.5737499e-01  -2.7346938e-01  -1.2719152e-02  -1.3499280e-02  -6.0039095e-04   6.4560895e-04
  -1.6393321e-01  -2.3562671e-01  -1.0147815e-02  -1.3384033e-02  -7.4453685e-04   5.0948882e-04
  -1.5189737e-01  -3.1155554e-01   1.1575022e-02  -1.3854181e-02  -9.2677658e-04   5.8447675e-04
  -1.4066841e-01  -2.7744911e-01   1.9401876e-03  -1.4238644e-02  -7.8041606e-04   8.0278941e-04
  -1.4132326e-01  -2.9419149e-01  -4.0356627e-03  -1.4211155e-02  -8.0549200e-04   8.5761462e-04
  -1.5000626e-01  -3.1146117e-01  -1.7091874e-02  -1.4367725e-02  -8.4129787e-04   9.0824861e-04
  -1.4994570e-01  -3.1084679e-01  -2.8530479e-02  -1.3976883e-02  -1.0143191e-03   1.0488713e-03
  -1.5897643e-01  -2.8136813e-01  -2.2507799e-02  -1.4249577e-02  -1.3084495e-03   1.0684858e-03
  -1.6294115e-01  -3.0705833e-01   8.4958546e-03  -1.5111667e-02  -1.3389556e-03   1.2159136e-03
  -1.7271050e-01  -3.1255522e-01  -1.1851332e-03  -1.5335149e-02  -1.1974254e-03   1.1175568e-03
  -1.7598814e-01  -3.1177558e-01   5.1407904e-04  -1.5314108e-02  -1.0462476e-03   1.2795059e-03
  -1.8132941e-01  -3.0947498e-01  -3.2238321e-03  -1.5263984e-02  -1.2561413e-03   1.2629287e-03
  -8.0118421e-02   1.9254147e-01  -5.2617637e-01   3.7067968e-03   1.0597971e-03   2.6522693e-03
  -1.7847173e-02   4.9522566e-01  -4.5111359e-02   9.5459952e-03   7.6501594e-04   5.4057778e-03
  -1.1102540e-02  -2.0098456e-02   3.6640015e-02  -4.2898523e-03   1.3800795e-03   6.1402334e-03
  -2.9793440e-02   2.5626130e-02   8.2875454e-02  -4.3723383e-03   1.3846318e-03   5.9055546e-03
  -3.6273143e-02  -4.1423253e-02   1.0167435e-01  -4.7859067e-03   1.1992308e-03   5.7578286e-03
  -6.2679738e-02  -4.4303460e-02   3.3149590e-02  -5.4924961e-03   1.2517184e-03   5.2630275e-03
  -6.7387634e-02  -6.0742906e-03   8.0595754e-03  -5.4677660e-03   1.4588293e-03   5.4063625e-03
  -6.5894145e-02   3.4497035e-03  -1.0228754e-02  -5.5712176e-03   1.4496219e-03   5.5481632e-03
  -7.4424514e-02   1.3281030e-04  -3.5293604e-02  -5.6026220e-03   1.4772522e-03   5.5806040e-03
  -8.2003346e-02  -1.1029054e-02  -1.8292764e-02  -5.5065496e-03   1.6559869e-03   5.3138716e-03
  -9.7784124e-02  -1.9450274e-02  -1.9125853e-02  -5.6055238e-03   1.6950641e-03   5.0829977e-03
  -1.1038865e-01  -1.3795631e-02  -2.6678640e-02  -5.9082481e-03   1.4661493e-03   4.8297004e-03
  -1.1932682e-01   1.0387748e-03  -2.2145346e-02  -5.7245518e-03   1.4630250e-03   4.6568705e-03
  -1.2023062e-01  -5.3056565e-03  -1.7613352e-02  -5.8211518e-03   1.4752450e-03   4.4435998e-03
  -1.4933739e-01  -5.5120559e-02   5.2103688e-03  -5.6652167e-03   1.2503342e-03   3.9374240e-03
  -1.5707874e-01  -4.5374034e-02   4.1752642e-02  -6.2766193e-03   1.1764526e-03   3.4612065e-03
  -1.7475917e-01  -1.1269746e-02   3.9373482e-02  -7.3607522e-03   7.4164623e-04   2.6749267e-03
  -1.7011444e-01   2.0915968e-01   5.0060991e-02  -8.3643177e-03   3.3102076e-04   2.8154244e-03
  -1.5395033e-01  -2.5279918e-01  -4.5684002e-02  -7.8198259e-03   7.6333077e-05   2.6477475e-03
  -1.5035634e-01  -2.6162852e-01   5.0521528e-02  -7.4448215e-03  -6.3174526e-04   2.4255793e-03
  -1.5849274e-01  -1.0545911e-01   7.1848304e-02  -6.8842275e-03  -4.4395747e-04   2.5353027e-03
  -1.6973486e-01  -8.9950765e-02   7.6139501e-02  -6.9794925e-03  -2.9677663e-04   2.6387574e-03
  -1.8176394e-01  -8.1310399e-02   7.4970300e-02  -7.4444352e-03  -8.8384420e-05   2.5432223e-03
  -1.7902502e-01  -9.6800516e-02   8.4332092e-02  -7.9145276e-03  -3.0249409e-04   2.4870293e-03
  -1.9057147e-01  -1.1825152e-01   8.4851815e-02  -7.9927561e-03  -1.7448188e-04   2.3556147e-03
  -1.9271813e-01  -7.2520437e-02   1.0208644e-01  -8.0309421e-03  -5.7262229e-04   2.3148179e-03
  -1.5007208e-01  -6.4713497e-02  -2.5980916e-02  -3.0615011e-03   1.5787424e-04   2.9165523e-03
  -1.9533209e-01  -2.8984667e-02   4.9095662e-02  -5.3007092e-03  -7.9839528e-04   1.9942658e-03
  -2.0011326e-01  -9.0118187e-02   5.1662375e-02  -6.6683177e-03  -4.9821472e-04   1.8146857e-03
  -2.0413079e-01  -8.6012412e-02   5.2471679e-02  -7.3861086e-03  -5.2066067e-04   1.5811667e-03
  -2.1879835e-01  -9.4633141e-02   1.3195049e-02  -7.8376739e-03  -4.6952770e-04   1.5827301e-03
  -2.2467118e-01  -1.5514631e-01   1.3671602e-03  -7.6278454e-03  -3.7461345e-04   1.5589100e-03
  -2.3379104e-01  -1.4198275e-01   1.3259679e-02  -7.9638486e-03  -5.4707113e-04   1.3723155e-03
  -2.2592212e-01  -1.3073906e-01   3.8083530e-02  -8.1009603e-03  -6.0194438e-04   1.5037265e-03
  -2.0934082e-01  -1.1266219e-01   4.4257759e-02  -7.8840452e-03  -4.6435135e-04   1.8884240e-03
  -2.2825091e-01  -1.3808580e-01   6.1187288e-02  -7.6660369e-03  -4.1388001e-04   1.5506357e-03
  -2.2656984e-01  -5.7503934e-02   8.0064218e-02  -8.5635159e-03  -5.1720532e-04   1.8077092e-03
  -2.3738476e-01  -7.9774760e-02   5.8012927e-02  -9.0298861e-03  -6.3423154e-04   1.6744877e-03
  -2.3902480e-01  -1.4909974e-01   5.2670978e-02  -9.1583671e-03  -4.9666999e-04   1.4838244e-03
  -2.4976458e-01  -1.4686699e-01   3.6436307e-02  -9.1878107e-03  -4.6839233e-04   1.3279551e-03
  -2.4789015e-01  -1.5761939e-01   8.0070387e-02  -9.3954153e-03  -3.0009943e-04   1.1524607e-03
  -2.4326845e-01  -1.3996149e-01   9.1301081e-02  -1.0286478e-02  -1.2515206e-04   1.0165965e-03
  -2.2176461e-01  -1.3490079e-01   1.0313214e-01  -1.0587948e-02  -1.0802548e-04   1.3645687e-03
  -2.1692737e-01  -1.5020614e-01   8.5411118e-02  -1.1032699e-02  -3.8026176e-04   1.4358256e-03
  -2.2960381e-01  -1.9167054e-01   6.9858233e-02  -1.0541014e-02   8.6382419e-06   1.3173196e-03
  -2.3952326e-01  -1.5441656e-01   7.1316272e-02  -1.0323896e-02   8.4347152e-05   1.3312014e-03
  -2.3581200e-01  -1.3882137e-01   6.8238940e-02  -1.0393697e-02   6.2384815e-06   1.3880328e-03
  -2.4045116e-01  -1.5999496e-01   4.3234843e-02  -1.0403185e-02  -2.4404760e-04   1.2876740e-03
  -2.4848572e-01  -1.7315150e-01   3.8849063e-02  -1.0410756e-02   6.1770713e-05   1.3437976e-03
  -2.4844850e-01  -1.9489646e-01   4.2266394e-02  -1.0352590e-02   6.8555118e-05   1.3138730e-03
  -2.3291369e-01  -1.7849198e-01   7.2116392e-02  -1.0608630e-02  -1.6337302e-04   1.2859128e-03
  -2.0889505e-01  -1.7172960e-01  -7.5806249e-04  -9.0456511e-03  -2.6838749e-04   1.3347925e-03
  -2.3466873e-01  -5.7920254e-03   1.4601479e-01  -9.8511769e-03  -8.1586597e-04   1.5409406e-03
