   0.0000000e+00  -1.0429879e-14   0.0000000e+00   0.0000000e+00   0.0000000e+00   1.4016003e-19
  -6.5591926e-03   6.6277457e-02  -2.3238650e-02   1.5103121e-04  -1.1207597e-04   2.2418678e-05
   3.1600312e-04   1.1706908e-01  -3.6481469e-02   1.0230307e-04  -1.6264260e-04  -4.9554916e-05
  -2.1392527e-03   8.9451130e-02  -9.2978551e-03   4.2784933e-04  -3.5640016e-05  -2.2278327e-04
  -4.7582245e-03   4.8079377e-02  -2.7422101e-02   1.6583521e-03  -1.4075338e-04  -5.4832224e-05
  -1.2488740e-02   1.0069759e-01  -7.2834297e-03   3.1635185e-04  -5.9215969e-05  -1.4304280e-04
  -1.2391706e-02   5.8449783e-02  -3.9020149e-02   3.1300364e-04   7.9303120e-05  -2.2729286e-04
  -1.7551895e-02   7.5375674e-02  -1.3042333e-02  -5.5030551e-04   2.3756319e-04  -3.0683929e-04
  -1.1487111e-02   5.3858921e-02  -1.2045774e-02  -6.0013128e-04   1.4814927e-04  -2.9145847e-04
   3.6697212e-03   5.9701655e-02  -2.6513403e-02  -3.2416151e-04  -1.3530070e-04   4.1649664e-05
   3.1461877e-03   1.0060763e-01  -9.9006762e-03  -1.0527675e-03  -1.4928572e-05  -9.6829868e-05
  -9.5426723e-03   1.9165940e-02  -1.4076716e-02  -1.0233143e-03   1.9022771e-04  -4.4400148e-04
  -2.2922248e-03  -3.4954540e-03  -3.1562303e-02  -7.2160027e-04  -2.1735271e-04  -1.1591679e-04
  -3.1469560e-03   3.9054095e-02  -3.8931887e-02  -1.0602049e-03  -1.3997372e-04  -2.3520470e-04
   8.5941037e-03   5.3952633e-02  -5.5080486e-02  -2.2122736e-04  -3.9406525e-04   1.6672962e-04
   1.2341905e-02   3.7178811e-02  -4.7970535e-02  -3.9434131e-04  -5.0711075e-04   3.1161973e-04
   1.5233801e-02   6.6102826e-02  -5.0675633e-02  -1.6345794e-04  -5.6531094e-04   4.2521886e-04
   4.6586472e-03   1.0090192e-01  -3.1459548e-02  -3.6372045e-04  -5.5294551e-04   3.7230607e-04
   6.6753845e-03   6.2961745e-02  -2.8905123e-02  -7.6457170e-04  -6.5450161e-04   3.7112453e-04
  -1.9734893e-02  -4.4625376e-03   4.1962425e-02  -2.5827460e-03  -8.9307446e-05  -2.0835550e-04
  -5.8592490e-02   2.2612225e-02  -1.6086081e-04  -2.6020838e-03  -4.6559880e-04  -7.6689232e-04
  -6.3026558e-02   1.0364226e-02  -2.0157612e-02  -2.3598984e-03  -6.5296318e-04  -1.0867362e-03
  -5.6100699e-02   2.3743872e-03  -1.4874634e-02  -2.0592125e-03  -1.0677373e-03  -1.1325177e-03
  -5.3072438e-02   1.9634105e-02  -1.3963610e-02  -1.7056121e-03  -1.1576048e-03  -1.1896213e-03
  -4.4034222e-02   2.2585676e-02  -2.0475407e-02  -1.6531316e-03  -1.2454257e-03  -1.1554703e-03
  -3.8551880e-02   2.1574615e-02  -7.7606276e-03  -1.6444834e-03  -1.3801704e-03  -9.8752026e-04
  -5.4219789e-02  -6.6194927e-03   2.4062716e-02  -2.7733235e-03  -1.2094688e-03  -1.2229323e-03
  -4.6769107e-02   7.2964814e-03   1.0512121e-02  -2.6117497e-03  -1.2168420e-03  -1.2306232e-03
  -4.8484877e-02   1.6695945e-02   7.2836100e-03  -2.0484862e-03  -1.5507845e-03  -1.1386343e-03
  -5.3667400e-02   3.3940862e-02   2.6545311e-02  -2.4479832e-03  -1.5792321e-03  -1.3719574e-03
  -4.4122941e-02   1.5093145e-02   3.1646162e-02  -2.3464567e-03  -1.5674342e-03  -1.2200399e-03
  -5.1624746e-02   2.9296914e-02   3.0393442e-02  -2.4380361e-03  -1.3234436e-03  -1.1016775e-03
  -5.1926075e-02   1.7699755e-02   1.4728837e-02  -2.1353657e-03  -1.3698741e-03  -1.0680092e-03
  -5.4749622e-02   1.1416592e-02   9.1066285e-03  -1.9769179e-03  -1.1539531e-03  -1.1671450e-03
  -4.4457810e-02   2.9962218e-03   2.3463550e-02  -2.4425819e-03  -1.1985914e-03  -1.0233015e-03
  -7.6658786e-02  -5.6914513e-03   6.3545552e-02  -3.0439116e-03  -1.0953382e-03  -1.4102880e-03
  -7.5815852e-02  -1.6246463e-02   3.5215560e-02  -2.6099501e-03  -1.2711022e-03  -1.5328396e-03
  -5.8493516e-02  -1.6624576e-02   2.4776565e-02  -2.4963302e-03  -1.7839509e-03  -1.3544265e-03
  -6.2804255e-02   4.1873057e-03   2.8789140e-02  -2.2845382e-03  -1.2298742e-03  -1.5142754e-03
  -4.0549736e-02  -2.5830862e-02   3.7691473e-02  -2.4298897e-03  -1.1707285e-03  -1.1303603e-03
  -2.3193110e-02   1.8054818e-02   9.5527445e-03  -1.8717928e-03  -1.2901036e-03  -4.9287411e-04
  -1.7934273e-02   6.8990076e-02   2.9634963e-02  -2.5201059e-03  -7.9532507e-04  -5.3142178e-04
  -9.3711935e-03   1.2130094e-03   4.5258369e-02  -2.9771162e-03  -7.7176047e-04  -4.8175853e-04
   6.6531979e-03   5.5301628e-03   2.8484749e-02  -2.2559432e-03  -1.1756523e-03  -1.0444418e-04
  -4.7843070e-03   5.0114750e-02   3.2474181e-02  -2.7337040e-03  -8.8311925e-04  -5.0762933e-04
  -2.2796068e-02   1.3967261e-02   4.4420239e-02  -3.9445296e-03  -8.7053715e-04  -7.5381988e-04
  -1.7743716e-02   2.6418796e-03   1.8720168e-02  -3.3585168e-03  -9.6376977e-04  -7.6236467e-04
  -4.7799647e-03  -1.7677041e-02   2.2556953e-02  -3.1344604e-03  -9.2269119e-04  -6.1672608e-04
  -1.3165298e-03  -1.0926607e-02   2.4683620e-02  -3.0343855e-03  -8.0516362e-04  -6.1419458e-04
   2.1556070e-02   3.1729954e-03   1.2073777e-02  -2.8358713e-03  -9.0585564e-04  -8.8008006e-05
   8.2853477e-03   1.3854313e-02   2.5236085e-02  -3.2179793e-03  -1.0228786e-03  -4.3528210e-04
   6.9107882e-03  -4.5552473e-03   1.9972701e-02  -3.1810334e-03  -8.2444390e-04  -5.3360333e-04
   7.7339513e-03   4.4026093e-02   2.0792964e-02  -3.2835698e-03  -1.0117217e-03  -5.3474043e-04
   5.5633136e-03  -1.8973445e-04   2.1532985e-02  -3.5194391e-03  -9.3487424e-04  -6.5106996e-04
  -1.1229960e-02   1.8943636e-02  -2.8714915e-02  -3.1866243e-03  -1.0909206e-03  -6.0089096e-04
   6.8700054e-03   4.7149529e-02   2.6075002e-03  -4.0349305e-03  -8.0511228e-04  -9.9398195e-05
   1.4511016e-02   9.0942355e-02  -4.7726806e-03  -3.6137301e-03  -9.9223685e-04  -8.5101297e-05
   3.2349439e-02   6.1575099e-02   5.1878746e-03  -3.7005701e-03  -9.8971538e-04   2.6470146e-05
   5.7986702e-02   3.6417989e-02  -1.1769498e-02  -3.5922761e-03  -7.4449539e-04   4.8920845e-04
   6.4323591e-02   4.1761032e-02  -2.5418510e-03  -4.1247875e-03  -6.0667486e-04   6.6842933e-04
   6.7200573e-02   2.6906734e-03   8.1602655e-03  -4.5459418e-03  -6.9117872e-04   8.3776581e-04
   8.0215431e-02   5.6132850e-02  -1.1249925e-02  -3.9534275e-03  -4.7968215e-04   1.2038626e-03
   8.8961077e-02   5.3568322e-02   8.1817278e-03  -4.3014825e-03  -3.7043459e-04   1.2261607e-03
   8.3462762e-02   6.5181512e-02   2.8151187e-02  -4.2843924e-03  -4.3637666e-04   1.0207566e-03
   1.0335390e-01   4.4855997e-02   3.2664222e-03  -3.7962546e-03  -5.4029063e-04   1.4592149e-03
   1.1944663e-01   2.4277083e-02  -5.0192445e-03  -3.0247719e-03  -4.6298980e-04   1.8458704e-03
   1.2422132e-01   9.0512098e-02  -3.1164569e-02  -2.3578044e-03  -3.3748094e-04   1.8006364e-03
   1.2160888e-01   1.1681242e-01  -2.8678759e-02  -2.4613891e-03  -1.8802869e-04   1.7068260e-03
   1.1303213e-01   8.5802018e-02  -1.6887423e-02  -2.8393627e-03   7.6487693e-05   1.6443763e-03
   1.1756871e-01   4.6120208e-02   1.1425750e-02  -3.0463626e-03   1.4086945e-04   1.8684374e-03
   1.3849578e-01   4.6337626e-02  -8.1583755e-04  -3.4890787e-03   5.7493525e-05   2.2864002e-03
   1.2103332e-01   1.2432902e-01   4.4949360e-04  -3.4388623e-03   4.3680146e-04   2.0227380e-03
   1.2962264e-01   5.2366525e-02  -7.9120915e-03  -3.0646492e-03   2.0363206e-04   2.2145252e-03
   1.3002198e-01   5.7747685e-02   1.3994764e-02  -3.5761299e-03   4.8690554e-04   2.2045859e-03
   1.4004662e-01   2.9200270e-02   2.0044654e-02  -3.4966988e-03   2.6765775e-04   2.1924564e-03
   1.3586121e-01   5.3386652e-02   3.4072361e-02  -3.8277484e-03   2.0661564e-04   2.1850171e-03
   1.4433454e-01   2.1219943e-02   3.1410615e-02  -3.8433042e-03   6.0811540e-05   2.4500678e-03
   1.4656057e-01   3.5692943e-02   3.9411236e-02  -3.8105272e-03   6.9022601e-05   2.2718506e-03
   1.5388247e-01   3.8896728e-02   3.3528930e-02  -3.6710772e-03   1.8534591e-04   2.3915173e-03
   1.4262102e-01   4.8334533e-02   8.1244186e-03  -2.8459918e-03  -4.6140828e-05   2.5035314e-03
   1.2794864e-01   7.7727617e-02  -1.4654788e-02  -3.3462997e-03  -4.7575639e-05   2.1719982e-03
   1.2078161e-01   6.4927827e-02  -1.1263059e-02  -2.9475685e-03  -1.3040263e-04   1.9624799e-03
   1.2880435e-01   1.0583687e-01   7.3981777e-03  -2.9754275e-03   1.7863933e-05   2.0047251e-03
   1.2548736e-01   1.1409054e-01   1.4006312e-03  -3.2111542e-03  -2.9828074e-04   2.0161935e-03
   1.3388271e-01   8.7651400e-02   7.0392721e-03  -3.7745010e-03   5.9100283e-05   2.1763459e-03
   1.3750714e-01   5.6845688e-02  -7.8042433e-04  -3.7522056e-03   8.3702882e-06   2.3321262e-03
   1.3532289e-01   1.0278092e-01   5.9145546e-03  -3.8434864e-03   5.4113705e-05   2.1933418e-03
   1.2902297e-01   8.2521723e-02  -1.3365082e-02  -3.0642858e-03   2.5835588e-05   2.1932598e-03
   1.3977643e-01   6.6419014e-02   1.5737273e-03  -3.4579109e-03  -2.2552173e-04   2.4153117e-03
   1.3174253e-01   8.3050600e-02   2.5091569e-02  -3.9186972e-03  -2.7683843e-06   2.1823277e-03
   1.3317229e-01   6.7881803e-02   1.4340038e-02  -3.4724840e-03  -1.1406289e-05   2.3694241e-03
   1.3513158e-01   7.7372072e-02   1.1135730e-02  -3.7246317e-03   3.9177699e-04   2.2927052e-03
   1.5525287e-01   8.7035360e-02   4.3228233e-04  -3.6030149e-03   2.2343354e-04   2.9086584e-03
   1.5623272e-01   1.3752027e-01  -1.8640134e-02  -2.9885533e-03   1.6714141e-04   3.0011024e-03
   1.4190384e-01   1.2312016e-01  -9.8684156e-03  -3.4968200e-03   2.1423862e-04   2.6582592e-03
   1.4756198e-01   7.8288080e-02  -2.3956822e-04  -3.5229612e-03   2.3955774e-04   2.7808008e-03
   1.5209457e-01   5.9106757e-02   2.6011125e-02  -3.9205614e-03   3.4838554e-04   2.7778614e-03
   1.5851978e-01   1.2950848e-01  -8.0396475e-04  -3.8291629e-03   1.8081102e-04   2.8073857e-03
   1.6596276e-01   5.7900899e-02  -2.9223594e-03  -4.2561078e-03   2.1027875e-05   2.8911265e-03
   1.8277009e-01   9.2273996e-02   2.1817833e-02  -4.2839251e-03   4.0372699e-04   2.9634317e-03
   1.8990214e-01   4.0289607e-02   1.8148025e-02  -4.0830473e-03   4.6541872e-04   3.2193506e-03
   1.8023010e-01   1.1573203e-01  -1.0375360e-02  -3.9719183e-03   2.5648095e-04   3.2235747e-03
   1.8252395e-01   1.0618846e-01   6.0672513e-03  -4.1857079e-03   2.5429337e-04   3.2118239e-03
   1.8140984e-01   6.9329094e-02   6.0683750e-03  -4.2562761e-03   2.2759891e-04   3.2706139e-03
   1.7227367e-01   8.7954414e-02   6.3928566e-03  -3.9729888e-03  -3.2695861e-05   3.3247862e-03
   1.9455962e-01   1.2398036e-01  -2.7329784e-02  -3.4232705e-03   1.1878471e-04   3.7551084e-03
   1.9802840e-01   1.5774683e-01  -1.8224107e-02  -4.2810213e-03   1.3715745e-04   4.1091534e-03
   2.1127728e-01   1.1088794e-01  -5.2053894e-03  -4.2049327e-03   2.4496627e-04   4.2204270e-03
   2.3051967e-01   1.0006997e-01   3.6339393e-03  -3.5523425e-03   5.2599948e-05   4.5229182e-03
   2.0778670e-01   1.1492165e-01  -2.6982642e-03  -3.4509903e-03   5.3191995e-04   4.0998212e-03
   2.1865774e-01   1.1581085e-01   6.7565070e-03  -4.7221293e-03   6.3736280e-04   4.1918634e-03
   2.3093863e-01   1.1414565e-01  -4.1848437e-03  -4.5580820e-03   4.6420321e-04   4.3173853e-03
   2.3801312e-01   7.8963476e-02   1.6353744e-03  -4.4687256e-03   4.0525270e-04   4.2986336e-03
   2.3474949e-01   6.0334942e-02   1.1702805e-02  -4.3038709e-03   5.3154163e-04   4.2695863e-03
   2.4687750e-01   5.3944349e-02   1.1067302e-02  -4.5643203e-03   7.3132174e-04   4.5077426e-03
   2.6012985e-01   1.0729277e-01   3.1375609e-03  -4.9602892e-03   7.0271605e-04   4.7476698e-03
   2.4870059e-01   8.8831823e-02  -1.0129925e-02  -4.6416217e-03   6.6765475e-04   4.5115436e-03
   2.6531155e-01   9.2857909e-02   6.1800928e-03  -4.2615847e-03   5.4521403e-04   5.0017360e-03
   2.4911823e-01   7.5408945e-02  -3.6457633e-02  -3.6422098e-03   2.3513379e-04   4.6855786e-03
   2.3214223e-01   9.1868761e-02  -1.8517954e-02  -3.5974778e-03   3.4287911e-04   4.5683291e-03
   2.3050267e-01   8.4474837e-02  -4.7920508e-03  -4.0288992e-03   4.1542677e-04   4.1926063e-03
   2.2254685e-01   1.4533439e-01  -3.9428049e-03  -4.0675035e-03   3.8506533e-04   3.9484406e-03
   2.4646915e-01   9.2372068e-02  -7.0750479e-03  -4.2895421e-03   4.7905860e-04   4.3930650e-03
   2.1502658e-01   4.4965167e-02  -1.4894408e-02  -3.8434518e-03   1.6304943e-04   3.9793413e-03
   2.1019861e-01   1.1982112e-01  -1.7394000e-02  -3.4449331e-03  -4.1039047e-05   4.1151532e-03
   2.1272760e-01   1.2430401e-01  -8.3121033e-03  -3.8788283e-03   3.3012141e-04   3.9709564e-03
   2.3604404e-01   6.7464990e-02   3.9873536e-03  -4.4294790e-03   4.7342703e-04   4.1780311e-03
   2.4041046e-01   7.7621081e-02  -7.0173904e-03  -4.3942232e-03   4.3909081e-04   4.2202459e-03
   2.4740064e-01   1.0032929e-01   1.6695142e-04  -4.5880124e-03   2.2299035e-04   4.4346969e-03
   2.3771297e-01   1.1033312e-01  -2.3432628e-02  -3.3006490e-03   1.6916327e-04   4.0677682e-03
   2.3595437e-01   1.3255924e-01  -5.3917941e-04  -4.4729600e-03   1.8979652e-04   4.0185766e-03
   2.3514715e-01   1.0468941e-01  -2.9956950e-02  -3.6475606e-03   3.8263047e-05   4.2370272e-03
   2.1600584e-01   6.6654226e-02  -9.0155811e-03  -3.3034625e-03   1.0021125e-04   3.6188327e-03
   2.1418365e-01   1.8199458e-01   4.2761110e-03  -3.8918889e-03   2.4337449e-04   3.6656621e-03
   2.2497573e-01   9.6220882e-02  -3.0195892e-02  -3.6999675e-03   3.4728508e-05   4.2236523e-03
   2.3391184e-01   1.1324564e-01  -1.7885698e-02  -3.8731331e-03   2.8645947e-04   4.3060038e-03
   2.3908236e-01   9.3364851e-02   9.8809945e-03  -4.2921826e-03   3.7139158e-04   4.2563767e-03
   2.4352509e-01   1.1531009e-01  -1.1018388e-02  -4.2457355e-03   3.3889721e-04   4.3918254e-03
   2.5550503e-01   1.1413587e-01   7.3218422e-03  -4.7411036e-03   2.0316500e-04   4.4753756e-03
   2.6557515e-01   1.0775906e-01   9.7578928e-03  -4.7688123e-03   1.0375058e-04   4.7158768e-03
   2.5798180e-01   7.5654123e-02   1.0719476e-02  -4.5147991e-03   1.0382331e-04   4.6548449e-03
   2.4565089e-01   9.6249064e-02   3.9746647e-03  -4.8334996e-03   1.0326068e-04   4.2318883e-03
   2.4943958e-01   8.1889614e-02  -1.2237886e-03  -4.5065074e-03  -3.5338733e-04   4.3084545e-03
   2.4072970e-01   8.6256226e-02   1.3803880e-03  -4.6209842e-03  -3.2433742e-04   4.0762795e-03
   2.3904416e-01   1.3862985e-01  -4.8590587e-02  -4.0070316e-03  -2.8574090e-04   4.3833264e-03
   2.3061875e-01   1.6197201e-01  -5.5916164e-02  -3.6733086e-03  -4.0125283e-04   4.2410345e-03
   2.1688764e-01   1.5982871e-01  -7.3645595e-03  -3.3792023e-03  -4.2781513e-04   4.3055979e-03
   2.3461929e-01   9.9820608e-02  -7.3321852e-03  -3.5955441e-03  -9.8501060e-05   4.8820029e-03
   2.1688763e-01   1.6182963e-01  -1.2045214e-02  -3.9366350e-03  -3.7182744e-05   4.6062172e-03
   2.2682632e-01   1.4014033e-01  -7.3385931e-03  -4.4008907e-03   1.5558056e-05   4.7276731e-03
   2.3664739e-01   1.4131153e-01  -2.1364838e-02  -4.7377425e-03  -1.1643856e-04   4.9315977e-03
   2.3455606e-01   1.4038344e-01  -5.4409046e-02  -3.8343561e-03   2.1950261e-04   4.8049432e-03
   2.2954648e-01   1.2841772e-01  -2.1371178e-02  -4.3062131e-03   1.3327159e-04   4.7393555e-03
   2.3391144e-01   8.6169608e-02   1.6363487e-02  -5.4265021e-03   3.0723573e-04   4.7349650e-03
   2.3184076e-01   1.2393566e-01  -1.5559886e-02  -4.4679711e-03   1.7760034e-04   4.7295713e-03
   2.5120487e-01   1.6297470e-01  -3.1216371e-03  -4.7047442e-03  -2.1815792e-04   4.8436088e-03
   2.3556059e-01   9.4204169e-02   1.3024695e-02  -4.6976058e-03   5.2875423e-05   4.3902912e-03
   2.3394712e-01   1.3272101e-01  -1.7639120e-02  -4.4303757e-03   8.6486278e-05   4.7060639e-03
   2.2256480e-01   1.8266242e-01  -2.2563476e-02  -4.0774118e-03   3.8260647e-05   4.4369963e-03
   2.1109371e-01   1.2591336e-01   3.7121839e-03  -4.3781806e-03   2.8003858e-05   3.9345580e-03
   2.4317672e-01   8.3328546e-02  -3.9058016e-03  -3.5964197e-03  -1.8468337e-04   4.4975262e-03
   2.2132969e-01   1.5233004e-01  -4.8050194e-03  -4.4579962e-03   7.0158779e-05   4.1016445e-03
   2.2133705e-01   1.6234615e-01  -1.0829664e-02  -4.5887704e-03   1.6724426e-04   4.2348741e-03
   2.0092331e-01   1.2968606e-01  -1.3203281e-02  -4.6634041e-03   1.7771985e-04   3.5827549e-03
   2.1417292e-01   1.4797368e-01  -8.3730550e-03  -4.4863320e-03   8.6946062e-05   4.2145374e-03
   2.1889349e-01   1.5957098e-01   6.6917880e-03  -4.2726838e-03  -5.8740325e-04   4.5941781e-03
   1.8769293e-01   1.5194510e-01   2.5103277e-02  -4.8854648e-03   6.8423077e-06   3.6045454e-03
   1.8958613e-01   1.2432721e-01   1.8912373e-02  -4.6855617e-03  -4.5496811e-05   3.5734158e-03
   1.9519672e-01   6.2348666e-02   1.3289810e-02  -4.3607639e-03   6.8433410e-05   3.6860783e-03
   2.0337103e-01   1.2076354e-01   2.7157122e-02  -4.9642354e-03   4.7741403e-04   3.7585443e-03
   1.9275385e-01   1.9143013e-01  -2.0922799e-02  -3.7828624e-03   5.6441952e-04   3.5339353e-03
   1.7619658e-01   1.8152843e-01  -3.1452173e-02  -4.0042893e-03   6.1856170e-04   3.3497123e-03
   1.9817441e-01   1.2635739e-01   1.9473332e-03  -4.6132287e-03   9.3606919e-04   3.7765251e-03
   1.8951992e-01   1.1370419e-01   1.5394933e-02  -4.7575738e-03   1.2336104e-03   3.7436343e-03
   1.6804714e-01   1.4432938e-01  -1.0168155e-02  -4.2256598e-03   1.0259253e-03   3.7263251e-03
   1.6845769e-01   1.1759171e-01   1.5866853e-02  -4.9314132e-03   1.3262256e-03   3.4488921e-03
   1.8060387e-01   7.8833512e-02   1.3489604e-03  -4.3229347e-03   1.3603738e-03   3.7945802e-03
   1.6180822e-01   1.3573764e-01   2.0103699e-02  -4.5497025e-03   1.5062936e-03   3.3052559e-03
   1.5776217e-01   1.0157081e-01   1.5940620e-02  -4.4593103e-03   1.8229591e-03   3.2671950e-03
   1.6371944e-01   7.9405530e-02   9.0382678e-03  -4.7347050e-03   1.8470242e-03   3.2575109e-03
   1.6111359e-01   8.4025300e-02   3.1339984e-03  -4.7237178e-03   1.8256336e-03   3.5261370e-03
   1.4437571e-01   8.2434396e-02  -1.0895131e-02  -4.4330768e-03   1.6700873e-03   3.1548804e-03
   1.2963283e-01   1.0407470e-01  -1.9850142e-02  -4.3705348e-03   1.6373007e-03   3.0397668e-03
   1.6694088e-01   1.0453676e-01  -3.0148512e-02  -4.2620587e-03   1.5254639e-03   3.7183909e-03
   1.5509433e-01   1.2448871e-01  -6.0359785e-02  -3.2443154e-03   1.7895085e-03   3.2106363e-03
   1.3637929e-01   1.5978698e-01  -4.2555928e-02  -3.5979252e-03   1.4853366e-03   2.8887789e-03
   1.3897012e-01   8.3873713e-02  -3.8616462e-02  -3.4835999e-03   1.3582441e-03   2.9397992e-03
   1.5586046e-01   2.0703008e-01   2.1749084e-03  -3.6771650e-03   1.6431437e-03   3.0642850e-03
   1.4362001e-01   4.6984587e-02   2.2292778e-02  -3.5663388e-03   1.8289048e-03   3.0346977e-03
   1.5140294e-01   1.0885929e-01   1.7718561e-02  -4.2754582e-03   2.1062445e-03   3.4142243e-03
   1.4621794e-01   1.0430767e-01   1.1199249e-02  -4.7755855e-03   1.9839973e-03   3.4310861e-03
   1.4982110e-01   7.8995872e-02  -6.1006440e-03  -4.5145501e-03   1.9283384e-03   3.4028988e-03
   1.5163567e-01   9.0788824e-02   1.6328409e-02  -4.7225805e-03   1.9975595e-03   3.3280283e-03
   1.4733037e-01   1.0743243e-01  -3.0302063e-03  -4.5402376e-03   1.7634205e-03   3.3226555e-03
   1.4414369e-01   1.3664594e-01  -1.5479146e-02  -4.4334652e-03   1.8947706e-03   3.0627828e-03
   1.3659790e-01   1.1708757e-01  -5.9298695e-03  -4.3994123e-03   1.8943705e-03   2.9457747e-03
   1.3389090e-01   1.1064613e-01   7.4998547e-03  -4.1797538e-03   1.6826018e-03   2.8991231e-03
   1.3964035e-01   9.5758228e-02  -2.8581841e-03  -4.0537937e-03   1.6411087e-03   3.0025955e-03
   1.3712266e-01   1.3213098e-01  -2.3948357e-02  -3.6569391e-03   1.9927387e-03   2.7888222e-03
   1.3109486e-01   1.3561388e-01   2.4242934e-04  -3.9396267e-03   1.4362382e-03   2.8005997e-03
   1.2237222e-01   7.9929263e-02   2.2364752e-02  -3.6823861e-03   1.3820260e-03   2.4064295e-03
   1.1379917e-01   2.0149899e-01  -2.4314538e-02  -2.0597574e-03   1.0305638e-03   2.4039540e-03
   1.0507762e-01   1.5958918e-01   2.8270125e-02  -3.6531616e-03   1.7325992e-03   2.2644754e-03
   1.0701632e-01   1.1471280e-01   2.4433748e-02  -4.3082437e-03   2.0479569e-03   2.3615078e-03
   1.2793407e-01   9.2484834e-02   2.1149947e-02  -3.9150477e-03   2.0665674e-03   2.7209562e-03
   1.2019280e-01   2.1926423e-01   1.0957242e-02  -3.7149749e-03   2.2608644e-03   2.4108053e-03
   1.1931524e-01   1.4334261e-01   2.6331412e-02  -4.2830262e-03   2.6951030e-03   2.5294299e-03
   1.1871768e-01   1.2424523e-01   9.9653067e-03  -4.5139012e-03   2.6780819e-03   2.5832015e-03
   1.2312080e-01   1.1960065e-01   1.5080113e-02  -4.3835706e-03   2.4676009e-03   2.6332049e-03
   1.1871336e-01   1.4890438e-01  -1.1523268e-03  -4.1516081e-03   2.4131866e-03   2.4375300e-03
