   1.1068807e-14   0.0000000e+00  -5.7333288e-15  -7.6110080e-19   2.5244251e-18   0.0000000e+00
   1.3000942e-02   7.1147910e-02   5.3237591e-03   2.2556783e-04  -1.2860099e-04   1.8000914e-04
   1.1178723e-02   7.0412517e-02   3.0005954e-02  -6.9111097e-05   2.6905600e-04   1.8429020e-04
   5.9170192e-03   8.0336814e-04   3.3740568e-02  -3.2140426e-04  -1.2229751e-04  -9.3836769e-06
   1.2094913e-02   1.2538903e-02   4.7013251e-02  -1.3404691e-03   1.1155678e-04   4.0907615e-04
   1.4854785e-02  -1.4976379e-02   3.2911850e-02  -8.1563711e-04   1.0090449e-04   5.0973401e-04
   3.1459563e-02   1.2526695e-02   5.9838800e-02  -3.9432337e-04  -1.6383975e-05   5.6258683e-04
   3.8129289e-02  -3.1069187e-02   3.4180450e-02  -4.5450496e-04   1.3232729e-04   7.1166979e-04
   2.5571494e-02   3.8122370e-02   4.1582151e-02  -9.8636494e-04   3.0075053e-04   7.2143649e-04
   3.2834659e-02   4.9523502e-03   4.6679796e-02  -9.7431587e-04   2.5588909e-04   7.6487265e-04
   3.6057527e-02   2.1645152e-02   4.5864055e-02  -3.8872182e-04   1.7213814e-04   8.0196166e-04
   5.3304527e-02   2.0397092e-02   5.4127610e-02  -5.5829248e-05   2.4325400e-04   1.0456307e-03
   4.5488955e-02   2.1296644e-02   8.2056475e-02  -1.2970822e-03   4.0368108e-04   8.3900431e-04
   3.8650605e-02   5.8627140e-02   1.2644282e-01  -2.8049873e-03   7.9981742e-04   9.1835289e-04
   4.0015411e-02   1.0202820e-01   1.4250615e-01  -3.6254079e-03   9.3771633e-04   1.0714277e-03
   4.0105199e-02   9.3562595e-02   1.3715032e-01  -3.8826750e-03   1.0956147e-03   8.7486707e-04
   1.4033080e-02   6.7120071e-02   1.4888839e-01  -4.1791142e-03   1.9921505e-03   7.2728047e-04
   2.7837910e-02   9.8051451e-02   1.4552375e-01  -4.7381877e-03   1.8722237e-03   8.8172179e-04
   3.1207623e-02   1.1479033e-01   1.3523628e-01  -4.8101136e-03   2.0264518e-03   1.1915937e-03
   4.1502012e-02   1.4909870e-01   2.1612587e-01  -8.2601514e-03   1.6197693e-03   1.2915109e-03
   4.3425004e-02   1.2577093e-01   2.1486420e-01  -7.9937173e-03   1.4646225e-03   1.2102918e-03
   2.8968766e-02   1.0775886e-01   1.7131442e-01  -6.8264310e-03   1.8330792e-03   1.0886506e-03
  -5.6050713e-03  -1.5850310e-01  -4.3153035e-01   2.4037439e-03   2.1981356e-03   7.9799856e-04
  -4.5950526e-02  -1.3194462e-01  -3.4615506e-01   7.0352636e-03   3.2112742e-03  -2.6731878e-04
  -4.1565047e-02  -1.2457336e-01  -2.9751757e-01   6.1224218e-03   2.9432258e-03  -5.5947985e-04
  -6.6902611e-02  -5.2871099e-02  -2.2248707e-01   4.4106036e-03   3.1465829e-03  -1.8986339e-03
  -7.7710569e-02  -6.5871988e-02  -2.1464081e-01   4.0823616e-03   3.3875881e-03  -1.6111288e-03
  -6.4414899e-02  -5.1363805e-02  -2.0634100e-01   3.3432995e-03   3.1978387e-03  -1.4842008e-03
  -7.5440116e-02  -5.9104061e-02  -1.8189719e-01   2.3427058e-03   3.1141313e-03  -1.4121493e-03
  -4.4304572e-02  -1.3202201e-02  -1.4507207e-01   1.2267991e-03   2.2858067e-03  -1.2208202e-03
  -4.2897597e-02  -2.5734772e-02  -1.3839573e-01   1.7311989e-03   2.2286255e-03  -1.2792634e-03
  -6.0205322e-02  -2.4076574e-02  -1.2468496e-01   1.4039841e-03   2.8419610e-03  -1.3310125e-03
  -6.1429067e-02   2.7245896e-02  -8.7438997e-02   9.3223170e-04   2.8748174e-03  -1.2839426e-03
  -5.1443695e-02  -2.7207635e-02  -1.2961446e-01   1.4300780e-03   2.8230329e-03  -9.8352238e-04
  -4.8888245e-02   1.8953072e-02  -1.5011473e-01   1.2331611e-03   2.6667926e-03  -1.0253960e-03
  -4.5040378e-02   1.8247302e-02  -9.2453748e-02   7.2752216e-04   2.5473256e-03  -8.8522527e-04
  -5.0272737e-02   5.1929761e-02  -5.5573344e-03  -1.8967235e-03   2.3308806e-03  -1.1119355e-03
  -4.9261823e-02   4.2285236e-02   4.7477529e-02  -3.0380632e-03   2.2077149e-03  -1.2348610e-03
  -5.4726350e-02   4.4567732e-02   4.6308020e-02  -2.8447084e-03   2.4158831e-03  -1.2360088e-03
  -5.1358988e-02   9.8302432e-02   2.8873857e-02  -2.7858718e-03   2.5219865e-03  -9.3282883e-04
  -2.3503583e-02   1.0324955e-01   7.5263226e-02  -2.0011691e-03   2.9513085e-03  -2.4325698e-04
  -2.2617844e-02   3.6900948e-02   5.4842530e-02  -2.3206062e-03   2.9389441e-03  -3.8486158e-04
  -9.3833369e-03   9.2188650e-02   6.3682798e-02  -1.9018575e-03   2.5644289e-03  -2.9795396e-04
  -1.8798817e-02   4.1069788e-02   5.7056355e-02  -1.9216450e-03   2.7156898e-03  -6.0199823e-04
  -4.4030796e-02   2.2090818e-02   4.8963807e-02  -1.5235766e-03   2.8925062e-03  -6.0006582e-04
  -2.6301660e-02   6.9463416e-02   4.7671822e-02  -1.6181727e-03   3.1397895e-03  -7.3920855e-05
  -1.4930622e-02   6.3150428e-02   3.1616963e-02  -2.9220677e-03   3.4082049e-03  -7.7086783e-05
  -1.4964007e-02   5.8504346e-02   3.8207119e-02  -2.6080454e-03   3.2615484e-03   7.0570826e-05
   1.1176122e-02   7.2967283e-02   1.5773899e-02  -1.4828712e-03   3.2525627e-03   6.9512023e-04
   4.3352985e-02  -1.3772847e-01  -2.0677314e-01   4.0200101e-03   3.1179453e-03   1.1825877e-03
  -4.2273383e-03  -1.3367017e-02  -2.2835442e-01   6.8129478e-03   4.3201684e-03   6.0841055e-04
  -6.0497705e-03  -4.0880612e-02  -1.4708397e-01   4.9092057e-03   4.0256250e-03   4.4734176e-04
  -6.2783289e-03   1.3764398e-02  -1.3415812e-01   3.9641273e-03   4.1997235e-03   7.9044349e-04
  -6.4727374e-03   5.8246039e-03  -1.0966910e-01   3.6041531e-03   4.3025139e-03   7.9096175e-04
   6.3486638e-03  -2.0099890e-02  -1.1518442e-01   3.1094107e-03   4.2558023e-03   9.9382135e-04
   1.4076103e-02   1.6342762e-02  -1.3205911e-01   3.3030951e-03   4.0028629e-03   9.3055933e-04
   8.2027467e-03   5.1410175e-04  -1.2634682e-01   3.4744117e-03   4.1435192e-03   8.5986131e-04
   2.3959122e-02  -2.9101738e-02  -9.4742318e-02   3.9462646e-03   3.8815480e-03   1.0105335e-03
   2.2233298e-02  -4.9372156e-03  -8.4868312e-02   3.3632055e-03   3.8679107e-03   1.0581949e-03
   1.5932895e-02   5.2678491e-03  -8.5317110e-02   3.4932093e-03   4.0810160e-03   1.2579114e-03
   2.0202905e-02   2.1537644e-02  -7.7084583e-02   3.2037715e-03   3.8633319e-03   1.3613118e-03
   3.8261934e-02  -4.6995961e-02  -5.9710080e-02   3.9444102e-03   3.8339051e-03   1.7015605e-03
   1.3269691e-02   1.3126718e-02  -5.9206452e-02   3.0625152e-03   4.1505674e-03   1.5378731e-03
   1.6425327e-02   5.6060711e-02  -7.8839472e-02   2.8501663e-03   4.1708286e-03   1.4336630e-03
   2.1190253e-02   2.4842361e-02  -8.3661833e-02   3.1770933e-03   4.1320241e-03   1.3922677e-03
   3.1731560e-02   4.4424432e-02  -6.2693265e-02   3.2444342e-03   4.3259706e-03   1.8221349e-03
   3.8551604e-02   2.8763208e-02  -6.0276502e-02   3.4597386e-03   4.3439560e-03   1.8746868e-03
   2.4148545e-02   5.5214717e-02  -6.0689313e-02   3.3561066e-03   4.5245496e-03   1.8547480e-03
   5.1911572e-03   9.6757589e-02  -6.9420231e-02   3.0796358e-03   4.5168499e-03   1.6304291e-03
  -2.8992259e-03   6.6198092e-02  -8.2651471e-02   2.8330292e-03   4.5765307e-03   1.5819698e-03
   4.5202237e-02   3.0892532e-02  -1.8950422e-01   1.1496188e-02   3.6366802e-03   2.7175569e-03
   1.5575751e-01  -6.8717980e-02  -5.5494253e-01   7.0822315e-03   3.4012193e-03   7.1664576e-03
   1.5867595e-01  -1.0347940e-02  -5.0231341e-01   1.0121286e-03   1.1201845e-03   5.6503075e-03
   9.4973020e-02   4.1365245e-02  -2.3543471e-01   3.5821701e-03   1.6074730e-03   2.7364165e-03
   9.4320504e-02   5.2715538e-03  -1.8364707e-01   3.5365051e-03   1.8744083e-03   2.9946786e-03
   8.8425406e-02  -2.6577877e-02  -1.3368714e-01   3.4594085e-03   2.1495243e-03   2.9392458e-03
   8.2336819e-02  -4.9116152e-02  -1.1570607e-01   2.6641881e-03   1.9791967e-03   2.8610372e-03
   7.3437350e-02  -4.7375843e-02  -1.3144240e-01   2.3692231e-03   2.2146565e-03   2.7794794e-03
   7.7711728e-02  -4.6333698e-02  -1.4511457e-01   1.9582197e-03   2.1023316e-03   2.7214238e-03
   9.4441409e-02   1.2321044e-02  -1.4405487e-01   1.7801420e-03   1.7123461e-03   2.8717908e-03
   4.6278249e-02  -7.4488439e-03  -1.9710807e-01   1.7001282e-03   2.2088076e-03   2.2121101e-03
   2.9579012e-02   4.7757251e-02  -2.0014588e-01   1.3210548e-03   2.5409644e-03   2.1508147e-03
   4.8513822e-02   2.9483410e-02  -2.0868683e-01   1.1071817e-03   2.5598203e-03   2.4961063e-03
   4.4557588e-02   7.4406014e-02  -2.0772336e-01   1.4556915e-03   2.8510871e-03   2.4898870e-03
   5.1764839e-02   3.2023051e-02  -2.2081935e-01   1.9040330e-03   2.6237875e-03   2.4745636e-03
   4.7540047e-02   9.0074595e-02  -2.2912556e-01   1.8811213e-03   2.4656202e-03   2.3396748e-03
   4.2732406e-02   5.9947763e-02  -2.0739692e-01   2.7785481e-03   1.9280487e-03   2.5106384e-03
   3.4174068e-02   4.9357340e-02  -1.8875715e-01   2.2578273e-03   2.6378893e-03   2.1269672e-03
   4.1235379e-02   5.3862687e-02  -1.9056339e-01   2.0414124e-03   2.8398495e-03   2.3022974e-03
   3.8253814e-02   3.9671823e-02  -1.9297806e-01   2.2213843e-03   2.8488046e-03   2.1893041e-03
   3.7308540e-02   2.0796586e-02  -1.8997500e-01   2.5284955e-03   2.8067658e-03   2.1416474e-03
   4.6748178e-02   3.5695088e-02  -1.8206609e-01   2.1119429e-03   2.8021732e-03   2.1924867e-03
   4.5940359e-02   6.7662411e-02  -1.2645605e-01   1.7489562e-03   2.9484392e-03   2.1124610e-03
   4.3739154e-02   4.8290387e-02  -1.6382700e-01   1.7597528e-03   2.9819045e-03   2.1396647e-03
   4.4638766e-02   6.8111432e-02  -1.7737524e-01   2.1128413e-03   2.8775133e-03   2.0507275e-03
   5.7455576e-02   4.9294559e-02  -1.2631081e-01   2.1220173e-03   2.3657430e-03   2.0528053e-03
   1.7143244e-02   5.0089340e-02  -1.3800226e-01   1.5337200e-03   2.8147810e-03   1.2476436e-03
   1.5564765e-02   6.3644241e-02  -1.4821520e-01   1.3663930e-03   2.8943794e-03   1.3566635e-03
   1.2300734e-02   5.5191746e-02  -1.5071294e-01   1.6261697e-03   3.0201188e-03   1.3502108e-03
  -1.3753571e-03   5.5877584e-02  -1.6444028e-01   1.7798451e-03   3.1868916e-03   1.1857124e-03
  -5.1020973e-03   5.9578267e-02  -1.6473087e-01   2.0440063e-03   3.1207844e-03   1.0580824e-03
   2.5261263e-03   6.8229669e-02  -1.4193917e-01   1.9119760e-03   2.8823551e-03   1.0824916e-03
  -1.1413354e-02   5.0320664e-02  -1.1012514e-01   1.1262019e-03   3.2560502e-03   9.5783574e-04
  -9.1211261e-03   4.6852556e-02  -1.0440157e-01   8.3415707e-04   3.0532554e-03   8.6716243e-04
  -2.4381948e-02   1.9048073e-01   1.8218446e-01  -1.8187775e-03   4.0839929e-03   9.4711779e-04
  -3.5440932e-02   1.9059374e-01   2.1830487e-01  -2.9484007e-03   4.8234091e-03   1.2413023e-03
  -3.1485626e-02   2.4674383e-01   2.2031666e-01  -1.2316380e-03   4.5556659e-03   1.6385031e-03
  -3.4173502e-02   1.9370178e-01   2.1550383e-01  -1.8249264e-03   4.6202753e-03   1.1104052e-03
   2.9055905e-03   1.9712183e-01   1.0803729e-01  -2.7047660e-03   4.3185046e-03   1.2373722e-03
   8.9315890e-02  -2.0760833e-01  -3.9194456e-01   1.0191701e-02   3.5397818e-03   2.9103803e-03
   9.4245876e-03   3.4601057e-02  -2.6314420e-01   1.2258565e-02   3.8491680e-03   1.6909855e-03
   9.1759742e-03   3.5098291e-02  -2.4013231e-01   1.0949331e-02   4.1265927e-03   1.5163917e-03
   8.7106646e-03   3.9321998e-03  -2.1207449e-01   1.0805447e-02   4.4773914e-03   1.7494322e-03
   2.0028732e-02  -4.0390597e-02  -1.8691664e-01   1.0682159e-02   4.2914760e-03   1.7475624e-03
  -5.8922935e-03   9.7192173e-03  -2.1432544e-01   1.0379152e-02   4.6064233e-03   1.4115929e-03
  -3.8640754e-03   2.0408880e-02  -2.1642801e-01   1.0276747e-02   4.5228769e-03   1.6456278e-03
   2.3705164e-03   5.8864104e-02  -1.5719714e-01   9.6951982e-03   4.0381645e-03   1.5748090e-03
  -1.0429608e-02  -6.2088380e-03  -2.0070172e-01   1.0163200e-02   4.3940049e-03   1.3493546e-03
  -4.8289613e-02   5.3144574e-02  -2.0580708e-01   1.0970395e-02   4.6223779e-03   7.3952241e-04
  -5.2969290e-02  -1.1845793e-02  -2.0841836e-01   1.1223807e-02   4.9418008e-03   8.9988002e-04
  -5.3267217e-02   3.0088530e-02  -2.0753271e-01   1.1086512e-02   5.1460841e-03   9.4799079e-04
  -5.3136382e-02   2.9576541e-02  -1.7921467e-01   1.0596033e-02   5.1415935e-03   9.7875305e-04
  -5.5981093e-02   6.1952144e-03  -1.9727289e-01   1.0954180e-02   5.1610074e-03   8.9346622e-04
  -6.9767394e-02   4.6679982e-02  -1.7733367e-01   1.0765877e-02   5.1724997e-03   8.8815046e-04
  -1.2905305e-01  -2.3549712e-02  -1.4630945e-01   1.0675411e-02   5.6053607e-03  -1.0121603e-03
  -9.7614131e-02   1.1118569e-01   1.0709646e-01   1.2740702e-02   5.4067537e-03   1.1158551e-03
  -6.4182187e-03   1.6317515e-01   2.7998488e-01   1.2358658e-02   5.9464533e-03   5.0428149e-03
   2.2232076e-02   2.2167714e-01   2.8696208e-01   8.8405851e-03   5.1276140e-03   5.3197811e-03
  -1.0826523e-02   1.4370422e-01   2.8313777e-01   9.2595603e-03   5.9090046e-03   5.2971725e-03
  -2.2002227e-02   2.0999919e-01   3.3333450e-01   9.0399254e-03   6.4328808e-03   5.6242933e-03
  -2.4796807e-02   1.3925466e-01   3.6336845e-01   9.6076609e-03   6.4944107e-03   5.3528757e-03
  -3.7499250e-02   1.4927149e-01   3.7432381e-01   7.5439831e-03   6.2438810e-03   4.5220697e-03
   2.2586436e-02   1.3931521e-01   3.8388140e-01   6.3380428e-03   5.5234177e-03   4.2443526e-03
   2.1536395e-02  -7.1352012e-02  -1.1522627e-01   1.0072058e-02   4.0096232e-03   2.2842189e-03
  -9.4909096e-02  -2.1467850e-01  -5.0355584e-01   2.3278081e-02   5.9744668e-03   9.4967521e-04
  -1.1060994e-01  -1.4558348e-01  -4.7297415e-01   2.0980411e-02   5.8143352e-03  -6.2116352e-05
  -1.1915804e-01  -1.4595321e-01  -4.2733995e-01   2.0416603e-02   5.4080646e-03  -5.2501893e-04
  -1.3865813e-01  -6.8007696e-02  -4.4664238e-01   1.9624398e-02   5.2723897e-03  -8.0813058e-04
  -1.5249902e-01  -1.0703663e-01  -4.6113892e-01   1.9311482e-02   5.4565529e-03  -9.8667276e-04
  -1.5556692e-01  -7.9141938e-02  -4.6549366e-01   1.8845865e-02   5.3771513e-03  -1.0913605e-03
  -1.6137082e-01  -8.5553926e-02  -4.3788597e-01   1.7877922e-02   5.1388034e-03  -1.3606450e-03
  -1.6350955e-01  -8.2274551e-02  -4.0589731e-01   1.7044067e-02   4.8540410e-03  -1.6717681e-03
  -1.6432221e-01  -1.1038055e-01  -3.7764565e-01   1.6204431e-02   4.5691638e-03  -1.8551036e-03
  -1.6075059e-01  -6.4266065e-02  -3.5564598e-01   1.5294299e-02   4.3997782e-03  -1.9550872e-03
  -1.6853581e-01  -6.7252924e-02  -3.5826073e-01   1.4991558e-02   4.3438195e-03  -2.1081068e-03
  -1.6689145e-01  -7.3444023e-02  -3.5061462e-01   1.6033067e-02   4.3956232e-03  -2.0991437e-03
  -1.5961442e-01  -4.2071005e-02  -3.0647571e-01   1.4076960e-02   4.5393745e-03  -2.0895020e-03
  -1.6533668e-01  -2.5743156e-02  -2.6750010e-01   1.3016593e-02   4.4341220e-03  -2.2721122e-03
  -1.8080226e-01   4.4030656e-03  -2.2777190e-01   1.2265075e-02   4.4211020e-03  -2.6262070e-03
  -1.8154999e-01  -4.6405978e-02  -2.2917263e-01   1.2115537e-02   4.9663721e-03  -2.4780460e-03
  -2.0247013e-01   5.0768470e-02  -2.2242415e-01   1.1845829e-02   5.6226001e-03  -2.6443633e-03
  -1.9557820e-01   8.0330312e-03  -2.2357787e-01   1.2152225e-02   5.7234995e-03  -2.6273344e-03
  -1.8841800e-01   5.2944957e-02  -2.2375173e-01   1.1762445e-02   5.5361021e-03  -2.5350129e-03
  -1.7601366e-01   1.9064955e-02  -2.3581117e-01   1.1964280e-02   5.3365989e-03  -2.3098329e-03
  -1.9304569e-01   6.3377182e-02  -2.2008191e-01   1.1546625e-02   5.6802266e-03  -2.4508144e-03
  -1.9101900e-01   3.3943290e-02  -2.1572404e-01   1.1278492e-02   5.5687065e-03  -2.4557523e-03
  -1.9237964e-01   2.7476653e-02  -2.1817911e-01   1.1599760e-02   5.5350773e-03  -2.6296000e-03
  -1.8634239e-01   1.5979316e-02  -2.1352849e-01   1.1654154e-02   5.3641136e-03  -2.6238585e-03
  -1.9078299e-01   9.9511035e-03  -2.2479566e-01   1.1343820e-02   5.4756999e-03  -2.4614539e-03
  -1.9769478e-01   5.5671404e-02  -2.1687406e-01   1.1193453e-02   5.6036470e-03  -2.6639819e-03
  -1.9776063e-01   4.8468004e-02  -2.1836265e-01   1.1213236e-02   5.4573981e-03  -2.8221091e-03
  -1.9598707e-01   5.0712612e-02  -2.1701075e-01   1.1152949e-02   5.4232598e-03  -2.8369724e-03
  -1.4554197e-01   5.4097670e-02  -2.2675998e-01   1.0908444e-02   5.1611550e-03  -2.1954432e-03
  -1.3945498e-01   1.0697010e-01  -1.8279903e-01   1.0377656e-02   5.4744241e-03  -2.1862066e-03
  -1.3858905e-01   1.4382949e-01  -8.0157153e-02   9.3012818e-03   5.7671007e-03  -2.1434231e-03
  -1.5903063e-01   3.1562308e-01   4.9066321e-01   6.5790034e-03   6.5210133e-03  -2.0280980e-03
  -2.4720823e-03   3.3657797e-01   1.0679807e+00  -4.1329685e-03   5.0542385e-03  -7.7971478e-04
   1.7414981e-01   3.9415050e-01   1.4242686e+00  -2.5524414e-02   5.6890527e-03   3.5182703e-03
   2.8777236e-01   5.4980069e-01   1.3392072e+00  -3.5132963e-02   5.3349002e-03   5.6953788e-03
   2.4581682e-01   6.3442266e-01   1.3988732e+00  -3.5770286e-02   5.6341409e-03   4.5098300e-03
   2.5958324e-01   5.8608339e-01   1.4747343e+00  -3.5697349e-02   4.8659763e-03   4.4503709e-03
   2.2651464e-01   6.3605544e-01   1.4779033e+00  -3.6059823e-02   4.9126049e-03   3.7830925e-03
   2.1622710e-01   5.9944465e-01   1.4859056e+00  -3.6223305e-02   5.2564483e-03   3.5827237e-03
   2.2741548e-01   5.9976210e-01   1.4478915e+00  -3.6259269e-02   5.3532978e-03   3.7637110e-03
   2.2041513e-01   6.4158538e-01   1.4499760e+00  -3.6124956e-02   5.0286017e-03   3.1026845e-03
   1.8494822e-01   5.9920221e-01   1.4029212e+00  -3.4632263e-02   4.7164435e-03   2.1014989e-03
   1.5940651e-01   6.0397640e-01   1.3723167e+00  -3.3763439e-02   3.9378093e-03   1.1390696e-03
   1.7075662e-01   6.0716697e-01   1.3789803e+00  -3.3372807e-02   4.2875721e-03   1.4761841e-03
   1.6498052e-01   6.2380697e-01   1.3897780e+00  -3.3729482e-02   4.6723750e-03   1.5130885e-03
   1.4465657e-01   6.3961929e-01   1.3968187e+00  -3.4182029e-02   4.8765953e-03   1.4244701e-03
   1.5066784e-01   6.1322012e-01   1.3795008e+00  -3.3815799e-02   4.7960322e-03   1.5281181e-03
   1.4525942e-01   5.9814451e-01   1.3742398e+00  -3.3447175e-02   5.1964379e-03   1.5405317e-03
   1.4655536e-01   6.1037299e-01   1.3520869e+00  -3.2923751e-02   5.2497428e-03   1.4240631e-03
   1.4330196e-01   6.4323396e-01   1.3726823e+00  -3.3273250e-02   5.1596017e-03   1.2204139e-03
   1.5328097e-01   6.3086040e-01   1.3540868e+00  -3.2837885e-02   4.8498948e-03   1.0544470e-03
   1.5779248e-01   6.2093133e-01   1.3504689e+00  -3.2120038e-02   4.7592787e-03   1.1880078e-03
   1.6343650e-01   6.1574928e-01   1.3377718e+00  -3.1667719e-02   4.6947355e-03   1.1886933e-03
   1.6061149e-01   6.5109484e-01   1.3300064e+00  -3.1510317e-02   4.9834421e-03   1.0161220e-03
   1.4261590e-01   6.2993489e-01   1.3098495e+00  -3.0973878e-02   4.8050618e-03   7.7557696e-04
   1.3441035e-01   6.0796078e-01   1.2723722e+00  -2.9291694e-02   4.7057974e-03   5.3283101e-04
   9.3872714e-02   5.9158346e-01   1.1690138e+00  -2.3824214e-02   5.1669586e-03  -1.7699079e-04
   2.1893351e-01  -1.4548972e-02  -5.7895749e-02   7.1311060e-03   1.6517078e-03   1.1307158e-03
   7.4146532e-03  -1.8324555e-01  -4.1030526e-01   2.5214721e-02   4.4673717e-03   9.5434729e-05
  -3.0408197e-02  -1.7122536e-01  -4.0057292e-01   2.4711428e-02   5.0351198e-03  -7.4465927e-04
  -4.3812983e-02  -1.8770554e-01  -3.5641265e-01   2.5014608e-02   5.1525210e-03  -8.5674591e-04
  -3.6983543e-02  -2.2562692e-01  -3.3889710e-01   2.4214642e-02   5.1217231e-03  -8.1704446e-04
  -6.0651336e-02  -1.6178113e-01  -3.2895081e-01   2.3097869e-02   5.4359933e-03  -1.0940805e-03
  -7.9228046e-02  -8.7850306e-02  -1.8594114e-01   1.8458587e-02   5.2608583e-03  -1.7735933e-03
  -9.8983050e-02  -8.6318916e-02  -1.5589970e-01   1.8137701e-02   5.3642399e-03  -2.1029725e-03
  -1.0050083e-01  -8.8749869e-02  -1.3568928e-01   1.6915887e-02   5.2094258e-03  -2.0783925e-03
  -2.3974077e-01   4.3575455e-01   4.9473880e-01  -5.9146078e-03   6.3772746e-03  -5.5899863e-03
  -3.2406134e-01   2.8645019e-01   4.1143177e-01  -3.4515096e-03   8.8612137e-03  -7.4892537e-03
  -3.4088431e-01   2.9600499e-01   4.0401591e-01  -3.7439957e-03   9.1051048e-03  -7.7845945e-03
  -3.5085977e-01   2.8184845e-01   3.7967441e-01  -3.1291422e-03   9.6247279e-03  -8.0112475e-03
  -3.6401363e-01   2.7543638e-01   3.6822006e-01  -2.5866838e-03   9.4693347e-03  -8.1862703e-03
  -3.3567257e-01   2.5168182e-01   3.4635245e-01  -1.6373181e-03   8.4409075e-03  -7.8692340e-03
  -3.4793950e-01   2.5215271e-01   3.6100518e-01  -1.6174128e-03   8.8305197e-03  -7.5432635e-03
  -3.4367243e-01   2.5622865e-01   3.7219066e-01  -1.7774038e-03   8.7669902e-03  -7.3790269e-03
  -3.4118878e-01   2.6459250e-01   4.0240561e-01  -3.4825888e-03   8.5428880e-03  -7.5865931e-03
  -3.4794951e-01   2.2820845e-01   3.8816839e-01  -2.8060058e-03   8.6563585e-03  -7.7378743e-03
