   0.0000000e+00  -6.2805937e-19  -2.1679272e-14   2.0656509e-20   3.3508182e-18  -6.9216207e-38
  -7.7488453e-02   5.4372564e-02   9.1265901e-02   8.9898713e-04  -1.8376845e-03  -6.2963348e-04
  -5.1087459e-02  -6.5139303e-02   3.9292046e-02   6.9922435e-04  -2.9244076e-03  -3.0870860e-04
  -3.1569017e-02   8.0284280e-02   1.3028718e-03   2.0168348e-04  -1.5348792e-03  -1.1465287e-04
  -4.4580749e-02   3.5011691e-02   3.4311452e-02  -2.0540674e-04  -1.7610903e-03  -1.2572754e-04
  -4.3836315e-02  -2.7822603e-02   4.9479618e-02  -1.6761206e-04  -1.9647064e-03  -1.2306937e-04
  -4.2752086e-02   3.8623195e-02   7.4001948e-02  -7.0818304e-04  -1.5344808e-03  -2.9976298e-04
  -2.7373888e-02  -1.8111577e-02   3.2439549e-02   3.8897067e-06  -1.5620986e-03  -4.7835223e-05
  -1.8646698e-02  -1.0769216e-02   1.1355452e-02  -4.2618803e-04  -1.2154682e-03   2.3172858e-04
  -2.3289153e-02   6.6482471e-02   2.9747650e-02  -7.6272271e-04  -1.3509842e-03   9.6901580e-05
  -2.2254391e-02  -5.6453392e-02   4.4193774e-02  -2.6923559e-04  -1.3835331e-03   3.8384082e-04
  -3.0789864e-02   3.6798970e-02   4.3776428e-02  -6.7474578e-04  -1.3588685e-03   3.7133986e-04
  -3.2562938e-02  -5.6065538e-03   3.4733777e-02  -8.7456665e-04  -1.4222264e-03   3.3359674e-04
  -2.4264637e-02  -4.8147616e-02  -4.6238766e-03  -3.0611628e-04  -1.4354672e-03   7.0286990e-04
  -2.8473677e-02   1.2537550e-01  -1.2630572e-02  -2.8050451e-04  -8.0811749e-04   6.2755521e-04
  -2.0289042e-02  -2.5595231e-02   3.2864429e-03  -1.0285819e-03  -2.3163967e-04   2.7742133e-04
  -9.5545049e-03   2.6504441e-02   2.6029446e-02  -1.8934017e-03   5.0285950e-04   2.5649783e-04
   1.7976167e-03  -3.6909855e-02   6.8259171e-04  -1.1537745e-03   1.0993412e-03   7.0224941e-04
   1.1391208e-03   5.2290906e-02   8.3499378e-03  -2.2387942e-03   1.2980244e-03   3.4849538e-04
   1.5083219e-04  -2.2914256e-02   1.8733663e-02  -2.3146029e-03   1.3895806e-03   1.9239031e-04
   1.3670797e-03  -5.1982959e-02   2.5429994e-02  -2.1219176e-03   1.4865221e-03   1.9191550e-04
  -5.3273107e-03  -5.6842045e-03   3.5433768e-02  -2.8663339e-03   1.4667959e-03   1.9906644e-04
  -1.3761923e-02  -3.0416192e-02   1.5946510e-02  -2.9977959e-03   1.3075961e-03   7.5088168e-05
  -1.7295240e-02  -1.8172931e-02  -1.2451235e-02  -2.9193982e-03   1.2705477e-03   2.1994720e-04
  -1.5453982e-02  -3.7314476e-02  -1.9241150e-02  -2.8963736e-03   1.2370864e-03   3.0876613e-04
  -2.6159199e-02   5.4442969e-02   8.9396970e-03  -2.8485505e-03   1.4255622e-03   2.5444296e-04
  -2.5243146e-02  -5.7385761e-02   8.6248953e-03  -2.7272405e-03   1.2854152e-03   4.1126138e-04
  -1.9508993e-02   1.8059774e-02  -2.2940162e-02  -2.6305560e-03   1.7223557e-03   6.5678532e-04
  -1.7933647e-02   2.8505312e-02  -3.0035002e-02  -2.4792843e-03   1.6064295e-03   6.6027641e-04
  -9.6202087e-03  -3.3113230e-02   7.0380967e-03  -3.2961339e-03   1.5075184e-03   6.5346494e-04
  -1.2819790e-02   4.0980695e-02   4.0069775e-03  -3.2165145e-03   1.6227849e-03   6.8518868e-04
  -1.4479324e-02   1.7809267e-02   1.6786637e-02  -3.0022117e-03   1.7165843e-03   6.3044992e-04
  -6.2287752e-03  -3.2432171e-02   2.4271266e-02  -3.2710895e-03   1.8056610e-03   7.3598413e-04
  -1.3475907e-02   2.8436537e-02   4.1169864e-02  -3.3984479e-03   1.9450961e-03   5.5401244e-04
  -1.3183931e-02  -3.7558147e-02   2.9226334e-02  -3.5184828e-03   1.7911470e-03   4.6967587e-04
  -9.6369781e-03  -6.7162084e-02   4.7640369e-02  -3.7742836e-03   1.8001643e-03   4.8436048e-04
  -1.9881219e-02   2.9101452e-02   5.9136195e-02  -4.3139774e-03   1.9714545e-03   1.7030832e-04
  -1.9363548e-02  -4.9418500e-02   3.2048498e-02  -3.6163136e-03   1.9577481e-03   2.9033671e-04
  -1.5843480e-02  -5.9519495e-02   1.8896689e-02  -3.6539468e-03   2.1202996e-03   6.4345901e-04
  -2.7951766e-02   7.8237678e-02   2.0952594e-04  -3.3391284e-03   1.8523957e-03   3.7538849e-04
  -2.3904882e-02  -1.4870657e-02   2.2628409e-02  -3.4174677e-03   2.1810924e-03   7.2678969e-04
  -3.1078911e-02   1.0176594e-03   2.0229741e-02  -3.3886095e-03   2.3047064e-03   7.6430541e-04
  -3.9793806e-02   3.6123897e-02   3.9294901e-02  -3.5201017e-03   2.1541477e-03   5.0535208e-04
  -2.8402753e-02  -1.4576259e-02   2.1721347e-02  -3.8550323e-03   2.4080350e-03   6.2512563e-04
  -2.9549733e-02   6.6923800e-02   3.0580823e-02  -4.0796185e-03   2.4141614e-03   6.7075873e-04
  -2.7099193e-02   1.4311533e-02   4.5596777e-02  -3.8043989e-03   2.5518729e-03   7.3811946e-04
  -1.5051160e-02   9.0598909e-04   2.6085136e-02  -3.5284636e-03   2.5679022e-03   8.4544831e-04
  -2.4888509e-02   5.2957949e-02   3.4913958e-02  -3.6598015e-03   2.8444398e-03   6.2040106e-04
  -3.0895574e-02  -1.6166205e-02   2.4151461e-02  -3.6431623e-03   2.8004636e-03   8.1069199e-04
  -1.9408157e-02  -8.4939598e-03   1.0931907e-02  -3.5702209e-03   2.8102479e-03   1.3379621e-03
  -3.3308662e-02   1.3692929e-01   1.5962928e-02  -3.5928733e-03   2.8898281e-03   9.7521861e-04
  -3.1138969e-02  -5.8573782e-02   2.1752054e-02  -4.0023256e-03   3.0345626e-03   1.2101317e-03
  -2.2610953e-02  -4.5662359e-03   2.5635731e-04  -3.4547125e-03   3.0016763e-03   1.3400084e-03
  -3.1846754e-02   8.1176000e-02   2.7674487e-02  -4.1236273e-03   3.1197868e-03   9.9476629e-04
  -2.9322397e-02  -4.8597429e-02   2.4318090e-02  -4.0440679e-03   3.2855594e-03   8.6783146e-04
  -3.0049886e-02   7.7038085e-02  -8.1001037e-03  -3.2090271e-03   3.5554362e-03   8.0211862e-04
  -3.0586949e-02   3.4033083e-02  -4.6282891e-03  -3.2060339e-03   3.5755315e-03   8.2870136e-04
  -2.4176448e-02  -2.9147138e-02   5.8730456e-03  -3.1822085e-03   3.1021693e-03   1.0247231e-03
  -2.5785607e-02   6.0763905e-02   4.2078950e-02  -4.2066085e-03   3.2753369e-03   7.9295848e-04
  -2.5348968e-02  -5.2336811e-02   2.2403414e-02  -3.4385457e-03   3.4596958e-03   7.4420239e-04
  -2.9373927e-02  -2.5435988e-02   2.5664334e-02  -4.2579873e-03   3.4851586e-03   8.4692609e-04
  -3.8474774e-02   3.3305320e-02  -2.7386944e-03  -4.0600409e-03   3.2670749e-03   8.5344205e-04
  -2.8048730e-02  -3.9334155e-02  -2.8274373e-02  -3.0960451e-03   3.4365833e-03   1.2008392e-03
  -3.4935309e-02   8.6374823e-02   4.7925457e-03  -3.0904517e-03   3.6224360e-03   8.8898865e-04
  -2.6245064e-02  -1.0788452e-02   1.2981978e-02  -3.4400250e-03   3.4376063e-03   1.0460979e-03
  -2.6735357e-02   1.9436604e-02   6.5805125e-03  -3.7983892e-03   3.5227642e-03   1.0117106e-03
  -5.1756255e-02   4.3824859e-02   9.5340687e-03  -3.1008556e-03   3.8382492e-03   6.0578107e-04
  -5.4993996e-02  -1.4599009e-02   1.1822888e-02  -3.0504780e-03   4.1546269e-03   8.5274412e-04
  -4.1343173e-02   2.8847306e-02   6.8246287e-03  -3.9242546e-03   3.5564506e-03   8.6861981e-04
  -4.5873806e-02   6.4982434e-02   1.3678687e-02  -4.1497599e-03   3.6897180e-03   6.5126756e-04
  -4.5751443e-02   1.8590107e-02   1.4948378e-02  -3.6588450e-03   3.6975893e-03   7.9356188e-04
  -3.5696944e-02  -3.4940608e-02   8.9943277e-03  -3.5929877e-03   3.7341602e-03   7.5243995e-04
  -3.5040413e-02   4.6888439e-02  -6.4658882e-03  -3.3219152e-03   4.0310613e-03   8.1285711e-04
  -3.7440186e-02  -8.6991314e-03  -9.8683466e-03  -3.1249749e-03   4.0593220e-03   9.6065908e-04
  -3.1346162e-02  -5.5089529e-02  -5.6294403e-02  -3.1963113e-03   4.0410913e-03   9.2967349e-04
  -3.3602612e-02   4.2939480e-02  -1.9169595e-02  -3.9128140e-03   4.0149109e-03   6.6389861e-04
  -2.6560606e-02  -1.3245441e-02  -3.6866049e-02  -3.4140068e-03   4.1817843e-03   9.0137945e-04
  -2.7395070e-02  -2.4327604e-02  -5.5662340e-02  -3.0790963e-03   4.2002764e-03   1.1507510e-03
  -4.1385503e-02   9.3090083e-02  -2.3183400e-02  -3.7784303e-03   4.2619426e-03   1.1740287e-03
  -3.7177659e-02   1.6515710e-02  -3.9496523e-02  -2.4835341e-03   4.4033692e-03   1.1077132e-03
  -3.2946986e-02  -1.2680980e-02  -4.6724002e-02  -3.1609125e-03   4.3279842e-03   8.0781129e-04
  -3.9430128e-02   5.8070363e-02  -2.8320052e-02  -3.9074266e-03   4.3452484e-03   5.6488009e-04
  -3.2658366e-02  -4.9296470e-02  -3.0163674e-02  -3.7375134e-03   4.1948025e-03   9.3863599e-04
  -3.4697522e-02   8.9788981e-02  -3.3076686e-02  -3.6283910e-03   4.1219578e-03   1.0781243e-03
  -4.7120800e-02   8.7386823e-02  -2.0330613e-02  -3.8265498e-03   4.1896720e-03   1.1009127e-03
  -3.4085861e-02  -6.1485433e-02  -3.6776956e-02  -3.8547587e-03   4.1837378e-03   1.0882397e-03
  -3.9492742e-02   4.7710626e-02  -4.6606305e-02  -4.0510347e-03   4.3292503e-03   1.0013595e-03
  -4.0016989e-02  -1.0319748e-02  -5.8394426e-02  -3.7370263e-03   4.1685628e-03   1.0145296e-03
  -3.2302483e-02  -9.3737722e-03  -7.9042605e-02  -3.3438341e-03   4.1186289e-03   1.2468317e-03
  -2.9327630e-02   7.4855078e-02  -6.4726816e-02  -3.4033102e-03   4.4235959e-03   1.0279382e-03
  -2.5412648e-02  -4.3989430e-02  -6.8024176e-02  -3.5916812e-03   4.3196659e-03   1.2179404e-03
  -3.5933322e-02   6.2403218e-02  -7.5242431e-02  -3.6250089e-03   4.5595488e-03   1.1286513e-03
  -2.3636686e-02  -7.4300359e-03  -1.1265069e-01  -3.0972796e-03   4.7223725e-03   1.3685977e-03
  -1.9261015e-02  -1.3978949e-02  -1.2671450e-01  -2.3055001e-03   4.6601879e-03   1.2237212e-03
  -4.3969003e-02   9.6976286e-02  -9.9577475e-02  -2.6466642e-03   4.7038854e-03   9.7125920e-04
  -5.7465573e-02  -2.3339910e-02  -6.9534089e-02  -3.0898423e-03   4.9143795e-03   8.8001897e-04
  -5.1994876e-02   6.7527833e-02  -4.7776307e-02  -4.2320558e-03   4.7667786e-03   6.7960598e-04
  -4.0783893e-02  -1.8236327e-02  -8.1882225e-02  -3.5537650e-03   4.7365523e-03   6.9630747e-04
  -3.4490240e-02   1.0556360e-03  -7.5760693e-02  -3.8296415e-03   4.9451485e-03   8.6816689e-04
  -3.2465871e-02   5.3607937e-02  -6.7535912e-02  -4.0610626e-03   4.8963819e-03   8.2407107e-04
  -3.2029145e-02   1.2802812e-02  -9.9482497e-02  -3.8750634e-03   4.7426238e-03   9.1814159e-04
  -3.7383950e-02  -6.2719468e-02  -8.5761671e-02  -3.7651075e-03   4.7983113e-03   1.0311333e-03
  -5.8081653e-02   3.3983021e-01  -6.3546134e-02  -3.3196066e-03   5.2395901e-03   3.8631827e-04
  -3.3148529e-02  -2.1149053e-01  -7.4314741e-02  -1.8246638e-03   5.5483654e-03   5.4605465e-04
  -4.4057213e-02  -9.2376206e-02  -3.6062670e-02  -2.8528002e-03   4.7826629e-03   3.3534864e-04
  -4.6851317e-02   1.9999983e-02  -7.0472440e-02  -2.2053441e-03   5.1379027e-03   6.1978906e-04
  -5.5308738e-02  -2.4501834e-02  -5.7497177e-02  -2.5583495e-03   5.2942886e-03   8.0038065e-04
  -7.0321899e-02  -6.6014011e-04  -4.4259888e-02  -2.9255262e-03   5.2892512e-03   8.4135973e-04
  -7.2484314e-02   6.3898360e-02  -3.8049880e-02  -3.3436394e-03   5.1785691e-03   3.4193410e-04
  -4.5726815e-02  -1.1408690e-01  -1.0593133e-01  -1.6578033e-03   4.3912978e-03   1.2891623e-03
  -5.5201157e-02  -5.3395276e-02  -1.0540040e-01  -2.1457858e-03   4.5857906e-03   8.7830177e-04
  -5.4398522e-02  -7.2051091e-02  -1.0609637e-01  -2.4832543e-03   4.8849872e-03   9.4238917e-04
  -5.2622614e-02  -9.1934657e-02  -1.1055264e-01  -2.5851698e-03   5.0990929e-03   9.9630553e-04
  -5.9158051e-02  -3.2151273e-02  -1.1529047e-01  -2.7851032e-03   5.0387281e-03   1.0181256e-03
  -6.5822144e-02   9.6092797e-03  -1.4398175e-01  -2.5591277e-03   5.1933094e-03   9.2704971e-04
  -6.4593618e-02  -7.7552402e-02  -1.4764801e-01  -2.3304807e-03   5.1264338e-03   1.0643959e-03
  -6.1619077e-02   2.3651755e-02  -1.5884475e-01  -1.9804691e-03   5.4621772e-03   1.2911039e-03
  -6.5494466e-02   2.2342529e-02  -1.5363960e-01  -1.6873022e-03   5.4936730e-03   1.0936213e-03
  -5.3025843e-02  -5.1241230e-02  -1.5867253e-01  -1.7116611e-03   5.3979699e-03   1.3349910e-03
  -8.7726405e-02   6.3743990e-02  -1.1502543e-01  -2.3631512e-03   5.6310506e-03   8.0464956e-04
  -7.1439754e-02   9.4773867e-02  -1.2568671e-01  -2.4853739e-03   5.4668806e-03   1.0407099e-03
  -5.8944200e-02  -1.1890543e-02  -1.3710333e-01  -2.3082827e-03   5.5177294e-03   1.0930196e-03
  -5.7456189e-02   1.2869198e-01  -1.1866146e-01  -2.7057543e-03   5.5955117e-03   9.4843510e-04
  -5.8003829e-02   2.9367213e-02  -1.0627282e-01  -2.3564275e-03   5.6639816e-03   1.0685856e-03
  -6.2472913e-02  -3.4525413e-02  -1.1772083e-01  -1.9507274e-03   5.8322370e-03   1.0534626e-03
  -7.0248533e-02   3.4601823e-02  -1.2013357e-01  -2.4135030e-03   5.7783134e-03   9.3760695e-04
  -6.4469241e-02  -3.1459593e-02  -1.3126945e-01  -1.8139469e-03   6.1065638e-03   1.2673681e-03
  -6.0286288e-02  -2.6664485e-02  -1.0265554e-01  -2.4191833e-03   5.8215212e-03   1.1092170e-03
  -5.8723663e-02  -3.8150769e-03  -1.1490699e-01  -3.0610850e-03   5.8544404e-03   9.5863860e-04
  -5.5425894e-02   1.4628103e-02  -1.4596511e-01  -1.8390359e-03   5.9055897e-03   9.1832683e-04
  -5.1817679e-02  -6.8321734e-02  -1.5126710e-01  -1.4870363e-03   5.9233099e-03   1.2151438e-03
  -5.6523904e-02   5.8627740e-02  -1.5552060e-01  -2.1140666e-03   5.9602494e-03   1.1266791e-03
  -4.9085058e-02  -5.0933770e-02  -1.5248496e-01  -1.9917694e-03   5.8053685e-03   1.1808570e-03
  -5.6411442e-02   7.8585430e-02  -1.4370265e-01  -2.8854547e-03   5.9255348e-03   9.1942468e-04
  -5.0329399e-02  -1.0690415e-02  -1.3400191e-01  -2.9358632e-03   5.9649930e-03   7.9410602e-04
  -4.5014654e-02  -2.3864449e-02  -1.1907451e-01  -2.9698365e-03   5.8996395e-03   7.4147897e-04
  -4.4461183e-02   3.2872412e-02  -9.5609758e-02  -3.0656940e-03   5.9795212e-03   6.3292611e-04
  -4.1965008e-02   8.0856285e-04  -8.9317117e-02  -2.9769250e-03   5.9624641e-03   6.1668154e-04
  -3.7867540e-02  -6.7134816e-02  -1.0819028e-01  -2.8768224e-03   5.8603558e-03   6.4874498e-04
  -3.4502067e-02  -9.6334135e-03  -1.2564886e-01  -2.9784507e-03   5.7699994e-03   5.8713532e-04
  -4.1256025e-02   4.0455913e-02  -1.4448539e-01  -2.8460293e-03   5.7734950e-03   4.5754608e-04
  -3.9672076e-02  -1.9877945e-02  -1.7980721e-01  -2.1454360e-03   5.6545737e-03   5.2844889e-04
  -3.6536497e-02  -2.3168053e-03  -1.6258644e-01  -3.1285452e-03   5.7497296e-03   8.0907657e-04
  -2.9273097e-02   6.3453030e-02  -1.5216791e-01  -3.2167223e-03   5.7549658e-03   8.5522521e-04
  -2.2741483e-02  -1.5204832e-02  -1.3741389e-01  -1.9106414e-03   5.7781761e-03   8.4784300e-04
  -3.1267715e-02   3.2565401e-02  -1.4237770e-01  -2.9776865e-03   5.7863279e-03   7.9873547e-04
  -5.2895226e-02   6.0316054e-02  -1.4521088e-01  -2.6886635e-03   5.6021499e-03   8.5180447e-04
  -5.5435932e-02  -2.3227816e-02  -1.4233463e-01  -2.4268354e-03   5.3597477e-03   8.5457945e-04
  -4.8102782e-02   9.8556644e-02  -1.4070039e-01  -3.1360785e-03   5.6525260e-03   4.9511710e-04
  -3.7049004e-02  -1.6386016e-02  -1.6019274e-01  -2.5864433e-03   5.7730474e-03   6.8626641e-04
  -4.0516920e-02   1.0814666e-01  -1.5304505e-01  -2.7444790e-03   5.8410886e-03   6.1238898e-04
  -3.4984153e-02   2.6130816e-02  -1.1455730e-01  -2.7892551e-03   5.8100076e-03   5.9156486e-04
  -4.2826953e-02  -7.4903019e-02  -1.2345043e-01  -2.8537058e-03   5.8974795e-03   8.0748334e-04
  -4.6899538e-02   4.9973054e-02  -1.6493947e-01  -2.5418446e-03   6.0664789e-03   7.3546674e-04
  -4.4742813e-02   5.9259089e-02  -1.7640643e-01  -2.5189025e-03   5.8681346e-03   7.2577970e-04
  -4.6296629e-02  -4.3705150e-02  -1.7068730e-01  -2.3261313e-03   5.8366897e-03   1.0704799e-03
  -4.8984239e-02   6.7948383e-02  -1.5918884e-01  -2.7035581e-03   6.1388197e-03   1.0732617e-03
  -3.9006476e-02  -3.2987750e-02  -1.5859088e-01  -2.1581782e-03   6.0349838e-03   1.1697264e-03
  -4.8133485e-02   1.0221497e-01  -1.3567156e-01  -2.1523688e-03   6.0448156e-03   5.6755237e-04
  -4.1668074e-02   4.4098755e-02  -9.0458322e-02  -3.3173180e-03   5.6836890e-03   6.3370229e-04
  -3.5937319e-02  -3.4704049e-02  -9.0130300e-02  -2.9208539e-03   5.7837571e-03   6.0620373e-04
  -2.3506129e-02   7.8794165e-02  -1.1237124e-01  -2.1753313e-03   5.6634039e-03   1.0059349e-03
  -2.6784669e-02   8.2823311e-03  -1.0179147e-01  -2.5531969e-03   5.6981164e-03   7.8867446e-04
  -2.9902445e-02  -3.6078519e-02  -6.9096493e-02  -3.1879719e-03   5.3919335e-03   8.0875301e-04
  -3.6484169e-02   9.3172988e-02  -6.4894530e-02  -3.4091134e-03   5.4427343e-03   6.0852011e-04
  -4.0557793e-02   2.1448518e-02  -6.0322759e-02  -3.0698956e-03   5.3829349e-03   5.9542867e-04
  -3.0023134e-02  -4.9451336e-02  -8.4521991e-02  -2.6100773e-03   5.5602034e-03   1.1553695e-03
  -3.0883908e-02   1.6237220e-01  -9.8443818e-02  -2.1131240e-03   5.8690561e-03   7.6387160e-04
  -2.6405406e-02  -1.4779677e-03  -8.4033233e-02  -2.3790475e-03   5.8563548e-03   9.4587052e-04
  -2.5000159e-02  -7.3267598e-02  -8.1874451e-02  -2.5892056e-03   5.6595331e-03   1.1482361e-03
  -3.8655812e-02   3.5868117e-02  -7.9383026e-02  -2.2076363e-03   5.7185247e-03   8.8736353e-04
  -4.6566101e-02   1.9624555e-02  -7.8512559e-02  -2.8660653e-03   5.7271640e-03   7.1075471e-04
  -4.0390950e-02   6.9336959e-02  -8.1499503e-02  -3.4881744e-03   5.3714182e-03   7.8728122e-04
  -4.6166123e-02  -2.3043520e-03  -8.1917406e-02  -3.1473562e-03   5.3436880e-03   6.2491821e-04
  -4.1688632e-02   5.1252148e-02  -5.0025949e-02  -3.6696646e-03   5.4858077e-03   5.7652117e-04
  -4.8952317e-02   3.4337479e-02  -4.6501636e-02  -3.4714187e-03   5.5892589e-03   4.5166228e-04
  -4.6990404e-02  -1.0264387e-02  -6.5404441e-02  -3.0364261e-03   5.5131555e-03   6.1862502e-04
  -4.3170830e-02  -1.1330615e-02  -9.5087624e-02  -2.7962671e-03   5.5919936e-03   9.7282173e-04
  -5.0796400e-02   6.2274897e-02  -7.2548699e-02  -3.4806620e-03   5.3639365e-03   4.6876235e-04
  -4.6612613e-02  -4.3748237e-02  -9.0038213e-02  -2.9736851e-03   5.4346612e-03   3.0868363e-04
  -4.8781736e-02   1.9439195e-01  -5.8237019e-02  -3.8383854e-03   5.4160991e-03   4.6639175e-04
  -3.4681675e-02  -1.7138002e-01  -7.6156174e-02  -3.2169116e-03   5.3331540e-03   6.2297341e-04
  -4.2152764e-02   3.9982945e-02  -1.0096351e-01  -3.4503953e-03   5.3482196e-03   4.7913866e-04
  -2.1011934e-02  -7.4183702e-03  -1.4451406e-01  -1.4888710e-03   5.6012565e-03   7.9121265e-04
  -2.9276520e-02   8.2838671e-02  -1.0505118e-01  -2.1409003e-03   5.5634577e-03   6.2469836e-04
  -3.3536166e-02  -1.2318499e-02  -1.0676517e-01  -2.5542512e-03   5.6011477e-03   9.2823058e-04
  -4.4393601e-02   3.9952205e-02  -7.2060715e-02  -3.3370965e-03   5.4825510e-03   5.9342837e-04
  -3.7484154e-02  -1.5807994e-02  -7.8301361e-02  -3.6199628e-03   5.4619402e-03   5.2275148e-04
  -3.2119022e-02   5.5355893e-02  -6.8095149e-02  -3.8210430e-03   5.4127323e-03   2.8410470e-04
  -2.7575803e-02   4.2955866e-02  -6.9896033e-02  -3.6014998e-03   5.4132990e-03   2.3008394e-04
  -2.1285166e-02  -3.8550938e-02  -7.4138202e-02  -3.3304652e-03   5.3081056e-03   3.9295462e-04
  -3.0042304e-02   9.1333005e-02  -9.3727411e-02  -3.6644138e-03   5.3615362e-03   2.5135342e-04
  -2.9166047e-02   4.8741154e-02  -1.2201897e-01  -3.4391969e-03   5.1721274e-03   2.4136156e-04
  -3.6812543e-02   2.2768473e-03  -1.3901312e-01  -2.8576979e-03   5.0641170e-03   4.2399351e-04
  -4.6056687e-02   1.1589455e-01  -1.4444438e-01  -2.0063500e-03   5.3030260e-03   3.3611089e-04
  -4.4503800e-02  -1.0935583e-02  -1.0523164e-01  -3.2459362e-03   5.3785279e-03   3.9937640e-04
  -4.3622231e-02  -1.2681157e-02  -1.2341515e-01  -3.0465662e-03   5.3036904e-03   4.5483671e-04
  -5.1307920e-02   1.9318475e-01  -6.8066669e-02  -3.0253160e-03   5.3318197e-03   3.0281265e-04
  -5.5120164e-02  -1.8505471e-01  -5.8869758e-02  -2.5597289e-03   4.4105436e-03  -5.6795499e-04
   2.1595013e-02  -8.2046505e-02  -7.7438489e-02  -3.1605000e-03   2.3683106e-03   5.2216680e-04
   2.1807012e-02  -6.4642946e-02  -7.8923422e-02  -2.6678943e-03   2.3420729e-03   5.6184628e-04
   2.1068065e-02  -6.4927209e-03  -7.4536611e-02  -3.2487095e-03   2.3840456e-03   5.5401800e-04
   2.2483529e-02   8.7374796e-03  -4.4773761e-02  -3.5096639e-03   2.3514039e-03   5.8555223e-04
   2.2745591e-02  -6.9896608e-02  -3.8373180e-02  -3.3961969e-03   2.3406520e-03   6.0878304e-04
   2.1680541e-02   3.1634929e-02  -4.4676174e-02  -4.2384571e-03   2.1689560e-03   4.9055168e-04
   1.5646200e-02  -2.7993412e-02  -4.7848232e-02  -4.2509630e-03   2.2293243e-03   3.1226945e-04
   2.6187540e-02   1.9543887e-02  -8.1997869e-02  -3.0830294e-03   2.4527803e-03   6.6955647e-04
   3.7336998e-02  -1.5808311e-02  -7.4849274e-02  -3.6624886e-03   2.3466812e-03   8.8699927e-04
   1.7439669e-02  -3.7610307e-02  -7.3360072e-02  -3.8026687e-03   2.4121696e-03   2.4332899e-04
   9.2142800e-03  -3.5374335e-02  -7.3256521e-02  -3.5596055e-03   2.4700853e-03   3.4793277e-04
