   0.0000000e+00   0.0000000e+00   0.0000000e+00   0.0000000e+00   0.0000000e+00   0.0000000e+00
  -1.0855466e-02   7.4993078e-02  -3.1452708e-03  -2.4296077e-04   5.5105227e-05  -2.0326003e-04
  -4.3268972e-04  -1.8617975e-02   1.4453225e-02  -7.7381507e-05   6.5956203e-05  -3.2165730e-05
  -8.4780315e-03  -4.0668771e-02   7.8161651e-03   4.9284901e-04   1.8897679e-04   7.2057454e-05
  -8.0148701e-03  -4.0655549e-03   2.0024215e-02   2.8785228e-04   1.4972008e-04   4.2578483e-06
  -1.1944389e-02   9.7742070e-02   2.9310742e-02  -6.2920199e-04  -8.0056903e-06  -4.0531906e-05
   2.2751136e-03  -4.2116916e-02   5.4144734e-02  -2.1600116e-03   4.8174086e-05   1.6433109e-05
   3.6470618e-02  -1.5986093e-01   1.5003639e-02  -2.1745270e-03   4.0840384e-04   3.2568481e-04
   3.5040530e-02   3.9059987e-02   2.0699396e-02  -1.8227812e-03   2.2583659e-04   3.1694292e-04
   2.2400459e-02   3.1385061e-02   3.3165675e-02  -1.5283138e-03   2.2878501e-04   4.0438977e-04
   2.9948745e-02   5.9526506e-02   4.1954607e-02  -1.7169901e-03   2.2064649e-04   4.5929655e-04
   1.4357116e-02   2.8702577e-02   2.8491961e-02  -8.7801129e-04   5.3400249e-04   3.0552255e-04
   2.3570689e-02   1.1540747e-02   2.3082194e-02  -1.0143965e-03   2.2926012e-04   3.9309555e-04
   1.1942058e-02   7.2622381e-02   1.6177117e-02  -8.6116281e-04   2.7364857e-04   3.5890054e-04
   5.9800738e-04  -5.3490494e-03   3.0859340e-02  -1.3801269e-03   1.8966121e-04   4.2050070e-04
   1.5828997e-02   1.0409355e-01   3.2526814e-02  -1.9650112e-03   1.4915070e-05   3.9317712e-04
   1.7199899e-02  -2.4247835e-02   2.2775287e-02  -1.6105127e-03   4.1791157e-05   6.2657872e-04
   1.5068770e-02  -7.2238012e-02   3.8541026e-02  -9.5891606e-04   7.7881651e-05   7.9763161e-04
   1.8718266e-02  -9.1459400e-03   3.1975246e-02  -1.1529233e-03   5.5346650e-05   6.5957812e-04
   2.0733896e-02   2.6680555e-02   4.9897231e-02  -1.8055367e-03  -1.2382307e-04   7.2206520e-04
   2.4223855e-02  -4.8095436e-02   2.6110638e-02  -1.5724241e-03  -3.9827899e-05   7.0852149e-04
   3.0820088e-02  -1.2095736e-02  -9.9048210e-03  -1.2624491e-03  -1.3910413e-05   6.5982839e-04
   2.0325332e-02  -8.2555526e-02   2.2428247e-02  -1.2111970e-03  -5.3969704e-05   7.8915114e-04
   2.3812662e-02  -7.8404788e-02   2.8123140e-02  -1.2916150e-03   5.8457672e-05   6.4709904e-04
   3.3682514e-02  -4.1740935e-02  -5.3638983e-03  -9.7929470e-04   1.5462890e-04   7.0645878e-04
   3.3685342e-02   3.5340600e-02   2.0541028e-02  -1.2971875e-03  -1.5776565e-04   5.7971544e-04
   2.7160999e-02  -5.7153164e-02   4.2510546e-02  -1.4007047e-03  -3.2703757e-05   6.2849982e-04
   2.8865229e-02  -6.4808905e-02   2.7269420e-02  -9.3941838e-04   2.8117937e-05   6.9090502e-04
  -8.4337301e-03   3.7925110e-01   7.9738998e-02  -3.9484890e-03  -4.2501999e-05  -2.1160090e-04
  -5.8513626e-02   2.5847269e-01   5.1453804e-03  -1.9135467e-03   1.8803418e-03  -1.1287929e-03
  -7.5258598e-02   7.7960573e-02  -2.4289090e-02  -1.6947032e-03   1.9798866e-03  -1.0278728e-03
  -3.9675550e-02   2.8112669e-03  -9.6320665e-02  -8.2106051e-04   2.6706517e-03  -5.6894885e-04
  -3.4831474e-03   3.5440837e-02  -1.2599480e-01  -5.4287414e-04   2.3968259e-03  -1.9653243e-04
  -3.6219021e-04   8.4059849e-02  -1.3596038e-01  -7.7339263e-04   2.3087286e-03  -3.3356203e-04
  -8.6838189e-03  -4.0194172e-03  -1.2964636e-01  -2.2009540e-04   2.5287136e-03  -1.7414951e-04
  -1.2534964e-03   7.0321859e-02  -1.1854102e-01  -6.1148373e-04   2.5971634e-03  -1.8292249e-04
  -3.4261472e-03   7.3611687e-02  -1.0537478e-01  -8.6498011e-04   2.6279871e-03  -2.3572700e-04
  -6.7207103e-03   5.8406412e-02  -1.2883231e-01  -5.9323043e-04   2.9510457e-03  -2.8512695e-04
  -2.8468994e-03   4.3382746e-02  -1.3818875e-01  -2.7149198e-04   3.0578283e-03  -2.2667198e-04
  -3.2842993e-03   6.2768141e-02  -1.2171223e-01  -6.6888649e-04   2.8607478e-03  -2.4297941e-04
  -4.7746937e-03   8.5459607e-02  -1.3311012e-01  -3.3901402e-04   2.9476508e-03  -2.8198954e-04
  -2.2259103e-04   4.8610030e-02  -1.3843260e-01  -3.5358099e-04   3.1576267e-03  -2.9770752e-04
   1.1619140e-04   6.7700675e-02  -1.3925961e-01  -4.3745296e-04   3.2162684e-03  -2.2393841e-04
   5.9509623e-03   4.2277461e-02  -1.3378944e-01  -1.4450733e-04   3.1994659e-03  -1.3441401e-04
   4.8699386e-03   4.2647762e-02  -1.2281362e-01  -2.3446592e-04   3.4890453e-03  -1.7242075e-04
   4.3422853e-04   8.7082904e-02  -1.4104294e-01  -5.1095849e-05   3.5690282e-03  -2.3529454e-04
  -6.8755708e-03   3.9453167e-02  -1.3861938e-01  -2.1841727e-04   3.6792105e-03  -2.8967141e-04
  -7.9985589e-03   7.2570059e-02  -1.5658704e-01   2.7526897e-04   3.8205747e-03  -2.8694706e-04
  -7.5182353e-04   4.0285312e-02  -1.5204093e-01   5.1964475e-05   3.8342093e-03  -2.4879286e-04
  -8.8161003e-03   7.2567104e-02  -1.4567487e-01  -2.1320757e-04   4.2485228e-03  -1.7403130e-04
  -9.5457966e-03   6.4804422e-02  -1.4075611e-01  -1.8977336e-04   4.2227144e-03  -3.3149365e-04
  -9.8975174e-03   4.5354893e-02  -1.3454484e-01  -1.2240145e-04   4.4161699e-03  -3.2491187e-04
  -8.5563387e-03   5.3988474e-03  -1.3784666e-01   1.2238907e-04   4.5319854e-03  -3.3917040e-04
  -1.8484030e-02   8.6941567e-02  -1.5212393e-01   8.0183246e-06   4.5126707e-03  -4.3606960e-04
  -1.5271367e-02   6.6026387e-02  -1.5668411e-01   1.7755440e-04   4.5736404e-03  -4.4640522e-04
  -5.4475887e-03  -7.7251541e-03  -1.5918789e-01   7.0041273e-04   4.5897239e-03  -2.8676311e-04
  -1.4935632e-02   1.0481778e-01  -1.6728465e-01   2.7907133e-04   4.5547816e-03  -4.0699145e-04
  -2.4608943e-02   9.9649646e-02  -1.4941706e-01   2.0575636e-04   4.5964709e-03  -5.3239359e-04
  -1.8093456e-02   3.6424122e-02  -1.7417119e-01   4.6335085e-04   4.7789048e-03  -4.4389782e-04
  -1.4324295e-02   2.0322785e-02  -1.7947936e-01   6.1658453e-04   4.8486987e-03  -4.4161109e-04
  -1.2706517e-02   1.6191431e-03  -1.8676349e-01   1.0275111e-03   4.9642269e-03  -4.2015666e-04
  -3.5442462e-02   4.1877303e-02  -1.7095396e-01   5.3158546e-04   5.6208422e-03  -7.8825047e-04
  -4.5576835e-02   1.0525916e-01  -1.5301464e-01   6.3720653e-05   5.8013915e-03  -8.9123123e-04
  -4.3202838e-02   6.6912279e-02  -1.7433982e-01   9.9654612e-05   5.9494832e-03  -9.3906920e-04
  -4.3186997e-02   2.7733252e-02  -1.6696004e-01   6.2106681e-04   6.1662115e-03  -8.6790325e-04
  -4.6879038e-02   1.6432875e-02  -1.5579657e-01   6.4736268e-04   6.0600013e-03  -8.7945166e-04
  -5.1836936e-02   4.3197578e-02  -1.9962136e-01   7.0880640e-04   5.9962807e-03  -1.1367197e-03
  -4.6721692e-02   9.2497053e-02  -1.8942090e-01   4.2850223e-04   5.9599019e-03  -1.0133593e-03
  -5.2734988e-02   5.3341309e-02  -1.9382861e-01   7.3368192e-04   6.0240417e-03  -1.1219300e-03
  -6.0616710e-02   1.2054387e-02  -1.9457850e-01   1.0037698e-03   6.0067446e-03  -1.1232361e-03
  -5.3305011e-02   1.4006748e-02  -2.0266739e-01   1.1168558e-03   5.9771569e-03  -1.1357705e-03
  -6.1169719e-02   6.2431821e-02  -1.9479014e-01   5.8190587e-04   5.9505486e-03  -1.2746919e-03
  -5.0510325e-02   4.6272832e-03  -2.0669137e-01   8.2104873e-04   6.0626285e-03  -1.2916287e-03
  -4.7964762e-02   8.7851396e-03  -2.2231377e-01   1.1169353e-03   6.0593158e-03  -1.2257837e-03
  -5.7306079e-02  -1.3906518e-02  -2.1738410e-01   1.6018223e-03   6.3518357e-03  -1.3412448e-03
  -6.2396574e-02   3.6703787e-02  -2.1337289e-01   1.2957289e-03   6.3602396e-03  -1.4073625e-03
  -6.2413255e-02   5.6757771e-02  -2.2991719e-01   1.0673862e-03   6.2249973e-03  -1.3238815e-03
  -6.1676818e-02   2.5096596e-02  -2.1624154e-01   1.1163571e-03   6.2756616e-03  -1.3865422e-03
  -6.2910877e-02   2.4235060e-02  -2.2074690e-01   1.1656042e-03   6.4105922e-03  -1.4398389e-03
  -6.4077086e-02   1.4562905e-02  -2.2227514e-01   1.6217893e-03   6.4884134e-03  -1.3352738e-03
  -5.3812285e-02  -1.1718770e-02  -2.2357446e-01   1.3238004e-03   6.1755933e-03  -1.4728890e-03
  -5.8889966e-02   9.3809116e-02  -2.2507946e-01   1.0806947e-03   6.0656183e-03  -1.5244114e-03
  -7.4455561e-02   6.8316067e-02  -2.1884288e-01   9.2341269e-04   6.0118868e-03  -1.6680261e-03
  -7.4828932e-02  -4.2497154e-02  -2.1403988e-01   1.6024485e-03   6.0720710e-03  -1.6605285e-03
  -7.7730188e-02   5.3080402e-02  -2.2475369e-01   1.2407209e-03   5.8110924e-03  -1.6337609e-03
  -7.2712811e-02   5.9199373e-02  -2.1307925e-01   1.0931352e-03   5.8438412e-03  -1.5238243e-03
  -5.9034277e-02   2.3956864e-02  -2.3675819e-01   1.5696439e-03   5.7194059e-03  -1.8109134e-03
  -5.8802171e-02   6.4237793e-02  -2.5208775e-01   1.6006823e-03   5.6400273e-03  -1.7188038e-03
  -6.6177735e-02   6.9660068e-02  -2.0519959e-01   9.1593503e-04   5.7885632e-03  -1.8245366e-03
  -7.4983240e-02   2.1711822e-02  -2.0294054e-01   8.5321001e-04   5.8306413e-03  -1.9482309e-03
  -7.5077611e-02   4.1589885e-02  -2.2543549e-01   7.6020370e-04   5.7385243e-03  -1.9129099e-03
  -7.1063187e-02   3.9532836e-02  -2.2923035e-01   1.2102930e-03   5.6888453e-03  -1.8476936e-03
  -6.6966544e-02   3.2539427e-02  -2.2564395e-01   1.1957946e-03   5.7983321e-03  -1.8229860e-03
  -6.4088756e-02   9.3910680e-02  -2.2322004e-01   7.3696273e-04   5.5905594e-03  -1.7865095e-03
  -7.2741200e-02   9.2558371e-02  -1.9030381e-01   6.3322797e-06   5.4390151e-03  -1.6172989e-03
  -6.7807679e-02   6.9631944e-02  -1.6631076e-01  -3.5748020e-04   5.4176378e-03  -1.4370438e-03
  -5.0625622e-02   2.0194670e-02  -1.8047235e-01   1.2708175e-04   5.5051363e-03  -1.0614513e-03
  -4.7946045e-02   1.2273679e-01  -2.1774082e-01   1.1159610e-04   5.6640013e-03  -1.2377860e-03
  -4.3033493e-02   6.9199765e-02  -2.0516354e-01   2.3549379e-04   5.4581076e-03  -1.2465181e-03
  -4.8809820e-02   3.8909237e-02  -1.9314005e-01   2.0334539e-04   5.4534630e-03  -1.1981027e-03
  -5.5328902e-02   6.5611679e-02  -1.9840499e-01   1.6460426e-04   5.4748068e-03  -1.3149105e-03
  -5.1174428e-02   3.8326493e-02  -1.8329570e-01   2.6731054e-04   5.5038860e-03  -1.5632037e-03
  -5.0275339e-02   4.7706061e-02  -1.8690113e-01  -6.9442900e-06   5.4064241e-03  -1.5143112e-03
  -6.5015742e-02   7.1422349e-02  -1.8527389e-01  -2.8752170e-04   5.4504241e-03  -1.6705677e-03
  -6.1319463e-02   3.4643247e-02  -1.8247766e-01  -7.7598008e-05   5.3784856e-03  -1.8039593e-03
  -6.7849089e-02   4.1902927e-02  -1.7904191e-01  -3.2862973e-04   5.3576234e-03  -1.8683521e-03
  -6.3983788e-02  -2.8270268e-03  -1.8400255e-01  -2.0504823e-04   5.2116656e-03  -1.8324098e-03
  -6.5457557e-02   2.9985383e-02  -2.1393323e-01   2.0045299e-04   5.3440212e-03  -1.8466791e-03
  -7.0952171e-02   9.9220699e-02  -2.0902821e-01   1.2328481e-04   5.5321280e-03  -2.1313845e-03
  -5.6061810e-02   2.0844823e-02  -1.8753812e-01  -4.0149975e-04   5.1265826e-03  -1.9150524e-03
  -5.4917998e-02   5.1603771e-02  -1.8997538e-01  -3.2611363e-04   5.1283411e-03  -1.7201268e-03
  -5.6684827e-02   1.5516162e-02  -1.8089958e-01  -1.5061393e-04   5.0251579e-03  -1.6921855e-03
  -5.2131854e-02   3.6645548e-02  -2.0234982e-01  -9.3648153e-06   5.0797642e-03  -1.7042135e-03
  -4.8640288e-02   7.4104008e-02  -1.9921153e-01  -4.6491856e-04   5.0782302e-03  -1.7015417e-03
  -5.3202893e-02   7.5709576e-02  -1.8144250e-01  -5.8185840e-04   5.0718561e-03  -1.7720965e-03
  -6.1019798e-02   6.0216861e-02  -1.9150521e-01  -6.3001541e-04   5.0924078e-03  -1.7573524e-03
  -5.7710155e-02   3.8930951e-02  -1.9945467e-01  -3.2760112e-04   4.9812817e-03  -1.7618812e-03
  -5.7491243e-02   3.8780917e-02  -2.0170528e-01  -1.3217571e-04   5.1289244e-03  -1.8553841e-03
  -5.7407118e-02   7.0444818e-02  -1.9578581e-01  -6.5836415e-04   5.1692944e-03  -1.8177247e-03
  -4.9861721e-02   6.5686284e-02  -1.9497940e-01  -7.1260796e-04   4.8705606e-03  -1.7313838e-03
  -5.1973110e-02   6.9046486e-02  -2.1015431e-01  -4.6052271e-04   4.7545630e-03  -1.6653597e-03
  -5.7745718e-02   2.5703156e-02  -1.9812552e-01  -2.4854055e-04   4.9460481e-03  -1.7315653e-03
  -6.4331848e-02   8.4373391e-02  -2.0724686e-01  -4.6049926e-04   5.0284778e-03  -1.9949509e-03
  -6.3733603e-02   9.1725248e-02  -2.1320264e-01  -4.5959430e-04   4.9490941e-03  -1.8381578e-03
  -5.3886317e-02   7.7201063e-02  -2.1040322e-01  -7.6842343e-04   4.8612322e-03  -1.7101406e-03
  -5.7642579e-02   4.9673817e-02  -2.0586511e-01  -5.9867363e-04   4.8626374e-03  -1.7273283e-03
  -5.4176828e-02   7.6079510e-04  -2.0691955e-01  -1.1490725e-04   5.0274384e-03  -1.7721825e-03
  -5.3968396e-02   5.5250753e-02  -2.1085278e-01  -3.7367744e-04   5.0396657e-03  -1.8455704e-03
  -5.3818879e-02   6.5536314e-02  -1.9896151e-01  -5.2090753e-04   4.8307938e-03  -1.8807214e-03
  -5.4186733e-02   5.4410137e-02  -1.9031514e-01  -8.4471654e-04   4.8832206e-03  -1.8955446e-03
  -4.5035398e-02  -1.2304077e-02  -1.8387497e-01  -3.8977332e-04   4.9322441e-03  -1.7170673e-03
  -4.5898973e-02   6.1981591e-02  -2.0019998e-01  -5.9225917e-04   4.8016190e-03  -1.7584762e-03
  -4.8166524e-02   8.4250820e-02  -1.9264203e-01  -8.7898681e-04   4.7921108e-03  -1.8942471e-03
  -4.7741452e-02   5.1123763e-02  -1.9498994e-01  -8.2947590e-04   4.7683308e-03  -1.8984424e-03
  -5.2270854e-02   3.8252392e-02  -2.0238310e-01  -7.3136448e-04   4.8093792e-03  -1.8128870e-03
  -4.7969898e-02   4.3563173e-02  -1.8484986e-01  -6.7973098e-04   4.9372019e-03  -1.7321494e-03
  -6.9615500e-02   4.4138585e-02  -2.0294937e-01  -7.3586663e-04   4.9392644e-03  -2.0736062e-03
  -6.8442308e-02   8.1276287e-02  -2.1082228e-01  -8.1327726e-04   5.2451467e-03  -2.0712115e-03
  -5.3876022e-02   8.3372433e-02  -2.2760134e-01  -7.6812751e-04   5.0533459e-03  -1.9149005e-03
  -4.9541947e-02   4.9043829e-02  -2.1535968e-01  -7.8239519e-04   5.0981745e-03  -1.9005726e-03
  -5.7651727e-02   3.1302981e-02  -2.0554250e-01  -6.9979978e-04   5.1226411e-03  -1.9253928e-03
  -5.1719915e-02   1.8683426e-02  -1.9688091e-01  -6.8565792e-04   4.8564428e-03  -1.8013621e-03
  -6.5646083e-02   4.2343125e-02  -2.3338514e-01  -4.4037798e-04   5.2734772e-03  -2.0736172e-03
  -7.0874294e-02   4.8736015e-02  -2.1466833e-01  -6.1947933e-04   5.2980188e-03  -2.2010849e-03
  -4.6819799e-02   4.5481856e-02  -1.9609024e-01  -6.6258079e-04   4.8927537e-03  -1.9690079e-03
  -4.7769737e-02   6.5997373e-02  -1.9508457e-01  -1.0620919e-03   4.8543944e-03  -2.0055343e-03
  -5.1679698e-02   6.6628261e-02  -2.0980902e-01  -9.8679878e-04   4.8476839e-03  -1.9836821e-03
  -5.0308177e-02   4.3195506e-02  -2.2636494e-01  -4.1605302e-04   4.9262213e-03  -1.8006502e-03
  -3.8594106e-02   6.1586224e-02  -2.0886361e-01  -5.6975306e-04   4.8195083e-03  -1.6648023e-03
  -6.6666418e-02   8.5963223e-02  -2.2751993e-01  -2.9963064e-04   5.6139282e-03  -1.5826466e-03
  -6.4508500e-02   7.5769547e-02  -2.2781741e-01  -5.7570824e-04   5.3605065e-03  -1.6238011e-03
  -4.7998065e-02   3.7083986e-02  -2.2502827e-01  -5.9319834e-04   5.0089894e-03  -1.6020040e-03
  -6.1990867e-02   1.6397367e-01  -1.6958013e-01  -1.0201837e-03   5.3628120e-03  -1.5888426e-03
  -7.1778322e-02   5.4038865e-03  -2.1196057e-01  -2.3536109e-04   5.5492969e-03  -1.8976155e-03
  -6.1123421e-02   3.3651735e-02  -2.5563727e-01   7.1272173e-04   5.4725937e-03  -1.6995176e-03
  -4.7852818e-02   1.2704566e-01  -2.6781455e-01   1.0116873e-03   5.4723045e-03  -1.3890125e-03
  -5.9253601e-02   3.1892123e-02  -1.9329576e-01  -9.2313422e-04   5.4244076e-03  -1.7966753e-03
  -6.5814260e-02   2.6845462e-02  -1.8002565e-01  -1.5836845e-03   5.4713756e-03  -1.9724928e-03
  -6.3284929e-02   3.5068473e-03  -1.7946232e-01  -1.6170860e-03   5.3953971e-03  -1.9544198e-03
  -5.9688285e-02  -2.1850524e-03  -1.9228763e-01  -1.2472550e-03   5.2896729e-03  -2.0587613e-03
  -6.3622822e-02   4.8159373e-02  -1.8873956e-01  -1.2749513e-03   5.2954817e-03  -2.1676530e-03
  -6.2218315e-02   9.2833570e-02  -1.7795564e-01  -1.6437286e-03   5.3463896e-03  -2.0445521e-03
  -5.9549596e-02   7.5132092e-02  -1.7920135e-01  -1.8894058e-03   5.3928749e-03  -1.4453920e-03
  -5.0402181e-02   1.9415052e-02  -1.7142975e-01  -1.7911425e-03   5.1359824e-03  -1.5573732e-03
  -8.1117646e-02   8.3711640e-02  -2.0810825e-01  -1.4738229e-03   5.3108907e-03  -2.3081742e-03
  -6.0090099e-02   2.1825238e-02  -1.8485603e-01  -2.3659065e-03   5.1467237e-03  -2.1123268e-03
  -6.0577400e-02   5.5140606e-02  -1.8658851e-01  -2.5719912e-03   5.1905023e-03  -1.7507371e-03
  -6.9864932e-02   4.7869222e-02  -1.7453260e-01  -2.3846972e-03   5.5384893e-03  -1.8371204e-03
  -5.4621266e-02   7.3081488e-02  -1.6194836e-01  -2.9183831e-03   5.1868472e-03  -1.8307509e-03
  -5.8205658e-02   6.3879802e-02  -1.4055637e-01  -3.4074860e-03   5.3026112e-03  -1.8421431e-03
  -4.7352761e-02   9.9624329e-02  -1.4651016e-01  -3.6173810e-03   5.0088208e-03  -1.6486151e-03
  -4.5115211e-02   8.4239558e-02  -1.4162372e-01  -3.5886569e-03   5.0821361e-03  -1.6552080e-03
  -4.2498113e-02   8.3244149e-02  -1.4770842e-01  -3.1572052e-03   5.3644529e-03  -1.3963164e-03
  -3.5116235e-02   5.3970870e-02  -1.5668344e-01  -3.1717922e-03   5.2064462e-03  -1.5346398e-03
  -2.4565682e-02   8.1056616e-02  -1.5906158e-01  -3.2957182e-03   5.1304831e-03  -1.3400921e-03
  -3.9624862e-02   1.2865468e-01  -1.5646538e-01  -3.1048151e-03   5.1621851e-03  -1.4612683e-03
  -4.7366311e-02   4.1130210e-02  -1.4742348e-01  -3.4197301e-03   5.2521938e-03  -1.7341515e-03
  -5.1109236e-02   7.2641614e-02  -1.6904572e-01  -3.0221585e-03   5.5397227e-03  -1.8232228e-03
  -4.1658915e-02   6.1459577e-02  -1.7175457e-01  -3.0313002e-03   5.3458073e-03  -1.7236668e-03
  -5.8167914e-02   2.0057035e-01  -1.6490980e-01  -3.0164495e-03   5.6177987e-03  -1.6320479e-03
  -6.3818365e-02  -1.2474497e-03  -1.3295112e-01  -3.9553019e-03   5.6420677e-03  -2.1015312e-03
  -5.6969270e-02   5.5234845e-02  -1.5656079e-01  -4.1948042e-03   5.4788412e-03  -2.2859729e-03
  -5.9458447e-02   3.6069082e-02  -1.4416033e-01  -3.7317536e-03   5.5706663e-03  -2.5278482e-03
  -6.0950982e-02   9.6629560e-02  -1.1701252e-01  -4.7544302e-03   5.2804066e-03  -2.4934337e-03
  -5.9325238e-02   7.9723882e-02  -1.1770405e-01  -4.9253742e-03   5.2519245e-03  -2.3758541e-03
  -6.3552555e-02   9.9321746e-02  -1.2085160e-01  -4.9400693e-03   5.3172695e-03  -2.5486249e-03
  -6.0654076e-02   3.5343959e-02  -1.2695274e-01  -4.5667851e-03   5.2524228e-03  -2.6845908e-03
  -8.3563226e-02   3.4677252e-01  -1.0852821e-01  -5.8055807e-03   5.2844981e-03  -2.3884481e-03
  -7.5113853e-02  -1.6856913e-01  -1.3681123e-01  -4.9178042e-03   5.1130275e-03  -2.9896254e-03
  -6.5795852e-02   1.0457799e-01  -1.7428985e-01  -4.5367515e-03   5.2607426e-03  -2.9468524e-03
  -5.7619911e-02  -9.0724969e-03  -1.5148948e-01  -4.4826985e-03   4.9313663e-03  -2.7278683e-03
  -8.3516671e-02   1.1426123e-01  -1.6182950e-01  -4.3860366e-03   5.4499355e-03  -2.9854557e-03
  -7.4089311e-02   1.2248247e-01  -1.4355766e-01  -4.6065546e-03   5.5108597e-03  -3.0421728e-03
  -5.7575765e-02   7.8847087e-02  -1.2890723e-01  -4.7985208e-03   5.0713107e-03  -2.7492804e-03
  -6.2728749e-02   7.4393284e-02  -1.2627829e-01  -4.8666108e-03   5.0767925e-03  -2.7829326e-03
  -6.5023477e-02   5.4757492e-02  -1.7197533e-01  -4.0640953e-03   5.5218785e-03  -2.8534399e-03
  -5.5802045e-02   1.1823954e-01  -1.5536727e-01  -4.6772707e-03   5.1596792e-03  -2.7454539e-03
  -6.0427335e-02   8.1603516e-02  -1.5289508e-01  -4.8225690e-03   5.0602900e-03  -2.8367236e-03
  -6.6911206e-02   8.3315595e-02  -1.5146890e-01  -4.8404634e-03   4.9251480e-03  -2.9318177e-03
  -6.5966070e-02   9.4132750e-02  -1.4695663e-01  -4.8585187e-03   5.0024060e-03  -2.8343204e-03
  -5.7377284e-02   3.4575829e-02  -1.5634375e-01  -4.6515200e-03   4.9177002e-03  -2.7809688e-03
  -5.9239224e-02   5.5990040e-02  -1.5781475e-01  -4.7303825e-03   5.0774972e-03  -2.9169888e-03
  -4.8234738e-02   6.9258105e-02  -1.5443708e-01  -4.8123286e-03   4.9846926e-03  -2.7027588e-03
  -6.2600410e-02   8.9134325e-02  -1.5855618e-01  -4.9503639e-03   5.0216130e-03  -2.8228489e-03
  -6.4280301e-02   6.2733239e-02  -1.2535391e-01  -4.7957386e-03   4.9194260e-03  -2.8794031e-03
  -4.5568473e-02   1.1970625e-01  -1.8044268e-02  -7.1349260e-03   4.8524238e-03  -1.9756343e-03
  -4.4678356e-02   9.9744355e-02  -2.9435714e-02  -7.0525837e-03   4.8127850e-03  -1.8614003e-03
  -4.1267992e-02   8.7365890e-02  -6.3908008e-02  -6.6190429e-03   4.7357279e-03  -1.8926491e-03
  -4.2850652e-02   1.8269914e-01  -7.4581425e-02  -6.6846084e-03   4.7223338e-03  -2.0378571e-03
  -4.0454632e-02   1.4782445e-01  -4.4646329e-02  -6.8089782e-03   4.7201598e-03  -1.9841751e-03
