   0.0000000e+00   0.0000000e+00  -7.1054274e-15   0.0000000e+00   0.0000000e+00   0.0000000e+00
   1.5567431e-01  -4.7147312e-01  -5.6109779e-01  -8.3016081e-03  -3.6594552e-03   7.3891122e-03
   1.4103571e-01  -2.7660806e-01  -1.9608113e-01  -2.6710477e-02  -2.2525428e-03   1.2915112e-02
   6.8130243e-02  -1.2491630e-01  -6.1198056e-01  -2.8578235e-02  -5.7162831e-04   1.3163074e-02
   7.2866329e-02  -4.2273504e-01  -5.2123582e-01  -3.1294614e-02  -9.4383622e-04   1.3228227e-02
   7.6822262e-02  -1.2193102e-01  -4.6693925e-01  -3.0504187e-02  -5.0987762e-04   1.3071010e-02
   6.7016222e-02  -2.1783729e-01  -4.1829582e-01  -2.9462330e-02   2.7517860e-04   1.3174052e-02
   9.4427813e-02  -2.4128308e-01  -5.4365701e-01  -2.8463738e-02  -7.1350099e-04   1.3062242e-02
   1.4694638e-01  -3.2107575e-01  -9.3834573e-01  -2.4356292e-02  -1.2514648e-04   1.2476935e-02
   7.3158267e-02  -5.3605343e-01  -1.7749449e+00  -2.5832390e-02   5.2609056e-03   1.3278147e-02
   1.2209179e-01  -1.4383035e-01  -1.1614719e+00  -2.9133094e-02   3.6294364e-03   1.3705068e-02
   9.4688619e-02  -3.8449304e-01  -1.3384167e+00  -2.8257280e-02   3.7307440e-03   1.3843952e-02
   8.4723227e-02  -2.7064760e-01  -1.2973154e+00  -2.7991030e-02   4.0928186e-03   1.3875251e-02
   5.0790850e-02  -3.2419664e-02  -1.2516124e+00  -2.4843278e-02   3.3556782e-03   1.2651666e-02
   7.6697155e-02  -4.1079951e-01  -1.3710557e+00  -2.5160001e-02   2.8782261e-03   1.2792242e-02
   3.4654683e-02  -2.0108421e-01  -1.3927427e+00  -2.5540144e-02   3.7250565e-03   1.4105503e-02
   2.4068123e-03   3.3515908e-01  -1.3450699e+00  -1.2645708e-02   2.6007297e-03   1.1614439e-02
  -2.6799460e-02  -1.3197437e-01  -1.3560028e+00  -1.3995624e-02   3.5460733e-03   1.2252379e-02
  -5.2203112e-02  -5.8611811e-02  -1.2823703e+00  -1.3126173e-02   5.0771205e-03   1.2285055e-02
  -2.2170960e-02  -3.4326250e-01  -1.4671858e+00  -1.7192008e-02   2.9348850e-03   1.5089183e-02
  -6.5991577e-02  -1.2153086e-01  -1.4429200e+00  -1.7651180e-02   3.7809949e-03   1.6090292e-02
  -3.1880045e-01   2.3732059e-01  -1.0287739e+00  -3.1963001e-03  -4.6046451e-03   1.8601997e-02
   7.7883951e-01   2.0482802e-01   1.7879848e+00   3.1386807e-02   1.4189539e-02   1.7097302e-03
   9.1879035e-01   5.2555645e-01   3.4826636e+00   1.1974940e-02   2.0615573e-03  -1.3723756e-03
  -3.5362246e-01  -2.4358669e+00  -6.9038421e-01  -2.2224079e-02   3.3480818e-03   1.2460719e-02
  -3.8170782e-01  -2.9881411e-01  -5.7220624e-01  -1.9851611e-02   4.7399878e-03   1.2211966e-02
  -3.3154829e-01  -4.0597463e-01  -6.2367988e-01  -2.0896134e-02   3.5482691e-03   1.4415231e-02
  -2.7495445e-01  -1.6216396e-01  -8.3588336e-01   7.6101542e-03   5.3685438e-03   7.4793601e-03
  -2.8839487e-01   1.0869678e-03  -5.7591145e-01   4.4309037e-02   9.9170279e-03  -3.1982047e-03
  -4.7123237e-01  -9.2452744e-01  -1.5453804e+00   3.0147200e-02   3.5592186e-03   4.5604758e-03
  -5.0725988e-01  -8.0396874e-01  -2.5954812e+00   2.9992921e-02   1.0388691e-03   8.9420713e-03
  -6.5124282e-01  -1.8200081e+00  -4.0228124e+00   2.9516759e-02   2.9873117e-03   8.4391167e-03
  -4.6393705e-01  -7.8633983e-01  -3.0962208e+00  -1.1909790e-02   2.5559638e-03   5.7794357e-03
  -5.4859343e-01  -1.2662659e+00  -2.0115521e+00  -2.1337541e-02   1.3203171e-03   5.8680406e-03
  -5.7583200e-01  -7.3046640e-01  -1.7693392e+00  -2.5754512e-02   2.2712096e-03   6.3995678e-03
  -5.5537655e-01  -3.9386398e-01  -1.7386732e+00  -1.8257076e-02   2.9705657e-03   7.1883899e-03
  -5.6706479e-01  -9.6407994e-02  -1.2936539e+00  -1.3717024e-02   3.4058499e-03   8.4406190e-03
  -5.8421063e-01  -1.1524133e-01  -1.1475627e+00  -5.5164448e-03   2.6063406e-03   9.0931419e-03
  -4.4864620e-01  -2.9673884e-01  -1.0005421e+00  -7.7301746e-03   1.2790210e-03   1.0481027e-02
  -3.2059676e-01  -5.0300683e-01  -2.0410266e+00   3.3336936e-03   2.1927039e-03   6.5848000e-03
  -2.1242806e-01  -4.0071821e-01  -1.8567138e+00   1.6991859e-02   1.5716275e-03   9.5497149e-03
   2.8856563e-02  -2.2569900e-01  -8.1731480e-01   1.2230500e-02   4.2909988e-03   1.3297316e-02
  -2.0190644e-02  -2.1133903e-01   5.8584956e-03  -4.2526318e-03   4.6543587e-03   1.6452354e-02
  -1.0692438e-01  -5.3059664e-02   1.3469149e-01  -7.7340754e-03   6.4575432e-03   1.5750104e-02
  -9.6716229e-02  -4.3200660e-01   1.0959774e-02  -8.5420069e-03   7.0830367e-03   1.6357207e-02
  -8.7792116e-02  -4.1143658e-02   1.2059026e-01  -4.2327686e-03   4.8427474e-03   1.7274698e-02
  -2.3721170e-01  -5.6539487e-01  -6.6957702e-01  -1.4360818e-02   1.5601271e-03   1.5676993e-02
  -5.7967561e-01  -3.9784513e-01  -8.4375487e-01   8.9770975e-04   4.0544937e-03   1.9519630e-02
  -6.0299757e-01  -4.6937838e-01  -1.0765256e+00  -8.7787657e-04   5.6095598e-03   2.0267733e-02
  -4.4113020e-01  -8.4389724e-01  -2.0509937e+00   1.7171007e-02   1.1452924e-02   1.6569849e-02
  -6.2637269e-01  -8.3274085e-01  -1.3987535e+00  -2.1174178e-02   5.0994234e-03   9.5861406e-03
  -7.1401305e-01  -8.3089343e-01  -1.0800708e+00  -1.0708650e-02  -4.7401496e-04   1.1574660e-02
  -4.8759333e-01  -2.5469649e-01  -6.9943950e-01  -1.2986035e-02   1.2765936e-03   8.7589336e-03
  -6.2514400e-02  -5.4351973e-01  -9.0353985e-02  -1.3511781e-02   2.8936115e-03   5.2706616e-03
   2.0669498e-01   3.6346335e-01   1.8135891e+00   2.0977301e-02   8.5641101e-03  -1.0810584e-02
  -7.9864210e-02  -1.1312641e+00   5.6185779e-01  -1.1830780e-02   2.8651718e-03   4.2855479e-03
  -2.9302804e-01  -2.3291488e-01   5.5137258e-01  -1.3389679e-02   4.0897372e-03   1.5905489e-03
  -3.2368159e-01  -5.2631113e-01   4.3079860e-01  -1.3012122e-02   4.6415075e-03   1.5912991e-03
  -3.4907537e-01  -1.6535318e-01   4.4872454e-01  -1.0619876e-02   4.8891400e-03   1.5720663e-03
  -3.9693768e-01  -1.8192733e-01   4.9818187e-01  -2.0177592e-03   4.1541901e-03   1.5235581e-03
  -4.1540534e-01   5.5603977e-03   3.5362865e-01  -2.2906035e-03   4.0241234e-03  -1.1961412e-03
  -1.0848471e-01  -3.0641962e-01   4.1127605e-01   4.6820382e-03   6.1003776e-03  -5.2451908e-03
   6.6179285e-01   3.0436305e-01   2.6920753e+00   2.4780286e-02   3.2218300e-03  -1.5626714e-02
   6.6487243e-01   5.3714515e-01   4.4280813e+00   2.3406307e-02   3.3555791e-03  -1.7579572e-02
   3.9206560e-01  -1.8533858e+00   8.0996730e-01   1.0854516e-02   1.4557797e-02  -1.3513140e-02
   2.0859309e-01  -1.4313990e+00   5.1990394e-02   6.6483984e-03   1.7901114e-02  -9.1524004e-03
   1.8856853e-01  -1.1101555e+00   1.9542901e-01   4.0004568e-03   1.8738085e-02  -1.0063187e-02
   8.0024557e-02  -1.1861051e+00  -1.7193337e-01  -7.3709839e-03   1.6224489e-02  -5.8178812e-03
  -6.5025093e-01  -6.2464332e-01   1.4379608e-01  -2.9948939e-02   2.6141529e-02   2.2172531e-03
  -6.5852502e-01  -2.6419267e-01   3.4885660e-01  -2.0898747e-02   2.6985983e-02   1.1514519e-03
  -6.9498964e-01   8.4306519e-02   6.0516187e-01  -8.7290861e-03   2.9322584e-02   9.3443248e-04
  -7.8140997e-01  -2.7544957e-01   3.2903106e-01  -6.5383797e-03   2.8199173e-02  -5.1728060e-04
  -2.6156374e-01  -3.1813414e-01   2.7242411e-01  -7.1094047e-03   1.8826090e-02   4.1777399e-03
  -2.4520240e-01  -3.3667673e-01  -2.1794989e-02  -1.4372033e-02   1.8735227e-02   2.7744340e-03
  -2.7857869e-01  -1.7331351e-01   1.9593808e-02  -1.3671475e-02   1.8877627e-02   3.0395856e-03
  -2.9058777e-01  -1.3545713e-01   1.1330440e-01  -1.2368012e-02   2.0028739e-02   3.6573098e-03
  -2.1267552e-01  -2.9167087e-01  -3.3618592e-02  -1.3646139e-02   1.8565157e-02   4.2983278e-03
  -1.7968181e-01  -1.7699387e-01   2.3052941e-02  -1.4483045e-02   1.8140396e-02   4.5664154e-03
  -1.7142585e-01   5.9463829e-02   8.0881780e-02  -1.2820538e-02   1.7889076e-02   4.2468824e-03
  -3.7860003e-02   3.7805685e-01  -1.9877360e-02   1.0893093e-02   2.0226704e-02  -1.4686674e-03
   4.6763896e-02  -6.4426719e-01  -1.2318363e+00  -4.9199348e-03   1.1912674e-02   3.9442353e-03
  -7.2141060e-02  -4.8075490e-01  -1.2569768e+00  -7.2345686e-03   1.4132220e-02   3.9794836e-03
  -9.1709644e-02  -3.5836068e-01  -1.3982289e+00  -6.7396836e-03   1.5183698e-02   3.5482086e-03
  -6.8784620e-02  -6.3908096e-02  -1.1483878e+00  -8.0185411e-03   1.5679554e-02   4.3785928e-03
  -5.0582741e-02  -2.5382592e-01  -1.0098761e+00  -9.8733403e-03   1.4942974e-02   5.1290779e-03
  -8.8528579e-02  -3.3455499e-01  -1.4618842e+00  -1.0549533e-02   1.5292193e-02   4.5775289e-03
  -9.9360957e-02   3.5985058e-02  -9.2665253e-01  -7.9279575e-03   1.5667178e-02   5.2093740e-03
  -1.6486844e-01  -3.5320086e-01  -1.1849354e+00  -8.3271516e-03   1.5002604e-02   5.8593986e-03
  -1.1799209e-01  -1.7318025e-01  -1.2433815e+00  -4.0913326e-03   1.6012740e-02   7.1441541e-03
   1.0872166e-01   8.8646343e-02  -2.1265402e+00   2.5981766e-02   1.3378268e-02   1.1353629e-02
   1.1286871e+00  -1.4120960e+00  -2.4808324e+00   8.7712864e-02   2.1621382e-02   1.3930137e-02
   3.3758230e-01  -2.6675485e+00  -3.4303144e+00   1.3325044e-02   1.6564736e-02   6.5115766e-03
   5.2183421e-01  -9.4982505e-01  -2.2860614e+00  -1.0699662e-02   1.3191387e-02   5.1256647e-03
   5.4091496e-01  -6.3499033e-01  -1.9632778e+00  -1.1395347e-02   1.4979330e-02   6.6340900e-03
   5.2755821e-01  -5.4865025e-01  -2.1523233e+00  -1.0733757e-02   1.4824895e-02   5.9509961e-03
   5.7667144e-01  -2.8711291e-01  -1.7051710e+00  -1.0295058e-02   1.4048615e-02   7.7491450e-03
   5.8362532e-01  -1.2367603e-01  -1.3625310e+00  -1.3237793e-02   1.3518981e-02   8.2597577e-03
   5.9377689e-01  -6.7751265e-01  -1.6737593e+00  -1.3292112e-02   1.2891369e-02   7.7464194e-03
   5.4535138e-01  -9.6573185e-02  -1.3921421e+00  -9.6077537e-03   1.1714427e-02   8.8088613e-03
   4.9167383e-01  -4.4533115e-01  -1.7796022e+00  -9.4336614e-03   1.2510991e-02   7.8748074e-03
   5.0250208e-01  -6.6589586e-02  -1.3915692e+00  -6.1939661e-03   1.0481220e-02   7.1945301e-03
   4.4436252e-01  -1.5180119e-01  -1.5452335e+00  -3.3947737e-03   1.0392636e-02   6.0065888e-03
   4.8653994e-01  -7.0227623e-02  -1.2100580e+00  -1.2472054e-03   9.2764373e-03   3.3891842e-03
   4.2351588e-01  -7.7205427e-02  -5.6351725e-01   8.9979860e-03   1.0810340e-02  -1.7552615e-03
   6.5226909e-01   4.3783417e-01  -2.1189446e-01   3.5518401e-02   1.5918112e-02  -1.0113053e-02
   6.3493349e-01  -1.4610402e+00  -8.2963575e-01   3.3405149e-02   7.4246759e-03   6.2771364e-03
   4.5814435e-01  -1.6674689e+00  -1.8762787e+00   1.5541708e-02  -3.8697844e-04   1.7911995e-02
   2.2100876e-01  -9.3590725e-01  -2.7899502e+00   2.8798284e-02  -4.0873031e-03   2.1227628e-02
   3.9742961e-01  -1.5343078e+00  -3.2972489e+00   5.6419409e-02   8.6204203e-05   2.0147596e-02
   6.9651246e-01  -7.1487300e-01  -2.8441818e+00   9.2304819e-02   2.2511450e-02   8.8952137e-03
   1.9347315e-01  -2.3351660e+00  -1.8979073e+00  -1.2223397e-03   6.4987143e-03   7.9672138e-03
   1.4142013e-01  -1.0071173e+00  -1.6574310e+00  -1.1940154e-02   4.6550602e-03   7.6129910e-03
   1.6508976e-01  -4.4318736e-01  -1.2055696e+00  -1.3249453e-02   5.3151091e-03   8.2495485e-03
   1.1389627e-01  -5.0406301e-01  -1.6081267e+00  -1.1832029e-02   5.5698315e-03   8.1377459e-03
  -1.6478694e-01  -2.4671514e-01  -9.2221544e-01  -1.1670469e-02   6.5566555e-03   7.1448179e-03
   3.2256992e-01  -7.2080746e-01  -3.4043311e-01  -2.3456456e-02  -2.0839987e-02   7.5096174e-03
   8.5534706e-02   9.4467926e-02  -7.9644056e-01  -2.8305083e-02  -2.6724955e-04   9.8559263e-03
   1.1364091e-01  -1.5573387e-01  -5.3815673e-01  -3.2338700e-02   3.0337865e-03   1.0770814e-02
  -8.9485287e-02  -6.3733442e-01  -6.4143117e-01  -2.8014566e-02   4.2914024e-03   9.0269487e-03
  -3.1228330e-02  -4.4567070e-01  -9.4386604e-01  -2.4592063e-02   2.8862638e-03   7.9010051e-03
   2.3343904e-01  -5.1622912e-01  -9.4631553e-01  -3.0034908e-02  -1.8751221e-03   1.0938061e-02
   2.3308830e-01  -4.0886436e-01  -1.0051804e+00  -3.0440369e-02  -8.0405145e-04   1.1456757e-02
   2.4634877e-01  -3.1338723e-01  -1.1088689e+00  -2.8451224e-02  -3.7866127e-04   1.2319679e-02
   1.8998066e-01  -6.4072935e-02  -1.0310447e+00  -2.4726923e-02  -1.9529878e-04   1.2471199e-02
   1.8647983e-01  -6.4555801e-02  -1.1223863e+00  -1.7396635e-02   4.3796212e-04   1.1870029e-02
   1.4824748e-01  -3.5515780e-01  -1.3582963e+00  -1.2040715e-02   8.3379441e-04   1.3964596e-02
   1.5858205e-01  -8.5915171e-02  -1.3705377e+00  -1.0538580e-02   4.0607517e-04   1.2088250e-02
   1.3076699e-01  -1.4099951e-01  -1.5591084e+00  -1.1061733e-02   1.1208733e-03   1.1160438e-02
   1.7743527e-01   7.3357208e-02  -1.0684503e+00  -1.3126688e-02   1.4445301e-03   1.2938106e-02
   1.8203924e-01  -3.4553187e-01  -1.5906522e+00  -9.8287832e-03   1.6151802e-03   1.2921555e-02
   1.2775942e-01  -2.6203807e-02  -1.6817114e+00  -8.6040760e-03   2.5620068e-03   1.4353805e-02
   1.2115844e-01   4.9242599e-03  -1.6171229e+00  -9.2377920e-03   5.8363473e-04   1.2849643e-02
  -1.7509859e-01  -1.4559731e-01  -2.4257674e+00   2.6459314e-02   1.0756281e-02   9.2993809e-03
  -9.7229256e-02  -3.1479772e-01  -2.8877795e+00   6.3171475e-02   1.4471436e-02   1.6598626e-02
   4.7365323e-01  -1.0228856e+00  -3.0633501e+00   8.9815919e-02   2.2120200e-02   8.8523090e-03
   2.8481550e-02  -2.3546386e+00  -3.4997854e+00   2.1692674e-02   1.9139586e-02   4.0918033e-03
   1.6465674e-01  -1.2590464e+00  -2.3671081e+00  -5.2553266e-03   1.2100178e-02   7.4067428e-03
   2.0742498e-01  -6.3776067e-01  -2.1058581e+00  -7.8704223e-03   1.1203192e-02   7.8827101e-03
   2.0967182e-01  -5.2005054e-01  -2.0698866e+00  -8.1984480e-03   1.1826770e-02   7.7594506e-03
   1.6774168e-01  -2.8345652e-01  -2.0306410e+00  -6.7332366e-03   1.1444585e-02   7.0224324e-03
   1.9710416e-01  -5.2904687e-01  -2.0544283e+00  -4.6688867e-03   1.0891071e-02   6.3213834e-03
   1.5547282e-01  -4.8783277e-01  -2.0137792e+00  -4.8413227e-03   1.2546701e-02   5.4102609e-03
   2.0059229e-01  -4.6137679e-01  -1.9373628e+00  -5.6001105e-03   1.1358718e-02   6.4147965e-03
   2.8065455e-01  -1.3376996e-01  -1.3981352e+00  -7.7981436e-03   9.7942840e-03   8.0271355e-03
   3.1506733e-01  -5.4225922e-01  -1.5322681e+00  -1.1479886e-02   6.8659069e-03   8.7820114e-03
   2.5585126e-01  -2.2068460e-01  -1.9754436e+00  -1.4052724e-02   6.9129170e-03   8.5486365e-03
   3.2706941e-01  -4.5043162e-01  -2.5307108e+00  -1.5952051e-02   5.7916500e-03   9.4448708e-03
   4.0868590e-01  -3.5482934e-02  -1.1304052e+00  -1.9160989e-02   9.6535928e-03   1.1959260e-02
   4.7570066e-01  -1.0187095e-01  -7.4650009e-01  -1.9782221e-02   7.8053075e-03   1.2044517e-02
   4.3697940e-01   4.8157687e-02  -6.8773023e-01  -2.1368075e-02   8.2768006e-03   1.1461944e-02
   4.4863179e-01  -3.8221632e-01  -6.5679521e-01  -2.2346595e-02   7.9613808e-03   1.1792515e-02
   4.6447209e-01  -6.8654778e-02  -5.9646468e-01  -2.3009950e-02   7.9391125e-03   1.2529385e-02
   4.5555658e-01  -3.0945120e-01  -6.3263523e-01  -2.2348221e-02   8.1854100e-03   1.2654561e-02
   4.6448210e-01  -3.0299757e-01  -6.5724474e-01  -2.1991420e-02   8.5483271e-03   1.2993329e-02
   4.5604027e-01  -9.7429901e-02  -6.2272869e-01  -2.1320884e-02   8.5243546e-03   1.3010698e-02
   4.3694055e-01  -4.0439404e-02  -5.9113002e-01  -2.1490746e-02   8.7170722e-03   1.3038891e-02
   4.5917339e-01  -2.5940350e-01  -6.3048124e-01  -1.9974757e-02   8.5539709e-03   1.3126182e-02
   4.3546485e-01  -1.4673924e-01  -8.6477781e-01  -1.9182413e-02   8.2154598e-03   1.2394128e-02
  -7.9608618e-01   2.0986745e-01   6.1859950e-01  -1.4811324e-02   5.7858745e-03   1.8499943e-02
  -1.0386942e+00  -1.0483859e+00   1.2256312e+00  -3.0168353e-02   1.2785064e-02   2.9819595e-02
  -1.0702182e+00  -6.7052927e-01   1.4470727e+00  -3.5688747e-02   1.6721856e-02   2.7892954e-02
  -4.9761508e-01  -1.0690047e+00   8.9431434e-02  -2.4348655e-02   5.6183877e-03   2.5776707e-02
  -5.3544085e-01  -4.9842813e-01   3.6175659e-02  -1.6861201e-02   1.7315163e-03   2.4102389e-02
  -2.8163356e-01  -4.1518718e-01  -1.2657173e-01  -1.9922015e-02   6.6253785e-04   1.6692631e-02
  -2.5705352e-01  -2.6433237e-01   1.7061818e-01  -2.2089988e-02   1.7500817e-03   1.7482182e-02
  -2.3335095e-01  -2.6432975e-01   3.7594083e-01  -2.5020872e-02   2.7340418e-03   1.7713777e-02
  -2.5760919e-01  -2.9536337e-01   9.2405879e-02  -2.4580916e-02   2.6965392e-03   1.6558019e-02
  -2.3042527e-01  -3.6822749e-01  -4.5066978e-02  -2.4216774e-02   3.3896973e-03   1.6453951e-02
  -2.3891909e-01  -1.5597101e-01   5.8685028e-02  -2.2949150e-02   3.5583036e-03   1.6774679e-02
  -2.7032241e-01  -1.8485604e-01   1.4684617e-01  -2.0083823e-02   7.3171918e-03   1.9297194e-02
  -1.2178979e-01  -2.0189909e-01   1.1048019e-01  -4.8949684e-03   7.5634628e-03   2.0308425e-02
   9.2795251e-02   7.7538186e-02   7.1300672e-01   2.9655147e-02   8.0168114e-03   1.6253421e-02
   1.4367633e-01  -2.6076311e-01   1.9888730e-01   5.3361269e-02   1.1218181e-02   9.6727424e-03
  -5.7180095e-02  -9.7367180e-01  -7.3377728e-02   4.8686960e-02   9.0379278e-03   6.4136948e-03
  -1.4413656e-01  -1.5684603e+00  -3.7202969e-01  -9.8517805e-03   8.6030174e-03   1.2092325e-02
  -2.0139245e-01  -8.4850400e-01  -2.1406805e-01  -1.5698658e-02   1.1636324e-02   1.1879519e-02
  -1.8208008e-01  -2.7168548e-01  -1.6136853e-01  -1.7495089e-02   1.1845398e-02   1.1536723e-02
  -1.6900709e-01  -2.9500698e-01  -8.0971562e-02  -1.8696400e-02   1.2620702e-02   1.1279492e-02
  -2.6830820e-01   7.2208108e-02   3.3796294e-01  -1.6912777e-02   7.2958073e-03   8.9621266e-03
  -2.4536737e-01  -4.3095547e-01   6.6194366e-01  -2.2564101e-02   6.8645823e-03   9.2095449e-03
  -2.4449256e-01  -2.5243061e-01   5.7840595e-01  -2.2898718e-02   8.5803551e-03   9.6552509e-03
  -2.3957662e-01  -2.0068025e-01   5.3062172e-01  -2.3241831e-02   9.0282858e-03   9.5904643e-03
  -2.9130713e-01  -7.6260677e-02   4.9733847e-01  -2.0881781e-02   8.2373463e-03   8.7144894e-03
  -4.3015406e-01  -5.0257419e-01  -1.2947914e-01  -2.2708482e-02   1.1075599e-02   9.6517513e-03
  -8.1229329e-01  -1.2080323e-01   9.2743370e-01  -3.2689740e-02   2.0859770e-02   1.0821789e-02
  -4.3623437e-01  -1.2459420e-01   2.4166684e-01  -2.9153140e-02   9.9243408e-03   7.1390593e-03
  -4.7834113e-01  -1.7861372e-01   2.2451518e-01  -2.8688726e-02   9.3944278e-03   6.8814893e-03
  -4.1659793e-01  -2.3021903e-01   1.6127691e-01  -2.9613545e-02   8.6206876e-03   8.2366460e-03
  -4.6734486e-01  -3.9852808e-02   2.7149612e-01  -3.0726263e-02   9.3939517e-03   7.8818364e-03
  -4.7937187e-01  -1.9392748e-02   2.5238576e-01  -2.9379116e-02   9.1966179e-03   7.6752547e-03
  -4.5504697e-01  -1.9109731e-01   1.6695499e-01  -2.7891541e-02   9.7587709e-03   7.5241744e-03
  -4.8031434e-01   1.2297371e-01   2.3767396e-01  -2.5050691e-02   1.2096441e-02   9.0834607e-03
  -4.2141053e-01  -4.4371340e-01   3.7283888e-02  -2.1789595e-02   1.2442965e-02   8.2217905e-03
  -4.2750320e-01  -3.5326515e-03   4.2320543e-02  -2.2120662e-02   1.2857308e-02   7.9528049e-03
  -2.0061179e-01  -1.1108158e-01  -7.2004295e-01  -7.5337641e-03   1.2088438e-02   1.0802397e-02
  -1.2142592e-01  -1.5912154e-01  -1.7360779e+00   6.2124449e-02   3.3686514e-02  -3.7626581e-03
  -2.2533941e-01  -2.4089784e+00  -2.5832384e+00   2.1731120e-02   2.7614093e-02  -3.9554653e-04
   4.4778872e-01  -1.9005354e+00  -2.5175400e+00  -1.0217497e-02   2.0767231e-02   4.6339436e-03
   5.1241560e-01  -7.1337862e-01  -1.7558989e+00  -1.3571351e-02   1.4207522e-02   6.4666162e-03
   4.8753081e-01  -6.3197721e-01  -1.7324470e+00  -1.4212543e-02   1.3036792e-02   6.0832875e-03
   4.3075762e-01  -3.8936329e-01  -1.6395610e+00  -1.7226440e-02   1.2354381e-02   4.9738028e-03
   4.2818705e-01  -5.5516092e-01  -1.5627308e+00  -1.7591504e-02   1.2838695e-02   4.9889224e-03
   3.8955121e-01  -4.8973417e-01  -1.5551443e+00  -1.8662341e-02   1.2850405e-02   4.8790984e-03
   3.4011010e-01  -3.5204873e-01  -1.4820263e+00  -1.7261374e-02   1.2753495e-02   4.4191637e-03
   3.2772428e-01  -3.2777627e-01  -1.4040239e+00  -1.7308980e-02   1.2215009e-02   4.6568492e-03
   3.2302498e-01  -4.0409909e-01  -1.5651913e+00  -1.5603322e-02   1.2509139e-02   4.9201189e-03
   3.1922082e-01  -1.7889243e-01  -1.4575082e+00  -1.3732773e-02   1.1157873e-02   5.4492912e-03
   3.4245128e-01  -3.3046293e-01  -1.4679695e+00  -1.3598334e-02   1.0423627e-02   4.0012697e-03
   2.9912895e-01  -1.6357825e-01  -1.6141638e+00  -1.6058923e-02   1.0506570e-02   4.0637460e-03
   2.6526510e-01  -4.1353362e-01  -1.2445803e+00  -2.0521464e-02   7.1643929e-03   3.9716469e-03
