   1.0458494e-14  -9.6491425e-15  -1.4210855e-14   0.0000000e+00   7.4283068e-36  -1.7647228e-18
   3.8554104e-01  -1.2052175e-01  -7.0850292e-03  -7.8738937e-03   3.3265512e-03   5.6237108e-03
   4.4139840e-01  -3.7852320e-01  -3.7890703e-01  -6.8807547e-03   5.7846261e-03   7.8770977e-03
   3.4239104e-01  -2.3245910e-01  -1.9810026e-01  -5.0284342e-03   5.3489582e-03   5.6111310e-03
   3.2354056e-01  -2.1687193e-01  -1.3545463e-01  -4.4701862e-03   4.4966968e-03   5.3429399e-03
   3.1784463e-01  -1.9117852e-01  -1.9263713e-01  -3.8106135e-03   5.0586611e-03   5.1283049e-03
   4.1138343e-01  -2.0703840e-01  -2.7684881e-01  -3.4442860e-03   9.5764336e-03   6.1515800e-03
   3.2939212e-01  -1.8614430e-01  -2.4814827e-01  -3.0026611e-03   7.1377024e-03   5.5973333e-03
   3.2639542e-01  -2.8068299e-01  -3.5821612e-01  -4.8518584e-03   7.6857358e-03   5.3074206e-03
   4.9657199e-01  -2.4035289e+00  -2.1353555e+00  -4.6324394e-02   1.3309690e-02   2.2691921e-02
   4.4664816e-01  -1.3300446e+00  -1.8943326e+00  -3.9173564e-02   1.5020745e-02   1.8475125e-02
   4.0369167e-01  -1.2774816e+00  -1.8478779e+00  -3.9394281e-02   1.3367381e-02   1.8232576e-02
   4.1093091e-01  -1.5068626e+00  -1.8106767e+00  -3.6632904e-02   1.3487485e-02   1.7858681e-02
   3.8094576e-01  -1.3145056e+00  -1.7395383e+00  -3.6481722e-02   1.3543571e-02   1.7421866e-02
   1.7235051e-01  -1.0496944e+00  -7.1947490e-01  -8.5162930e-03   5.8454064e-03   1.5464161e-02
   6.3295923e-01  -7.9852352e-01  -1.6010054e+00  -2.3662525e-02   7.0300144e-03   1.9304389e-02
   5.7222540e-01  -1.1218802e+00  -1.4645688e+00  -2.4877313e-02   8.1649755e-03   1.7590716e-02
   5.0003875e-01  -1.0205869e+00  -1.4322500e+00  -2.4951301e-02   8.7040502e-03   1.6344028e-02
   4.4988989e-01  -9.9260076e-01  -1.4152064e+00  -2.5339371e-02   8.3523098e-03   1.5175528e-02
   5.4099351e-01  -9.9223518e-01  -1.5437628e+00  -2.7037008e-02   7.8758394e-03   1.7721012e-02
   5.4673162e-01  -1.1231144e+00  -1.5735904e+00  -2.6606265e-02   9.2324131e-03   1.7834168e-02
   5.5582304e-01  -1.0570439e+00  -1.5565105e+00  -2.6435037e-02   9.1406974e-03   1.7826199e-02
   5.1872670e-01  -1.0128720e+00  -1.4669082e+00  -2.7094735e-02   8.6366249e-03   1.7093501e-02
   5.1112429e-01  -1.0891199e+00  -1.4967381e+00  -2.6382991e-02   9.1793948e-03   1.6791817e-02
   5.1682645e-01  -1.0446816e+00  -1.5276764e+00  -2.6589837e-02   9.4217823e-03   1.6943815e-02
   6.1471603e-01  -7.9002769e-01  -1.6651272e+00  -2.9707464e-02   8.0722582e-03   1.8025290e-02
   6.3415150e-01  -1.2909915e+00  -1.6842999e+00  -2.8877160e-02   7.5771316e-03   1.9241833e-02
   5.9187523e-01  -1.1231523e+00  -1.5911948e+00  -2.7713036e-02   7.6240911e-03   1.8582543e-02
   5.9089437e-01  -1.0846250e+00  -1.5615380e+00  -2.6717816e-02   8.2829284e-03   1.8658730e-02
   5.7500498e-01  -9.6251353e-01  -1.5193966e+00  -2.7270448e-02   7.6567455e-03   1.8569933e-02
   5.7901152e-01  -1.0640034e+00  -1.5166759e+00  -2.6776008e-02   7.5122405e-03   1.8654565e-02
   5.7868619e-01  -9.9584706e-01  -1.5428814e+00  -2.7432369e-02   7.2985200e-03   1.8635110e-02
   6.0668915e-01  -1.1104896e+00  -1.8050336e+00  -2.3531266e-02   9.5959977e-03   1.9364543e-02
   5.7877498e-01  -9.8061486e-01  -1.6585741e+00  -2.5639921e-02   8.5990820e-03   1.8727103e-02
   5.8782251e-01  -1.0596774e+00  -1.6368211e+00  -2.4907905e-02   8.7148739e-03   1.8913486e-02
   6.1272999e-01  -8.4232897e-01  -1.6402779e+00  -2.6352339e-02   7.7790835e-03   1.9071495e-02
   6.1144169e-01  -1.1496118e+00  -1.5975608e+00  -2.5120665e-02   7.9402993e-03   1.9171513e-02
   5.7581071e-01  -9.7738912e-01  -1.6621141e+00  -2.5222991e-02   8.7487066e-03   1.8590712e-02
   5.8032516e-01  -9.8388923e-01  -1.6660464e+00  -2.5251007e-02   7.9144589e-03   1.8685969e-02
   5.7227404e-01  -1.0195235e+00  -1.6311308e+00  -2.5188291e-02   7.9382794e-03   1.8627001e-02
   1.5626825e-01  -1.3245952e+00  -6.8951275e-01   4.9545016e-03  -4.3222724e-04   1.9951885e-02
   3.7380575e-01  -1.5747981e-01  -4.7325460e-01  -2.9977120e-03  -6.7084831e-04   2.2363664e-02
   4.5773692e-01  -7.7079442e-01  -1.0434342e+00  -1.1401668e-02   3.8652129e-03   1.9098808e-02
   3.9681209e-01  -7.1426360e-01  -1.0564290e+00  -1.1579980e-02   5.3192043e-03   1.8709248e-02
   4.0356585e-01  -6.5480100e-01  -1.0263980e+00  -1.2319687e-02   5.1325290e-03   1.8932214e-02
   3.8548204e-01  -7.1100182e-01  -1.0275883e+00  -1.2453639e-02   5.5664389e-03   1.8798416e-02
   4.0250409e-01  -6.8145040e-01  -1.0557890e+00  -1.2972922e-02   5.5475556e-03   1.9081457e-02
   3.5315729e-01  -6.0558561e-01  -1.0635869e+00  -1.3616499e-02   5.7766240e-03   1.8340633e-02
   3.7831563e-01  -7.0555209e-01  -1.0740590e+00  -1.3632151e-02   5.7104450e-03   1.9044086e-02
   3.5111825e-01  -6.6802175e-01  -1.0824436e+00  -1.3601400e-02   5.9821260e-03   1.8337369e-02
   3.6100210e-01  -6.3433338e-01  -1.0954627e+00  -1.4183308e-02   5.5081573e-03   1.8651831e-02
   3.7224850e-01  -6.9256662e-01  -1.0860010e+00  -1.3701848e-02   5.5574732e-03   1.8874798e-02
   3.4783570e-01  -5.9962049e-01  -1.0822531e+00  -1.4722526e-02   5.5914181e-03   1.8379864e-02
   3.4697999e-01  -6.8935297e-01  -1.0714419e+00  -1.4720078e-02   5.7543179e-03   1.8224371e-02
   3.2533152e-01  -6.6103385e-01  -1.0766813e+00  -1.5021047e-02   5.8912086e-03   1.7837186e-02
   3.2779764e-01  -6.3808671e-01  -1.0852259e+00  -1.4807898e-02   6.0254876e-03   1.7915471e-02
   4.2431429e-01  -6.3282925e-01  -9.6596524e-01  -8.2992392e-03   6.2613125e-03   1.8385281e-02
   6.2052243e-01  -2.2384533e-01  -6.3172722e-01   9.1379201e-03   1.3795983e-03   2.3030521e-02
   7.9536324e-01  -8.4199178e-01  -1.2535224e+00  -1.2651691e-02   1.3258215e-02   2.8876590e-02
   7.0124371e-01  -7.6583741e-01  -1.2560068e+00  -1.1725890e-02   1.2619644e-02   2.7265029e-02
   6.4870205e-01  -6.7939262e-01  -1.2279690e+00  -1.2319820e-02   1.2598929e-02   2.6190276e-02
   6.6765121e-01  -7.5556618e-01  -1.2431436e+00  -1.1386237e-02   1.2787735e-02   2.6409392e-02
   6.4632141e-01  -7.0165761e-01  -1.2174592e+00  -1.2310223e-02   1.2766834e-02   2.6128610e-02
   6.5156194e-01  -8.0073396e-01  -1.2386715e+00  -1.2031180e-02   1.3201485e-02   2.6509993e-02
   6.3457911e-01  -7.0535416e-01  -1.2393337e+00  -1.2377846e-02   1.3244446e-02   2.6197043e-02
   6.4713997e-01  -7.5241961e-01  -1.2653013e+00  -1.1794136e-02   1.4160445e-02   2.6250772e-02
   6.2335508e-01  -6.5021210e-01  -1.3045045e+00  -1.3095353e-02   1.4250307e-02   2.5963908e-02
   6.6519238e-01  -7.6593432e-01  -1.4055348e+00  -1.3438838e-02   1.3679120e-02   2.6093234e-02
   5.9711891e-01  -6.6110030e-01  -1.3922765e+00  -1.3704471e-02   1.3437317e-02   2.4840050e-02
   5.9832979e-01  -7.0735797e-01  -1.3922036e+00  -1.3604861e-02   1.3866401e-02   2.4916587e-02
   5.8033553e-01  -7.4136938e-01  -1.3797448e+00  -1.3007093e-02   1.3860382e-02   2.4535010e-02
   5.8393796e-01  -6.9421335e-01  -1.4204643e+00  -1.3624927e-02   1.4347618e-02   2.4481354e-02
   5.6945498e-01  -7.0582692e-01  -1.4185917e+00  -1.3823812e-02   1.4217684e-02   2.4297070e-02
   5.7288759e-01  -7.1551343e-01  -1.4252294e+00  -1.3569382e-02   1.3889142e-02   2.4347696e-02
   5.6924919e-01  -7.2602061e-01  -1.4260149e+00  -1.3324709e-02   1.3767981e-02   2.4200264e-02
   5.4227447e-01  -6.6407287e-01  -1.4232439e+00  -1.3586069e-02   1.3595972e-02   2.3700602e-02
   5.6129093e-01  -6.9165894e-01  -1.4271570e+00  -1.3479126e-02   1.3687549e-02   2.4051213e-02
   5.4594011e-01  -6.8367959e-01  -1.4205215e+00  -1.3617201e-02   1.3533290e-02   2.3704767e-02
   5.4911578e-01  -7.1302508e-01  -1.4281762e+00  -1.2931958e-02   1.3244657e-02   2.3503114e-02
   5.2922888e-01  -6.3508249e-01  -1.4521039e+00  -1.3784244e-02   1.3737147e-02   2.3670300e-02
   5.4700803e-01  -7.3175079e-01  -1.4212387e+00  -1.2865011e-02   1.4080338e-02   2.3819138e-02
   5.4973502e-01  -6.8536503e-01  -1.4084215e+00  -1.2354432e-02   1.4475199e-02   2.3760017e-02
   5.4442145e-01  -6.4007327e-01  -1.4354340e+00  -1.2802707e-02   1.4809306e-02   2.3702442e-02
   5.4436355e-01  -7.2167067e-01  -1.4362966e+00  -1.2843843e-02   1.5164566e-02   2.3709889e-02
   5.2892519e-01  -6.4696225e-01  -1.4431362e+00  -1.2783810e-02   1.4663853e-02   2.3451048e-02
   5.3475075e-01  -7.0617486e-01  -1.4551374e+00  -1.2082048e-02   1.5018521e-02   2.3194526e-02
   4.8362643e-01  -5.6036145e-01  -1.2633343e+00  -1.0813089e-02   1.4946939e-02   2.1896188e-02
   2.9644340e-01  -1.2879484e-01   1.3697145e+00   1.1323605e-02   7.0522761e-03   1.7538626e-02
   3.3433115e-01  -1.0306079e+00  -8.8670311e-01  -2.0811254e-03   3.3305953e-03   1.7457263e-02
   3.2992704e-01  -7.2719249e-01  -1.4669703e+00  -1.2556460e-02   4.4468583e-03   1.3727639e-02
   3.1333917e-01  -6.3586240e-01  -1.3981176e+00  -1.2891588e-02   5.1629041e-03   1.3729186e-02
   2.7354742e-01  -5.6704093e-01  -1.3132517e+00  -1.2852242e-02   5.2022099e-03   1.2962604e-02
   3.9127616e-01  -7.2181552e-01  -1.3664511e+00  -1.2979085e-02   7.2200532e-03   1.5915431e-02
   3.5943067e-01  -6.7184894e-01  -1.4343980e+00  -1.1769381e-02   7.2811484e-03   1.5408035e-02
   2.9718326e-01  -6.0011482e-01  -1.3594462e+00  -1.2166010e-02   7.4215294e-03   1.4130494e-02
   3.0194278e-01  -6.3628976e-01  -1.3992257e+00  -1.1096148e-02   7.6568591e-03   1.4314052e-02
   3.0421959e-01  -5.8368514e-01  -1.3862878e+00  -1.2323764e-02   6.9777929e-03   1.4375548e-02
   2.9900637e-01  -6.3609597e-01  -1.4007081e+00  -1.1988032e-02   7.3859129e-03   1.4199754e-02
   2.9332383e-01  -4.8826004e-01  -1.5250116e+00  -1.3700673e-02   7.1034103e-03   1.4000648e-02
   3.0525171e-01  -7.4722985e-01  -1.4769044e+00  -1.2037108e-02   6.9605342e-03   1.4158763e-02
   3.0050946e-01  -5.7288445e-01  -1.4744516e+00  -1.2305968e-02   7.0391546e-03   1.4156840e-02
   2.1338209e-01  -6.9430763e-01  -1.2221107e+00  -7.2424350e-03   4.9015075e-03   1.2797197e-02
   2.7496295e-01  -2.3950341e-01  -9.3691874e-01   8.8825455e-03   4.4385131e-03   1.6959243e-02
   3.1782255e-01  -7.3624763e-01  -1.4891231e+00  -1.3352853e-02   9.4191664e-03   1.5192140e-02
   2.3329278e-01  -5.8400140e-01  -1.3859621e+00  -1.2715424e-02   9.2369345e-03   1.3357774e-02
   2.2985750e-01  -6.0898719e-01  -1.3639315e+00  -1.1993577e-02   9.8145060e-03   1.3531774e-02
   2.3783706e-01  -5.8232340e-01  -1.3457707e+00  -1.2048051e-02   9.8476926e-03   1.3799362e-02
   2.3939672e-01  -6.0427815e-01  -1.3479310e+00  -1.2092830e-02   9.8465212e-03   1.3884388e-02
   2.4152728e-01  -6.0789347e-01  -1.3525115e+00  -1.2280889e-02   9.7921399e-03   1.3973792e-02
   2.2805293e-01  -5.4855842e-01  -1.3996775e+00  -1.2988565e-02   9.7593353e-03   1.3840439e-02
   2.3952255e-01  -6.5967091e-01  -1.4084250e+00  -1.2087256e-02   1.0075761e-02   1.3901615e-02
   2.1605922e-01  -4.8850015e-01  -1.4530310e+00  -1.3379734e-02   1.0150256e-02   1.3715420e-02
   2.4259079e-01  -6.9195690e-01  -1.4264480e+00  -1.1852250e-02   1.0488918e-02   1.4086021e-02
   2.6182428e-01  -3.9908318e-01  -1.4501763e+00  -1.2907510e-02   1.0477923e-02   1.3996416e-02
   2.4193896e-01  -7.1312432e-01  -1.4241031e+00  -1.2135888e-02   1.0545449e-02   1.3677259e-02
   2.3920035e-01  -5.6734559e-01  -1.4246547e+00  -1.2401621e-02   1.0687860e-02   1.3712993e-02
   2.4962655e-01  -5.8018550e-01  -1.4130879e+00  -1.1758285e-02   1.0579019e-02   1.4055854e-02
   2.3991231e-01  -5.2906981e-01  -1.4301462e+00  -1.1673580e-02   1.0987361e-02   1.3910524e-02
   2.3662126e-01  -5.7345435e-01  -1.4382697e+00  -1.1575281e-02   1.0860870e-02   1.3929328e-02
   2.5446677e-01  -5.5503849e-01  -1.2018358e+00  -9.7768151e-03   1.0643043e-02   1.4386269e-02
   5.0505509e-01   2.8972718e-01  -6.3211568e-01   2.8118543e-02   2.0250159e-02   9.8476586e-03
   3.7803809e-01  -1.1579507e+00  -1.5676015e+00  -5.5130154e-03   1.5478926e-02   1.6599006e-02
   3.2811927e-01  -7.7743763e-01  -1.4700929e+00  -1.3759547e-02   1.4579514e-02   1.3280728e-02
   2.3150012e-01  -5.5736326e-01  -1.4111024e+00  -1.3525227e-02   1.4599273e-02   1.1341428e-02
   2.0899713e-01  -6.2054283e-01  -1.3758615e+00  -1.3359420e-02   1.5499025e-02   1.0983384e-02
   2.2402617e-01  -5.9956982e-01  -1.3797150e+00  -1.3636968e-02   1.5871641e-02   1.1179447e-02
   2.1140587e-01  -5.7644065e-01  -1.4138346e+00  -1.4732767e-02   1.6218295e-02   1.0978148e-02
   2.1756664e-01  -6.6608400e-01  -1.3922505e+00  -1.3776830e-02   1.6440757e-02   1.1084484e-02
   2.0314216e-01  -5.4339974e-01  -1.4491929e+00  -1.4768274e-02   1.6418369e-02   1.1012933e-02
   2.3388915e-01  -6.7284705e-01  -1.4559169e+00  -1.3821361e-02   1.6789364e-02   1.1729931e-02
   1.7713062e-01  -5.6724440e-01  -1.4203371e+00  -1.4417374e-02   1.7063759e-02   1.0792103e-02
   1.2997633e-01  -5.3357388e-01  -1.2661137e+00  -9.7529310e-03   1.5847898e-02   1.0112709e-02
   4.5111358e-01  -2.6754601e-01  -9.0761587e-01   1.6685787e-02   1.0657355e-02   1.8841777e-02
   4.6408928e-01  -7.7973946e-01  -1.7012857e+00  -1.3537212e-02   1.3745435e-02   1.5623779e-02
   3.3378815e-01  -5.6703527e-01  -1.4849012e+00  -1.1650491e-02   1.3570144e-02   1.3467223e-02
   2.9515903e-01  -5.8991719e-01  -1.4311746e+00  -1.0742708e-02   1.4009834e-02   1.3176060e-02
   2.6520738e-01  -5.3102330e-01  -1.4205117e+00  -1.1060422e-02   1.3879443e-02   1.2767274e-02
   2.8293802e-01  -6.1866594e-01  -1.4379002e+00  -1.0597223e-02   1.4423361e-02   1.3014346e-02
   2.9584235e-01  -5.6340266e-01  -1.4586158e+00  -1.0634297e-02   1.4391594e-02   1.3137801e-02
   3.1264476e-01  -3.6634863e-01  -1.5881440e+00  -1.2702546e-02   1.4829562e-02   1.3143034e-02
   2.8078860e-01  -8.2034373e-01  -1.5183964e+00  -1.2203723e-02   1.4963373e-02   1.2500193e-02
   2.8363284e-01  -5.8158424e-01  -1.4972887e+00  -1.2092257e-02   1.5278935e-02   1.2501696e-02
   3.2709544e-01  -5.9682205e-01  -1.4601886e+00  -1.1168182e-02   1.5589626e-02   1.3114574e-02
   2.8888145e-01  -5.2896946e-01  -1.4773846e+00  -1.2175627e-02   1.6021947e-02   1.2690579e-02
   2.6277682e-01  -5.3641292e-01  -1.4488936e+00  -1.1440650e-02   1.6972545e-02   1.2073394e-02
   2.7330518e-01  -4.3377710e-01  -1.5388852e+00  -1.2546559e-02   1.6628487e-02   1.2295226e-02
   2.9451495e-01  -5.2670947e-01  -1.4098321e+00  -1.1433038e-02   1.5961022e-02   1.2588896e-02
   2.8183444e-01  -6.0210475e-01  -1.4126175e+00  -1.1403664e-02   1.6412745e-02   1.2423797e-02
   2.5266270e-01  -5.1372430e-01  -1.4303092e+00  -1.2391052e-02   1.6632403e-02   1.2012187e-02
   2.5073993e-01  -5.7694307e-01  -1.4335684e+00  -1.1820888e-02   1.6420859e-02   1.1781610e-02
   2.5370978e-01  -4.9490818e-01  -1.4649482e+00  -1.2424772e-02   1.6560540e-02   1.1934095e-02
   2.5808150e-01  -5.2099505e-01  -1.4817207e+00  -1.2812325e-02   1.6208535e-02   1.1984426e-02
   2.7546352e-01  -5.8202927e-01  -1.4692087e+00  -1.1819422e-02   1.6314388e-02   1.2340391e-02
   2.7267024e-01  -5.0451142e-01  -1.4892788e+00  -1.2203462e-02   1.6399983e-02   1.2290178e-02
  -9.9105211e-02  -7.8901968e-01  -1.1736492e+00   7.5751692e-03   9.1518252e-03   1.4458565e-02
  -1.2607720e-01  -4.3568795e-01  -7.2415981e-01   3.2410953e-02   1.4998686e-03   1.4841045e-02
  -2.5608059e-01   1.7050577e-02  -3.6283692e-01   2.2393943e-02  -7.2620132e-04   8.9395874e-03
  -8.5368954e-02  -7.8558919e-01  -1.3318430e+00  -1.7888873e-02   5.3107968e-03   5.0889109e-03
  -1.8646969e-01  -5.9295947e-01  -1.1287262e+00  -1.5670042e-02   7.5149554e-03   3.0845419e-03
  -1.5539721e-01  -5.3560897e-01  -1.0749048e+00  -1.5208397e-02   7.4025037e-03   4.1097749e-03
  -1.4242260e-01  -5.0445186e-01  -1.0905056e+00  -1.5358287e-02   7.7234499e-03   4.5753693e-03
  -1.3903180e-01  -5.3473366e-01  -1.1250626e+00  -1.5174627e-02   7.7375379e-03   4.7511700e-03
  -1.6818964e-01  -4.8450048e-01  -1.1424137e+00  -1.5957657e-02   7.7761595e-03   3.9781201e-03
  -1.6407095e-01  -5.4522582e-01  -1.2110414e+00  -1.5788241e-02   8.0371250e-03   4.3663752e-03
  -2.0670266e-01  -4.6170302e-01  -1.1960322e+00  -1.6701728e-02   7.5262875e-03   3.7062660e-03
  -2.1414954e-01  -5.2584427e-01  -1.2340337e+00  -1.6046701e-02   7.5610944e-03   3.5881686e-03
  -2.4130792e-01  -3.9045186e-01  -1.2847187e+00  -1.6986354e-02   7.7292912e-03   3.2356901e-03
  -2.3218154e-01  -5.5044054e-01  -1.2461052e+00  -1.6265386e-02   7.8809690e-03   3.2684224e-03
  -2.5592786e-01  -4.3784282e-01  -1.2458680e+00  -1.6418016e-02   7.6630769e-03   2.7041581e-03
  -2.4018228e-01  -4.8497683e-01  -1.2572102e+00  -1.5771500e-02   8.2487769e-03   2.7475656e-03
  -1.5562711e-01  -2.6097169e-01  -1.2714779e+00  -1.9682367e-02   9.1025659e-03   3.7701003e-03
  -1.8293070e-01  -7.2673395e-01  -1.3285640e+00  -1.7560515e-02   9.5769350e-03   3.9117676e-03
  -1.9917213e-01  -4.8014425e-01  -1.3016033e+00  -1.6722715e-02   9.8671328e-03   3.7470637e-03
  -2.0908416e-01  -4.5476208e-01  -1.2925157e+00  -1.6712916e-02   9.6889753e-03   3.4679409e-03
  -1.9431374e-01  -4.9337786e-01  -1.3170739e+00  -1.7583024e-02   1.0038346e-02   3.6387750e-03
  -1.3940828e-01  -6.5309196e-01  -1.7623836e+00  -1.4471246e-02   1.1894139e-02   5.4308609e-03
  -1.4425425e-01  -5.2921656e-01  -1.5105226e+00  -1.5567239e-02   1.1527031e-02   5.0528692e-03
  -1.3351553e-01  -5.3913872e-01  -1.4421767e+00  -1.4648877e-02   1.0977153e-02   5.2103013e-03
  -1.4936449e-01  -4.7423504e-01  -1.4759449e+00  -1.5264145e-02   1.0890642e-02   5.0624753e-03
  -1.4073585e-01  -5.4115112e-01  -1.4534299e+00  -1.5155424e-02   1.0846780e-02   5.0760948e-03
  -1.2156431e-01  -5.6705146e-01  -1.4730559e+00  -1.4687291e-02   1.0711112e-02   5.4598689e-03
  -1.4209493e-01  -4.5569127e-01  -1.4916862e+00  -1.5438472e-02   1.0894139e-02   5.0521190e-03
  -1.5261586e-01  -5.1609760e-01  -1.4650940e+00  -1.5028463e-02   1.0817296e-02   4.7453445e-03
  -1.4422022e-01  -7.5691135e-01  -1.0476060e+00   9.1197563e-03   2.8181006e-03   9.0705849e-03
   1.3136887e-01  -4.3153976e-01  -1.5296070e+00  -1.2994048e-02   3.4884299e-03   1.0284971e-02
   1.1504007e-03  -7.3191745e-01  -1.6630844e+00  -1.6425555e-02   8.1172710e-03   7.7182717e-03
  -2.3391074e-02  -5.3830187e-01  -1.6475174e+00  -1.6084773e-02   8.2908419e-03   6.6294559e-03
  -3.1853652e-02  -5.7682019e-01  -1.5677262e+00  -1.4757942e-02   8.9405839e-03   6.3537051e-03
  -5.1897078e-02  -5.5580530e-01  -1.6228407e+00  -1.5952282e-02   9.0628673e-03   6.2122600e-03
  -4.0658127e-02  -6.0794754e-01  -1.6401834e+00  -1.5516947e-02   9.8197949e-03   6.2941309e-03
  -2.4154447e-02  -5.8998148e-01  -1.6479921e+00  -1.5590060e-02   1.0205439e-02   6.5792738e-03
  -2.3337250e-02  -5.8187762e-01  -1.6571153e+00  -1.5944115e-02   1.0658253e-02   6.7401140e-03
  -4.6808980e-02  -5.6124538e-01  -1.6631215e+00  -1.6598901e-02   1.0958953e-02   6.4016419e-03
  -4.6738453e-02  -5.8766774e-01  -1.6815352e+00  -1.6347238e-02   1.1106737e-02   6.2834350e-03
  -3.2609887e-02  -5.8096500e-01  -1.6933354e+00  -1.5655491e-02   1.1264163e-02   6.4411856e-03
  -6.9920898e-02  -4.6729471e-01  -1.6786431e+00  -1.6098341e-02   1.1462556e-02   5.7606748e-03
  -3.8871944e-02  -5.7862257e-01  -1.7730493e+00  -1.6485104e-02   1.2178629e-02   6.1569498e-03
  -5.6816303e-02  -5.3876804e-01  -1.7457993e+00  -1.6560963e-02   1.1757358e-02   5.9031072e-03
  -4.0898619e-02  -5.0053211e-01  -1.6847832e+00  -1.5103557e-02   1.2489928e-02   6.1406917e-03
  -6.1646125e-02  -4.5688634e-01  -1.6833947e+00  -1.5864677e-02   1.2362478e-02   6.0611358e-03
  -3.9609509e-02  -4.8709864e-01  -1.6908444e+00  -1.6030754e-02   1.2281270e-02   6.1213014e-03
  -3.6989224e-02  -4.6063486e-01  -1.5804509e+00  -1.5550284e-02   1.2370538e-02   5.6132863e-03
  -4.5859587e-02  -5.8593016e-01  -1.6187951e+00  -1.5944161e-02   1.2050420e-02   5.3032331e-03
  -4.7354773e-02  -5.5934381e-01  -1.6868677e+00  -1.5579386e-02   1.2444421e-02   5.5232334e-03
  -4.4406961e-02  -4.9694696e-01  -1.6752942e+00  -1.5718406e-02   1.2003953e-02   5.4780874e-03
  -3.8611598e-02  -5.6656220e-01  -1.6627482e+00  -1.5278042e-02   1.2198897e-02   5.7423338e-03
  -5.8731447e-02  -4.5869286e-01  -1.6681766e+00  -1.6127754e-02   1.2267532e-02   5.3828521e-03
  -5.5004344e-02  -4.9528987e-01  -1.6573898e+00  -1.5750206e-02   1.2380361e-02   5.3221353e-03
  -8.4996155e-02  -5.4077589e-01  -1.0158045e+00  -5.2984370e-03   8.4774112e-03   5.4718957e-03
  -1.5295430e-02  -5.4892712e-02  -1.2129013e+00   5.7033832e-03   9.2540847e-04   6.5549211e-03
