   1.1025129e-14   0.0000000e+00   0.0000000e+00  -1.5549901e-52   7.4870048e-87  -4.8148249e-35
   1.9422630e-02   1.2212706e-01   9.3095513e-02   6.1342600e-04   2.5241457e-04   2.4698463e-04
   5.4301709e-02   6.2929224e-02   1.2679513e-01   1.8404460e-03   2.5543770e-04   1.1489126e-03
   9.2802836e-02   8.9535497e-02   1.3582965e-01   8.8994195e-04   2.0727683e-04   1.1044792e-03
   1.8006516e-01   6.7450757e-02   1.1278118e-01   2.5947530e-03   3.9168022e-04   2.8527292e-03
   1.7416460e-01   7.1345184e-02   1.0007408e-01   5.3303753e-03  -5.1418082e-04   3.6630211e-03
   1.8699398e-01   1.0437835e-01   1.6058509e-01   5.4330038e-03  -4.8989093e-04   3.7906486e-03
   2.3056726e-01   7.7737823e-02   2.5025549e-01   4.5588337e-03  -1.2125885e-03   5.4281856e-03
   2.6266094e-01  -1.2555200e-02   3.3356519e-01   6.4230331e-03  -2.0686640e-03   6.1978072e-03
   2.5069868e-01   2.9987749e-02   3.3332047e-01   6.7271699e-03  -2.3661997e-03   6.2425875e-03
   2.2845367e-01   3.1744214e-02   3.6071365e-01   7.6531260e-03  -2.6014683e-03   5.9587744e-03
   2.1283203e-01   1.2417190e-01   3.4240249e-01   7.7873380e-03  -2.8278130e-03   5.3341076e-03
   2.0578477e-01   5.3690181e-02   3.5655030e-01   8.1646728e-03  -2.0043897e-03   5.4326150e-03
   1.8907384e-01   8.3423506e-02   3.6237893e-01   8.8194906e-03  -2.1359281e-03   5.4329490e-03
   8.3163524e-02   4.6833870e-01   2.4037361e+00   6.3078148e-03   3.0615478e-03   4.6201938e-03
   3.1606247e-02   5.2828604e-01   2.5748776e+00   1.6326745e-02  -2.1279825e-03   3.2504626e-03
  -1.4660789e-01   2.5132708e-01   1.9594697e+00   2.7388235e-02  -2.3037503e-03   7.2604553e-04
  -1.9358360e-01   3.4267927e-01   2.3165065e+00   2.8891269e-02  -4.2077467e-03  -2.8230708e-04
  -2.0043166e-01   3.0954406e-01   2.3645314e+00   2.9250979e-02  -4.3776201e-03  -8.0842681e-04
  -2.2503422e-01   3.2714824e-01   2.3203928e+00   3.0329960e-02  -4.5393740e-03  -1.1718782e-03
  -1.8382309e-01   3.8876082e-01   2.3492166e+00   3.0203910e-02  -4.9139063e-03  -5.3257826e-04
  -1.6609666e-01   3.4331181e-01   2.3587218e+00   3.0467071e-02  -5.2303357e-03  -3.9758242e-05
  -1.5811651e-01   2.8252413e-01   2.3759057e+00   3.0847376e-02  -5.0247169e-03   1.1589864e-04
  -1.4535030e-01   2.8188048e-01   2.3965982e+00   3.0889323e-02  -5.2372117e-03   2.6206791e-04
  -1.2340535e-01   2.8360504e-01   2.3819150e+00   3.1311946e-02  -5.4021968e-03   5.7055045e-04
  -9.9142546e-02   3.0482197e-01   2.3793531e+00   3.1595951e-02  -5.4400724e-03   1.0087629e-03
  -9.3069550e-02   3.4955526e-01   2.3679889e+00   3.1630037e-02  -5.6507433e-03   1.0515341e-03
  -7.8376925e-02   2.6974618e-01   2.3168643e+00   3.1855260e-02  -5.7796616e-03   1.2800637e-03
  -4.5563483e-02   3.0114100e-01   2.2774095e+00   3.2086686e-02  -5.9443845e-03   1.7984159e-03
  -3.4309558e-02   3.6792219e-01   2.2362928e+00   3.2810516e-02  -5.9315551e-03   1.9397258e-03
  -1.3509086e-02   3.2810231e-01   2.2966001e+00   3.2782280e-02  -6.0572235e-03   2.3497051e-03
   2.0886584e-02   3.3463764e-01   2.2941003e+00   3.3319689e-02  -5.6102214e-03   2.7272559e-03
   1.9770616e-02   3.5342996e-01   2.3110000e+00   3.3000775e-02  -6.2842472e-03   2.9170566e-03
   8.7457848e-02   3.2150690e-01   2.3176432e+00   3.2670890e-02  -5.4574190e-03   3.9005921e-03
   1.3862539e-01   2.9670895e-01   2.2874573e+00   3.2964926e-02  -5.7267448e-03   4.7114581e-03
   1.7722669e-01   3.5593855e-01   2.2919017e+00   3.2795912e-02  -5.4044518e-03   5.2178746e-03
   2.0852019e-01   3.4559027e-01   2.2739322e+00   3.2532496e-02  -6.1432162e-03   5.9455935e-03
   2.2079853e-01   3.7253077e-01   2.2886006e+00   3.3373983e-02  -5.9927184e-03   5.9347988e-03
   2.6713919e-01   3.0037670e-01   2.2461246e+00   3.3309816e-02  -5.1740522e-03   6.8368021e-03
   2.6481311e-01   3.7995157e-01   2.3049680e+00   3.3169529e-02  -5.4494783e-03   6.7936468e-03
   2.5627926e-01   3.1271020e-01   2.2730836e+00   3.2332024e-02  -5.9817962e-03   6.8550910e-03
   3.0497842e-01   1.2504289e-01   1.6449936e+00   3.6248093e-02  -6.4339209e-03   7.4369593e-03
   2.3840636e-01   4.5934089e-01   2.2123378e+00   3.4217165e-02  -6.1800046e-03   6.6876262e-03
   2.6861153e-01   4.0831161e-01   2.3538572e+00   3.3774134e-02  -5.7816757e-03   7.4118984e-03
   2.4643595e-01   3.2719463e-01   2.5921410e+00   3.2950583e-02  -5.6588379e-03   7.0026799e-03
   2.8085211e-01   4.2296637e-01   2.7046118e+00   3.3025387e-02  -6.1615210e-03   7.5777201e-03
   2.3064048e-01   2.1455863e-01   2.7934404e+00   3.0790229e-02  -5.7582972e-03   6.7187432e-03
   2.2218266e-01   2.7498641e-01   2.8570118e+00   3.0115735e-02  -6.7743368e-03   6.4482824e-03
   2.5889088e-01   1.7689886e-01   2.8167894e+00   2.9362415e-02  -6.7696920e-03   7.0106676e-03
   3.0784796e-01   2.7620441e-01   2.7700495e+00   3.0571824e-02  -6.1276186e-03   7.6573793e-03
   3.2234703e-01   2.8953042e-01   2.8114367e+00   2.9775124e-02  -5.6540325e-03   7.7862002e-03
   2.9318406e-01   1.3340969e-01   2.8368222e+00   3.0004486e-02  -5.6356857e-03   7.4387615e-03
   2.9638236e-01   2.2043833e-01   2.8656039e+00   2.9918865e-02  -5.7324151e-03   7.4786262e-03
   4.3210312e-01   2.0306957e-01   2.9025791e+00   2.6770311e-02  -9.1713210e-04   9.4330936e-03
   3.3953501e-01   1.2971416e-01   2.9958071e+00   2.4857874e-02  -1.0842384e-03   7.3928482e-03
   3.0902254e-01   2.0292807e-01   2.9445864e+00   2.7035251e-02  -2.3811988e-03   6.8331278e-03
   2.7410680e-01   2.6629081e-01   2.9861568e+00   2.6893726e-02  -2.2936377e-03   5.3740877e-03
   2.8958502e-01   2.2638616e-01   3.0010714e+00   2.6046526e-02  -2.5929574e-03   5.4356342e-03
   2.7274456e-01   1.3491079e-01   3.0878407e+00   2.6448461e-02  -3.0095952e-03   6.5140155e-03
   2.9320681e-01   1.5827605e-01   3.1090438e+00   2.6056173e-02  -3.1833013e-03   6.5836504e-03
   2.9643201e-01   1.8823530e-01   3.1236291e+00   2.6403246e-02  -3.1338864e-03   6.5682715e-03
   3.1450877e-01   1.5071027e-01   3.1414976e+00   2.6827971e-02  -3.2070483e-03   6.8952039e-03
   3.2404629e-01   1.2993991e-01   3.1304703e+00   2.7151553e-02  -3.2136379e-03   7.1145429e-03
   3.2534595e-01   1.4932334e-01   3.1338003e+00   2.6924458e-02  -3.4506679e-03   7.0978878e-03
   3.2417124e-01   1.2876246e-01   3.1334154e+00   2.7069646e-02  -3.6492168e-03   7.0976906e-03
   3.2714646e-01   1.8612596e-01   3.1400898e+00   2.7848008e-02  -3.4442260e-03   7.1567125e-03
   3.3123511e-01   1.0039215e-01   3.1154708e+00   2.7671118e-02  -3.6300026e-03   7.2972461e-03
   3.3351366e-01   2.4497887e-01   3.1184271e+00   2.7505146e-02  -3.6177090e-03   7.2250737e-03
   3.6140543e-01   1.1662332e-01   3.1266584e+00   2.7845433e-02  -3.6984051e-03   7.4831799e-03
   3.7429904e-01   9.9162442e-02   3.1417930e+00   2.7787906e-02  -3.6452512e-03   7.7069026e-03
   3.7772716e-01   1.4769528e-01   3.1215330e+00   2.7447773e-02  -3.9488434e-03   7.8947801e-03
   3.2430588e-01   1.6546432e-01   3.0813120e+00   2.9175206e-02  -4.1822911e-03   7.2581351e-03
   3.9188457e-01   1.9385644e-01   3.0959897e+00   2.8873385e-02  -4.2702902e-03   8.1470492e-03
   3.8055858e-01   1.3111069e-01   3.0922528e+00   2.8307477e-02  -4.2442157e-03   8.1125084e-03
   3.9272811e-01   1.7937531e-01   3.1141028e+00   2.8398052e-02  -4.2272924e-03   8.1752751e-03
   3.7941301e-01   1.2668864e-01   3.1204634e+00   2.8455618e-02  -4.4681150e-03   8.1134379e-03
   3.6290383e-01   1.3683790e-01   3.0886292e+00   2.8212124e-02  -4.5245455e-03   7.8713305e-03
   3.9610604e-01   1.2711457e-01   3.0879631e+00   2.8517605e-02  -4.3019243e-03   8.1418008e-03
   4.0183851e-01   2.0885082e-01   3.0979828e+00   2.8515967e-02  -4.3210903e-03   8.1853805e-03
   3.9318698e-01   4.7075055e-01   2.9861326e+00   2.7978888e-02  -3.4038135e-03   7.8223947e-03
   4.9511763e-01  -8.7298369e-02   1.7906203e+00   3.5086190e-02  -6.6073233e-03   9.4161854e-03
   3.7720913e-01  -2.0212915e-01  -2.4469054e-01   2.5487841e-02  -3.0512932e-03   8.3983770e-03
   4.0241096e-01   3.3036412e-01   1.6375794e-01   2.1458572e-02  -2.9806950e-03   1.0670213e-02
   3.9187602e-02   1.0911152e+00   2.5065813e+00   2.4498168e-02  -1.6217657e-03   3.3392427e-03
   1.4695303e-01   1.6426620e-01   2.7884495e+00   2.7459285e-02  -1.5266605e-03   4.1468357e-03
   1.8408164e-01   1.9950768e-01   2.9098030e+00   2.7087844e-02  -1.6416805e-03   4.7574785e-03
   2.0949749e-01   1.4340963e-01   2.9717166e+00   2.7230321e-02  -1.6382888e-03   5.0641829e-03
   2.1401611e-01   1.3957132e-01   2.9802905e+00   2.7072705e-02  -1.8963010e-03   5.1720079e-03
   2.1403023e-01   1.6070385e-01   2.9989209e+00   2.7258192e-02  -1.6914852e-03   5.1167435e-03
   2.1294603e-01   2.1646733e-01   2.9786597e+00   2.7117371e-02  -2.0204235e-03   5.2380608e-03
   2.3017104e-01   1.8876563e-01   2.9783990e+00   2.7347116e-02  -1.8225471e-03   5.4431057e-03
   2.4098221e-01   1.8126186e-01   2.9940471e+00   2.7424416e-02  -1.9148595e-03   5.4663726e-03
   2.6066815e-01   1.5154951e-01   2.9904441e+00   2.7261078e-02  -2.1591124e-03   5.8223780e-03
   2.4467689e-01   2.0668573e-01   2.9527984e+00   2.7273089e-02  -2.1623680e-03   5.4532598e-03
   2.2029444e-01   1.9740949e-01   2.9713832e+00   2.7268326e-02  -2.6250041e-03   5.0308374e-03
   2.2711935e-01   2.3562995e-01   2.9980528e+00   2.7612288e-02  -2.7837309e-03   5.0598950e-03
   2.4073052e-01   1.8540942e-01   3.0071457e+00   2.8083181e-02  -2.7581604e-03   5.3376669e-03
   2.4256864e-01   2.2157334e-01   3.0331250e+00   2.8245853e-02  -2.7734604e-03   5.3568644e-03
   2.4634998e-01   1.2520077e-01   3.0335343e+00   2.8348877e-02  -2.8786718e-03   5.3614307e-03
   2.6660004e-01   1.4819342e-01   3.0211809e+00   2.8486035e-02  -2.8518489e-03   5.5768055e-03
   2.6202986e-01   1.5011248e-01   3.0214251e+00   2.8309455e-02  -2.9128556e-03   5.7102306e-03
   2.6948265e-01   2.4678533e-01   3.0232697e+00   2.8916405e-02  -2.8501395e-03   5.9321384e-03
   2.7857623e-01   1.8911026e-01   3.0331110e+00   2.8663812e-02  -2.7831622e-03   5.9554843e-03
   2.9081610e-01   1.8180600e-01   3.0331598e+00   2.8460937e-02  -3.1292028e-03   6.2126313e-03
   3.0845801e-01   1.8270326e-01   3.0183391e+00   2.8795495e-02  -2.9916278e-03   6.4354029e-03
   3.1991018e-01   1.4987320e-01   3.0216133e+00   2.8635312e-02  -2.9770849e-03   6.6047290e-03
   3.5324774e-01   2.4840174e-01   2.5895259e+00   3.1388417e-02  -2.4437856e-03   7.9251878e-03
   5.4253066e-03   1.8278725e-01   3.4532166e+00   2.2096436e-02  -2.6379171e-03   1.5868643e-03
  -2.7414860e-02   7.8768837e-02   3.5924431e+00   1.9811429e-02  -3.9249920e-03   6.0117744e-04
   1.6190567e-02   4.8100025e-02   3.6734774e+00   2.0664048e-02  -3.9414794e-03   1.1733699e-03
   3.7165278e-02   7.4552547e-02   3.6588047e+00   2.0911153e-02  -3.8072044e-03   1.5642024e-03
   6.6888815e-02   5.7797720e-02   3.6824519e+00   2.1262902e-02  -3.5142553e-03   2.0353508e-03
   9.5816043e-02   7.2552048e-02   3.6534162e+00   2.1390500e-02  -3.7992374e-03   2.4966650e-03
   1.2182441e-01   3.2491954e-02   3.6553180e+00   2.1882122e-02  -3.6039124e-03   2.9160871e-03
   1.2148695e-01   8.7239107e-02   3.6669288e+00   2.1748839e-02  -4.1767420e-03   3.0377865e-03
   1.4894762e-01   7.6337308e-02   3.6697275e+00   2.2153754e-02  -3.7738439e-03   3.3680811e-03
   1.7554131e-01   1.1076604e-01   3.6947802e+00   2.1940034e-02  -3.6733915e-03   3.9225438e-03
   1.9523081e-01   5.6325737e-02   3.7070964e+00   2.2417387e-02  -3.8851854e-03   4.3074686e-03
   2.2682147e-01   7.9924987e-02   3.7108503e+00   2.2522764e-02  -3.8473242e-03   4.6142435e-03
   2.7458176e-01   1.0038364e-01   3.6697928e+00   2.3495705e-02  -3.6145312e-03   4.9035552e-03
   3.4952988e-01   4.0384067e-01   3.7135746e+00   2.7424389e-02  -2.4728312e-03   5.3903547e-03
   3.3393958e-01  -8.5170078e-03   3.6547088e+00   2.3516910e-02  -3.6863800e-03   5.9280688e-03
   1.5274406e-01  -5.5325006e-02   3.4711751e+00   2.1771880e-02  -1.3180203e-02   1.0327000e-02
  -5.0379699e-01   1.1605227e-01   3.7321845e+00   2.0625157e-02  -1.5762685e-02  -5.8455049e-03
  -5.3614804e-01   1.4602523e-02   3.6597800e+00   2.0641931e-02  -8.3321880e-03  -6.2589001e-03
  -5.5532266e-01   6.8656993e-02   3.6709015e+00   2.0765795e-02  -1.0905090e-02  -6.0510094e-03
  -5.9437688e-01   4.1256925e-02   3.6837380e+00   2.1071830e-02  -1.2037803e-02  -6.5011152e-03
  -6.0265425e-01   2.5873181e-02   3.7052102e+00   2.1913824e-02  -1.2834391e-02  -6.8056199e-03
  -6.6243253e-01   1.5747822e-02   3.6070247e+00   2.2915208e-02  -1.3821456e-02  -7.7062458e-03
  -7.0177084e-01   5.3579216e-02   3.4561646e+00   2.5632606e-02  -1.3004210e-02  -8.8812112e-03
  -7.3690769e-01   6.7325818e-02   3.5407912e+00   2.4599502e-02  -1.2986433e-02  -9.4873860e-03
  -7.1435927e-01   3.8883004e-02   3.5700842e+00   2.4937595e-02  -1.2945584e-02  -9.4003261e-03
  -7.0298488e-01   4.7763421e-03   3.5154470e+00   2.5293773e-02  -1.2975373e-02  -9.2565186e-03
  -7.1402850e-01   1.0289007e-01   3.5397301e+00   2.4664659e-02  -1.3020807e-02  -9.3699544e-03
  -7.0685865e-01   1.1027385e-01   3.5438032e+00   2.4738311e-02  -1.2849945e-02  -9.3861037e-03
  -7.0363287e-01   9.9547984e-02   3.5639526e+00   2.5066838e-02  -1.2826740e-02  -9.2224444e-03
  -7.2065538e-01   2.2152200e-01   3.5971371e+00   2.5184808e-02  -1.3001084e-02  -9.4434337e-03
  -7.0212035e-01   1.1983748e-01   3.6034536e+00   2.4916831e-02  -1.3043339e-02  -9.2636320e-03
  -6.1473318e-01   7.0231006e-02   3.5082271e+00   2.4312647e-02  -1.1553919e-02  -7.4643589e-03
  -6.1793188e-01   2.0119878e-01   3.6631141e+00   2.3863745e-02  -1.1990410e-02  -7.9862039e-03
  -5.8227744e-01   4.5689926e-02   3.7953444e+00   2.0970395e-02  -1.1865011e-02  -7.2152008e-03
  -5.0858543e-01   9.5176396e-02   3.7112239e+00   2.2059918e-02  -1.0115679e-02  -6.8188939e-03
  -5.4244088e-01   1.6006852e-01   3.6901713e+00   2.3088691e-02  -1.1040993e-02  -7.1419606e-03
  -5.7563992e-01   1.4624237e-01   3.7042310e+00   2.3167984e-02  -9.7912399e-03  -7.7331288e-03
  -5.8731806e-01   1.6462828e-01   3.7011013e+00   2.3500821e-02  -9.5463887e-03  -7.9895678e-03
  -4.9747459e-01   2.7611478e-02   2.7793759e+00   2.4021860e-02  -1.0840504e-02  -5.5544606e-03
  -4.9375903e-01   4.0367758e-01   1.9414737e+00   2.0199863e-02  -1.3217970e-02  -2.9047287e-03
  -3.0915007e-01   3.7088674e-01   2.9951151e+00   2.5715677e-02  -8.7325480e-03  -4.3169845e-03
  -3.9998504e-01   2.2299312e-01   2.8665071e+00   2.8468677e-02  -1.0344493e-02  -5.3163328e-03
  -4.2476736e-01   2.8211269e-01   2.9489624e+00   2.8685745e-02  -9.9298572e-03  -6.4714388e-03
  -4.0345022e-01   2.4982714e-01   3.1277961e+00   2.7630941e-02  -9.0165262e-03  -6.4585638e-03
  -3.8241423e-01   2.0895188e-01   3.2536860e+00   2.6398025e-02  -9.0123208e-03  -6.3871798e-03
  -3.0286217e-01   1.6392261e-01   3.2545720e+00   2.6554556e-02  -8.7363044e-03  -5.0866807e-03
  -2.9536824e-01   2.0599109e-01   3.2716519e+00   2.6820431e-02  -9.2100842e-03  -5.0291130e-03
  -2.4464027e-01   1.6444129e-01   3.2677297e+00   2.6827071e-02  -8.7127261e-03  -4.3592017e-03
  -2.3440922e-01   2.2785918e-01   3.2967339e+00   2.6673937e-02  -8.4675066e-03  -4.4062502e-03
  -2.1287980e-01   2.1102202e-01   3.2816051e+00   2.7658422e-02  -8.6149636e-03  -4.2987544e-03
  -1.3746150e-01   5.4122368e-02   3.4772352e+00   2.3530768e-02  -9.1356751e-03  -2.2897687e-03
  -1.4437087e-01   4.7225033e-02   3.6644326e+00   1.9421267e-02  -9.5470207e-03  -1.3401993e-03
   9.3896272e-02   5.7390208e-02   3.8058602e+00   1.8957839e-02  -7.5497819e-03   2.1760558e-03
  -3.0407666e-02   7.3791396e-02   3.8648302e+00   1.8975381e-02  -8.7010722e-03  -1.3138349e-05
  -1.8152557e-02   5.5021741e-03   3.8149696e+00   1.9756562e-02  -8.4297220e-03  -6.4760964e-05
  -3.0303619e-02   7.8912802e-02   3.7885582e+00   1.9385824e-02  -8.4705708e-03  -4.5783063e-04
   2.4897527e-03   2.9704856e-02   3.8178277e+00   1.9767057e-02  -7.8703531e-03  -9.2793406e-05
   2.4898574e-02  -2.3853272e-02   3.8107179e+00   2.0047941e-02  -7.5792647e-03   3.0785682e-04
   1.9260315e-02  -3.1360229e-02   3.8208073e+00   1.9838381e-02  -7.8699363e-03   1.6431705e-04
   4.6917011e-03   2.1320159e-02   3.8112199e+00   1.9737373e-02  -7.5202805e-03  -2.3849853e-04
   1.1666010e-02   4.5166850e-02   3.8085474e+00   1.9276445e-02  -7.4992504e-03  -3.5178480e-05
   2.4961861e-02   7.2753971e-03   3.8102209e+00   1.9567228e-02  -7.5870061e-03   1.3213553e-04
   3.6609730e-03  -2.5839170e-02   3.8259730e+00   1.9935140e-02  -7.3763415e-03  -5.9436000e-05
   1.2318143e-02   2.3467904e-02   3.8380504e+00   1.9728698e-02  -7.3285557e-03  -5.4997405e-05
   9.1739042e-03   3.1357302e-02   3.8287405e+00   1.9590207e-02  -7.3508641e-03  -2.0943927e-04
   1.1227740e+00  -1.7410058e-02   4.1055011e+00   1.6706489e-02   2.6451599e-03   1.5275548e-02
   6.9926640e-01   1.6346398e-02   4.0803492e+00   1.6578864e-02   1.7872232e-03   1.6150218e-02
   1.4468584e-01  -3.2816175e-02   4.1383183e+00   1.7993756e-02  -3.4897008e-03   3.0692005e-03
   1.9544548e-01   3.7058688e-02   4.0999462e+00   1.7391990e-02  -3.5075366e-03   4.1018306e-03
   2.2916955e-01  -2.6319205e-02   4.0683173e+00   1.7992394e-02  -2.9804333e-03   4.6004564e-03
   2.3899864e-01   6.4910711e-02   4.0240009e+00   1.8142770e-02  -3.4861078e-03   4.2209637e-03
   2.3006625e-01   4.9899353e-02   4.0344017e+00   1.8871647e-02  -3.1409951e-03   3.4579881e-03
   2.3510666e-01   2.8247331e-02   4.0438775e+00   1.8648663e-02  -2.9016522e-03   3.5323913e-03
   2.3827136e-01  -7.0589721e-04   4.0569175e+00   1.8673013e-02  -2.7661505e-03   3.5687605e-03
   2.5249494e-01   3.2185218e-02   3.9762871e+00   1.8335130e-02  -3.0752055e-03   3.8872572e-03
   3.3298740e-01  -2.0700495e-02   3.7854313e+00   2.0973421e-02  -3.0530863e-03   6.3450715e-03
   2.6973881e-01   1.2096830e-01   3.9480760e+00   1.9726318e-02  -2.9877419e-03   4.8077027e-03
   2.8940629e-01   3.6561811e-02   3.9659823e+00   1.9648897e-02  -3.4328259e-03   5.1870918e-03
   3.0441688e-01  -1.7841331e-02   3.9603422e+00   1.9851081e-02  -3.7780546e-03   5.2817401e-03
   2.9108885e-01   1.0029012e-01   3.9450762e+00   1.9624869e-02  -3.2173105e-03   5.1780991e-03
   3.1034392e-01   5.2537837e-02   3.9374263e+00   1.9491437e-02  -3.1492628e-03   5.5035831e-03
   3.2838166e-01   1.1885083e-02   3.9564411e+00   2.0162862e-02  -3.2358324e-03   5.5989606e-03
   3.1837042e-01   3.1503343e-02   3.9645690e+00   2.0461308e-02  -3.0468657e-03   5.4172650e-03
   3.0765482e-01   3.5756156e-02   3.9667897e+00   1.9929902e-02  -3.1165244e-03   5.3299856e-03
   3.2391965e-01  -1.8706129e-03   3.9568441e+00   1.9995522e-02  -3.2417364e-03   5.6370169e-03
   3.1169932e-01   4.2307845e-03   3.9661158e+00   2.0083378e-02  -3.2290915e-03   5.5222267e-03
   3.1365964e-01   2.8180869e-02   3.9689796e+00   2.0383386e-02  -3.0371763e-03   5.4802798e-03
   2.9939690e-01   1.9875594e-01   3.8941238e+00   2.2799283e-02  -2.2743660e-03   5.1582642e-03
   1.1056475e-01   1.2876889e-01   3.6123088e+00   2.7841484e-02  -3.1434946e-03   2.9630509e-03
   1.2145942e-01  -2.7620626e-01   3.8529223e+00   2.0812695e-02  -4.4320443e-03   2.1170034e-03
   1.2930063e-01  -1.3106451e-02   3.8117697e+00   2.2400856e-02  -5.0909269e-03   2.5811535e-03
   5.5397516e-02   1.0045353e-02   3.9779609e+00   1.9774380e-02  -5.8309486e-03   1.2322289e-03
   7.2405604e-02   1.1566077e-01   4.0547121e+00   2.1106513e-02  -5.1170668e-03   1.1848097e-03
   9.5856177e-02  -7.0734049e-02   4.1278795e+00   2.1554248e-02  -4.7611775e-03   1.5265659e-03
   8.6354237e-02  -2.5001262e-02   4.1282924e+00   2.1224284e-02  -4.6536110e-03   1.3280991e-03
   9.2756148e-02  -7.8218625e-02   4.0840044e+00   2.0813575e-02  -4.6674924e-03   1.4623382e-03
   1.0369924e-01  -6.7120171e-02   4.0696417e+00   2.0961396e-02  -4.4850927e-03   1.6847690e-03
   9.6282562e-02  -1.0241605e-02   4.0368721e+00   2.0465315e-02  -4.7897076e-03   1.6050089e-03
   8.6546712e-02  -2.1810086e-02   4.0083846e+00   2.0833360e-02  -4.8038247e-03   1.4153926e-03
   9.7913085e-02  -1.4557155e-02   3.9654299e+00   2.1197012e-02  -4.7850855e-03   1.5944369e-03
   1.1515036e-01  -1.4922845e-02   3.9349805e+00   2.1352868e-02  -4.7450275e-03   1.8651849e-03
   1.1319962e-01   7.8993095e-02   3.9306168e+00   2.1275968e-02  -4.6154248e-03   1.6702614e-03
   1.3008191e-01   4.7361205e-02   3.9294611e+00   2.1578315e-02  -4.6947369e-03   1.8274439e-03
