   0.0000000e+00   0.0000000e+00   0.0000000e+00   0.0000000e+00   0.0000000e+00   0.0000000e+00
   6.4794696e-03   3.4557870e-02   3.6643094e-02   8.8254542e-04  -4.8073769e-04   1.2331595e-04
  -6.9370596e-02   1.6382557e-01  -1.4500202e-01   4.5451083e-03   5.5665187e-04   9.5142503e-04
  -9.4309794e-02   5.9836171e-02   1.1784157e-01  -1.2267929e-03  -1.8164875e-03   1.1548625e-03
  -6.2635881e-02  -7.7853499e-02   1.2967569e-01  -3.8202950e-03  -2.7130536e-03   1.6893819e-03
  -6.8465159e-02   2.0138681e-02   2.3743333e-01  -3.4957283e-03  -2.6519273e-03   1.9795296e-03
  -7.2713861e-02   2.7048680e-02   4.6409640e-01  -6.6147565e-03  -2.9966076e-03   1.7204953e-03
  -7.0371408e-02  -7.8502842e-03   4.6306349e-01  -6.0223635e-03  -2.9042747e-03   1.7660053e-03
  -7.6103671e-02  -5.4233667e-03   5.0755559e-01  -6.4420330e-03  -3.0172582e-03   1.6979868e-03
  -4.5318843e-02  -7.3563827e-02   5.8864557e-01  -6.9115832e-03  -3.1908173e-03   2.0441058e-03
  -6.6917133e-02  -7.5507935e-02   5.7649561e-01  -7.4403598e-03  -3.3634310e-03   1.7020092e-03
  -7.7943349e-02  -7.6849923e-03   5.5271399e-01  -7.6688140e-03  -3.1164682e-03   1.0841292e-03
  -6.7473267e-02  -7.0159388e-02   6.0316768e-01  -8.4880356e-03  -3.2976442e-03   1.2856525e-03
  -6.7756065e-02  -6.8642966e-02   6.8652082e-01  -8.9277423e-03  -3.6604528e-03   1.2963270e-03
  -5.6450849e-02  -3.1135865e-02   6.8409358e-01  -8.8812128e-03  -3.4931106e-03   1.4266566e-03
  -4.1660475e-02   4.3877173e-02   7.8508575e-01  -7.5943562e-03  -3.3340641e-03   3.3570010e-03
  -9.8391999e-02  -1.1984251e-01   5.3296343e-01  -8.0881473e-03  -1.0038231e-03   3.5905276e-03
   2.3129603e-02  -1.0493030e-01   3.9914130e-01  -3.9145862e-03  -1.9143782e-03   3.3031700e-03
   1.0096982e-02   2.8223294e-02   5.3880563e-01  -2.5992967e-03  -1.6851276e-03   3.1930755e-03
   1.4979272e-02   8.9878671e-02   5.8760782e-01  -3.4097896e-03  -1.9240434e-03   2.8435628e-03
   1.0644643e-02   1.9211122e-02   6.2082726e-01  -4.7211904e-03  -1.7308497e-03   2.7327443e-03
   4.8678890e-03  -3.0618279e-02   5.3878151e-01  -4.2645095e-03  -1.4628547e-03   2.7768799e-03
  -2.9750979e-02   7.1781862e-02   3.5652402e-01  -3.4164280e-04  -5.0380764e-04   1.8862450e-03
   1.3162434e-02   3.6041350e-02   6.1537660e-01   2.8292398e-04  -8.4302506e-04   3.0855633e-03
   6.5368398e-02  -8.1560908e-02   9.1116566e-03  -1.4071971e-03  -8.6515633e-04   2.3019698e-03
   3.8083272e-01  -3.0884840e-01  -8.0932144e-01   4.7861185e-03  -5.4273302e-03  -2.7705077e-03
   3.2634872e-01   3.2882679e-01  -1.6441288e-01   6.2360088e-03  -4.3117743e-03  -7.0595974e-04
   2.7564294e-01   4.1498177e-01   4.7342330e-01   6.4287159e-03  -5.2951629e-03   3.6909409e-03
   2.4579952e-01   1.4095393e-01  -1.8237114e-01   1.6490565e-02  -4.7981655e-03   1.7621819e-03
   2.9548309e-01  -5.3010746e-01  -1.3724971e+00   4.1692028e-02  -3.4982499e-03   1.3903403e-03
   1.8121312e-01   4.0366183e-01  -6.9873806e-01   2.6679912e-02  -5.5620905e-03   1.5977103e-04
   1.7896996e-01   1.0925909e-01  -2.8083979e-01   2.0204254e-02  -5.1574561e-03   1.4111391e-03
   1.8461344e-01   2.4805842e-01  -5.1276003e-02   1.7329888e-02  -5.3094226e-03   1.4845533e-03
   1.1146314e-01   2.3408246e-01   2.7315133e-01   1.2374688e-02  -4.4257923e-03   2.1336502e-03
   1.9881508e-02   1.4299471e-01   6.8379863e-01   5.7783901e-03  -4.5358490e-03   6.8343660e-04
  -1.2917798e-02   4.3830755e-02   8.0842447e-01   6.2645556e-03  -4.1130141e-03   2.4658481e-04
  -2.1920643e-02   5.7830793e-02   7.5314960e-01   7.6932008e-03  -3.9659141e-03   3.0401704e-04
  -3.1414298e-02   1.1047496e-01   6.9896254e-01   8.2431550e-03  -3.9674108e-03   9.4912342e-06
  -3.8829591e-02   1.0701044e-01   7.6775717e-01   7.3339854e-03  -4.3126762e-03  -1.2198532e-04
  -2.4647780e-02   5.2206307e-02   7.5440965e-01   8.1700499e-03  -4.1560172e-03   1.4862754e-04
  -1.9270241e-02   2.0551045e-01   7.8334819e-01   7.9839511e-03  -4.1018588e-03  -1.6209584e-05
  -1.3046257e-02   1.0990461e-01   8.7641897e-01   8.1437391e-03  -4.6868149e-03   5.5298188e-04
  -3.1796529e-02   1.2847422e-01   9.0049265e-01   6.0462094e-03  -4.1967961e-03   2.2607000e-04
  -3.3288542e-02   7.9158058e-02   6.9999410e-01   1.1495715e-02  -3.5875075e-03   6.2341198e-05
  -1.4404577e-02   3.0644417e-01   7.9648373e-01   1.0901955e-02  -3.8967119e-03   7.0124761e-04
  -2.3677104e-02   1.8723271e-01   7.8505534e-01   1.0353221e-02  -3.5708743e-03   5.3044279e-04
  -4.6176852e-03   9.8762439e-02   9.3195503e-01   9.2246967e-03  -3.9476156e-03   7.0460730e-04
  -9.8200005e-04   1.9771059e-01   8.8958401e-01   9.1394834e-03  -4.0083616e-03   6.5064551e-04
   1.2751514e-02   1.4168509e-01   8.6225131e-01   9.0591392e-03  -3.9957104e-03   6.6503819e-04
   1.0856769e-02   1.2636516e-01   9.0833591e-01   8.6015661e-03  -4.0472185e-03   6.6878696e-04
   5.5062897e-02   1.6589663e-01   9.1834392e-01   9.2750208e-03  -4.5536182e-03   1.8530150e-03
   7.7948240e-02   8.6723339e-02   7.7025989e-01   1.1814768e-02  -4.1636888e-03   2.2750812e-03
   1.1711413e-01   1.7245867e-01   7.2999161e-01   1.2737891e-02  -3.0897677e-03   2.1579313e-03
   8.1284266e-02   2.0618108e-02   2.9450183e-01   1.5756746e-02  -4.3034561e-03   1.3709760e-03
   9.2165007e-02   3.2798106e-01   3.4840007e-01   1.6555722e-02  -4.2086515e-03   1.4287654e-03
   5.1022847e-03   3.0449930e-01   4.1395176e-01   1.5669965e-02  -3.4789002e-03   5.2495637e-04
   1.9412837e-02   1.6215059e-01   3.5417487e-01   1.6359018e-02  -3.9197714e-03   5.1888977e-04
  -7.3180248e-03   3.8865647e-01   3.4571587e-01   1.6101597e-02  -3.0584252e-03  -4.3778158e-04
   2.3902722e-02   2.8553748e-01   4.1870409e-01   1.4765119e-02  -3.7045668e-03  -1.4909770e-04
   4.4425194e-02   2.4287338e-01   4.4828300e-01   1.4855497e-02  -3.7647191e-03   1.7307171e-04
   5.2073738e-02   3.5621347e-01   4.3015815e-01   1.4647392e-02  -3.5417702e-03  -2.1535435e-04
   5.9866030e-02   2.4210437e-01   4.6579758e-01   1.5063883e-02  -4.0072530e-03   6.6544896e-05
   4.2688989e-02   3.3746561e-01   4.8452269e-01   1.4309716e-02  -3.9541605e-03  -1.9985875e-04
   6.9055678e-02   2.5711041e-01   5.2755407e-01   1.3794710e-02  -4.5278819e-03   1.4902843e-04
   8.1555526e-02   2.2080700e-01   5.2284978e-01   1.3869175e-02  -4.4574749e-03   3.1889098e-04
   8.0217689e-02   2.6121523e-01   5.1402694e-01   1.3400019e-02  -3.9992172e-03   4.8219561e-04
   9.0050814e-02   2.6691827e-01   5.5782344e-01   1.3427990e-02  -4.3485056e-03   6.3059842e-04
   1.2735964e-01   2.2694919e-01   5.5711538e-01   1.3799041e-02  -4.4939951e-03   1.1691611e-03
   2.0199063e-01  -3.6225290e-01   3.6680834e-01   1.5234179e-02  -3.4555122e-03   1.5186666e-03
   1.7700725e-01  -2.0318214e-01   8.6983088e-01   3.2934653e-03  -2.9038658e-03   1.0298175e-03
   4.2527058e-01   6.1268320e-01   1.2068386e+00   4.3661071e-03  -3.8588263e-03   9.5791661e-03
   4.2476288e-01   7.2932584e-01   1.1024142e+00   5.5182267e-03  -4.9733438e-03   8.2347475e-03
   3.1771614e-01   8.1517950e-02   1.0255357e+00   6.1884000e-03  -6.2974538e-03   6.5389684e-03
   2.9757615e-01   1.3615450e-01   1.1390915e+00   4.7712002e-03  -5.8544000e-03   5.9534290e-03
   2.7012612e-01   7.6538194e-02   1.2082670e+00   5.6761416e-03  -6.0620900e-03   5.9430278e-03
   2.5661855e-01   1.3501137e-01   1.2559838e+00   4.1102551e-03  -5.9635513e-03   5.5853321e-03
   2.5997115e-01   1.7431130e-01   1.0716152e+00   5.0293018e-03  -5.4099678e-03   6.0047553e-03
   2.7410560e-01  -2.0277143e-01   4.0299292e-01   3.2242209e-03  -3.4093174e-03   6.5003749e-03
   2.9201787e-01   2.3340919e-01   8.5406712e-01   3.3447620e-03  -4.8187967e-03   5.8832606e-03
   4.1662505e-01  -4.3562424e-02   2.2112211e-01   2.5039626e-03  -5.5120952e-03   4.3525101e-03
   3.5504466e-01   4.1990501e-01   9.8161098e-01   4.2549455e-03  -3.1807801e-03   6.9768367e-03
   2.9085457e-01   1.0962162e-01   5.9584590e-01   7.2467510e-03  -3.0824944e-03   6.4400882e-03
   4.1152929e-01  -1.7686814e-01  -1.8809814e-02   1.4808331e-02  -5.5569817e-03   3.6615285e-03
   3.3626374e-01   4.7770103e-01   6.9173797e-01   1.4513840e-02  -4.7238559e-03   5.3888561e-03
   2.2401853e-01   4.5411598e-01   8.4951500e-01   1.5576391e-02  -3.6144783e-03   4.9038940e-03
   1.9220172e-01   3.1368917e-01   1.0356180e+00   1.3594388e-02  -3.3985240e-03   4.6501822e-03
   1.9416572e-01   2.3586678e-01   1.1976578e+00   1.2876081e-02  -3.7931056e-03   4.7310996e-03
   1.7274632e-01   3.2193583e-01   1.1353284e+00   1.2885321e-02  -3.8481472e-03   4.6845941e-03
   1.9450476e-01   2.3524002e-01   1.1052270e+00   1.3350412e-02  -3.4806499e-03   4.8181918e-03
   1.8646894e-01   1.6445477e-01   1.2605402e+00   1.2310548e-02  -3.8523063e-03   4.7411832e-03
   1.6854197e-01   2.4367514e-01   1.2169859e+00   1.2951273e-02  -4.0306961e-03   4.4166839e-03
   1.6943372e-01   2.7685359e-01   1.2493542e+00   1.2494223e-02  -3.5923539e-03   4.3560606e-03
   1.8916122e-01   2.0922157e-01   1.3722079e+00   1.2417886e-02  -3.7071249e-03   4.9558161e-03
   1.5059307e-01   2.8030490e-01   1.2066156e+00   1.4269566e-02  -3.5923134e-03   4.5593416e-03
   1.6066254e-01   2.1814576e-01   1.2667356e+00   1.3544237e-02  -3.7881622e-03   4.6842249e-03
   1.5188782e-01   1.9284073e-01   1.2005009e+00   1.4086764e-02  -3.7276755e-03   4.6068074e-03
   1.5410710e-01   2.7067019e-01   1.1970007e+00   1.4222972e-02  -3.7097446e-03   4.4901397e-03
   1.7162984e-01   2.0480120e-01   1.2757084e+00   1.3729455e-02  -3.2958902e-03   4.6725624e-03
   1.2795346e-01   2.4413126e-01   1.1657830e+00   1.4774717e-02  -3.0082153e-03   4.0753923e-03
   1.4455477e-01   2.4950421e-01   1.1498763e+00   1.4892421e-02  -2.9369565e-03   4.2270250e-03
   1.6414932e-01   2.0282193e-01   1.2764537e+00   1.4325495e-02  -3.2261527e-03   4.6862630e-03
   1.6137355e-01   3.0788400e-01   1.2642795e+00   1.4343729e-02  -3.1481011e-03   4.4956208e-03
   1.7726369e-01   2.3707052e-01   1.3646381e+00   1.4431732e-02  -2.5657698e-03   5.1814001e-03
   2.8793136e-01   1.6949176e-01   1.2151818e+00   1.1831811e-02  -2.9011316e-03   7.8008294e-03
   1.9115384e-01   2.8274508e-01   9.4120016e-01   1.6244256e-02  -1.7016668e-03   6.3055528e-03
   1.7715315e-01   3.6224995e-01   8.3581298e-01   2.3597795e-02  -2.8508981e-03   3.8383206e-03
   9.9938785e-02   2.3738639e-01   1.2568368e+00   1.2241149e-02  -3.1409280e-03   4.9923739e-03
   1.1158306e-01  -2.3515308e-02   1.7611986e+00   7.6968352e-03  -3.2780923e-03   5.5215608e-03
   1.0314960e-01   2.3189135e-01   1.7719910e+00   8.0928264e-03  -3.2405298e-03   5.2331706e-03
   8.9307836e-02   1.1283996e-01   1.8453435e+00   7.1795469e-03  -3.1549192e-03   5.1334247e-03
   7.9262339e-02   8.3312243e-02   1.9005069e+00   6.4967878e-03  -3.0262369e-03   5.0464568e-03
   1.0029081e-01   1.3765555e-01   1.9125833e+00   7.1350929e-03  -2.4818688e-03   5.1633098e-03
   1.0198359e-01   1.4228857e-01   1.8862886e+00   6.3964418e-03  -2.1960609e-03   5.0153576e-03
   8.9840921e-02   1.1684573e-01   1.8464162e+00   7.6924189e-03  -2.4946352e-03   4.7999276e-03
   7.5355762e-02   1.5738528e-01   1.5927075e+00   1.0092573e-02  -2.4381258e-03   4.4586687e-03
   5.2747727e-02   1.4886244e-01   1.4555307e+00   1.0702567e-02  -1.7526381e-03   4.1833266e-03
   3.0110342e-02   1.8040147e-01   1.5310170e+00   9.0496711e-03  -1.9534921e-03   3.5956515e-03
   6.8579075e-02   1.7708119e-01   1.5168527e+00   1.0002661e-02  -2.2673136e-03   4.3992157e-03
   5.3951001e-02   2.4657398e-01   1.5120777e+00   9.3785747e-03  -1.7668927e-03   4.0193651e-03
   6.9745725e-02   1.8003947e-01   1.5692007e+00   9.5324417e-03  -1.9784093e-03   4.2951217e-03
   6.9025100e-02   1.7352291e-01   1.5680461e+00   8.9021078e-03  -1.9156150e-03   4.2251841e-03
   3.9071308e-02   2.5400362e-01   1.5025471e+00   1.0068547e-02  -1.2069168e-03   4.1528815e-03
   2.0123509e-02   1.5844322e-01   1.5370836e+00   9.5566532e-03  -1.5296071e-03   4.0181169e-03
  -1.9404872e-03   2.4640223e-01   1.5233908e+00   9.4261427e-03  -1.5800810e-03   3.7034664e-03
   7.5478439e-03   1.9488373e-01   1.5861717e+00   9.0473565e-03  -1.6407257e-03   3.7166901e-03
   2.6569458e-02   1.9244133e-01   1.6231707e+00   9.3304996e-03  -1.9758008e-03   4.2906197e-03
   1.7433541e-02   2.3360141e-01   1.5753583e+00   9.2770340e-03  -1.7411366e-03   3.7508972e-03
   3.9058563e-02   1.7859229e-01   1.6429737e+00   8.9841035e-03  -1.8716545e-03   4.1560532e-03
   1.2987787e-02   1.8186249e-01   1.4404001e+00   1.2070391e-02  -2.1003234e-03   3.9208535e-03
   2.0839309e-02   5.1651183e-01   1.3648847e+00   1.4384649e-02  -8.8897802e-04   3.8436184e-03
   1.0862968e-01   6.3596672e-02   1.3405669e+00   1.2521942e-02  -4.0547948e-03   4.3487638e-03
   5.5470752e-02   1.6268452e-01   1.2081301e+00   1.4104158e-02  -3.5619892e-03   3.5352347e-03
   5.0307860e-02   2.1939376e-01   1.1535139e+00   1.5197749e-02  -2.9336425e-03   3.6342627e-03
   4.9966798e-02   3.3811402e-01   1.2110062e+00   1.5190939e-02  -2.5677909e-03   3.3910010e-03
   5.7033537e-02   3.0541619e-01   1.1830849e+00   1.6407086e-02  -2.8537537e-03   3.5092981e-03
   4.1962869e-02   3.6499647e-01   1.5719486e+00   1.4576532e-02  -4.2506554e-04   3.9043304e-03
   9.3476758e-02   1.1545106e-01   1.2669857e+00   1.4566307e-02  -3.5380305e-05   2.9346658e-03
   9.7633211e-02   2.5865996e-01   1.3457325e+00   1.3375569e-02  -5.4530667e-04   2.9535843e-03
   8.5848897e-02   3.0284866e-01   1.2142456e+00   1.4776921e-02  -2.0558666e-04   2.6705698e-03
   8.0045315e-02   2.2013520e-01   1.2059430e+00   1.4786078e-02  -7.1202534e-05   2.5884963e-03
   7.9840335e-02   2.8742769e-01   1.0446320e+00   1.5912884e-02   1.2513744e-05   2.5501755e-03
   7.8175589e-02   3.3875764e-01   9.6308506e-01   1.6548618e-02   3.6321420e-04   2.2817217e-03
   8.4754576e-02   2.5749409e-01   1.0415064e+00   1.6308451e-02  -3.8241878e-07   2.5431283e-03
   8.8213440e-02   3.1522031e-01   9.8077176e-01   1.6906284e-02   3.5794066e-04   2.4781717e-03
   1.0873242e-01   3.5015076e-01   8.5030901e-01   1.8041926e-02   1.5951671e-04   2.8812656e-03
   9.4404718e-02   2.9983248e-01   9.5474917e-01   1.7414354e-02   8.3816716e-05   2.6934251e-03
   1.6618161e-01   2.1101016e-01   4.6461759e-01   1.7185268e-02   9.4518883e-04   2.4661105e-03
   2.1808538e-01   1.4811544e-01  -2.2854423e-02   1.6665511e-02   2.1319578e-03   1.8571776e-04
   3.1142103e-01   3.7413353e-01   1.6204065e-01   1.6869897e-02   3.2419431e-03   1.9667588e-03
   3.1661377e-01   3.3560035e-01   2.1841518e-01   1.8231522e-02   1.5939368e-03   2.4139942e-03
   2.5608472e-01   4.2198192e-01   1.6694628e-01   1.9520033e-02   1.5061143e-03   2.0114244e-03
   2.4370957e-01   3.4556006e-01   3.8011582e-01   1.9300915e-02   1.0827471e-03   2.2376478e-03
   2.1096812e-01   3.9875847e-01   2.3559836e-01   2.0165483e-02   1.5286604e-03   1.7873594e-03
   2.2731309e-01   3.6747655e-01   2.1090434e-01   2.1480312e-02   1.3350530e-03   2.5185804e-03
   2.7900331e-01   3.3755851e-01   2.7292263e-02   2.1858192e-02   2.2351577e-03   2.2237905e-03
   2.5548052e-01   3.8653680e-01   5.0940853e-02   2.1136346e-02   1.4696732e-03   2.3081898e-03
   2.5147224e-01   3.6814235e-01   1.6193177e-01   2.0463425e-02   1.0742708e-03   2.5813633e-03
   2.6071678e-01   3.9545257e-01   1.0780104e-01   2.1216364e-02   1.2847313e-03   2.4878346e-03
   2.5234723e-01   4.0339929e-01   1.0350900e-01   2.0879934e-02   1.1703095e-03   2.5215200e-03
   3.2000512e-01   2.8721880e-01   8.9213906e-03   2.1208608e-02   1.4370337e-03   2.4454691e-03
   3.3803166e-01   4.6002046e-01   1.3313306e-01   2.1628415e-02   8.0760729e-04   2.8103821e-03
   3.1747605e-01   4.0540565e-01   5.6536020e-02   2.1366002e-02   1.1497033e-03   2.4058619e-03
   3.0488195e-01   3.4870881e-01   1.1866015e-01   2.0875180e-02   4.2964457e-04   2.4474113e-03
   3.3604660e-01   3.4534329e-01   1.8996974e-01   2.0802223e-02   6.8918192e-04   2.6164900e-03
   3.3292096e-01   4.3009529e-01   2.5427740e-01   2.0682856e-02   1.1755407e-03   2.7182362e-03
   3.0165786e-01   3.5900743e-01   4.0469020e-01   2.0874258e-02   6.2827174e-04   2.7415690e-03
   3.0819541e-01   3.9966064e-01   2.6049604e-01   2.0632183e-02   1.1066596e-03   2.6344402e-03
   3.0893069e-01   3.7560938e-01   3.0680572e-01   2.0818295e-02   9.5229481e-04   2.5083032e-03
   2.9921962e-01   3.9004682e-01   3.9155180e-01   2.1499590e-02   8.0340470e-04   2.7161038e-03
   3.4027582e-01   3.0582254e-01  -7.5037264e-02   2.0560714e-02   2.2569732e-03   3.1993004e-03
   3.1304489e-01   3.9804491e-01   6.6171696e-02   2.0634558e-02   1.1978608e-03   3.1975991e-03
   3.3050062e-01   4.0534027e-01   1.3390540e-01   2.0301677e-02   6.0734041e-04   3.1392418e-03
   3.3959064e-01   4.1191861e-01   1.5306908e-01   2.0465536e-02   5.0415270e-04   3.3445658e-03
   3.4096316e-01   3.8823336e-01   8.4279401e-02   2.2601660e-02   6.1385756e-04   3.8475479e-03
   2.4844345e-01   6.1037361e-01  -4.2863729e-01   2.4995815e-02   1.6595056e-03   3.6189467e-03
   3.5300791e-01   2.2675394e-01  -2.2432320e-01   1.6909716e-02  -3.0029202e-03   4.9714652e-03
   3.3866408e-01   4.3893734e-01   6.5320007e-02   1.7880878e-02  -2.9514924e-03   5.6139525e-03
   3.5319194e-01   4.5396266e-01   2.2011575e-01   1.8444875e-02  -2.6983335e-03   5.8096023e-03
   3.4070987e-01   4.5072267e-01   3.7135747e-01   1.8454969e-02  -2.4962937e-03   6.1268219e-03
   3.3231141e-01   3.4446684e-01   3.4649349e-01   1.8165693e-02  -2.1401002e-03   5.8707333e-03
   3.2331561e-01   3.4819434e-01   3.4671921e-01   1.8138418e-02  -2.1151595e-03   5.8271538e-03
   3.1492759e-01   3.0551973e-01   2.1570757e-01   1.7461954e-02  -1.6663311e-03   6.0317430e-03
   3.2376777e-01   4.0866323e-01   3.3885629e-01   1.6791606e-02  -7.0137136e-04   7.1785219e-03
   4.2283360e-01   2.7562426e-01  -2.2258716e-01   1.5972256e-02  -3.6915950e-04   6.3119662e-03
   3.9065272e-01   4.5012181e-01  -9.3647402e-04   1.7931976e-02  -2.7645665e-04   3.4614943e-03
   3.3809535e-01   5.6024468e-01   4.2894164e-01   1.8125819e-02  -2.3129005e-03   4.3126352e-03
   3.3380303e-01   4.9781426e-01   4.5079824e-01   1.8557792e-02  -2.1440431e-03   4.7619801e-03
   3.3338248e-01   3.4162890e-01   5.6498343e-01   1.8393643e-02  -2.6455012e-03   4.7814248e-03
   3.3312877e-01   4.7542845e-01   4.6072324e-01   1.8507822e-02  -2.3184953e-03   4.8213407e-03
   3.2498402e-01   3.7974396e-01   5.7110996e-01   1.8595569e-02  -2.4747861e-03   4.6872187e-03
   2.7976339e-01   4.7946384e-01   4.7025445e-01   1.8860776e-02  -2.0473062e-03   4.3534785e-03
   2.8961747e-01   4.7503216e-01   4.2114423e-01   2.0117984e-02  -2.0868517e-03   4.4038115e-03
   3.0141135e-01   4.5399570e-01   3.8471396e-01   2.0282424e-02  -1.8870958e-03   4.3938144e-03
   2.9972877e-01   4.9804510e-01   4.7018851e-01   1.9114762e-02  -2.1103473e-03   4.1724192e-03
   3.1217701e-01   4.0000489e-01   5.3108782e-01   1.8817572e-02  -2.3318594e-03   4.2761381e-03
   2.9874521e-01   4.5533561e-01   4.9986506e-01   1.9103565e-02  -2.1918561e-03   4.0411277e-03
   2.9240571e-01   3.9367493e-01   4.9750087e-01   1.8970322e-02  -2.1764341e-03   4.0227229e-03
   3.1939799e-01   3.9796918e-01   5.5039318e-01   1.8855902e-02  -2.2864968e-03   4.3607395e-03
   3.0793549e-01   4.2777836e-01   5.4956341e-01   1.8696200e-02  -2.1815060e-03   4.2415458e-03
   3.2347535e-01   3.9060272e-01   5.7156667e-01   1.9043846e-02  -2.2445267e-03   4.4478224e-03
   3.4445051e-01   2.9263130e-01   2.5438302e-01   1.8813585e-02  -2.0867168e-03   3.4424127e-03
   2.9543361e-01   4.6177819e-01   3.3152527e-01   1.8545885e-02  -2.3852178e-03   3.2688746e-03
   3.0132747e-01   5.1737446e-01   6.5278470e-01   1.9030039e-02  -3.0494160e-03   4.1461597e-03
   3.1458179e-01   4.0926554e-01   8.0965791e-01   1.9698526e-02  -3.4802646e-03   5.3041588e-03
   2.5102287e-01   6.9365416e-01   1.3383119e+00   1.8431780e-02   6.9359813e-04   6.3683126e-03
   2.9242079e-01   2.3585853e-01   1.3223827e+00   1.7750838e-02   6.2648419e-04   7.8194863e-03
   2.8912624e-01   4.3078014e-01   1.3187480e+00   1.7564774e-02  -1.7664045e-04   7.4896752e-03
   2.8809332e-01   4.0944696e-01   1.3255352e+00   1.7119623e-02  -2.5500677e-04   7.6098018e-03
   2.7732557e-01   3.4915986e-01   1.4106677e+00   1.6793912e-02  -6.7827106e-04   7.6315515e-03
   2.5240823e-01   4.1610984e-01   1.3502583e+00   1.7079145e-02  -5.7774612e-04   7.2711991e-03
