   0.0000000e+00   0.0000000e+00  -1.4210855e-14   0.0000000e+00   0.0000000e+00   0.0000000e+00
  -7.5849567e-03   2.2216137e-02  -1.0898227e-02   4.5155009e-04  -2.8327623e-04   8.7780300e-05
   4.3834839e-03  -1.9723908e-02   2.2323863e-02  -5.4965681e-04  -1.4840660e-04   6.0848717e-04
  -2.3947464e-02   2.9654365e-02   3.7840744e-02  -5.9544871e-04  -9.7518647e-05   6.7943750e-04
   6.6139114e-03  -2.9054481e-02   1.4901941e-02  -6.0207609e-04   1.0532418e-04   1.1805696e-03
   1.1170843e-02   6.6194264e-03   3.6521847e-03  -9.2513363e-04  -1.0974647e-04   1.1415947e-03
   2.0797251e-02   2.8538418e-02  -2.7010439e-02   4.9835691e-05  -2.3810304e-04   2.4531743e-03
   2.6878603e-02  -6.8047403e-02  -5.0575732e-02   1.0028933e-04  -3.6969239e-04   2.5043641e-03
   3.3832212e-02  -2.2418184e-02  -6.5110998e-02  -2.1065361e-04  -3.5614588e-04   2.5219837e-03
   2.6930858e-02  -1.1794273e-02  -5.4598305e-02  -1.8900731e-04  -1.3745007e-04   2.9180837e-03
   3.6327427e-02  -8.3565144e-02  -5.2912316e-02  -3.1752052e-04  -1.3074153e-04   3.0269490e-03
   3.6553493e-02  -1.2107640e-01  -6.4273137e-02  -2.1529468e-04  -8.0468454e-05   2.9459244e-03
   3.5819941e-02  -6.4921469e-02  -5.2435408e-02  -1.3103969e-04   4.1895316e-05   3.4298486e-03
   3.6041123e-02  -9.0071430e-02  -1.5400400e-02  -5.8182471e-04   3.7613054e-04   3.4300346e-03
   2.1905765e-04  -4.6151535e-02   7.3462211e-03  -6.4079593e-04   8.1935929e-04   2.8391475e-03
  -2.1947323e-02  -5.4178585e-02  -2.6528291e-02  -1.1027693e-03   5.3977079e-04   2.6941873e-03
   1.8139558e-02  -2.2152860e-02  -8.4022993e-03  -1.7156006e-03   5.7087807e-04   2.9078630e-03
   5.3639601e-02  -7.5389838e-02  -1.7308821e-02  -2.7492015e-03   9.0494319e-04   3.7112957e-03
   4.7794401e-02  -7.5071682e-02   4.6380364e-03  -2.2101410e-03   6.2805851e-04   3.6910189e-03
   6.7166070e-02  -4.6577875e-02  -5.4294422e-02  -1.0366426e-03   2.2506176e-03   4.4416265e-03
   7.3815157e-02  -1.2917176e-01  -6.5111944e-02  -2.0937672e-03   1.8235896e-03   5.1590038e-03
   7.8076013e-02  -8.9937761e-02  -8.4803933e-02  -1.8769592e-03   1.7430946e-03   5.3341714e-03
   1.0000888e-01  -1.3767790e-01  -7.5285723e-02  -1.8710671e-03   1.8387623e-03   5.3902346e-03
   1.2660315e-01  -1.1041734e-01  -9.3589628e-02  -1.5850637e-03   2.0525571e-03   5.7115241e-03
   1.2521981e-01  -5.6720822e-02  -7.8001414e-02  -1.9383308e-03   1.8874791e-03   5.5391220e-03
   1.3315631e-01  -7.0520290e-02  -5.8698245e-02  -2.4997536e-03   1.8316748e-03   5.4817982e-03
   1.2732365e-01  -7.1025103e-02  -3.8499553e-02  -2.8783108e-03   1.9356429e-03   5.7627741e-03
   1.3546694e-01  -3.7979741e-02  -1.8400505e-02  -3.4786157e-03   1.9603125e-03   5.5674298e-03
   1.7846563e-01  -1.5287776e-01  -3.0940231e-02  -2.6042619e-03   2.1479917e-03   6.1290041e-03
   1.9738370e-01  -8.3075515e-02  -2.2363450e-02  -2.5862844e-03   2.2822222e-03   6.1710443e-03
   1.8663696e-01  -9.5269984e-02  -3.7095539e-05  -2.9197098e-03   2.3612775e-03   6.7202465e-03
   1.9025172e-01  -8.1649170e-02  -1.8660378e-02  -2.7302330e-03   2.4046339e-03   6.6976555e-03
   1.8828099e-01  -1.1828553e-01  -1.9908307e-02  -2.7414998e-03   2.4615916e-03   6.7326264e-03
   1.9473707e-01  -9.0044387e-02  -9.6690636e-03  -2.8775920e-03   2.6508141e-03   6.7939246e-03
   1.7809940e-01  -1.0363186e-01  -3.7960256e-02  -2.7344591e-03   2.5806661e-03   6.7565852e-03
   1.2810952e-01  -1.5112841e-01   3.0036738e-04  -2.9888899e-03   2.6113492e-03   6.6123540e-03
   1.2785704e-01  -1.2025565e-01  -1.8722899e-02  -3.0447567e-03   2.6000351e-03   6.4564740e-03
   1.3003460e-01  -1.1852052e-01  -5.1872221e-03  -3.3175974e-03   2.9246057e-03   6.1464265e-03
   1.3697501e-01  -1.2984914e-01  -1.5486491e-03  -3.0875934e-03   3.1387318e-03   6.5402996e-03
   1.4264488e-01  -9.2033215e-02  -9.3557596e-03  -3.1223085e-03   3.1345161e-03   6.4365478e-03
   1.3188311e-01  -3.3120950e-03   2.9848229e-02  -2.5353920e-03   2.8270351e-03   5.7745729e-03
   9.7894109e-02  -5.8435723e-02   1.7453327e-02  -2.1816662e-03   2.3546771e-03   4.7745852e-03
   9.8755617e-02  -4.6515556e-02   2.7891178e-02  -1.9947857e-03   2.0724380e-03   5.2199405e-03
   1.3293607e-01  -1.1268750e-01   3.6088569e-02  -1.7627858e-03   2.2891506e-03   5.1045283e-03
   1.2709492e-01  -2.2371195e-02   8.7089457e-02  -1.5348159e-03   2.4820849e-03   5.0540261e-03
   1.0712113e-01  -5.2718324e-02   1.0221177e-01  -1.4626309e-03   2.6577999e-03   5.0935853e-03
   1.0313581e-01  -9.8024517e-02   1.0534394e-01  -1.7879991e-03   2.8383392e-03   4.9978988e-03
   9.1285752e-02  -3.9822620e-02   1.1013472e-01  -2.0482700e-03   2.9082111e-03   4.8705317e-03
   8.0163349e-02  -9.5233340e-02   1.1405928e-01  -2.6299532e-03   3.0420672e-03   4.1931049e-03
   8.1068972e-02  -6.4796015e-02   1.2603368e-01  -2.2501364e-03   3.4248774e-03   3.8217191e-03
   8.4734746e-02  -3.1412843e-02   1.5577150e-01  -3.1937424e-03   3.8751019e-03   3.5438580e-03
   8.9310877e-02  -4.1869620e-02   1.4470251e-01  -3.2688700e-03   3.9334425e-03   3.8346314e-03
   9.0635517e-02  -6.9991498e-02   1.7071724e-01  -3.6197171e-03   3.9867311e-03   3.3464845e-03
   1.0522770e-01  -5.4526840e-02   1.8318734e-01  -3.1051734e-03   4.0338418e-03   3.0667457e-03
   8.9806887e-02  -3.4460522e-02   1.4878611e-01  -3.0924841e-03   3.4895569e-03   3.4686008e-03
   8.3458184e-02  -2.5034318e-02   1.4066555e-01  -3.4417437e-03   3.2419620e-03   3.3935079e-03
   1.2246654e-01  -6.0324001e-02   1.6060384e-01  -3.2887374e-03   3.4351407e-03   3.3900462e-03
   1.2744244e-01  -7.2613871e-02   1.6711991e-01  -3.0786686e-03   3.6421754e-03   3.3109012e-03
   1.2718452e-01  -4.9551711e-02   1.1916348e-01  -2.7997121e-03   3.9302393e-03   5.3724388e-03
   1.3423642e-01  -4.3185979e-02   3.4120257e-02  -2.5081867e-03   3.5481078e-03   5.7758119e-03
   1.3781811e-01  -8.7778557e-02  -5.6467463e-03  -2.2732580e-03   3.5261941e-03   5.6730799e-03
   1.2649842e-01  -6.4348497e-02   2.7767258e-02  -2.2552908e-03   3.5042570e-03   5.4794864e-03
   1.2888822e-01  -7.7117356e-02   3.7902047e-02  -2.3577951e-03   3.4129317e-03   5.4667895e-03
   1.3219672e-01  -3.8607649e-02   6.2339310e-02  -2.4049593e-03   3.5557354e-03   5.4043124e-03
   1.4096177e-01  -8.6921854e-02   4.3381662e-02  -2.4644150e-03   3.4985132e-03   5.4903330e-03
   1.4628886e-01  -4.3423188e-02   2.3962405e-02  -2.5308525e-03   3.4101569e-03   5.6005820e-03
   1.3139961e-01   2.0365406e-02   9.1811781e-02  -2.7779942e-03   3.4711744e-03   5.2429310e-03
   1.2670680e-01  -9.4178297e-02   4.1639207e-02  -2.6617524e-03   3.2320735e-03   5.3853563e-03
   1.3357037e-01  -5.8628209e-02   3.2350826e-02  -2.5783594e-03   3.3804420e-03   5.3185939e-03
   1.5211927e-01  -1.2848250e-01  -1.0350563e-02  -1.8506777e-03   3.5364892e-03   5.3169254e-03
   1.5317637e-01  -1.1138609e-01   1.9493431e-02  -2.3938587e-03   3.6287627e-03   4.9038817e-03
   1.6074038e-01  -6.2983657e-02   3.9127162e-02  -2.4983488e-03   3.7298974e-03   5.0461823e-03
   1.7867694e-01  -6.2208029e-02   3.9401812e-02  -2.7468889e-03   3.6870319e-03   5.1382639e-03
   1.8214490e-01  -1.3715173e-01   3.0447733e-02  -2.9076484e-03   3.7556490e-03   5.1357110e-03
   1.7919721e-01  -7.0403935e-02   2.7556756e-02  -2.8203923e-03   3.7730254e-03   4.9207648e-03
   1.6977122e-01  -8.5671032e-02   4.1736360e-02  -2.6027482e-03   3.7453151e-03   4.4845100e-03
   1.7253329e-01  -9.3100883e-03   6.1217449e-02  -2.9485943e-03   3.8489957e-03   4.4558467e-03
   1.6345129e-01  -9.9361013e-02   5.2186874e-02  -2.8901819e-03   4.0262538e-03   4.3294816e-03
   1.7758311e-01  -5.1346449e-02   6.8369706e-02  -3.2617101e-03   4.2034710e-03   3.9631996e-03
   1.7375421e-01  -7.0201030e-02   5.3154861e-02  -3.5099758e-03   4.3164592e-03   4.0627538e-03
   1.6543997e-01  -8.4367961e-02   3.8560909e-02  -3.5980958e-03   3.6677567e-03   4.1690984e-03
   1.7777945e-01  -2.9133566e-02   4.6316984e-02  -3.4699435e-03   3.8448988e-03   4.2954492e-03
   1.8293660e-01  -9.8128945e-02   5.1478574e-02  -3.1553579e-03   3.6462126e-03   3.8131386e-03
   1.9571792e-01  -7.0953608e-02   5.3610640e-02  -3.3632825e-03   3.5128217e-03   3.7027915e-03
   1.9187920e-01  -8.7036370e-02   6.4219500e-02  -3.2866779e-03   3.7070232e-03   3.7490701e-03
   1.6772690e-01  -6.7728291e-02   1.0484723e-01  -3.4936354e-03   3.6421448e-03   2.8638306e-03
   1.5962675e-01  -4.9713254e-02   1.0330113e-01  -3.5687631e-03   3.7325118e-03   2.9044606e-03
   1.6337402e-01  -1.0574266e-01   8.2515121e-02  -3.5161434e-03   3.6998451e-03   2.7435972e-03
   1.8229855e-01  -2.1249356e-02   9.9622249e-02  -3.9078501e-03   3.9140782e-03   3.2109605e-03
   1.7025887e-01  -5.0519945e-02   9.0887592e-02  -3.5675645e-03   4.2497444e-03   2.9822238e-03
   1.6962878e-01  -7.9674455e-02   1.0617370e-01  -3.7183400e-03   4.3141204e-03   2.3925168e-03
   1.6696905e-01  -3.6863632e-02   1.3127907e-01  -3.5416283e-03   4.5987242e-03   2.2350369e-03
   1.3508633e-01   1.6873758e-02   1.3718512e-01  -3.1513289e-03   4.0503648e-03   2.2394258e-03
   1.2964903e-01  -3.2177220e-02   1.0828974e-01  -2.5690921e-03   4.0071899e-03   2.8352636e-03
   1.4032092e-01  -1.1949698e-01   8.6107841e-02  -1.6510188e-03   4.3504547e-03   2.7980121e-03
   1.1366715e-01  -2.0521547e-02   1.5521237e-01  -1.3560913e-03   4.7885615e-03   2.8249690e-03
   1.1296622e-01  -7.8133584e-02   1.2229536e-01  -1.6820863e-03   4.3717988e-03   2.7063223e-03
   1.3524497e-01  -6.9408703e-02   1.0982249e-01  -1.4578976e-03   4.3283784e-03   3.0056586e-03
   1.4317142e-01  -1.1645595e-01   1.1908410e-01  -1.6311948e-03   4.1840650e-03   2.7177103e-03
   1.2415544e-01  -2.8655531e-02   1.8227525e-01  -2.0492340e-03   4.1240388e-03   2.1017161e-03
   7.9997115e-02  -5.4582351e-02   2.8771150e-01  -3.1195076e-03   4.3470161e-03   1.6461333e-03
   8.0603770e-02  -6.0497518e-02   1.8470176e-01  -2.1276099e-03   4.7855392e-03   1.8092711e-03
   9.3940162e-02  -4.5113323e-02   1.7228451e-01  -1.8906258e-03   4.7702991e-03   2.1547520e-03
   1.0678407e-01  -9.6706088e-03   1.5838605e-01  -2.1220273e-03   4.9953726e-03   2.0507243e-03
   1.2605538e-01  -2.1819982e-02   2.0548538e-01  -1.8058415e-03   5.3300991e-03   1.8165236e-03
   1.1330121e-01   3.8417843e-02   2.3262497e-01  -1.9289830e-03   4.9138961e-03   1.6498408e-03
   3.2841830e-02  -1.4514053e-01   1.8538100e-01  -1.9530474e-03   3.8587260e-03   1.0288807e-03
   4.8044951e-02  -8.1861759e-02   2.2292144e-01  -2.5308135e-03   4.0776249e-03   1.0949685e-03
   6.3163504e-02   7.4565646e-03   2.3824202e-01  -2.4889400e-03   4.5639485e-03   9.4905805e-04
   1.0180744e-01  -2.7105109e-02   2.1380670e-01  -1.7691859e-03   4.8375632e-03   1.7672416e-03
   1.0614418e-01  -1.5970485e-02   2.1622810e-01  -2.1733704e-03   4.9753858e-03   1.8168412e-03
   1.0423892e-01  -7.7652940e-02   2.0232448e-01  -2.0079578e-03   5.2486270e-03   1.7861148e-03
   1.2335447e-01  -2.3429553e-02   2.0819878e-01  -1.9016799e-03   5.3544302e-03   2.1029270e-03
   1.2977401e-01  -3.4619873e-02   2.0054824e-01  -1.7207268e-03   5.5302908e-03   2.3797811e-03
   1.4584497e-01  -1.8751011e-02   1.9453789e-01  -1.8982237e-03   5.9246203e-03   2.4250130e-03
   1.5487213e-01   6.3269518e-04   2.2769128e-01  -2.2493836e-03   6.2418557e-03   2.0714445e-03
   1.5554589e-01  -2.2425827e-02   2.1847148e-01  -1.9371785e-03   6.2876712e-03   1.9729062e-03
   1.7077574e-01  -3.0996525e-02   1.9074702e-01  -1.7877200e-03   6.4749450e-03   2.3383381e-03
   1.5561753e-01  -1.5064690e-02   1.8152024e-01  -1.6210586e-03   6.3291985e-03   2.2988160e-03
   1.6294524e-01  -1.2199070e-01   1.7014267e-01  -2.1821140e-03   6.4406159e-03   2.4259916e-03
   1.5953611e-01  -7.2272973e-02   1.8379306e-01  -2.0467331e-03   6.2935167e-03   2.0724376e-03
   1.6847825e-01  -5.9699880e-02   2.2479289e-01  -1.5677641e-03   6.5973123e-03   1.5956643e-03
   1.8585766e-01  -3.7870819e-02   2.1392554e-01  -1.4301619e-03   6.8422858e-03   1.4933632e-03
   1.7695361e-01   9.5921051e-02   2.5278780e-01  -1.5118892e-03   6.6991898e-03   1.9793354e-03
   1.8029634e-01  -4.7727233e-02   2.2545453e-01  -1.5910156e-03   6.5498582e-03   2.0531621e-03
   1.7198613e-01  -3.0572918e-02   2.1630694e-01  -1.0821251e-03   6.5860419e-03   2.0804968e-03
   1.8216210e-01  -2.8687107e-02   2.1546049e-01  -1.1185962e-03   7.0563746e-03   2.1346886e-03
   1.8332811e-01  -3.9344936e-02   2.2935505e-01  -1.3002073e-03   6.8283388e-03   2.1041303e-03
   2.0116766e-01  -4.9352495e-02   2.0601970e-01  -1.0558547e-03   7.1302999e-03   2.4192542e-03
   2.2547040e-01  -2.8140787e-02   2.1883535e-01  -1.1939029e-03   7.2100749e-03   2.7443021e-03
   2.3448650e-01  -1.7176240e-02   2.3617256e-01  -1.0411973e-03   7.3259878e-03   2.8867085e-03
   2.0890142e-01  -1.0559095e-03   2.3946955e-01  -1.6045433e-03   6.6186980e-03   2.7995677e-03
   1.8211192e-01  -9.3150318e-02   2.4556109e-01  -2.2614871e-03   6.4492532e-03   2.8317384e-03
   2.0185168e-01  -5.8261807e-02   2.6611687e-01  -2.6055719e-03   6.0831887e-03   2.5987647e-03
   1.7478885e-01  -7.8632351e-02   2.5614235e-01  -1.7581477e-03   6.3602935e-03   2.1503922e-03
   2.2138045e-01  -2.7622823e-02   3.0213814e-01  -1.8178959e-03   6.9734918e-03   2.3163712e-03
   2.2560927e-01  -3.4964118e-02   2.8315788e-01  -2.2492811e-03   7.0215731e-03   2.3981539e-03
   2.6097095e-01  -6.7260418e-02   2.5142492e-01  -2.0781051e-03   7.4855197e-03   2.5262853e-03
   2.7501556e-01  -4.4211352e-02   2.7427302e-01  -1.9407077e-03   8.2056797e-03   2.3074984e-03
   2.9627000e-01  -8.3911073e-02   2.8291502e-01  -1.7759083e-03   8.4069427e-03   2.4099304e-03
   2.9682646e-01  -5.0337747e-02   3.2356120e-01  -2.0748007e-03   8.4434226e-03   2.1971333e-03
   3.2551712e-01  -8.6546239e-02   3.1951188e-01  -2.2529534e-03   8.8000907e-03   2.2549156e-03
   3.5166385e-01  -7.0503359e-02   3.3854212e-01  -2.0047827e-03   9.3161462e-03   2.0808754e-03
   4.1826801e-01  -2.1397826e-02   4.3571323e-01  -2.3374550e-03   1.1159306e-02   2.1009205e-03
   4.1002693e-01  -1.6425106e-03   3.8827683e-01  -3.0877739e-03   1.1019483e-02   2.0745547e-03
   4.1621761e-01  -3.3715492e-01  -3.4366406e-01  -1.4380594e-03   8.6164106e-03   2.2379962e-03
   3.7366196e-01   4.5630483e-02  -5.2042137e-03  -2.5100313e-03   9.1191951e-03   2.4213303e-03
   3.9165896e-01  -6.3663832e-02   2.8447000e-02  -1.9827539e-03   9.2713842e-03   2.8770411e-03
   3.7666663e-01   5.3604913e-03   2.8784117e-01  -3.1219486e-03   9.9061368e-03   2.9536807e-03
   3.3652207e-01  -7.9461433e-03   3.4448008e-01  -2.8598957e-03   1.0254193e-02   2.3786684e-03
   3.2922915e-01  -2.4476464e-02   3.2049379e-01  -2.8414491e-03   1.0244568e-02   2.1661663e-03
   3.4583371e-01  -1.6659984e-01   2.7302987e-01  -2.1360125e-03   1.0658447e-02   2.4253928e-03
   3.4240414e-01  -1.1663454e-02   3.1626262e-01  -3.1267020e-03   1.0604904e-02   2.3270711e-03
   3.2939483e-01  -9.8416392e-02   3.2980006e-01  -3.3888912e-03   1.0785383e-02   2.3889164e-03
   3.4340407e-01  -7.4089759e-02   3.6972288e-01  -3.6252010e-03   1.1047746e-02   2.2634432e-03
   3.5741383e-01  -8.6841123e-02   3.6952791e-01  -3.6333073e-03   1.0724728e-02   2.1872891e-03
   3.4215102e-01  -4.9963063e-02   3.6950720e-01  -4.0059605e-03   1.0794519e-02   2.0974239e-03
   3.4943944e-01  -4.1671655e-02   3.9270420e-01  -4.0531163e-03   1.0756989e-02   2.1978584e-03
   3.4024778e-01  -6.6702911e-02   4.1019886e-01  -3.1338886e-03   1.0966523e-02   2.3333317e-03
   3.2497989e-01  -3.4391329e-02   5.0554268e-01  -2.1287594e-03   1.1387073e-02   1.7451931e-03
   3.1024539e-01  -1.0102848e-01   4.4036036e-01  -2.6179462e-03   1.1029745e-02   1.0919991e-03
   2.9696635e-01  -6.6675277e-02   3.8832148e-01  -3.3044494e-03   1.0043045e-02   9.5369293e-04
   2.9548549e-01  -1.0109443e-01   4.2514856e-01  -4.0108643e-03   9.9723520e-03   8.4637782e-04
   2.8797698e-01  -9.6820967e-02   4.3286912e-01  -3.8865111e-03   1.0114963e-02   5.8608609e-04
   3.1434748e-01  -9.2123516e-02   4.2093177e-01  -3.2514844e-03   1.0959454e-02   1.1669089e-03
   3.2806073e-01  -8.0722398e-02   3.9927983e-01  -3.8734589e-03   1.1104863e-02   1.3497618e-03
   2.9115097e-01  -4.7945871e-02   4.2107904e-01  -3.7861059e-03   1.0908926e-02   8.5862689e-04
   2.7486485e-01  -6.0763434e-02   4.0311871e-01  -3.9780388e-03   1.0440835e-02   3.8236422e-04
   3.0026991e-01  -1.4555075e-02   3.9475317e-01  -3.2419840e-03   1.0776333e-02   9.9841344e-04
   3.1703472e-01   1.2570840e-02   4.0516940e-01  -3.2871907e-03   1.0969252e-02   1.2047820e-03
   2.3547462e-01   3.7201456e-01   4.5282427e-01  -3.7978885e-03   1.0752398e-02   9.5436766e-04
   2.1661009e-01  -4.1708821e-01   2.9142178e-01  -2.5411998e-03   9.1345737e-03   1.0287096e-03
   2.2992913e-01  -1.7676877e-01   4.3881877e-01  -2.7548310e-03   9.3000749e-03   1.1039133e-03
   2.5086674e-01  -2.2056457e-02   4.5905312e-01  -2.5173891e-03   9.4361822e-03   1.1446086e-03
   2.3341271e-01   7.4297106e-03   4.8581994e-01  -2.5088017e-03   9.9088095e-03   1.1313432e-03
   2.3056851e-01  -7.4880816e-02   4.0185184e-01  -2.5338358e-03   9.5521747e-03   1.2132665e-03
   2.2770571e-01  -8.7070800e-02   3.7074858e-01  -2.3062630e-03   9.7311705e-03   1.3278504e-03
   2.0867787e-01  -2.7016087e-02   3.7684385e-01  -3.0936309e-03   9.4428311e-03   1.0683673e-03
   2.1897055e-01  -7.4355322e-02   3.6330976e-01  -2.6052961e-03   9.8202538e-03   9.7325943e-04
   2.2259730e-01  -2.1221351e-02   3.8244827e-01  -3.4406043e-03   9.9704595e-03   9.4244102e-04
   2.4031916e-01  -3.9620388e-02   3.7990243e-01  -3.2333363e-03   1.0418451e-02   1.0837037e-03
   2.3225813e-01  -2.2103808e-02   4.0164252e-01  -4.0282151e-03   1.0274733e-02   9.0968474e-04
   2.2333885e-01  -4.5211124e-02   3.7701521e-01  -3.4506906e-03   1.0228788e-02   9.8743217e-04
   2.1555633e-01  -1.3521655e-02   4.4651282e-01  -4.5715396e-03   9.9755831e-03   7.8497187e-04
   2.2827045e-01  -7.5329089e-02   4.3755822e-01  -4.4728409e-03   9.9353502e-03   8.2970828e-04
   2.3854147e-01   5.7625926e-03   4.2429256e-01  -3.7490820e-03   1.0376455e-02   9.4393269e-04
   2.1774253e-01   5.3917033e-02   4.6136731e-01  -4.8253711e-03   9.8616113e-03   1.0725862e-03
   2.2851159e-01  -5.9293491e-02   4.3146359e-01  -4.5284965e-03   1.0162265e-02   4.9847832e-04
   2.5189840e-01  -7.6318768e-03   4.3078751e-01  -4.4932585e-03   1.0898222e-02   1.2496569e-03
   2.4205776e-01  -6.5369387e-02   3.9286670e-01  -4.1550596e-03   1.0616837e-02   1.0299966e-03
   2.2592059e-01  -5.1444981e-03   4.0499222e-01  -4.3958571e-03   1.0452434e-02   8.8411060e-04
   2.1452437e-01   9.8805614e-04   4.2639328e-01  -4.3900713e-03   1.0413637e-02   8.8344247e-04
   2.1438480e-01  -3.8580575e-02   4.2805680e-01  -4.5794742e-03   1.0295056e-02   9.0931406e-04
   2.0268875e-01  -5.0916212e-02   4.2548376e-01  -4.1994755e-03   1.0456915e-02   7.4698757e-04
   1.9275123e-01  -4.7125155e-02   4.5402379e-01  -4.8442191e-03   1.0031349e-02   3.8066519e-04
   2.0209882e-01  -4.6365462e-02   4.5170618e-01  -4.5895378e-03   1.0433897e-02   3.5583285e-04
   1.8962959e-01   2.2812874e-02   4.7006279e-01  -5.0834758e-03   9.9264944e-03   2.4114699e-04
   1.6033379e-01  -4.5443087e-02   4.2109573e-01  -4.5745861e-03   9.9552732e-03   8.3887201e-04
   1.7509623e-01  -9.3166141e-02   4.3292090e-01  -4.5346878e-03   9.5470817e-03   7.0708550e-04
   1.6490900e-01   9.8658166e-02   5.3526674e-01  -5.1353361e-03   9.9032173e-03  -2.9035081e-04
   1.6242282e-01   2.1298495e-01   5.1741556e-01  -3.6044394e-03   1.0225617e-02  -2.3387914e-04
   2.1954461e-01  -3.8773957e-01   4.3319075e-01  -3.5891266e-03   1.0485168e-02   6.8608199e-04
   2.1779919e-01  -7.9810156e-02   4.5193837e-01  -3.6463755e-03   1.0684762e-02   7.8811757e-04
   2.0182407e-01  -1.6188029e-02   4.6709942e-01  -4.1140728e-03   1.1311455e-02   8.2828067e-04
   2.1258227e-01  -3.2363163e-02   4.6957090e-01  -4.1916740e-03   1.1857363e-02   9.6180947e-04
   2.1380887e-01   1.4173048e-02   4.9007992e-01  -4.9250378e-03   1.1972928e-02   9.3078239e-04
   2.1000916e-01  -5.8116282e-02   4.8033299e-01  -4.9869836e-03   1.2159784e-02   7.8299439e-04
   2.0328842e-01  -3.2086478e-02   4.9774575e-01  -5.9468926e-03   1.2363337e-02   5.0052172e-04
   1.9058176e-01  -5.5715523e-02   5.1928434e-01  -6.3971547e-03   1.2779665e-02  -4.3619029e-05
   1.7320418e-01   4.1185526e-02   5.3236816e-01  -6.9158451e-03   1.2032293e-02  -2.0269782e-04
