   0.0000000e+00  -9.8949733e-15   7.1054274e-15   0.0000000e+00   0.0000000e+00  -2.6456237e-19
  -1.3575963e-02  -3.1247495e-03   2.1731785e-02   1.4649160e-05   6.7240362e-04  -1.7116724e-04
   3.4394945e-03  -4.0862451e-03  -2.0267046e-02  -4.1580985e-05   3.1753147e-04  -8.1753515e-05
   1.5110070e-02   1.2595497e-01  -2.3779359e-02  -7.5248891e-04  -4.3961678e-04   5.8313853e-05
   1.5827839e-02   4.2316274e-02  -2.1874376e-02   1.1061627e-05  -1.6246771e-04   1.0053546e-04
   3.6549456e-02   4.2245006e-02  -1.0554394e-02   2.5588270e-04  -2.9345206e-04   2.9474561e-04
   4.4598701e-02   9.5983091e-02   1.0470608e-03  -6.0502386e-04  -5.4103015e-04   2.3798336e-04
   4.6484092e-02   1.8474417e-02   4.5951228e-05  -3.7879165e-04  -2.5990680e-04   2.1527313e-04
   3.2197929e-02  -3.1790799e-02  -2.3979602e-02   1.6832036e-04  -3.5614274e-04   1.4982227e-04
   3.8907937e-02   2.6312431e-02  -3.5974430e-02  -1.0844666e-04  -4.4521708e-04   1.9178497e-04
   4.6127655e-02   5.8556985e-02  -1.9786169e-03  -4.1589822e-04  -6.0897070e-04   2.7982476e-04
   4.8149514e-02  -2.2065442e-02  -8.8409799e-03  -2.8488253e-04  -5.8022094e-04   1.7059249e-04
   4.5536970e-02  -3.0760769e-02  -5.4093658e-02   2.8840043e-04  -4.6600824e-04   2.7378676e-04
   4.6532669e-02   9.7729365e-02  -1.9560261e-02  -7.1580218e-04  -5.9521157e-04   1.7406311e-04
   4.0174549e-02  -4.5122481e-02  -3.3907208e-02   1.8223845e-04  -5.6822986e-04   2.3876705e-04
   1.1851679e-02   5.3317894e-02  -3.9422963e-02  -6.3457198e-05  -2.8176169e-04   1.9329580e-04
   2.0897492e-03   2.2431702e-02  -4.3224092e-03  -1.4320304e-04   2.9075202e-05   1.8799482e-04
   1.2498763e-02   1.2484026e-02   3.8975162e-02  -2.6006479e-04   9.8346536e-05   2.0314454e-04
   2.6082100e-02   6.9471725e-03   8.8880112e-03  -7.4605512e-04  -3.1496299e-04   1.4634046e-04
   5.8301587e-02   1.0439888e-01  -5.7983867e-03  -1.2632030e-03  -1.0105304e-03   3.9615540e-04
   7.1550155e-02   6.1005207e-02   6.5961631e-03  -6.4830299e-04  -9.0359838e-04   3.8124582e-04
   7.3834132e-02  -1.6104649e-02   9.7410127e-03  -1.0952676e-04  -1.0328097e-03   6.5497357e-04
   7.6522914e-02   1.3909899e-02   1.6637750e-02  -3.4744639e-04  -1.0755685e-03   4.6232877e-04
   8.2344158e-02   6.7516756e-02   5.5056210e-02  -9.1609188e-04  -9.1936491e-04   3.8919892e-04
   9.3945684e-02  -5.3497137e-02   4.2143907e-02  -2.7495631e-04  -9.5411622e-04   5.7917876e-04
   9.5676494e-02   2.1119646e-02   3.8907245e-02  -2.7513292e-04  -8.1251972e-04   5.4105379e-04
   1.0104671e-01   4.2092223e-02   6.6409886e-02  -9.8550956e-04  -1.1293496e-03   4.1012430e-04
   1.0109311e-01   1.7477011e-02   4.4868426e-02  -8.0359708e-04  -9.9248295e-04   3.4555046e-04
   1.0129022e-01  -3.6044942e-02   4.6071332e-02  -7.8177771e-04  -1.3673165e-03   4.0407834e-04
   8.6316687e-02  -2.7355751e-02   2.8453228e-02  -3.6411293e-05  -5.9250535e-04   3.1811011e-04
   8.2060948e-02   5.9016545e-02   5.3958893e-02  -5.5412319e-04  -7.4022149e-04   8.2965407e-05
   7.6086135e-02  -1.2399677e-02   7.8060487e-02  -8.4352069e-04  -6.0071354e-04   3.0546693e-04
   8.0516684e-02   4.9385077e-02   6.1268808e-02  -1.3079687e-03  -9.2802776e-04   1.9993739e-04
   9.1908923e-02   2.4075501e-02   6.0078966e-02  -1.3518185e-03  -1.0737076e-03   1.9085587e-04
   1.0287930e-01   1.2928328e-01   1.0123091e-01  -1.7872225e-03  -1.3309289e-03   2.2642233e-04
   9.8427502e-02   2.8243522e-02   1.1849979e-01  -1.6948161e-03  -1.1592178e-03  -3.6777796e-05
   9.4459846e-02  -1.7787989e-02   9.5179270e-02  -1.3798314e-03  -1.1818132e-03  -3.6122494e-05
   9.7955815e-02   3.8198841e-02   7.8437102e-02  -1.8277389e-03  -1.2966203e-03  -7.9309278e-06
   1.0487736e-01   4.0535644e-02   1.0676721e-01  -1.8629219e-03  -1.3229875e-03  -9.3368178e-05
   9.0105085e-02  -2.5649739e-02   9.9413993e-02  -1.5105752e-03  -1.3121553e-03  -1.7498947e-04
   8.6384510e-02  -2.4450504e-02   5.6876273e-02  -1.1950595e-03  -1.2648989e-03  -8.8690706e-05
   8.3879210e-02   7.3439411e-02   5.4947512e-02  -1.4807837e-03  -1.6305593e-03  -5.8590504e-05
   6.8997133e-02   2.2456583e-02   6.8944600e-02  -1.6591550e-03  -1.2218896e-03  -1.9968312e-04
   9.0273363e-02  -3.9976874e-02   4.4697567e-02  -1.0534512e-03  -1.0435817e-03   1.0396745e-04
   1.0065988e-01   3.3168952e-02   7.2333478e-02  -1.4454315e-03  -1.3819062e-03   8.4067502e-05
   1.0154735e-01   5.5403947e-02   8.3831027e-02  -1.8306899e-03  -1.3377321e-03  -1.3635027e-04
   9.3567582e-02  -2.2589223e-02   4.1640325e-02  -1.4705082e-03  -1.4103761e-03  -7.2156648e-05
   9.9695109e-02   4.4505520e-02   3.0196142e-02  -1.5531265e-03  -1.6769925e-03   8.3805322e-05
   1.0955462e-01   6.2803883e-02   8.3735782e-02  -1.9111874e-03  -1.7767935e-03  -2.1096694e-05
   9.8402423e-02  -2.7884677e-02   6.7519122e-02  -1.5962525e-03  -1.5975060e-03  -1.3375046e-04
   9.2049932e-02  -1.9198884e-02   4.1708697e-02  -1.2157562e-03  -1.6396496e-03  -4.1042375e-05
   1.0621740e-01   7.2944209e-02   1.0157772e-01  -2.2353366e-03  -1.8833912e-03  -5.1965217e-05
   9.2754731e-02  -5.1158410e-02   8.5940522e-02  -1.4411241e-03  -1.5840296e-03  -9.9025594e-05
   9.1326122e-02   7.0277017e-02   1.0447406e-01  -2.5748882e-03  -2.0089138e-03  -2.0325882e-04
   9.6798772e-02   4.5893776e-02   1.1434415e-01  -2.6048591e-03  -1.8429690e-03  -5.2567891e-04
   9.4070214e-02  -3.1626811e-03   9.9778337e-02  -1.9786326e-03  -1.6663739e-03  -1.8904544e-04
   9.5076050e-02   3.5717939e-02   1.1639035e-01  -2.1337710e-03  -1.7955746e-03  -9.2110052e-05
   9.0845623e-02   6.6696801e-02   1.4399068e-01  -2.7721920e-03  -1.8373370e-03  -3.1884502e-04
   9.5035382e-02  -3.8328805e-02   1.0162014e-01  -2.1225119e-03  -1.7986750e-03  -2.7386862e-04
   1.0344705e-01   6.3649266e-02   1.0362408e-01  -2.6400694e-03  -2.0426554e-03  -2.1518336e-04
   9.9302062e-02   4.5233614e-02   1.2446158e-01  -2.6189058e-03  -1.7861923e-03  -3.5988999e-04
   7.0590260e-02   2.2918930e-02   1.5349198e-01  -2.3226955e-03  -1.6384148e-03  -4.7073061e-04
   1.0061534e-01  -6.4737460e-03   1.2028648e-01  -2.3992438e-03  -2.0263831e-03  -3.5891341e-04
   9.5392759e-02   7.7165302e-02   1.3311794e-01  -2.8958042e-03  -2.3428412e-03  -3.2451246e-04
   9.7324349e-02   7.1617770e-02   1.7278160e-01  -3.0070812e-03  -1.9124245e-03  -4.5557561e-04
   1.0612397e-01  -3.7908922e-02   1.6170766e-01  -2.5285622e-03  -2.0606894e-03  -2.8619969e-04
   1.0631253e-01  -4.0042485e-03   1.5627330e-01  -2.6449413e-03  -2.1129155e-03  -2.8562281e-04
   1.0544138e-01   4.7230785e-02   1.7663153e-01  -2.8745738e-03  -2.2822527e-03  -3.8600173e-04
   9.2581059e-02  -1.6265087e-02   1.8382695e-01  -2.6172859e-03  -2.0423612e-03  -5.4781362e-04
   9.6449128e-02  -2.6470073e-02   1.5725463e-01  -2.1648141e-03  -2.1002836e-03  -4.4023635e-04
   9.5663550e-02   4.0186096e-02   1.4436541e-01  -2.7353070e-03  -2.0829879e-03  -5.3961706e-04
   1.0111259e-01   1.0119673e-02   1.6229592e-01  -2.8883683e-03  -1.9896317e-03  -5.2253097e-04
   1.0855887e-01  -7.0728340e-02   1.3541449e-01  -2.2022172e-03  -1.9800406e-03  -3.3955868e-04
   1.1296843e-01   8.0092395e-02   1.6369522e-01  -3.4049187e-03  -2.3809861e-03  -3.6594413e-04
   1.2105853e-01   4.1017845e-02   2.0063336e-01  -3.7821394e-03  -2.4225009e-03  -5.3606796e-04
   1.0218009e-01  -1.4501404e-02   1.7901989e-01  -3.1350659e-03  -2.4417939e-03  -5.1207524e-04
   9.4324638e-02  -1.7118654e-02   1.4448863e-01  -3.1460100e-03  -2.3224640e-03  -4.9805810e-04
   9.9095845e-02   5.6833585e-02   1.8594199e-01  -3.5591336e-03  -2.3299634e-03  -5.2705107e-04
   9.3995613e-02  -1.4548115e-02   1.8423786e-01  -3.3969825e-03  -2.3080704e-03  -4.3618061e-04
   8.7345976e-02  -7.2630236e-02   1.5587227e-01  -3.2577369e-03  -2.2603754e-03  -3.1173473e-04
   1.0008808e-01   3.8467600e-02   1.6865130e-01  -3.3190952e-03  -2.1441655e-03  -4.7293306e-04
   9.2461291e-02  -4.1762212e-02   1.8050277e-01  -2.7186890e-03  -2.1701345e-03  -3.7774239e-04
   7.2742236e-02   8.9746445e-03   1.8080535e-01  -3.0890296e-03  -2.0565499e-03  -4.4590898e-04
   7.1220450e-02   2.9058949e-02   1.6978085e-01  -3.3382083e-03  -1.9470319e-03  -5.3148006e-04
   9.2772489e-02   1.5300422e-02   1.5145751e-01  -3.3086408e-03  -2.4062627e-03  -4.3177335e-04
   8.8043159e-02   1.0228375e-01   1.7312006e-01  -3.8620758e-03  -2.5169109e-03  -3.7586358e-04
   8.6121242e-02   2.4144198e-02   1.5876023e-01  -3.6389273e-03  -2.3513765e-03  -4.1617131e-04
   8.8777408e-02  -1.5071678e-02   1.6485061e-01  -3.5568151e-03  -2.4199782e-03  -4.4504432e-04
   9.0064950e-02   6.1528566e-03   1.7642918e-01  -3.9684609e-03  -2.6538111e-03  -3.8764901e-04
   9.5734631e-02   7.5612111e-02   1.8435834e-01  -4.9932660e-03  -2.7445116e-03  -4.5052513e-04
   9.3835212e-02   1.5087123e-02   1.7828247e-01  -4.6773691e-03  -2.4270066e-03  -6.6029645e-04
   9.6897027e-02  -1.0368587e-02   1.6755603e-01  -4.1281977e-03  -2.6134091e-03  -5.8850309e-04
   9.7882220e-02   8.9390977e-02   1.7587870e-01  -4.7644250e-03  -2.6608122e-03  -4.7569912e-04
   1.0780603e-01   3.7254749e-02   1.7201743e-01  -4.6285062e-03  -2.6429343e-03  -5.7999143e-04
   9.0325426e-02  -1.8560526e-02   1.6130931e-01  -4.2408941e-03  -2.4904009e-03  -5.2022790e-04
   9.4905105e-02   1.5745715e-02   1.3089219e-01  -4.4520183e-03  -2.5157707e-03  -3.5998005e-04
   1.1130727e-01   5.4581532e-02   1.6201106e-01  -4.6190267e-03  -2.7936901e-03  -2.3133106e-04
   9.9225507e-02   1.6317394e-03   1.6015811e-01  -4.7268663e-03  -2.4946859e-03  -4.6502634e-04
   9.8457451e-02  -6.3194459e-03   1.4290146e-01  -4.5482916e-03  -2.6803911e-03  -3.1721270e-04
   9.9303099e-02   1.6630058e-02   1.3548939e-01  -4.8546143e-03  -2.8341141e-03  -3.5706244e-04
   1.0590962e-01   3.3869939e-02   1.5212380e-01  -4.9076448e-03  -2.6843639e-03  -4.4092808e-04
   9.9845093e-02  -2.4348228e-02   1.3096634e-01  -4.2708909e-03  -2.8260595e-03  -3.2499252e-04
   9.5843107e-02   5.4944604e-02   1.2022091e-01  -4.5818775e-03  -3.2618327e-03  -3.7853616e-04
   9.7383444e-02   1.9789667e-02   1.4183504e-01  -4.7409327e-03  -2.8944752e-03  -4.3701008e-04
   9.8234128e-02  -1.1737078e-02   1.5938470e-01  -4.1935681e-03  -2.7869087e-03  -2.5094030e-04
   9.7264125e-02   5.0916495e-02   1.7759692e-01  -4.4777768e-03  -3.0109263e-03  -2.8598803e-04
   1.0049133e-01   7.4878411e-02   1.6418891e-01  -5.1854260e-03  -3.0907171e-03  -4.4380187e-04
   8.7431458e-02  -1.1091993e-02   1.1383172e-01  -4.4159106e-03  -3.0217561e-03  -3.8284904e-04
   1.0884452e-01   1.6139620e-02   1.2382312e-01  -4.0135803e-03  -3.1521934e-03  -2.8771364e-04
   1.1034226e-01   9.0483082e-02   1.6282505e-01  -5.1815310e-03  -3.4551256e-03  -4.7671076e-04
   1.0369397e-01   4.5723413e-05   1.6116036e-01  -4.8381616e-03  -3.0583608e-03  -6.2751341e-04
   1.0967658e-01  -6.5418135e-03   1.2713656e-01  -4.3924559e-03  -3.3480467e-03  -4.9130168e-04
   1.2681692e-01   1.0461604e-01   1.7562724e-01  -5.2628467e-03  -3.3769341e-03  -3.0166071e-04
   1.4353785e-01   1.2710332e-02   1.8542943e-01  -4.8552545e-03  -3.3773274e-03  -2.6058197e-04
   1.3825010e-01  -1.6000860e-02   1.7013428e-01  -4.7675090e-03  -3.3170621e-03  -3.3658128e-04
   1.3551915e-01  -3.2849966e-02   1.6601174e-01  -4.4745061e-03  -2.9687557e-03  -3.7033652e-04
   1.3136782e-01   7.3504555e-02   1.6919964e-01  -4.9064711e-03  -3.1919005e-03  -3.3969285e-04
   1.3404871e-01   1.2147469e-02   1.8789485e-01  -5.0889946e-03  -2.9651798e-03  -4.4302741e-04
   1.3154811e-01  -5.3453592e-02   1.5999600e-01  -4.5976678e-03  -3.0201820e-03  -4.7682086e-04
   1.0677711e-01   9.6382666e-02   1.5453659e-01  -5.2099892e-03  -2.8281866e-03  -7.7088602e-04
   1.2779979e-01   1.2517496e-02   1.7190543e-01  -5.0613051e-03  -3.2182737e-03  -4.0648810e-04
   1.1678347e-01  -2.8690205e-02   1.4539551e-01  -4.2331490e-03  -3.0529341e-03  -4.4443835e-04
   9.5904607e-02  -4.5738065e-02   1.3845364e-01  -4.0025634e-03  -3.0246287e-03  -4.3935147e-04
   1.1535614e-01   8.2307312e-02   1.6555320e-01  -4.8323936e-03  -3.2399028e-03  -4.4205274e-04
   1.1237570e-01  -4.2453742e-02   1.3584600e-01  -4.3603399e-03  -3.2739598e-03  -6.6760970e-04
   9.2547305e-02  -3.2505886e-02   1.2611785e-01  -3.8782466e-03  -3.0933572e-03  -3.9613068e-04
   1.1820160e-01   9.1955538e-02   1.7181279e-01  -4.6457189e-03  -3.2887625e-03  -4.9335879e-04
   1.1288471e-01  -5.0293789e-02   1.3634261e-01  -4.3583259e-03  -3.3981443e-03  -4.9917569e-04
   1.0953107e-01   9.4529367e-03   1.1819562e-01  -4.1892656e-03  -3.3403849e-03  -3.4066438e-04
   1.2281983e-01   7.2333852e-02   1.7030552e-01  -4.4521530e-03  -3.1496367e-03  -4.1646206e-04
   1.2073711e-01  -6.4323758e-02   1.4982172e-01  -3.7424661e-03  -3.3683915e-03  -4.8404578e-04
   1.1938124e-01   6.5717216e-02   1.6562251e-01  -4.5271054e-03  -3.4040964e-03  -4.5146570e-04
   1.2699016e-01  -1.8480888e-02   1.5889750e-01  -3.6500034e-03  -3.1279006e-03  -6.0825534e-04
   1.0666636e-01  -1.1316920e-02   1.8867330e-01  -3.5922922e-03  -2.8767930e-03  -1.8016010e-04
   1.1825066e-01   6.7451447e-03   2.1234773e-01  -4.3617822e-03  -3.1180508e-03  -4.5356726e-04
   1.1415998e-01   9.8699018e-02   2.0470820e-01  -5.3072554e-03  -3.3225549e-03  -5.9199850e-04
   1.0993245e-01   1.9947098e-02   1.8067873e-01  -4.6856265e-03  -2.9575162e-03  -6.6462112e-04
   1.0620853e-01  -1.5796113e-02   1.7516179e-01  -4.1918015e-03  -3.1509728e-03  -4.1541660e-04
   1.0920210e-01   4.2315023e-02   1.7931281e-01  -4.8478678e-03  -3.4790811e-03  -4.7529185e-04
   1.1882076e-01   2.4182947e-03   1.7237489e-01  -4.6012103e-03  -3.2628590e-03  -6.1003713e-04
   1.1688249e-01  -4.0876732e-02   1.5552363e-01  -4.0969214e-03  -3.3499317e-03  -5.1031059e-04
   1.0309097e-01   2.1216464e-03   1.1743555e-01  -4.0498652e-03  -3.3621157e-03  -5.3723843e-04
   1.1716576e-01   3.0765914e-02   1.5037117e-01  -4.2569070e-03  -3.2374404e-03  -5.6259391e-04
   1.0342398e-01  -7.1668035e-02   1.1121505e-01  -3.5465031e-03  -3.2025012e-03  -3.7834538e-04
   1.1655887e-01   8.3457264e-02   1.4839319e-01  -4.4660644e-03  -3.4747498e-03  -3.4151347e-04
   9.9617414e-02   3.5998681e-03   1.9565019e-01  -4.2301006e-03  -2.7888111e-03  -4.8055412e-04
   9.9952825e-02  -1.8632151e-02   1.8297271e-01  -3.8807226e-03  -2.9305571e-03  -1.5873075e-04
   1.1973932e-01   7.0682846e-02   1.9464138e-01  -4.7363200e-03  -3.3818469e-03  -2.2796782e-04
   1.1169062e-01   4.1209516e-02   1.8924557e-01  -4.5214123e-03  -3.2790665e-03  -4.9764975e-04
   1.1870337e-01   1.7885132e-02   1.4476730e-01  -4.1852416e-03  -3.5468426e-03  -2.2157823e-04
   1.2127180e-01   1.1963182e-01   1.5834720e-01  -4.3268445e-03  -3.8064046e-03  -7.1468906e-05
   1.1661063e-01  -5.7026716e-04   1.4433832e-01  -3.7963651e-03  -3.4068320e-03  -1.7468708e-04
   1.1641740e-01  -4.6809496e-02   1.1130707e-01  -3.8000924e-03  -3.5528554e-03  -1.8982467e-04
   1.2452578e-01   3.4744113e-02   9.3530812e-02  -3.8771117e-03  -3.8244234e-03  -1.1367558e-04
   1.3192921e-01   3.1416664e-02   1.2861785e-01  -4.0745728e-03  -3.7381319e-03  -1.5913499e-04
   1.1904636e-01  -1.3781606e-02   1.0576012e-01  -3.7452092e-03  -3.5143985e-03  -1.6356993e-04
   1.2104337e-01  -2.1224454e-02   7.6787857e-02  -3.5107215e-03  -3.5416498e-03  -1.7378202e-04
   1.2628685e-01   7.0839829e-02   1.1309056e-01  -4.2551329e-03  -3.8644464e-03  -1.2363877e-04
   1.2062254e-01   2.4622351e-02   9.5561564e-02  -4.0792017e-03  -3.5402888e-03  -3.3721109e-04
   1.2153512e-01  -5.1789992e-02   9.0984778e-02  -3.6942823e-03  -3.9608646e-03  -1.3167874e-04
   1.1124330e-01   2.9256517e-02   9.4413204e-02  -3.9250439e-03  -3.5962203e-03  -2.8524420e-04
   1.2691491e-01   2.0568135e-02   1.0766316e-01  -4.1016755e-03  -3.8406002e-03  -1.8604953e-04
   1.0929595e-01  -2.0876395e-02   9.3304341e-02  -3.8365169e-03  -3.7561756e-03  -1.7177512e-04
   1.1897960e-01   7.8837928e-03   1.0390079e-01  -3.8219747e-03  -3.5234550e-03  -9.7198399e-05
   1.2585799e-01   8.2052054e-02   1.3067667e-01  -4.4158046e-03  -3.7480906e-03  -3.2887637e-04
   1.2576787e-01  -3.5114238e-03   1.0510715e-01  -3.8636996e-03  -3.9499770e-03  -2.7615265e-04
   1.2735193e-01   8.0579997e-02   1.2634330e-01  -4.3767358e-03  -4.2695444e-03  -1.1271567e-04
   1.3228949e-01   2.6259501e-02   1.4740283e-01  -4.5765886e-03  -3.9455084e-03  -1.4970289e-04
   1.2158787e-01  -5.2607251e-02   1.3754339e-01  -3.7710194e-03  -3.8721601e-03  -2.1651414e-04
   1.3016560e-01  -3.0988616e-02   1.2557108e-01  -3.8398394e-03  -3.8862657e-03  -7.0020950e-05
   1.2864807e-01   6.7051913e-02   1.4857530e-01  -4.3423970e-03  -4.1022773e-03  -9.8866507e-06
   1.1935414e-01  -4.7348114e-04   1.7140294e-01  -4.1007317e-03  -3.5669726e-03  -1.8452672e-04
   1.1815884e-01  -4.6796914e-02   1.5582830e-01  -3.6925377e-03  -3.9003391e-03   3.9196881e-05
   1.0308305e-01   6.3302554e-02   1.9617170e-01  -4.3025170e-03  -3.9832819e-03  -6.9846245e-05
   1.0335721e-01  -3.1399375e-02   1.8284657e-01  -3.8440018e-03  -3.7025746e-03  -6.7696826e-05
   9.3214180e-02   4.8040414e-02   1.7712572e-01  -4.2290368e-03  -4.0737317e-03  -2.8467679e-04
   4.5440727e-02   3.9579416e-02   2.1877021e-01  -4.4382696e-03  -4.0070966e-03  -9.4497003e-04
   6.2621718e-02   1.0160808e-02   1.7750294e-01  -4.0607532e-03  -4.5544929e-03  -6.4504027e-04
   6.5616687e-02   1.1228597e-01   2.0518929e-01  -4.6651596e-03  -4.8919584e-03  -4.5471797e-04
   4.7187663e-02   3.2942918e-02   1.9350387e-01  -3.6243595e-03  -4.4988997e-03  -4.0173859e-04
   3.3292277e-02  -2.9271613e-02   1.8289833e-01  -3.8045558e-03  -4.5342411e-03  -5.3870816e-04
   2.8061677e-02   5.6126626e-02   1.9856565e-01  -4.4368341e-03  -4.6729140e-03  -5.7694825e-04
   4.7015248e-02   1.2157737e-02   2.0774946e-01  -4.7167272e-03  -4.6534870e-03  -4.3978701e-04
   5.0899208e-02  -6.0755300e-02   1.7438001e-01  -4.1816689e-03  -4.5544740e-03  -4.3466247e-04
   5.0955025e-02   1.1763819e-02   1.4595319e-01  -4.1608760e-03  -4.6592741e-03  -3.7302597e-04
   5.4074445e-02   3.5902457e-02   1.7547407e-01  -4.4027650e-03  -4.7348589e-03  -3.9837814e-04
   4.7058635e-02  -2.3102389e-02   1.3625053e-01  -3.7496937e-03  -4.4676750e-03  -4.5387475e-04
   6.4050332e-02   1.1807274e-01   1.5920276e-01  -5.3171815e-03  -4.5576248e-03  -2.8270867e-04
   6.2756587e-02  -2.1750184e-01   1.7940991e-01  -4.3132778e-03  -4.5498297e-03  -1.5725575e-04
   6.8985759e-02   9.1119330e-02   2.0056851e-01  -5.0246465e-03  -5.2191497e-03  -8.2496512e-05
   5.9622025e-02   1.5473866e-02   2.0712742e-01  -4.8482930e-03  -4.8263280e-03  -2.6471917e-04
   5.8643336e-02  -4.0144819e-02   1.8929489e-01  -4.3580546e-03  -4.8147982e-03  -1.2926244e-04
   5.8420960e-02   9.6487318e-03   2.0740466e-01  -4.8146009e-03  -4.8476996e-03  -1.6364407e-04
   5.3345659e-02   4.2233334e-03   2.0604207e-01  -4.7205228e-03  -4.5327320e-03  -4.0094580e-04
   3.5029519e-02  -2.9004406e-02   1.8468954e-01  -4.1720922e-03  -4.4150938e-03  -3.2149257e-04
   2.9255734e-02   3.6329353e-02   1.8598764e-01  -4.4386279e-03  -4.6780782e-03  -1.5112804e-04
   2.3552381e-02   1.2783827e-02   1.9048780e-01  -4.6889889e-03  -4.5996361e-03  -2.1508810e-04
   1.0019513e-02  -3.9162667e-02   1.6913553e-01  -4.2845895e-03  -4.4105600e-03  -1.3800102e-04
   1.1046308e-02   7.0964372e-02   1.6717049e-01  -4.7661883e-03  -4.7670102e-03  -1.8885040e-04
   1.1386170e-02   3.1183411e-02   2.0185420e-01  -5.2831507e-03  -4.7231790e-03  -3.2616455e-04
   3.0516923e-03   1.0054261e-02   1.5637886e-01  -4.7807290e-03  -4.5611845e-03  -1.8920388e-04
   1.3094030e-02   1.1270408e-01   1.9479594e-01  -5.2991757e-03  -4.7719542e-03  -4.6705893e-05
  -3.5296295e-04   2.3734847e-02   1.6670603e-01  -5.0040556e-03  -4.1660889e-03  -1.9730708e-04
   5.4831491e-03  -2.4413104e-02   1.3947329e-01  -4.5729193e-03  -4.4091340e-03  -3.1261853e-05
   1.9586293e-03   6.3239751e-02   1.6612758e-01  -5.0129983e-03  -4.5393856e-03  -1.1027759e-04
  -5.3988359e-03   7.3772603e-03   1.9555057e-01  -4.9957716e-03  -4.3406954e-03  -2.0894979e-04
   6.2263091e-03  -4.7355327e-02   1.8927036e-01  -4.4084534e-03  -4.4790830e-03   2.2287879e-05
   7.1103204e-03   7.1207173e-02   2.1632074e-01  -5.0807866e-03  -4.6909021e-03  -1.0878484e-04
   4.5541573e-03   8.2307977e-02   2.3913163e-01  -5.8330982e-03  -4.8673718e-03  -1.4334394e-04
   4.5542761e-03   2.6189712e-02   2.4143727e-01  -5.3688114e-03  -4.5383076e-03  -2.0268078e-04
