   1.1421318e-14   0.0000000e+00   0.0000000e+00  -1.9080566e-89   0.0000000e+00   0.0000000e+00
   4.3109023e-03   4.9400594e-02   2.4487400e-02  -4.7744366e-04   1.9890669e-04   4.7680346e-05
   1.1891284e-02   2.0848368e-02   9.4439060e-03  -2.9859286e-04  -1.3793439e-04   1.9254890e-04
   2.1286055e-02   1.1348889e-02  -1.9452150e-02  -2.9812136e-04  -2.4532660e-04   3.8022436e-04
   1.6787076e-02   2.3830548e-02  -1.9716468e-02  -2.8535670e-04  -1.0696515e-04   3.6508492e-04
   2.1333632e-02   1.3311490e-02  -1.4087616e-02  -1.2857514e-04  -3.3393185e-04   5.6650595e-04
   4.3937236e-02   1.2362025e-01  -1.3355214e-01   3.2415517e-03  -1.3045063e-03   2.1855297e-03
   3.5272700e-01   1.8227572e-01  -4.7680977e-01   3.0212685e-02  -4.2432599e-03   1.6566823e-02
   3.6050073e-01   1.6863921e-01  -4.1793296e-01   2.8734357e-02  -3.8320638e-03   1.6799838e-02
   3.9826257e-01   1.7291413e-01  -3.9767147e-01   2.8424452e-02  -3.9078387e-03   1.7604638e-02
   4.1170401e-01   1.7256134e-01  -3.7611641e-01   2.8435914e-02  -3.6818207e-03   1.7877867e-02
   4.1856199e-01   1.3668998e-01  -3.6869374e-01   2.7781946e-02  -3.4221839e-03   1.8324037e-02
   4.2839533e-01   1.5354684e-01  -3.6729753e-01   2.7684163e-02  -3.3230337e-03   1.8572394e-02
   4.4335046e-01   1.8516815e-01  -3.7425206e-01   2.7421936e-02  -3.3157250e-03   1.8944434e-02
   4.8991026e-01   2.0082414e-01  -4.4416911e-01   2.9900572e-02  -3.1549134e-03   2.0356488e-02
   5.0456106e-01   1.4856093e-01  -4.4216268e-01   2.8808126e-02  -2.6354836e-03   2.0973406e-02
   5.4741703e-01   1.6246779e-01  -4.5417043e-01   2.8960723e-02  -2.2463486e-03   2.2363903e-02
   5.6483577e-01   1.6234302e-01  -4.3123701e-01   2.8610376e-02  -2.1824252e-03   2.2929701e-02
   5.5515934e-01   1.8097572e-01  -4.0601854e-01   2.8010543e-02  -2.3474330e-03   2.2984961e-02
   5.6653299e-01   1.8980682e-01  -3.9520821e-01   2.7507761e-02  -2.0700409e-03   2.3283675e-02
   5.9570842e-01   2.1074283e-01  -4.0004600e-01   2.6998675e-02  -1.9361191e-03   2.3765497e-02
   6.0782864e-01   2.0327559e-01  -3.9929281e-01   2.7088680e-02  -1.9837186e-03   2.4124846e-02
   6.1782206e-01   1.8014410e-01  -3.8693890e-01   2.7127286e-02  -1.7889572e-03   2.4322324e-02
   6.3831780e-01   2.0655981e-01  -3.8332945e-01   2.7009398e-02  -1.9197091e-03   2.4626032e-02
   6.4784073e-01   1.8770797e-01  -3.7592753e-01   2.7206860e-02  -2.0642706e-03   2.4848866e-02
   9.4232273e-01   2.5439530e-01  -5.4508839e-01   3.9798917e-02  -2.9103812e-03   3.7516262e-02
   8.6600676e-01   2.6747004e-01  -4.1943522e-01   3.6252772e-02  -3.7746413e-03   3.6291258e-02
   8.4322000e-01   2.1025915e-01  -3.9822607e-01   3.5353217e-02  -3.7479798e-03   3.5416708e-02
   8.3807925e-01   2.3210689e-01  -3.8576597e-01   3.4999951e-02  -3.2850917e-03   3.5084408e-02
   8.3675196e-01   2.3167263e-01  -3.8702147e-01   3.3888574e-02  -3.8772156e-03   3.4857667e-02
   8.2740532e-01   2.0951552e-01  -3.8251578e-01   3.3304661e-02  -4.0530891e-03   3.4744884e-02
   8.2986399e-01   2.1559962e-01  -3.6553800e-01   3.2940551e-02  -4.1946619e-03   3.4835240e-02
   8.2798239e-01   2.6835258e-01  -3.3768617e-01   3.2806604e-02  -3.9078041e-03   3.4920546e-02
   8.2248156e-01   2.1851476e-01  -3.4418878e-01   3.2569915e-02  -3.8639749e-03   3.4773330e-02
   8.1221095e-01   2.0925175e-01  -3.5814190e-01   3.2438907e-02  -3.8647321e-03   3.4569586e-02
   8.0880275e-01   2.0137036e-01  -3.5004430e-01   3.2472900e-02  -4.0027810e-03   3.4381645e-02
   8.1369076e-01   2.1066143e-01  -3.4316390e-01   3.2360776e-02  -3.8783554e-03   3.4658160e-02
   8.1220764e-01   2.0847591e-01  -3.4739748e-01   3.2356511e-02  -3.7480366e-03   3.4622558e-02
   8.1340165e-01   2.1616675e-01  -3.4762018e-01   3.2392482e-02  -3.8453879e-03   3.4551589e-02
   8.1610032e-01   1.8474126e-01  -3.3192000e-01   3.2072098e-02  -4.1095726e-03   3.4585939e-02
   8.1292991e-01   2.0235551e-01  -3.2544331e-01   3.2130551e-02  -4.2167138e-03   3.4498391e-02
   8.1289768e-01   2.3617372e-01  -3.2298009e-01   3.1495839e-02  -4.1506287e-03   3.4582059e-02
   8.2355408e-01   2.0134077e-01  -3.1011893e-01   3.1170332e-02  -4.1749907e-03   3.4683543e-02
   8.2123406e-01   1.8663589e-01  -2.4726191e-01   3.0434938e-02  -4.4207353e-03   3.4658693e-02
   8.3241911e-01   1.8229927e-01  -2.3863747e-01   2.9921685e-02  -4.6343584e-03   3.4582108e-02
   8.2229886e-01   2.0044493e-01  -2.1611631e-01   2.9462150e-02  -4.5078663e-03   3.4463318e-02
   8.2635048e-01   2.1575291e-01  -2.2446426e-01   2.9054115e-02  -4.5830133e-03   3.4463847e-02
   8.2640549e-01   2.4587162e-01  -2.1947503e-01   2.9147691e-02  -4.5715502e-03   3.4516896e-02
   8.2975020e-01   2.0727002e-01  -2.1695174e-01   2.9287673e-02  -4.7327804e-03   3.4452504e-02
   8.3518852e-01   2.0829634e-01  -2.1535856e-01   2.9392651e-02  -4.8730682e-03   3.4546952e-02
   8.2478625e-01   1.9672549e-01  -2.2485286e-01   2.9324438e-02  -4.7954764e-03   3.4321961e-02
   8.2478052e-01   2.0705311e-01  -2.3451735e-01   2.9259893e-02  -4.6934505e-03   3.4374222e-02
   8.2758732e-01   2.1277301e-01  -2.3235071e-01   2.9277758e-02  -4.7186051e-03   3.4362116e-02
   8.2289045e-01   2.2465173e-01  -2.4281376e-01   2.9221279e-02  -4.6927877e-03   3.4106145e-02
   8.2817772e-01   2.2513421e-01  -2.5050029e-01   2.8882928e-02  -4.6377067e-03   3.4124477e-02
   8.4569972e-01   1.9349095e-01  -2.6414990e-01   2.9047267e-02  -4.8354806e-03   3.4464663e-02
   8.5507536e-01   2.1534707e-01  -2.6400465e-01   2.9097470e-02  -4.8906043e-03   3.4733767e-02
   7.9183937e-01   2.0004362e-01  -2.6198589e-01   2.8800578e-02  -4.6596146e-03   3.4330990e-02
   7.9831835e-01   2.5972706e-01  -2.5316995e-01   2.8643435e-02  -4.2604167e-03   3.4555811e-02
   8.1897309e-01   2.1151508e-01  -2.6326433e-01   2.8551250e-02  -4.3101377e-03   3.4834161e-02
   8.2600297e-01   2.1790754e-01  -2.7079957e-01   2.8728069e-02  -4.3432738e-03   3.4956294e-02
   8.1886789e-01   2.3629757e-01  -2.8335412e-01   2.8960822e-02  -4.3926988e-03   3.4922619e-02
   8.3100232e-01   2.3778461e-01  -2.8009362e-01   2.8743840e-02  -4.0515708e-03   3.5221743e-02
   8.4237812e-01   2.5738423e-01  -2.7233635e-01   2.8520383e-02  -4.0455307e-03   3.5231636e-02
   8.4696194e-01   2.3758733e-01  -2.8444483e-01   2.8371887e-02  -4.0685637e-03   3.5329536e-02
   8.5862087e-01   2.3472189e-01  -2.9562536e-01   2.8478640e-02  -4.0123733e-03   3.5513528e-02
   8.5353540e-01   2.5794805e-01  -3.0033705e-01   2.8769581e-02  -4.1125840e-03   3.5265485e-02
   8.6712130e-01   2.2810246e-01  -2.9786802e-01   2.8482301e-02  -4.7584069e-03   3.5548615e-02
   8.8045897e-01   2.2385949e-01  -3.1717656e-01   2.8418875e-02  -4.3829859e-03   3.5847227e-02
   8.7196467e-01   2.4198631e-01  -3.1968797e-01   2.8529552e-02  -4.1428639e-03   3.5529455e-02
   8.9790969e-01   2.6464395e-01  -3.0528069e-01   2.8159426e-02  -4.3984220e-03   3.6037734e-02
   9.0546203e-01   2.3821789e-01  -2.8442849e-01   2.8307202e-02  -4.5504708e-03   3.6156813e-02
   9.0412111e-01   2.2296092e-01  -2.8868349e-01   2.8178538e-02  -4.5075795e-03   3.6049814e-02
   9.0598411e-01   2.0595183e-01  -2.9821184e-01   2.8090974e-02  -4.4089744e-03   3.6022277e-02
   9.1167466e-01   2.2066824e-01  -2.8937678e-01   2.8207925e-02  -4.6675784e-03   3.6183593e-02
   9.1946758e-01   2.5364472e-01  -2.9365508e-01   2.8274208e-02  -4.7809442e-03   3.6378450e-02
   9.3128336e-01   2.1099643e-01  -2.9891329e-01   2.8239416e-02  -4.7193992e-03   3.6434359e-02
   9.2883258e-01   2.2397747e-01  -3.0116804e-01   2.7893181e-02  -4.5659551e-03   3.6284814e-02
   9.2781929e-01   2.6153863e-01  -2.9009628e-01   2.7653470e-02  -4.5687436e-03   3.6231265e-02
   9.4096544e-01   1.7906412e-01  -3.0124788e-01   2.7767074e-02  -4.9343873e-03   3.6420512e-02
   9.3988188e-01   1.9795439e-01  -3.0394484e-01   2.8087415e-02  -5.0118971e-03   3.6295074e-02
   9.4765694e-01   2.3059454e-01  -2.9338429e-01   2.8051433e-02  -4.9864799e-03   3.6489298e-02
   9.5059322e-01   2.3355681e-01  -2.8810610e-01   2.7920969e-02  -5.1520548e-03   3.6571516e-02
   9.6301786e-01   2.4133911e-01  -2.7181522e-01   2.7370243e-02  -5.4524078e-03   3.6717437e-02
   9.6770081e-01   2.2189281e-01  -2.6763925e-01   2.7226868e-02  -5.4549697e-03   3.7022882e-02
   9.6224212e-01   2.2132084e-01  -2.7078330e-01   2.7187830e-02  -5.6200770e-03   3.7004811e-02
   9.6598235e-01   2.3622459e-01  -2.7346638e-01   2.7082466e-02  -5.5595513e-03   3.7065306e-02
   9.7628645e-01   2.2508759e-01  -2.6169945e-01   2.7115745e-02  -5.5942901e-03   3.7109721e-02
   9.8615525e-01   2.1241728e-01  -2.6763117e-01   2.7234291e-02  -5.7292848e-03   3.7142842e-02
   9.8524531e-01   2.1660268e-01  -2.6999610e-01   2.7173883e-02  -5.9182165e-03   3.7129933e-02
   9.8967767e-01   2.3815076e-01  -2.6089161e-01   2.7251261e-02  -5.8479100e-03   3.7211116e-02
   9.8868793e-01   2.1556558e-01  -2.6973373e-01   2.7160226e-02  -5.8696392e-03   3.7206924e-02
   9.8762187e-01   2.3165137e-01  -2.7092384e-01   2.7055741e-02  -5.9147820e-03   3.7123126e-02
   9.9943150e-01   2.2959444e-01  -2.7196191e-01   2.7080355e-02  -6.0962179e-03   3.7262717e-02
   1.0140242e+00   2.2386429e-01  -2.7427591e-01   2.7103318e-02  -6.1910353e-03   3.7494185e-02
   1.0063427e+00   2.2797517e-01  -2.7532840e-01   2.6963091e-02  -6.1861693e-03   3.7437690e-02
   1.0033342e+00   1.9949005e-01  -2.4483169e-01   2.6845679e-02  -6.2105968e-03   3.7458527e-02
   1.0053722e+00   1.8949457e-01  -2.5658642e-01   2.6329764e-02  -5.9375972e-03   3.7565329e-02
   1.0067858e+00   2.3222062e-01  -2.6000943e-01   2.6247019e-02  -6.0022488e-03   3.7575059e-02
   1.0138368e+00   2.1957558e-01  -2.6936695e-01   2.6365765e-02  -5.9031694e-03   3.7467507e-02
   1.0184904e+00   1.9819686e-01  -2.6198024e-01   2.6564337e-02  -5.8683572e-03   3.7522577e-02
   1.0131313e+00   2.2049950e-01  -2.5279511e-01   2.6505765e-02  -5.8186864e-03   3.7372457e-02
   1.0188018e+00   2.3345342e-01  -2.5612505e-01   2.6445189e-02  -6.0516525e-03   3.7514646e-02
   1.0223400e+00   2.1368025e-01  -2.6704973e-01   2.6570593e-02  -5.9530730e-03   3.7511718e-02
   1.0232944e+00   2.4270838e-01  -2.7465509e-01   2.6536929e-02  -6.2251586e-03   3.7434230e-02
   1.0087790e+00   2.1332298e-01  -2.7145276e-01   2.6259714e-02  -6.2906262e-03   3.6926519e-02
   1.0085250e+00   2.1865223e-01  -2.5789486e-01   2.6472847e-02  -6.5967537e-03   3.6940086e-02
   1.0267877e+00   2.2243561e-01  -2.4956530e-01   2.7121787e-02  -6.8674507e-03   3.7356458e-02
   1.0365893e+00   2.4293632e-01  -2.3698588e-01   2.6981398e-02  -6.9387297e-03   3.7364689e-02
   1.0386007e+00   1.9974943e-01  -2.3444672e-01   2.7163682e-02  -7.3300985e-03   3.7627581e-02
   1.0281257e+00   2.1149123e-01  -2.4581397e-01   2.6927448e-02  -7.2095903e-03   3.7482449e-02
   1.0250714e+00   2.1358044e-01  -2.3731043e-01   2.6417434e-02  -7.1159472e-03   3.7406341e-02
   1.0337828e+00   2.0562717e-01  -2.3600534e-01   2.6403143e-02  -7.0240510e-03   3.7469126e-02
   1.0504927e+00   2.1572924e-01  -2.2946726e-01   2.6527004e-02  -7.0773529e-03   3.7671188e-02
   1.0498735e+00   1.9415916e-01  -2.3526079e-01   2.6651690e-02  -7.1310983e-03   3.7599873e-02
   1.0545738e+00   1.9775488e-01  -2.2978068e-01   2.6779155e-02  -7.2208545e-03   3.7556453e-02
   1.0567756e+00   2.0114817e-01  -2.2673868e-01   2.6981971e-02  -7.3709177e-03   3.7569190e-02
   1.0548685e+00   2.0636176e-01  -2.2770007e-01   2.6556336e-02  -7.4104436e-03   3.7600186e-02
   1.0458532e+00   2.0673841e-01  -2.2510095e-01   2.6422555e-02  -7.5161200e-03   3.7487955e-02
   1.0398089e+00   2.2291645e-01  -2.4849061e-01   2.6699392e-02  -7.5834075e-03   3.7349513e-02
   1.0439603e+00   2.0701343e-01  -2.3252678e-01   2.6447653e-02  -7.7896192e-03   3.7587350e-02
   1.0410695e+00   2.1674881e-01  -2.3515853e-01   2.6512847e-02  -7.8982317e-03   3.7591061e-02
   1.0289408e+00   2.2829705e-01  -2.2024221e-01   2.6260459e-02  -8.1490273e-03   3.7342555e-02
   1.0418713e+00   2.3442454e-01  -2.0863683e-01   2.6030462e-02  -8.3617965e-03   3.7617774e-02
   1.0452040e+00   2.1420088e-01  -2.0373374e-01   2.5673860e-02  -8.4012464e-03   3.7696083e-02
   1.0473266e+00   2.2252351e-01  -2.1447838e-01   2.5769142e-02  -8.4138401e-03   3.7790086e-02
   1.0541160e+00   2.1957547e-01  -2.1880932e-01   2.5792187e-02  -8.4255297e-03   3.7772601e-02
   1.0544707e+00   2.1608306e-01  -2.2416711e-01   2.5776728e-02  -8.4831101e-03   3.7708680e-02
   1.0509300e+00   2.4015288e-01  -2.2333668e-01   2.5857844e-02  -8.4970384e-03   3.7561925e-02
   1.0510186e+00   2.3579206e-01  -2.3272320e-01   2.5814849e-02  -8.4205694e-03   3.7530857e-02
   1.0505777e+00   2.4137558e-01  -2.1921049e-01   2.5863057e-02  -8.4533538e-03   3.7463465e-02
   1.0449614e+00   2.3565689e-01  -2.1046760e-01   2.5970909e-02  -8.8125631e-03   3.7319645e-02
   1.0424130e+00   1.8422832e-01  -2.4484376e-01   2.5839131e-02  -9.3197700e-03   3.7147434e-02
   1.0497294e+00   1.9705861e-01  -2.2761232e-01   2.5768876e-02  -9.4389381e-03   3.7385801e-02
   1.0549864e+00   1.9707239e-01  -2.2267915e-01   2.5602584e-02  -9.2105683e-03   3.7515088e-02
   1.0591472e+00   1.8870389e-01  -2.0847250e-01   2.5061713e-02  -9.1281603e-03   3.7555635e-02
   1.0709045e+00   2.4464527e-01  -1.7450159e-01   2.4731580e-02  -9.2499603e-03   3.7772954e-02
   1.0812511e+00   2.0376147e-01  -2.0275041e-01   2.4663742e-02  -9.1816347e-03   3.7879010e-02
   1.0756266e+00   2.2189463e-01  -2.1138241e-01   2.4502056e-02  -9.2068349e-03   3.7669654e-02
   1.0763230e+00   2.1942556e-01  -2.0528501e-01   2.4398512e-02  -8.9910232e-03   3.7523737e-02
   1.0764142e+00   2.2735849e-01  -2.0550123e-01   2.4219779e-02  -8.9704849e-03   3.7606386e-02
   1.0789363e+00   2.3642166e-01  -2.1388565e-01   2.4348328e-02  -9.1128948e-03   3.7582820e-02
   1.0816895e+00   2.2116443e-01  -2.1556299e-01   2.4300372e-02  -9.0396913e-03   3.7537580e-02
   1.0846204e+00   2.2096987e-01  -2.0616995e-01   2.4302642e-02  -8.8643914e-03   3.7594341e-02
   1.0841373e+00   2.2318455e-01  -2.0297743e-01   2.4173585e-02  -9.1039177e-03   3.7605296e-02
   1.0905378e+00   2.0954744e-01  -2.1618896e-01   2.4137886e-02  -9.2380594e-03   3.7818765e-02
   1.0851863e+00   2.2033198e-01  -2.0069864e-01   2.4166801e-02  -9.2151011e-03   3.7710547e-02
   1.0803601e+00   2.4039017e-01  -1.9621281e-01   2.3878535e-02  -8.8463361e-03   3.7474672e-02
   1.0689933e+00   2.0687038e-01  -1.7974843e-01   2.2966774e-02  -8.8512481e-03   3.7304067e-02
   1.0701655e+00   2.0445344e-01  -1.6288702e-01   2.2903583e-02  -8.9352399e-03   3.7468221e-02
   1.0685257e+00   2.1446116e-01  -1.6018970e-01   2.2760549e-02  -9.0176016e-03   3.7339661e-02
   1.0821939e+00   2.2433623e-01  -1.6023798e-01   2.2996455e-02  -8.9503636e-03   3.7593400e-02
   1.0772143e+00   2.0736556e-01  -1.5875091e-01   2.2732259e-02  -9.1169827e-03   3.7418613e-02
   1.0776737e+00   2.0658644e-01  -1.7420564e-01   2.2885179e-02  -9.1193610e-03   3.7375172e-02
   1.0795834e+00   2.3215147e-01  -1.6936708e-01   2.3017404e-02  -9.1973347e-03   3.7472862e-02
   1.0828359e+00   2.0144891e-01  -1.5967882e-01   2.2952855e-02  -9.2237487e-03   3.7303142e-02
   1.0808075e+00   1.9974800e-01  -1.5912262e-01   2.2878298e-02  -9.0903898e-03   3.7261144e-02
   1.0872806e+00   2.1503749e-01  -1.7849920e-01   2.3225329e-02  -8.9266784e-03   3.7276483e-02
   1.1018552e+00   2.4592024e-01  -1.8656794e-01   2.2174106e-02  -9.0601864e-03   3.7697088e-02
   1.1199010e+00   1.9161200e-01  -2.0350232e-01   2.2121177e-02  -9.0748839e-03   3.7923802e-02
   1.1197838e+00   2.0300628e-01  -2.1327902e-01   2.1895631e-02  -9.1558343e-03   3.8115815e-02
   1.1042962e+00   2.1351541e-01  -2.3281578e-01   2.1569645e-02  -9.1990244e-03   3.7954348e-02
   1.1101308e+00   2.1947560e-01  -2.2595247e-01   2.1431375e-02  -9.1239810e-03   3.8038762e-02
   1.1165830e+00   2.1886257e-01  -2.4976352e-01   2.1407993e-02  -9.0875513e-03   3.7954190e-02
   1.1125737e+00   2.3189055e-01  -2.5838005e-01   2.1485751e-02  -9.1136668e-03   3.7787769e-02
   1.1222283e+00   2.4905132e-01  -2.5225268e-01   2.1578801e-02  -8.9060462e-03   3.8063214e-02
   1.1184568e+00   2.5103669e-01  -2.5860291e-01   2.1424724e-02  -9.0100462e-03   3.7874504e-02
   1.1275061e+00   2.3178672e-01  -2.7675847e-01   2.1405632e-02  -9.1593709e-03   3.7978204e-02
   1.1317455e+00   2.4044351e-01  -2.8502137e-01   2.1813398e-02  -9.2076994e-03   3.7983180e-02
   1.1287504e+00   2.4270665e-01  -2.7764664e-01   2.2028355e-02  -9.2960785e-03   3.7852250e-02
   1.1375829e+00   2.1279931e-01  -2.9056251e-01   2.2301044e-02  -9.2193698e-03   3.8100498e-02
   1.1404496e+00   2.3907890e-01  -2.9274734e-01   2.2199532e-02  -9.2470665e-03   3.8210352e-02
   1.1556630e+00   2.5669346e-01  -2.8499969e-01   2.2242010e-02  -9.4591821e-03   3.8501609e-02
   1.1610604e+00   2.2563050e-01  -2.8737700e-01   2.2314026e-02  -1.0059012e-02   3.8466129e-02
   1.1529831e+00   2.2979239e-01  -2.9902894e-01   2.2068583e-02  -1.0012957e-02   3.8347399e-02
   1.1483252e+00   2.4748357e-01  -2.8971728e-01   2.1955997e-02  -9.9157157e-03   3.8335450e-02
   1.1557696e+00   2.7372767e-01  -3.0846759e-01   2.2179547e-02  -9.8833307e-03   3.8359558e-02
   1.1611237e+00   2.6701879e-01  -3.0038977e-01   2.2212715e-02  -9.9203203e-03   3.8372728e-02
   1.2030089e+00   2.2972604e-01  -3.8353361e-01   2.5272976e-02  -1.0298456e-02   3.9581267e-02
   1.2324467e+00   2.5794953e-01  -4.1784425e-01   2.7435569e-02  -1.0505535e-02   4.0357617e-02
   1.2183532e+00   2.4090702e-01  -3.8377720e-01   2.6412905e-02  -1.0444392e-02   3.9965005e-02
   1.2180897e+00   2.4343875e-01  -3.7747326e-01   2.6115725e-02  -1.0322527e-02   3.9885196e-02
   1.2139819e+00   2.4666908e-01  -3.6903358e-01   2.5594523e-02  -1.0273113e-02   3.9769640e-02
   1.2052319e+00   2.5454799e-01  -3.7731558e-01   2.5090507e-02  -1.0217858e-02   3.9545272e-02
   1.2144048e+00   2.6242457e-01  -3.9885468e-01   2.5268623e-02  -1.0469343e-02   3.9568721e-02
   1.2459795e+00   2.8142412e-01  -4.2401336e-01   2.6041563e-02  -1.0253828e-02   4.0057445e-02
   1.2309809e+00   2.1722707e-01  -4.0726942e-01   2.5847640e-02  -1.0134079e-02   3.9941679e-02
   1.2220986e+00   2.0570255e-01  -3.8846916e-01   2.5749537e-02  -1.0120962e-02   3.9687228e-02
   1.2348317e+00   2.2212326e-01  -3.7837640e-01   2.5507727e-02  -1.0065758e-02   3.9815583e-02
   1.2302570e+00   2.2136950e-01  -3.7149380e-01   2.5129400e-02  -1.0057293e-02   3.9589543e-02
   1.2268504e+00   2.2464058e-01  -3.7081155e-01   2.5052866e-02  -9.9899834e-03   3.9307931e-02
   1.2359676e+00   2.3758460e-01  -4.0536917e-01   2.5741367e-02  -1.0286292e-02   3.9563112e-02
   1.3031389e+00   2.8847151e-01  -8.1771760e-01   4.5971108e-02  -1.0992998e-02   3.8975858e-02
   1.2794881e+00   2.5473489e-01  -6.9616675e-01   4.1194045e-02  -1.1005103e-02   3.8697442e-02
   1.2927950e+00   2.4468480e-01  -6.8162394e-01   3.9439930e-02  -1.0855795e-02   3.8570902e-02
   1.2971929e+00   2.4997631e-01  -6.6099262e-01   3.8260205e-02  -1.0804837e-02   3.8627922e-02
   1.2304503e+00   2.2408585e-01  -5.8056097e-01   3.6999190e-02  -1.1756514e-02   3.7400274e-02
   1.2078336e+00   2.1690924e-01  -4.7702990e-01   3.5920212e-02  -1.1910580e-02   3.6505223e-02
   1.1864820e+00   1.9323007e-01  -4.4926252e-01   3.5222832e-02  -1.1921766e-02   3.6245193e-02
   1.1641657e+00   2.3055971e-01  -4.7190400e-01   3.4249750e-02  -1.1798352e-02   3.6084454e-02
   1.1581495e+00   2.1672386e-01  -4.5327091e-01   3.3908059e-02  -1.1949382e-02   3.6189744e-02
   1.1680581e+00   2.1942833e-01  -4.3578134e-01   3.3766527e-02  -1.2008879e-02   3.6289247e-02
   1.1511565e+00   2.2208480e-01  -4.4030590e-01   3.3368824e-02  -1.2023984e-02   3.6060816e-02
   1.1328613e+00   2.3267718e-01  -4.4263310e-01   3.3330812e-02  -1.1546049e-02   3.5824160e-02
   1.1219984e+00   2.2863342e-01  -4.6196814e-01   3.3336748e-02  -1.1568057e-02   3.5711404e-02
   1.1279632e+00   2.4100903e-01  -4.5702604e-01   3.3412836e-02  -1.1660581e-02   3.5819469e-02
   1.1065045e+00   2.4224582e-01  -4.7384544e-01   3.3319738e-02  -1.1734359e-02   3.5634587e-02
   1.1065762e+00   2.2048854e-01  -4.5865779e-01   3.3522048e-02  -1.2044017e-02   3.5612405e-02
   1.1027472e+00   2.1177423e-01  -4.8220912e-01   3.3864175e-02  -1.2235142e-02   3.5646392e-02
   1.0747077e+00   2.3934625e-01  -4.8243541e-01   3.3063611e-02  -1.2143938e-02   3.5526061e-02
