   0.0000000e+00   0.0000000e+00   0.0000000e+00   0.0000000e+00   0.0000000e+00   0.0000000e+00
   2.3021674e-02   4.0495282e-02  -1.5258872e-02   2.7955789e-04  -1.5045689e-05   1.4742922e-04
   3.1538154e-02   6.1576515e-02   6.7777002e-03   7.9027143e-05  -1.9765339e-05   8.6432372e-05
   1.9232800e-02   2.1089326e-02   1.5538258e-02  -8.0182393e-05   7.0431107e-06   2.3954216e-05
   2.4513943e-02  -1.6585219e-02   2.2688380e-02   5.1764652e-04   1.4138083e-04   2.5252042e-04
   1.3603627e-02  -7.3165326e-03   3.1228423e-02   5.1304267e-04   8.1689842e-05   2.1773241e-04
   1.2967062e-02  -1.2225881e-02   2.1888091e-02   7.1083894e-04   1.8492552e-04   2.6784001e-04
   1.1091930e-02  -5.4846353e-02   3.4220482e-02   4.7850355e-04   2.0873966e-04   3.0400592e-04
   2.5679733e-02  -4.2560671e-02   4.4596569e-02   6.1536455e-04   1.2863604e-04   3.6246790e-04
   1.1454209e-02  -3.2464181e-02   4.3411261e-02   8.5372185e-04   6.0651411e-04   7.4522946e-05
   2.0367467e-02  -4.7046060e-02   1.9176248e-02   5.5198986e-04   4.9784007e-04   2.2733862e-04
   1.6564151e-02  -3.3045176e-03   9.4653258e-03   3.6514208e-04   5.3254505e-04   2.5334888e-04
   1.4086306e-02  -3.5143368e-02   8.4676515e-04   6.2830779e-04   5.7501056e-04   2.1460943e-04
   9.9923320e-03  -4.7532033e-02   1.6392326e-02   4.3566401e-04   5.0060667e-04   2.6252510e-04
   1.1958097e-02  -5.1569801e-02   8.7386865e-03   5.1271622e-04   5.5134186e-04   2.7268069e-04
   9.9113618e-03  -3.2387539e-02  -4.8471176e-03   5.7032393e-04   6.5848049e-04   1.9307479e-04
   9.6944968e-03   8.2826472e-03  -1.2394569e-02   7.8920217e-04   9.3623327e-04   1.6041348e-04
   3.2077031e-04  -4.9884680e-03  -1.8394475e-02   8.8213082e-04   1.1156436e-03   4.2710883e-06
   7.3172352e-03  -4.6654251e-02  -1.9309533e-02   9.6020310e-04   1.1579427e-03   7.2435731e-05
   1.2609076e-02  -2.5089252e-02  -2.2475927e-02   1.3913503e-03   1.1306488e-03   2.2504103e-04
   1.1419612e-02  -1.6795718e-02  -3.1170468e-02   8.8270090e-04   1.3966127e-03   2.2138217e-04
   2.7446431e-02   3.1244962e-02  -2.1501369e-02   8.5337972e-04   1.3608386e-03   3.0380348e-04
   3.7046077e-02  -4.2352138e-02  -1.6785407e-02   8.6693439e-04   1.3031732e-03   3.8656914e-04
   4.3780546e-02  -2.8844232e-02  -2.7123674e-02   8.6730617e-04   1.0825287e-03   4.6276789e-04
   4.2147184e-02  -4.1566275e-02  -3.5375548e-02   6.2821045e-04   1.3147091e-03   4.2332853e-04
   5.4051116e-02  -2.6247055e-02  -4.0929160e-02   1.0416406e-03   1.5288777e-03   5.9058515e-04
   5.7055497e-02  -9.5473802e-03  -5.1640723e-02   1.4468414e-03   1.5460461e-03   6.1898393e-04
   6.0318133e-02  -3.3498056e-03  -3.4351332e-02   9.0863649e-04   1.5042093e-03   5.1956419e-04
   6.4014610e-02   1.0433631e-03  -4.3398986e-02   7.3389211e-04   1.5093221e-03   7.0486386e-04
   5.8234002e-02  -1.7549515e-03  -3.9429456e-02   9.8898157e-04   1.6831315e-03   6.1609367e-04
   4.6215232e-02   1.5591105e-02  -3.1780560e-02   6.9411659e-04   1.8551576e-03   3.6687920e-04
   5.0190723e-02  -1.4918184e-02  -5.8384660e-02   1.0474800e-03   1.5790809e-03   5.3225175e-04
   3.5909783e-02  -4.2416944e-03  -7.3965654e-02   7.2398034e-04   1.6054176e-03   5.2347950e-04
   4.0639935e-02   6.4211499e-02  -5.8137000e-02   7.6140359e-04   1.4942938e-03   5.6735417e-04
   5.3606234e-02   2.9469415e-02  -4.9992499e-02   6.2628189e-04   1.3690580e-03   7.3390547e-04
   5.9351534e-02  -1.5660959e-02  -4.6558118e-02   4.5590193e-04   1.2074504e-03   8.2290210e-04
   6.3995073e-02   9.2124202e-03  -4.5035237e-02   5.3798759e-04   1.1588619e-03   8.0666937e-04
   6.2296076e-02  -2.6840292e-02  -2.4738738e-02   5.1220734e-04   8.9832827e-04   9.0035004e-04
   5.3057386e-02   3.3957876e-02  -3.5559482e-02   4.0488401e-04   9.2743999e-04   7.4208472e-04
   5.0312865e-02   3.9455269e-02  -1.9919986e-02   2.4320439e-04   7.8091136e-04   7.4674375e-04
   4.8861819e-02   1.5482699e-02  -2.0649130e-02   4.4072140e-04   9.4850071e-04   6.7614201e-04
   5.6121536e-02  -2.4529411e-02  -8.8602777e-03   1.8654672e-04   7.5550750e-04   7.2722230e-04
   4.6657686e-02  -1.3310685e-02  -3.6030986e-02   4.5584708e-04   8.5574877e-04   6.1197370e-04
   4.7264065e-02   1.0260484e-02  -4.4393608e-02   7.6280677e-04   9.1295597e-04   7.1713159e-04
   4.4622853e-02   4.9324447e-03  -4.4421160e-02   2.3356111e-04   8.8712871e-04   6.8483104e-04
   4.2347638e-02   5.8222588e-02  -1.0800816e-01   1.5932287e-04   7.4103868e-04   8.0669690e-04
   4.2674447e-02   9.6641129e-03  -6.8579751e-02   3.2688867e-06   4.9047509e-04   1.1175380e-03
   3.5975026e-02  -9.8558146e-03  -6.9751223e-02   1.0279292e-04   6.1903847e-04   1.0245824e-03
   5.3398627e-02   2.8656343e-02  -5.0415371e-02   2.8116543e-04   7.6425239e-04   1.1010688e-03
   6.5083788e-02  -2.5169928e-02  -4.0615503e-02   1.4723919e-04   5.2479120e-04   1.1886169e-03
   7.0124248e-02  -2.8781614e-02  -3.9526193e-02   2.4316413e-05   6.2700767e-04   1.2175986e-03
   7.9944426e-02  -1.4068313e-02  -3.3067619e-02   3.6800186e-04   7.0083479e-04   1.3452861e-03
   8.6250724e-02   3.1237185e-02  -2.0396652e-02   2.6269050e-04   6.5967319e-04   1.3384915e-03
   1.1626498e-01   3.5477513e-02  -5.6716318e-02   2.4054075e-04   8.3156702e-04   1.4832285e-03
   9.8129635e-02  -3.8964272e-02  -6.4182217e-02   1.0097608e-04   7.9993689e-04   1.5524975e-03
   8.2109110e-02   6.4166444e-02  -7.0029441e-02   1.0202462e-04   8.2626893e-04   1.3682217e-03
   7.8282409e-02   3.8696369e-02  -6.9061077e-02   5.2870200e-04   7.5754265e-04   1.3814369e-03
   8.2798379e-02   2.3750607e-02  -5.7254303e-02   5.6123640e-05   8.2612354e-04   1.3991001e-03
   8.6046570e-02   4.0138363e-02  -6.4711847e-02   2.1366257e-04   8.6327706e-04   1.4173996e-03
   8.7229137e-02   5.7180225e-02  -6.0221322e-02  -1.0328174e-04   7.5697900e-04   1.3205846e-03
   9.1792211e-02   1.2136152e-02  -5.7133783e-02  -1.0075811e-04   6.8911701e-04   1.4325974e-03
   7.8657565e-02   3.3168843e-02  -5.8974617e-02  -5.5613775e-05   6.9842592e-04   1.2247286e-03
   7.8146838e-02   2.3543207e-02  -5.5312544e-02   2.7948642e-05   8.2284298e-04   1.3027761e-03
   8.4366337e-02   5.2561702e-02  -4.1682240e-02   3.8321223e-04   9.8867458e-04   1.4126909e-03
   8.8993163e-02   5.2745377e-02  -5.2611668e-02   3.4297376e-04   1.0154160e-03   1.3686265e-03
   8.7995091e-02   6.3942124e-02  -4.7332847e-02   2.3207937e-05   7.5233311e-04   1.3890374e-03
   9.1816635e-02   1.5921576e-01  -1.5211188e-02   9.2965691e-05   6.8150640e-04   1.3759307e-03
   5.3019015e-02  -1.8521702e-02  -1.6604460e-02  -9.4804165e-05   6.3983593e-04   1.0004124e-03
   3.8763560e-02  -9.7544132e-02  -3.8044785e-02   6.1078571e-04   5.1990308e-04   9.8236017e-04
   3.6221965e-02   9.9721236e-02  -1.9683295e-02   8.1713476e-04   6.8360164e-04   1.0154968e-03
   3.5386275e-02   6.7232452e-02  -1.2583009e-02   6.4415444e-04   7.1446412e-04   1.1184628e-03
   1.5013691e-02   1.8044347e-02  -4.9212975e-03   5.6470915e-04   7.0718762e-04   9.7202495e-04
   1.0099995e-02   7.3453444e-03  -2.6074406e-02   3.9627458e-04   8.6315522e-04   8.6911124e-04
   1.4519747e-02   7.5433026e-02  -1.1940086e-02   4.4726350e-04   8.4695099e-04   8.5292374e-04
   2.8736445e-02   2.3699949e-02   1.5181522e-04   4.6422806e-04   8.5430511e-04   9.0778094e-04
   3.1157666e-02   1.4925218e-02   1.1668840e-02   4.0887458e-04   7.6760334e-04   9.0448290e-04
   3.3747944e-02   1.2283720e-03  -2.0952345e-04   4.0189978e-04   8.0403141e-04   8.7938136e-04
   3.6361998e-02   7.9462928e-02  -1.3808154e-03   2.7136723e-04   6.8455633e-04   8.1629893e-04
   3.8542885e-02   2.2856697e-02   2.1000778e-02   2.8796638e-04   6.0375832e-04   9.0904490e-04
   3.4915721e-02   2.6697792e-02   1.0899938e-02  -1.0943046e-05   5.3013940e-04   7.8219561e-04
   3.2282410e-02   4.0579578e-02  -5.2106381e-03   1.0974854e-03   5.2122755e-04   8.7243152e-04
   3.6943442e-02   6.7923776e-02   5.8441697e-03   5.6213824e-05   1.8837483e-04   7.8925882e-04
   3.4214855e-02   7.3482012e-02   1.7575474e-02   1.5884906e-04   2.1932754e-04   9.2700564e-04
   2.8660616e-02   4.5883357e-02   1.2539065e-02   9.2292257e-05   1.4440620e-04   7.5208957e-04
   2.3425824e-02   4.3720015e-02   1.9658132e-02  -1.7839961e-04   2.8924938e-04   7.4964151e-04
   2.1091193e-02   2.0047965e-02   4.1178142e-03  -1.1410600e-05   2.3305803e-04   7.4421149e-04
   3.0837982e-02   9.9026542e-02   7.6734180e-03  -2.2587102e-04   1.5723477e-04   7.0172551e-04
   2.4608214e-02   1.8370810e-02   2.6470664e-02  -1.4219548e-04   2.5114744e-04   6.9836420e-04
   2.2234186e-02   5.2458765e-02   5.7939727e-02  -3.1310627e-04   2.8526823e-04   5.0975285e-04
   2.5769800e-02   2.5885207e-02   7.5114243e-02  -3.3057813e-04   2.7184341e-04   5.1272779e-04
   2.6738699e-02   6.5269214e-02   5.8844173e-02  -4.4186355e-04   1.7055584e-04   5.9761970e-04
   1.3101636e-02   5.3071693e-02   8.3363028e-02  -4.9914752e-04   2.1538090e-04   5.5423040e-04
   1.6191002e-02   6.7557792e-02   7.6050941e-02  -4.1818268e-04   2.4883779e-04   6.3523621e-04
   3.3400683e-02   4.5199130e-02   6.6133696e-02  -2.5642436e-04   2.4936772e-05   7.2625269e-04
   3.8479271e-02   4.9604062e-02   6.5058873e-02  -2.5481758e-04   8.2650039e-05   7.2460309e-04
   4.3888702e-02   8.9971262e-02   7.0169176e-02   2.1045770e-05   2.1809979e-04   6.8263318e-04
   6.1324917e-02   5.0945246e-02   8.3903419e-02  -3.6288748e-04   1.3037023e-04   9.6942748e-04
   5.1461307e-02   3.1187452e-02   7.3697950e-02  -5.7913525e-04   9.8281677e-05   1.0067377e-03
   4.1808295e-02   1.7992064e-02   7.6007870e-02  -1.0727726e-04   1.3292964e-04   8.6778541e-04
   4.6872783e-02   3.3195477e-02   8.8767544e-02  -1.6116953e-04   1.4141734e-04   8.5079330e-04
   5.4217969e-02   5.0583265e-02   9.9377042e-02   1.7092223e-04   1.8405024e-04   8.9090782e-04
   5.5530731e-02   1.3048895e-02   9.6915595e-02   3.1285855e-04   3.1151689e-04   8.7080546e-04
   5.8016100e-02   2.2797602e-02   8.2208970e-02  -8.8964132e-05   2.0753631e-04   8.4188336e-04
   6.1795548e-02   5.4025122e-02   9.9976759e-02  -1.4583823e-05   1.7034622e-04   9.3709628e-04
   5.2233812e-02   2.6521188e-02   9.2101535e-02  -1.7528779e-05   1.9366276e-04   8.6834610e-04
   5.6509483e-02   2.6314937e-02   6.1568120e-02  -5.0408336e-04  -5.5043315e-06   9.3046606e-04
   4.5407629e-02   2.8955837e-02   7.6921192e-02  -3.9950378e-04   6.4224845e-05   8.4471793e-04
   3.8043450e-02   7.9151785e-02   5.6040401e-02   6.5756611e-04   2.7719334e-04   7.9629702e-04
   2.8567362e-02   8.4484641e-02   8.9599991e-02  -7.2811615e-06   2.2694489e-04   6.6636088e-04
   2.5015092e-02   5.4331283e-02   1.0652708e-01  -3.5619919e-05   3.0548044e-04   7.8861190e-04
   2.3073183e-02   3.9527327e-02   1.0445554e-01  -1.9329548e-04   3.1662166e-04   7.6560461e-04
   2.2692018e-02   3.8785921e-02   9.5247672e-02  -1.3912746e-04   4.5870444e-04   7.9255633e-04
   2.4434477e-02  -5.7284986e-03   1.1218291e-01  -7.2121718e-06   3.3060267e-04   7.8662507e-04
   2.2462638e-02   3.8636670e-02   1.1879197e-01   4.0640342e-05   3.4171803e-04   8.1117577e-04
   1.4315479e-02   7.8664015e-03   1.1224253e-01   2.7592490e-04   4.4350892e-04   8.5275347e-04
   1.6442925e-02   4.6334200e-02   1.2143248e-01   9.0598276e-05   4.1555783e-04   8.2523749e-04
   1.1915663e-02   3.8835384e-03   1.2114657e-01   2.8799968e-04   4.8475599e-04   8.1117355e-04
   9.2750478e-03   3.0098825e-02   1.2147532e-01   6.3698795e-05   2.3905678e-04   7.2281164e-04
   1.6787642e-02   5.3668772e-02   1.1015421e-01   2.2682930e-05   2.4505870e-04   8.2726976e-04
   3.0840984e-02   1.5847356e-02   9.1245144e-02   1.8204786e-05   1.6629478e-04   9.3377604e-04
   1.0003278e-02   3.3888262e-02   1.0198218e-01   1.7911177e-04   3.2065505e-04   8.1509008e-04
  -1.1929570e-03   8.1962792e-02   1.2525566e-01   2.2006439e-04   3.8800462e-04   8.0563478e-04
  -1.5358470e-02   2.2476903e-02   1.4491309e-01  -4.3793416e-06   3.7150295e-04   8.7553842e-04
  -2.2549697e-02   5.1654237e-02   1.3428416e-01   6.2880032e-04   6.1802730e-04   9.5582639e-04
  -2.2613535e-02   6.9301670e-02   1.6464209e-01   7.5272841e-04   7.3759638e-04   1.0994251e-03
  -1.2170002e-02   4.8126760e-02   1.4998466e-01   5.8724546e-04   6.5959241e-04   1.0262852e-03
  -5.4822222e-03   7.5933492e-02   1.8678724e-01   2.8887627e-04   6.8261256e-04   1.0472609e-03
  -4.6316363e-03   1.2308490e-02   2.0174139e-01   5.7822871e-04   8.1391722e-04   1.1570439e-03
  -1.1747234e-02   3.9235261e-02   2.2081178e-01   4.3989311e-04   8.4877867e-04   1.1363201e-03
  -1.3741593e-02   2.4750947e-02   2.2119848e-01   9.1033753e-04   9.9450938e-04   1.2766381e-03
  -1.4826562e-02   1.1273473e-02   2.1737852e-01   1.4114049e-03   1.0145061e-03   1.2547352e-03
  -5.5077257e-03   1.9636113e-01   1.7855771e-01  -1.2205396e-03   7.6221070e-04   1.0608042e-03
   7.4903450e-04  -1.3266757e-01   1.1940854e-01  -4.9960471e-04   1.0604752e-03   1.0894410e-03
  -1.4749798e-02   4.8478001e-02   9.5927172e-02   8.2577165e-04   1.3666717e-03   9.9185553e-04
  -1.4592414e-02   1.3240342e-01   1.5142601e-01  -2.2688798e-04   1.2608082e-03   1.0417664e-03
  -1.8080833e-02   4.4096894e-02   1.6141094e-01  -1.2362695e-04   1.3071196e-03   1.0788509e-03
  -1.0915342e-02   4.1441990e-02   1.8232179e-01  -7.4371236e-04   1.3241324e-03   9.8792561e-04
  -9.7509939e-03   3.4997647e-02   1.8358392e-01  -4.4767246e-04   1.3597470e-03   9.5968502e-04
  -2.1171204e-02   6.9516669e-02   1.7137598e-01   1.7906800e-04   1.3967203e-03   9.9210411e-04
  -7.7661005e-03   7.2540481e-02   2.0291528e-01  -1.9948730e-04   1.3512905e-03   1.0744307e-03
  -1.2845708e-02   1.6403490e-02   1.9301643e-01  -7.4875701e-05   1.2450090e-03   1.0198281e-03
  -1.5261959e-02   5.8460818e-02   2.0248257e-01   1.4624669e-04   1.3147427e-03   1.1423149e-03
  -2.2342034e-02   7.1745472e-02   2.2646618e-01  -2.6139903e-04   1.4475530e-03   9.8346969e-04
  -1.4106115e-03   5.5861742e-02   1.9726693e-01  -2.3676780e-04   1.3671608e-03   1.0107093e-03
   2.3527844e-03   7.5489226e-02   2.2976356e-01  -2.2290412e-04   1.2037370e-03   1.1844471e-03
   1.1352021e-02   7.7278752e-02   2.2953797e-01  -2.4481999e-04   1.2388380e-03   1.2663573e-03
   1.4828862e-02   7.8638548e-02   2.4658483e-01   2.0446200e-04   1.3720417e-03   1.3531697e-03
   1.9366986e-02   1.0157672e-01   2.2920651e-01  -2.0078718e-04   1.2557095e-03   1.2362707e-03
   1.9398138e-02   3.2798273e-01   2.9830184e-01  -2.0153543e-03   1.3061225e-03   5.8328566e-04
   4.4294329e-02  -2.2372453e-01   2.7601249e-01   1.7294952e-04   1.1528361e-03   1.0975695e-03
   5.9341687e-02   2.0587299e-02   3.1655689e-01   1.2520310e-03   1.0591101e-03   1.1810034e-03
   7.5361597e-02   5.9194692e-03   3.1669673e-01   1.6139320e-03   1.2350226e-03   1.2970839e-03
   8.3378802e-02   8.1380506e-02   3.5970565e-01   1.3004769e-03   1.0711024e-03   1.3951704e-03
   9.0648159e-02   4.6106689e-02   3.8488371e-01   1.4981531e-03   1.1898736e-03   1.4307247e-03
   9.4440335e-02   1.1192224e-02   3.8809308e-01   1.5492610e-03   1.2155681e-03   1.4573015e-03
   1.0146339e-01   1.8034741e-02   3.7718628e-01   1.6048047e-03   1.1074190e-03   1.4866750e-03
   1.0985679e-01   6.5280081e-02   3.8564943e-01   1.5174506e-03   1.1838761e-03   1.6044912e-03
   9.9868521e-02   2.7176844e-02   3.7149104e-01   1.4573643e-03   1.2049996e-03   1.5283401e-03
   8.6078228e-02   7.9376385e-03   3.6524011e-01   1.0845562e-03   1.2018493e-03   1.4705393e-03
   9.2546831e-02   3.6503263e-02   3.4820992e-01   2.2414698e-03   7.3577816e-04   2.0802683e-03
   1.0285470e-01   1.4145420e-01   4.1082361e-01   1.8648468e-03   4.9545855e-04   2.1070408e-03
   1.0626723e-01  -3.6378159e-02   3.9120759e-01   2.4962368e-03   5.4265798e-04   2.0905012e-03
   1.0951037e-01   1.0078960e-02   3.9466589e-01   1.7970953e-03   5.0041693e-04   1.9613699e-03
   1.2195603e-01   2.8397817e-02   4.1162423e-01   1.5245357e-03   5.2602452e-04   2.0298107e-03
   1.1867091e-01   2.7104782e-02   4.0502331e-01   1.8453493e-03   3.4686621e-04   1.9624821e-03
   1.1273971e-01   4.9797877e-02   3.9214310e-01   1.8703569e-03   4.0552926e-04   1.9539695e-03
   1.0772253e-01   6.1871410e-02   3.9532777e-01   2.2168145e-03   6.6319107e-04   2.1470672e-03
   1.1177662e-01   7.2860386e-02   3.7952059e-01   2.2035778e-03   6.2633802e-04   2.1449402e-03
   1.0975684e-01   6.7183919e-02   4.2663664e-01   1.7655050e-03   5.2008214e-04   2.1576007e-03
   1.0883639e-01   3.7630495e-02   4.2271633e-01   2.0693479e-03   5.1339765e-04   2.1270134e-03
   1.0882257e-01   6.2783390e-02   4.2243893e-01   2.3437010e-03   8.4438724e-04   2.0681855e-03
   1.0675315e-01  -7.0299346e-03   4.4237217e-01   2.3235650e-03   6.9670657e-04   2.1887641e-03
   1.1563238e-01   8.2846176e-02   4.4865673e-01   2.1417988e-03   5.1062974e-04   2.2364265e-03
   1.1561953e-01   4.8915669e-02   4.2602226e-01   2.5538764e-03   7.0138850e-04   2.2989245e-03
   1.2031009e-01   1.1440392e-02   4.2645117e-01   2.4423788e-03   5.7770041e-04   2.4887159e-03
   1.2150275e-01   8.1370860e-02   4.1672213e-01   2.4248658e-03   4.2082070e-04   2.3701241e-03
   1.3763832e-01   7.4887896e-02   4.4002156e-01   2.0841990e-03   2.7411294e-04   2.4320795e-03
   1.4353812e-01   3.2816249e-02   4.6940151e-01   1.6197159e-03   3.7280347e-04   2.3591155e-03
   1.4231699e-01   6.6313528e-02   4.7886551e-01   1.8185958e-03   4.6826268e-04   2.3830825e-03
   1.3735590e-01   1.9702487e-02   4.9899340e-01   2.0953732e-03   5.4749264e-04   2.4525719e-03
   1.3382243e-01   6.9511053e-02   5.0751222e-01   1.6372219e-03   5.0227875e-04   2.3046870e-03
   1.3933276e-01   2.3981859e-02   4.9706285e-01   2.0557162e-03   4.0573213e-04   2.4595053e-03
   1.2627233e-01   3.8497029e-02   4.9582814e-01   1.5151420e-03   5.3973007e-04   2.3145889e-03
   1.2686302e-01   3.9852218e-02   3.9737695e-01   1.5440720e-03   4.4191538e-04   2.0928116e-03
   1.2074328e-01   8.8888629e-02   3.9743016e-01  -4.8080531e-04   1.1141288e-04   1.6069325e-03
   1.1475680e-01   6.1521841e-03   3.7473176e-01   1.7369926e-04   5.2775680e-05   1.6827644e-03
   1.1241175e-01   3.2578670e-02   3.9514589e-01   5.2403504e-04   2.8607829e-04   1.7609477e-03
   1.0253841e-01   9.2624800e-02   4.4527236e-01   4.7950236e-04   5.6500848e-04   1.4761850e-03
   1.0237563e-01   2.5262266e-02   4.7905249e-01   6.5136471e-05   3.1902594e-04   1.4155020e-03
   1.0342814e-01   2.0158976e-02   4.5065947e-01  -8.2182569e-06   4.9977058e-04   1.4701102e-03
   1.0884755e-01   2.2920241e-02   4.2991832e-01   7.1397110e-04   4.3048357e-04   1.6651227e-03
   9.8612984e-02   7.6858173e-02   4.7825208e-01   2.4710220e-04   2.4336720e-04   1.5813535e-03
   9.9496466e-02   5.5034964e-02   5.0036025e-01   3.1773858e-04   2.9360796e-04   1.5933714e-03
   8.9843247e-02   5.6509514e-02   5.2831131e-01   7.3836589e-04   6.5285028e-04   1.7205458e-03
   8.2447764e-02   5.0460023e-02   5.5270488e-01   7.3993982e-04   6.0230051e-04   1.6673975e-03
   7.6336810e-02   5.5891512e-02   5.5502752e-01   9.8230158e-04   6.9344156e-04   1.5778317e-03
   8.0719933e-02   3.0429957e-02   5.4994117e-01   1.1285004e-03   5.2817193e-04   1.7178929e-03
   8.7974601e-02   6.7196569e-02   5.5674673e-01   1.0090147e-03   4.8920091e-04   1.5910438e-03
   1.0571434e-01   6.3274901e-02   5.4913523e-01   1.9112894e-03   3.5839164e-04   1.8967292e-03
   1.0407574e-01   4.6581992e-02   5.6618157e-01   1.5023114e-03   5.5397794e-04   1.8124843e-03
   1.0586285e-01   7.2731555e-02   5.7146747e-01   1.2978808e-03   6.2781722e-04   1.8662225e-03
   9.0240850e-02   5.0064889e-02   6.1003775e-01   1.3716704e-03   6.0378103e-04   1.8163866e-03
   9.7446715e-02   7.1861997e-02   6.1784267e-01   7.3799119e-04   4.2753709e-04   1.6239476e-03
   1.0230962e-01   2.9173080e-02   6.3410650e-01   8.6744222e-04   3.5020139e-04   1.5384850e-03
   1.1210304e-01   7.2273257e-02   6.3310388e-01   1.4077841e-03   5.6048756e-04   1.5988370e-03
   1.1441960e-01   4.2262365e-02   6.5016775e-01   1.0454789e-03   5.4011511e-04   1.6342818e-03
   1.2548420e-01   9.7670399e-02   6.4474903e-01   1.1838560e-03   2.9067974e-04   1.7185851e-03
   1.2220994e-01   3.2125937e-02   6.4805025e-01   9.1061984e-04   6.8707384e-04   1.7570579e-03
   1.2451135e-01   3.7074288e-02   6.6602681e-01   9.8306847e-04   6.5652605e-04   1.8197542e-03
   1.1091247e-01   3.5637831e-02   6.4890976e-01   8.3169599e-04   7.9003645e-04   1.6820856e-03
