   0.0000000e+00   0.0000000e+00   7.1054274e-15   0.0000000e+00   0.0000000e+00   0.0000000e+00
   4.4247503e-02   1.9824890e-05  -2.9797603e-02  -9.6024015e-04   3.9232752e-04   8.4142254e-04
   5.2161247e-02   1.1250658e-01  -3.7607462e-02  -1.1207735e-03  -8.4343483e-05   1.5646314e-03
   5.9035296e-02   1.3130372e-01  -2.0970824e-02  -8.9644431e-04  -1.2605977e-04   2.2324627e-03
   7.2633334e-02   1.0209181e-01   1.3516372e-02  -1.0963154e-03   2.6626753e-05   3.1200192e-03
   8.2882906e-02   6.3772628e-02   1.5619984e-02  -1.4831797e-03  -6.4129870e-05   3.4948806e-03
   9.6353003e-02   6.5639687e-02   2.1585254e-03  -1.5662435e-03  -1.2810212e-04   3.5078095e-03
   1.4209983e-01   5.9439087e-03  -1.9163248e-02  -1.5875833e-03  -4.3362337e-04   3.9599501e-03
   2.5179241e-01  -2.3963582e-01  -1.5314975e-01  -1.4220610e-03  -2.0952874e-03   5.8477283e-03
   2.1957572e-01  -1.2225884e-01  -1.8907055e-02  -3.3995196e-03  -2.2911252e-03   6.6463576e-03
   2.1054297e-01  -7.7092867e-03  -9.2182853e-03  -2.8490560e-03  -1.8815945e-03   7.4103960e-03
   1.9749572e-01   1.9055246e-02  -2.2289965e-02  -2.5619189e-03  -1.6086649e-03   7.4020681e-03
   2.0201515e-01  -1.1628399e-03  -7.8376868e-03  -2.9213866e-03  -1.2614434e-03   6.6169910e-03
   1.9716745e-01   2.5785266e-03  -6.3867689e-03  -2.7567997e-03  -1.5176030e-03   6.7799649e-03
   1.9346459e-01   9.1792848e-02  -3.3852902e-02  -1.7390779e-03  -8.4131527e-04   5.8536478e-03
   1.7973632e-01   2.7625827e-02  -4.7874244e-03  -2.4553703e-03  -9.0010225e-04   6.2001746e-03
   1.6856275e-01   6.2274301e-02   7.0605837e-03  -2.6618623e-03  -8.8555526e-04   6.1135926e-03
   1.6578048e-01   2.2115624e-02   8.8877898e-03  -2.8347692e-03  -9.5948918e-04   6.0876596e-03
   1.4707073e-01   8.4769758e-02   1.6356219e-02  -3.0332501e-03  -1.1471605e-03   5.7866635e-03
   1.6973054e-01   4.8623563e-02   2.9797162e-02  -3.1055790e-03  -8.4332473e-04   6.2302306e-03
   1.9198273e-01  -4.3355875e-02  -6.8562153e-02  -2.2488613e-03  -1.0188980e-03   6.2201664e-03
   1.8566366e-01   2.8911637e-02  -6.4843127e-02  -2.1753837e-03  -1.3665556e-03   6.3734325e-03
   1.6096984e-01  -1.7995527e-03   2.6955962e-02  -3.0461646e-03  -1.1932121e-03   6.0879246e-03
   1.5507594e-01   5.7310041e-02   3.3714406e-02  -2.9383227e-03  -1.4145945e-03   5.8021290e-03
   1.5038625e-01   5.1937294e-02   5.1387095e-02  -3.6107477e-03  -1.2722117e-03   5.7080588e-03
   1.5060219e-01   2.0786460e-02   6.3933189e-02  -4.0003441e-03  -1.1871816e-03   5.8198072e-03
   1.2680167e-01   4.1519320e-02   9.0881463e-02  -4.1907656e-03  -1.2595182e-03   5.3047412e-03
   1.0541948e-01   6.5814227e-02   1.2813041e-01  -4.3128169e-03  -1.5561951e-03   4.8468952e-03
   1.0241544e-01   8.1510219e-02   1.2015953e-01  -4.5637912e-03  -1.3058634e-03   4.6833348e-03
   1.0901805e-01   6.0705471e-02   1.0944320e-01  -4.6852214e-03  -9.8785901e-04   4.8257486e-03
   1.1860092e-01   4.6149574e-02   1.0361761e-01  -4.6018971e-03  -1.2207888e-03   5.1932922e-03
   1.1004661e-01   5.6189220e-02   1.2014299e-01  -4.3715922e-03  -1.1429646e-03   5.2439969e-03
   9.3042906e-02   7.3441289e-02   1.3740397e-01  -4.0462408e-03  -8.0951042e-04   4.9286469e-03
   9.5778112e-02   1.2161318e-01   1.4834124e-01  -3.6851871e-03  -6.6119245e-04   5.0061103e-03
   8.4965585e-02   4.9367373e-02   1.7965996e-01  -4.1886018e-03  -7.6080034e-04   4.7580487e-03
   9.0787276e-02   5.1543491e-02   1.7369748e-01  -4.0761370e-03  -7.1289844e-04   4.9343846e-03
   7.5212454e-02   1.3708022e-01   1.8432090e-01  -4.1226707e-03  -5.2451176e-04   4.5594364e-03
   8.0256096e-02   1.1911467e-01   1.7242859e-01  -4.1641161e-03  -3.1620001e-04   4.8494716e-03
   8.6443809e-02   1.0546562e-01   1.8589008e-01  -4.2152674e-03  -1.8473970e-04   5.2171369e-03
   8.5166291e-02   1.1623157e-01   2.0138083e-01  -4.0821613e-03  -1.0336193e-04   5.2464056e-03
   9.0234492e-02   7.7421585e-02   1.8977703e-01  -4.0384719e-03  -1.7787454e-04   5.1779667e-03
   8.5504462e-02   1.1069291e-01   1.9879114e-01  -4.1714501e-03  -5.5920109e-05   5.1042699e-03
   8.4448831e-02   1.2167620e-01   2.1175716e-01  -4.2610090e-03  -3.4533553e-04   4.8046319e-03
   9.1389258e-02   1.1399258e-01   2.1918608e-01  -4.4377614e-03  -2.3558430e-04   4.8704610e-03
   9.8497410e-02   8.9107077e-02   2.0486954e-01  -4.3679593e-03  -3.0105044e-04   5.0406790e-03
   9.9769170e-02   7.3748059e-02   2.0220552e-01  -4.3108978e-03  -7.2610328e-05   4.9986689e-03
   9.5629744e-02   1.2262993e-01   2.0726723e-01  -4.3726356e-03   2.6428376e-05   4.8766820e-03
   1.1271423e-01   1.2992717e-01   1.2171315e-01  -2.1372218e-03   4.9317571e-04   4.9867234e-03
   1.3279024e-01   9.5613288e-03   1.5923587e-01  -2.8159503e-03   8.7884979e-04   5.2006754e-03
   1.4316991e-01  -3.5066246e-02   1.8498706e-01  -2.9053661e-03   1.3871031e-03   4.8320146e-03
   1.2855524e-01   8.7323829e-02   2.2644895e-01  -3.6276073e-03   9.9924908e-04   5.2289320e-03
   1.2930118e-01   9.3500582e-02   2.1590652e-01  -3.6109471e-03   9.9803166e-04   5.1283069e-03
   1.3246253e-01   8.8303458e-02   2.0573801e-01  -3.0121409e-03   1.1108096e-03   5.0947233e-03
   1.2653151e-01   7.3164926e-02   2.1310349e-01  -3.1177669e-03   8.5377091e-04   5.2280957e-03
   1.2654736e-01   9.4242804e-02   2.1542193e-01  -3.5434056e-03   8.8016152e-04   5.2288037e-03
   1.1663179e-01   1.3670415e-01   2.3610188e-01  -3.6323216e-03   8.0101959e-04   4.9855421e-03
   1.1580327e-01   1.1217814e-01   2.5180974e-01  -3.7754006e-03   6.9631013e-04   4.8558907e-03
   1.2988852e-01   8.6780992e-02   2.3275884e-01  -3.6838732e-03   7.4430674e-04   5.2452154e-03
   1.0871695e-01   1.8417881e-01   2.6606545e-01  -3.9397787e-03   1.0760775e-03   5.0034069e-03
   1.2848601e-01   1.0512197e-01   2.4362553e-01  -3.6001978e-03   1.2491631e-03   5.4319189e-03
   1.3368391e-01   1.2784055e-01   2.5818117e-01  -3.3457453e-03   1.4621209e-03   5.6679681e-03
   1.1680819e-01   1.7481187e-01   2.6712196e-01  -3.7209480e-03   1.2844074e-03   5.4516465e-03
   1.1453787e-01   1.3832099e-01   2.7767576e-01  -3.4491936e-03   1.3270142e-03   5.3404794e-03
   1.0912493e-01   9.6514305e-02   2.3278992e-01  -3.3242424e-03   1.2723628e-03   5.1778553e-03
   1.3659055e-01   1.3486484e-01   3.1482164e-01  -4.0667887e-03   2.5682731e-03   5.8944067e-03
   1.6325712e-01   1.1592618e-01   2.1870067e-01  -4.0533050e-03   1.9691239e-03   6.5527833e-03
   1.6160171e-01   7.7450360e-02   1.9649988e-01  -3.2183680e-03   1.8628705e-03   6.6635092e-03
   1.7523258e-01   7.2019850e-02   2.4226509e-01  -3.8677922e-03   1.6918677e-03   6.5515613e-03
   1.9438876e-01   9.1375284e-02   2.3034635e-01  -3.4660369e-03   1.9020212e-03   7.0890194e-03
   1.8565904e-01   1.3453415e-01   2.2932809e-01  -3.6411549e-03   2.0729984e-03   6.8974589e-03
   1.8924881e-01   9.1621351e-02   2.3318935e-01  -3.6551073e-03   2.0193157e-03   6.9217922e-03
   2.4049186e-01  -4.4529829e-02   2.3937066e-02  -2.1318550e-03   1.4928900e-03   6.8890152e-03
   2.7730975e-01   1.0706060e-01   5.4084939e-02  -2.6272151e-03   1.0179801e-03   7.4471479e-03
   2.5472633e-01   8.1970975e-02   1.1215269e-01  -3.1189969e-03   1.5580112e-03   7.2239489e-03
   2.6046403e-01   5.5314774e-02   1.6107552e-01  -3.6844337e-03   1.9448681e-03   6.9477183e-03
   2.3141541e-01   9.9226998e-02   1.6673072e-01  -4.1454556e-03   1.6996170e-03   6.6132415e-03
   2.0314966e-01   1.0175029e-01   1.6683412e-01  -3.8930892e-03   1.9081335e-03   6.2839858e-03
   1.9010817e-01   1.1126303e-01   1.6969245e-01  -3.4689608e-03   2.0340902e-03   6.2450927e-03
   1.8331876e-01   1.2014136e-01   1.7891719e-01  -3.2413227e-03   2.0019630e-03   5.9740455e-03
   1.8033728e-01   1.2949615e-01   1.9139714e-01  -3.7396904e-03   1.8943662e-03   5.9688494e-03
   2.0263089e-01   1.3646600e-01   1.7681395e-01  -3.3843678e-03   2.2692496e-03   6.6185002e-03
   2.0914731e-01   1.2065412e-01   1.5884496e-01  -3.1787059e-03   2.4756714e-03   6.9944582e-03
   2.0616240e-01   1.4565402e-01   1.7894457e-01  -3.1320089e-03   2.3196316e-03   7.0020998e-03
   1.9153448e-01   1.0027105e-01   2.0549229e-01  -3.3335910e-03   2.0234665e-03   6.4164561e-03
   2.0573698e-01   1.0901597e-01   2.0339651e-01  -3.3127883e-03   2.1871442e-03   6.4255801e-03
   1.9775089e-01   1.0770930e-01   2.0826355e-01  -3.3377077e-03   2.1308256e-03   6.1526894e-03
   1.7239007e-01   1.3997294e-01   2.1923824e-01  -3.3250193e-03   1.8985733e-03   5.5679409e-03
   1.7980368e-01   1.0233436e-01   2.2299529e-01  -3.1892008e-03   2.0109357e-03   5.5889391e-03
   1.7556066e-01   1.3562768e-01   2.0472083e-01  -2.7780794e-03   2.3128951e-03   5.3091393e-03
   1.9271225e-01   7.9604918e-02   2.1144030e-01  -3.3833739e-03   2.5179249e-03   6.1711396e-03
   1.9324586e-01   1.3261954e-01   2.0575509e-01  -3.2442825e-03   2.3276520e-03   6.2447209e-03
   1.9370801e-01   1.3282699e-01   2.3277659e-01  -3.0145653e-03   2.3499674e-03   6.2213121e-03
   1.8511984e-01   1.0218106e-01   2.3080913e-01  -2.7918942e-03   2.1850251e-03   5.8683201e-03
   1.7558943e-01   1.3837497e-01   2.0868985e-01  -2.2604555e-03   2.4661334e-03   5.7255410e-03
   1.9654334e-01   1.6068311e-01   1.7932041e-01  -2.3717380e-03   2.2818579e-03   5.9272044e-03
   2.1629567e-01   1.2392171e-01   1.9191405e-01  -3.0219110e-03   2.1028555e-03   6.5675085e-03
   2.2129002e-01   1.4572471e-01   2.0176861e-01  -3.0829768e-03   2.0549606e-03   6.6918052e-03
   2.2779352e-01   1.4362601e-01   1.9846865e-01  -2.8203245e-03   2.2373951e-03   6.8407188e-03
   2.3541742e-01   1.4101496e-01   1.8337687e-01  -2.4738042e-03   2.1567608e-03   6.8966606e-03
   2.1150919e-01   1.4155147e-01   2.0977551e-01  -3.0923804e-03   2.0600737e-03   6.5537971e-03
   1.9744426e-01   1.1467195e-01   2.0053543e-01  -2.1370300e-03   2.1914463e-03   6.2027882e-03
   2.0556702e-01   7.7156441e-02   2.2073036e-01  -2.6833781e-03   1.7490994e-03   6.1243736e-03
   2.0771450e-01   1.3235278e-01   2.1759674e-01  -3.2257068e-03   2.0000567e-03   6.2250326e-03
   1.8566724e-01   1.6680865e-01   1.9286691e-01  -2.4674708e-03   1.9920800e-03   5.8237608e-03
   2.0062115e-01   1.2701209e-01   2.0576972e-01  -2.7098981e-03   2.0130664e-03   6.3603068e-03
   2.1167233e-01   1.4340173e-01   1.9488126e-01  -2.6383486e-03   2.2198000e-03   6.7808050e-03
   2.9823423e-01   2.2434242e-02   5.4428079e-04   3.1269666e-04   1.8453370e-03   7.6067969e-03
   2.8128247e-01   2.1209823e-01   1.0236901e-01  -7.9789716e-04   1.7416088e-03   7.9624822e-03
   3.0251638e-01   1.4717799e-01   1.3675502e-01  -9.6127483e-04   2.1183189e-03   8.1952456e-03
   3.0829498e-01   1.4249702e-01   1.3905725e-01  -1.0126076e-03   1.8605013e-03   8.1153920e-03
   3.0933196e-01   1.1576114e-01   1.4003133e-01  -1.0256443e-03   2.1012055e-03   8.1433588e-03
   2.9906260e-01   1.7997870e-01   1.5010967e-01  -1.0402001e-03   2.1467609e-03   8.1607183e-03
   3.0511211e-01   1.2019027e-01   1.8220437e-01  -1.7045947e-03   2.4635656e-03   8.4173378e-03
   3.2007323e-01   1.2674753e-01   1.7164196e-01  -1.7570732e-03   2.6688474e-03   8.8120446e-03
   3.2545780e-01   1.4956068e-01   1.5856053e-01  -1.3837487e-03   2.6750312e-03   8.9033091e-03
   3.1858409e-01   1.4985129e-01   1.7002433e-01  -1.5022193e-03   2.7274889e-03   8.7868428e-03
   3.2209936e-01   1.4069498e-01   1.8185443e-01  -1.9189030e-03   2.4829752e-03   8.8284685e-03
   3.2112761e-01   1.1584431e-01   1.9732925e-01  -2.0424031e-03   2.6517062e-03   8.7828193e-03
   3.1945112e-01   1.5000314e-01   1.7451648e-01  -1.4342222e-03   2.6929546e-03   8.8958087e-03
   3.3890143e-01   1.2295700e-01   1.6605811e-01  -1.5117154e-03   2.5301794e-03   9.2773305e-03
   3.3440390e-01   1.9727910e-01   1.6615158e-01  -1.7287291e-03   2.7229066e-03   9.2293644e-03
   3.4140579e-01   1.8025816e-01   1.7237788e-01  -1.3650193e-03   2.5325519e-03   9.3703600e-03
   3.4375813e-01   1.4581357e-01   1.9973277e-01  -1.3756469e-03   2.5291449e-03   9.1128246e-03
   3.7179657e-01   1.2510047e-01   1.7165664e-01  -1.1372910e-03   2.8385979e-03   9.6403871e-03
   3.7135974e-01   1.5808716e-01   1.6754376e-01  -1.0312827e-03   2.9481043e-03   9.5558666e-03
   3.6431101e-01   1.6157525e-01   1.6349668e-01  -8.8828120e-04   2.8262637e-03   9.5348242e-03
   4.2163618e-01  -1.8870113e-03   8.1415396e-02   7.2911643e-04   3.4861294e-03   1.0731886e-02
   4.2507972e-01   2.7554943e-01   1.5736533e-01  -6.0018990e-04   3.1764136e-03   1.0787915e-02
   4.2649789e-01   1.2472571e-01   1.6715837e-01   1.8263224e-04   3.2355932e-03   1.0797291e-02
   4.4088041e-01   1.3638845e-01   1.6696590e-01   3.8490379e-04   3.6110410e-03   1.0950046e-02
   4.3445435e-01   1.1714013e-01   1.4548182e-01   4.5611460e-04   3.7515590e-03   1.0548323e-02
   4.3162724e-01   9.9032985e-02   1.3926499e-01  -1.0297884e-03   3.7902899e-03   1.0431411e-02
   4.5679553e-01   3.9925198e-02   7.7510691e-02   5.6891876e-04   3.3517128e-03   1.1212220e-02
   4.2553331e-01  -5.1823068e-02   1.0906280e-01  -1.6941035e-03   3.1442031e-03   1.0243747e-02
   4.6258873e-01  -1.4686617e-01   6.2016242e-02  -5.8762869e-04   2.6575645e-03   1.0654398e-02
   5.0395531e-01  -1.9152347e-01   9.6463111e-02  -2.7065342e-04   2.8482868e-03   1.1354760e-02
   5.0906030e-01   3.7645804e-02   1.6091431e-01  -1.0526064e-03   2.3381875e-03   1.1268186e-02
   4.8236932e-01  -1.5722120e-01   1.5561156e-01  -1.3337349e-03   2.3971896e-03   1.0648738e-02
   4.7511725e-01  -9.4294788e-02   1.5119160e-01  -1.8926939e-03   2.9313525e-03   1.0360793e-02
   5.0801918e-01  -1.8351615e-01   1.8313778e-01  -1.7506109e-03   3.2715514e-03   1.0662134e-02
   4.8368297e-01   8.1064068e-03   1.5715468e-01  -1.8198064e-03   3.3229252e-03   1.0563968e-02
   5.1897444e-01  -1.3971362e-01   1.8651430e-01  -1.4170050e-03   4.0991712e-03   1.1090448e-02
   5.2348499e-01  -1.5162550e-02   1.6729625e-01  -1.4604671e-03   4.6720984e-03   1.1325726e-02
   5.1470947e-01  -2.3184139e-02   1.4458789e-01  -1.1460198e-03   4.3183091e-03   1.1061216e-02
   5.1820533e-01  -8.9831303e-02   1.6039547e-01  -1.7625201e-03   4.2881141e-03   1.0328492e-02
   5.3383577e-01  -1.1412340e-01   1.9233845e-01  -3.0879216e-03   4.2763788e-03   1.0772859e-02
   5.1923776e-01  -2.2738423e-02   1.9497119e-01  -3.0675105e-03   4.1622638e-03   1.1219886e-02
   4.3112610e-01  -2.9429749e-02   2.2537579e-01  -2.1158742e-03   3.1799779e-03   9.4342144e-03
   4.2914209e-01  -8.0359632e-02   2.3636046e-01  -2.4841064e-03   2.8779499e-03   9.1154203e-03
   4.5094079e-01  -1.8161040e-02   1.9984663e-01  -2.5759125e-03   3.3937785e-03   9.5015681e-03
   5.1428491e-01  -1.3608801e-01   1.2575033e-01  -1.5766096e-03   3.3744884e-03   1.0372162e-02
   5.2737444e-01  -5.4849714e-02   1.6264799e-01  -2.1963022e-03   3.3226587e-03   1.0686723e-02
   5.7063280e-01  -7.2043904e-02   1.9709043e-01  -3.0072701e-03   3.0317145e-03   1.1657702e-02
   5.8392802e-01  -1.3768215e-01   2.1281058e-01  -2.9507924e-03   3.6493916e-03   1.1674180e-02
   5.5640911e-01  -7.6750188e-02   2.2703593e-01  -3.0474300e-03   3.3864964e-03   1.1405128e-02
   5.4895408e-01  -9.8406440e-02   2.4780614e-01  -3.2236982e-03   3.4899194e-03   1.1140131e-02
   5.5169182e-01  -1.2741653e-01   2.4637023e-01  -2.9507607e-03   3.5393721e-03   1.1047441e-02
   7.1244184e-01  -1.2675662e-01   1.0914880e-01   1.0626889e-03   3.1262717e-03   1.2283648e-02
   7.2180808e-01  -2.8057883e-01  -1.3929919e-01  -6.1521509e-05   2.3174992e-03   1.2989124e-02
   6.7044434e-01  -2.6084999e-01   1.5808910e-02  -1.3060609e-03   2.1940656e-03   1.3376373e-02
   6.0231445e-01  -7.9093826e-02   6.0428553e-02  -1.2510956e-03   2.1679323e-03   1.1722657e-02
   5.3622104e-01  -1.1101155e-01   1.0749632e-01  -6.8049328e-04   1.4020898e-03   1.0208633e-02
   5.3405105e-01  -7.9797613e-02   1.0557487e-01  -1.0245112e-03   1.4661048e-03   1.0010258e-02
   5.2683088e-01  -5.9343353e-02   1.1458425e-01  -1.2572746e-03   1.5465037e-03   9.9859941e-03
   4.9896775e-01  -1.0199659e-01   1.1277477e-01  -4.4997495e-04   1.6158259e-03   9.5558434e-03
   4.9049535e-01  -1.1844807e-01   1.2735334e-01  -6.0051061e-04   1.3191916e-03   9.0596389e-03
   4.9339271e-01  -1.7504883e-01   1.3602582e-01  -1.1108989e-03   1.0379393e-03   8.6967434e-03
   4.7887916e-01  -1.1943132e-01   1.3131428e-01  -1.2984548e-03   1.0795786e-03   8.6658092e-03
   4.9375975e-01  -8.6974870e-02   1.0710684e-01  -8.5238146e-04   1.0167088e-03   8.9716794e-03
   5.1048149e-01  -1.3536806e-01   1.7968511e-01  -1.6073284e-03   1.2052563e-03   9.5184592e-03
   4.8486149e-01  -5.9277669e-02   1.5118150e-01  -9.5975945e-04   1.1311202e-03   9.1758954e-03
   4.7487930e-01  -8.0874512e-02   1.5335868e-01  -8.8270306e-04   1.5269841e-03   9.2027528e-03
   5.0453862e-01  -1.0577576e-01   1.1425478e-01  -8.2610630e-04   7.8100048e-04   9.4356963e-03
   4.7588593e-01  -1.3656766e-01   1.1680038e-01  -5.5508081e-04   1.1202455e-03   8.6384127e-03
   4.3544609e-01  -6.9940324e-02   1.0358373e-01   4.5114515e-04   9.9305073e-04   7.9132453e-03
   4.3430443e-01  -2.3932466e-02   6.5318511e-02   6.1528720e-04   1.1307473e-03   8.1484796e-03
   4.1890470e-01  -2.5620406e-03   1.0220955e-01   6.8803665e-04   1.0218324e-03   7.2127161e-03
   3.9903942e-01  -3.5343000e-02   1.0932876e-01  -6.5270549e-04   1.2084645e-03   7.3629110e-03
   3.7208160e-01  -5.4558160e-02   1.1287708e-01   1.0549794e-04   1.5523338e-03   6.4403366e-03
   3.5944260e-01   3.6247100e-02   1.3995178e-01   4.6776157e-04   1.5494742e-03   6.2815070e-03
   3.4450530e-01   1.7887627e-03   1.5269182e-01   2.9652256e-04   1.6176236e-03   5.9586563e-03
   3.6984742e-01  -1.7628415e-02   1.5121839e-01   5.6754207e-04   1.7655307e-03   6.0731665e-03
   3.5394270e-01   8.8174522e-03   1.4920229e-01   2.2251956e-04   1.7353694e-03   5.8932639e-03
   3.2401440e-01   1.1643004e-02   1.4850632e-01   1.8581889e-03   1.7967638e-03   5.3544900e-03
   3.3553198e-01  -1.7639517e-02   1.8515737e-01   6.0063261e-04   1.4617451e-03   5.2767366e-03
   3.1039489e-01   4.3760734e-02   1.6552274e-01   5.1504234e-04   1.2387179e-03   4.7944867e-03
   2.7940043e-01   3.1009867e-02   1.9096900e-01   5.1868176e-04   8.4140174e-04   4.1532384e-03
   2.4481392e-01   3.8902013e-02   2.0161083e-01   1.2163871e-03  -5.9318363e-05   3.2753690e-03
   2.7400258e-01   3.6096038e-02   1.8712386e-01   6.3759016e-04   9.9372075e-04   3.8107433e-03
   2.7208585e-01   5.7609847e-02   1.7810643e-01   7.7105568e-04   8.2036133e-04   3.8415934e-03
   2.5604356e-01   5.2667033e-02   1.8056376e-01   1.4067717e-03   1.2355148e-03   3.6796603e-03
   2.4782573e-01   2.8526253e-02   2.1216364e-01   8.4108623e-04   1.0021678e-03   3.3575349e-03
   2.4024046e-01   1.5114100e-02   2.0146269e-01   1.9382461e-03   6.8566680e-04   3.2049440e-03
   2.4587776e-01   3.6290974e-02   1.9837092e-01   1.1787146e-03   4.5637207e-04   3.0759932e-03
   2.5424143e-01   6.4785482e-02   2.0796664e-01   7.2186125e-04   9.6571107e-04   3.3167761e-03
   2.3659706e-01   4.4257172e-02   2.0942057e-01   9.7250519e-04   6.3082449e-04   3.1020806e-03
   2.4289381e-01   3.6722831e-02   2.2124436e-01   7.7439424e-04   7.3952135e-04   3.0759353e-03
   2.3609805e-01   7.8283731e-02   2.5652293e-01   1.0405383e-03   1.2269229e-03   3.0736087e-03
   2.3725254e-01   7.4392778e-02   2.7841419e-01   1.2204933e-03   1.2927295e-03   3.2345031e-03
   2.4687672e-01   7.7262859e-02   2.7695139e-01   1.6281193e-03   1.0656143e-03   3.3827927e-03
   3.2510116e-01  -1.6746534e-01   1.4424140e-01   2.8769577e-03   8.5005555e-04   3.7109577e-03
   3.4492230e-01   1.0867672e-02   1.7244822e-01   2.3308274e-03   1.0110769e-03   4.4207501e-03
   3.3667591e-01  -3.2381800e-02   1.8678428e-01   2.1891236e-03   1.2858379e-03   4.6360510e-03
   3.5348745e-01  -4.3665220e-02   1.8091166e-01   2.0832868e-03   1.4301970e-03   4.7257284e-03
   3.4409353e-01   2.7877186e-02   1.7754658e-01   1.9849182e-03   1.5322418e-03   4.6597790e-03
   3.8570375e-01   1.4678316e-02   1.6816591e-01   2.7743187e-03   1.7458850e-03   5.2141484e-03
   3.9995472e-01   3.4293157e-03   1.1592994e-01   3.0556499e-03   1.8476407e-03   5.3652412e-03
   3.8786937e-01  -1.4150696e-02   1.5661124e-01   3.1332508e-03   1.2323290e-03   4.8493877e-03
   4.2258527e-01  -2.3826196e-02   2.3184048e-01   1.9811586e-03   1.7957872e-03   5.3264369e-03
   4.2401108e-01  -3.8674399e-02   1.7782891e-01   1.7912281e-03   1.5239350e-03   5.6031945e-03
