   0.0000000e+00   0.0000000e+00  -6.3416562e-15   3.5754343e-18  -3.4364668e-18   1.2286861e-35
   1.6954182e-02   7.2629281e-02   2.9580256e-04   5.8864615e-04  -1.0750093e-04   4.8331756e-04
   2.5822107e-02  -5.6518513e-02  -1.1870808e-01   5.3628242e-03  -8.7068672e-04   5.6511360e-04
   3.1258061e-02  -2.8066599e-02  -8.6227901e-02   3.5031947e-03  -6.7047345e-04   6.0965989e-04
   2.6438588e-02  -8.9834207e-02  -7.2338559e-02   4.2301571e-03  -6.1658168e-04   6.1033246e-04
   3.9051670e-02  -8.9537691e-02  -4.5891052e-02   3.3846611e-03  -3.2474050e-04   6.0639392e-04
   2.4444251e-02  -5.8025162e-02  -4.1383807e-02   2.3058537e-03  -5.6279387e-04   4.5273875e-04
   1.4971549e-02  -7.3530457e-02  -2.9984249e-02   2.0915344e-03  -4.3923513e-04   6.4409688e-04
   1.5023460e-02  -4.0347735e-02  -5.8878957e-02   2.5293822e-03  -3.0717698e-04   7.6224095e-04
   1.6646571e-02  -5.8999916e-02  -4.9942638e-02   2.3669265e-03  -3.9535996e-04   9.5074123e-04
   1.6866859e-02  -3.4210448e-02  -4.1143370e-02   2.1728054e-03  -5.9857700e-04   7.9889474e-04
   8.9031431e-03  -1.7688465e-02  -1.4275320e-02   1.9778077e-03  -8.7849801e-04   5.0254730e-04
   2.0151433e-02  -6.5029468e-02  -6.6249230e-03   1.5528004e-03  -7.6889608e-04   7.6449708e-04
   1.6464824e-02   1.0558162e-02   4.1400390e-03   7.8187791e-04  -5.2676241e-04   9.1553682e-04
   2.1036246e-02  -2.7715520e-02  -6.9585129e-03   9.9410878e-04  -5.1146157e-04   9.0448244e-04
   2.1631792e-02  -7.1787399e-02  -2.4257520e-02   1.5928503e-03  -4.5395953e-04   9.8429192e-04
   1.7836293e-02  -4.3363834e-02  -2.6336947e-02   1.5743216e-03  -3.7225485e-04   6.7622782e-04
   1.6610305e-02  -9.1001703e-02  -2.1241002e-02   1.8313230e-03  -4.8115469e-04   5.2108834e-04
   1.1083375e-02  -4.3449846e-02  -1.4373065e-02   1.3608750e-03  -3.9960590e-04   6.2945968e-04
   1.7485866e-02  -5.4462213e-02  -1.6649363e-02   1.2560007e-03  -5.4433990e-04   7.2393239e-04
   1.6290272e-02  -6.5407386e-02  -3.4081046e-02   1.4575684e-03  -2.4018074e-04   6.3176356e-04
   1.6139307e-02  -5.5724228e-02  -5.6293453e-03   1.0957945e-03  -4.2544897e-04   6.5584409e-04
   1.6631890e-02  -6.4969849e-02   7.6064844e-03   4.4805136e-04  -6.6483130e-04   7.1299696e-04
   3.1948164e-02  -2.3430916e-02   8.4467457e-03  -2.7284230e-05  -1.0902903e-03   9.2956233e-04
   1.5340658e-02  -2.2967511e-02   1.4155535e-03  -8.2942959e-05  -5.3705580e-04   8.1445885e-04
   2.7673623e-02  -3.0206086e-02   1.2484443e-02   1.6533565e-04  -6.4561386e-04   7.7926294e-04
   2.9715484e-02  -4.3921437e-02   1.9312374e-02  -4.2401646e-04  -5.8485632e-04   1.0250728e-03
   3.5403472e-02   1.5712594e-02   2.7670081e-02  -1.1473329e-03  -7.0831367e-04   9.7154874e-04
   4.7179754e-02  -3.5503863e-02   1.7921612e-02  -1.6396089e-03  -1.1863288e-03   1.2666096e-03
   5.0512967e-02  -4.2868965e-02  -8.7021307e-03  -1.9660472e-04  -1.0707042e-03   1.5866936e-03
   5.4861094e-02  -8.2159084e-02  -2.7563677e-03   1.2502101e-03  -2.3528271e-03   1.9204186e-03
   3.8878549e-02  -4.7451923e-02  -3.5898403e-02   1.1561453e-03  -1.5416872e-03   1.2168013e-03
   4.1305189e-02  -8.3407500e-02  -1.9919877e-03   4.2510286e-04  -1.7124458e-03   1.5248942e-03
   3.9013347e-02  -8.5282287e-02   7.5337483e-03  -8.7079317e-04  -1.9568379e-03   1.3939098e-03
   3.3919799e-02  -5.1191044e-02   8.1749346e-03  -1.2204632e-03  -1.7114354e-03   1.3712009e-03
   2.9873426e-02  -6.5342748e-02   1.9493231e-02  -1.2613755e-03  -1.5931778e-03   1.2879627e-03
   3.7777731e-02  -4.1585515e-02   1.3826076e-02  -1.4526555e-03  -1.7224703e-03   1.2788219e-03
   3.5300173e-02  -3.1624231e-02   1.4937220e-02  -1.5534719e-03  -1.6564233e-03   1.4112782e-03
   4.6405894e-02  -4.9687936e-02   1.9857268e-02  -1.7621599e-03  -1.9148509e-03   1.6189498e-03
   4.4780921e-02  -5.2278743e-02   3.8376787e-02  -1.9664137e-03  -2.0008983e-03   1.3988420e-03
   3.9714602e-02  -3.8976379e-02   1.4915430e-02  -1.7769177e-03  -1.8233292e-03   1.3733112e-03
   3.1211539e-02  -3.1033360e-03   2.4935858e-03  -1.7726100e-03  -1.6766388e-03   1.3158304e-03
   2.0271974e-02  -3.7794568e-02  -1.1822179e-02  -9.3168099e-04  -1.5178333e-03   1.1539891e-03
   2.7581352e-02  -3.9886910e-02  -1.3599884e-02  -1.1717480e-03  -1.7832704e-03   1.2572706e-03
   4.0837933e-02  -5.8694418e-02  -2.6214712e-02  -9.6823586e-04  -1.9168561e-03   1.3661929e-03
   5.0176360e-02  -8.9859598e-02  -5.1074597e-02  -4.8137955e-04  -1.7740558e-03   1.6781015e-03
   5.3614306e-02  -8.5792906e-02  -6.0106966e-02  -1.7346993e-04  -1.8642503e-03   1.8539179e-03
   5.3976953e-02  -9.3045308e-02  -8.3463992e-02   5.6516140e-04  -1.9104903e-03   2.0219841e-03
   5.3988052e-02  -9.8221534e-02  -8.6237694e-02   5.9070793e-04  -1.9823862e-03   1.9961003e-03
   5.2641657e-02  -6.3894226e-02  -1.0327966e-01   6.6004635e-04  -2.1398070e-03   2.0086769e-03
   6.2408931e-02  -1.0935779e-01  -1.3220190e-01   2.3623785e-03  -2.5718867e-03   2.2526097e-03
   5.2252687e-02  -1.0344337e-01  -1.2405590e-01   1.7715843e-03  -2.3817607e-03   2.0480323e-03
   5.1137355e-02  -6.9634405e-02  -1.3281286e-01   1.5092019e-03  -2.2696553e-03   1.9898304e-03
   9.5893861e-02   8.7075298e-03  -1.1193604e-01   4.4335486e-03  -1.4765382e-03   2.2201074e-03
   1.2037031e-01  -9.8059486e-03  -3.1399452e-01   3.8975411e-03  -2.2830961e-03   3.4991147e-03
   1.0307138e-01  -3.1757771e-01  -3.4430316e-01   4.8734529e-03  -2.9414148e-03   3.3498460e-03
   1.0189375e-01  -1.3928338e-01  -3.7283014e-01   5.8106596e-03  -2.9579808e-03   3.5394668e-03
   9.5208913e-02  -1.6218589e-01  -4.0797050e-01   6.9868843e-03  -2.8715064e-03   3.5830160e-03
   1.0201214e-01  -2.8094455e-01  -4.1711148e-01   8.0577797e-03  -3.0396881e-03   3.5925142e-03
   1.0066020e-01  -1.5037343e-01  -4.5159381e-01   8.7616099e-03  -2.8828894e-03   3.3530526e-03
   1.0557466e-01  -1.7384802e-01  -4.7284437e-01   8.6833598e-03  -3.0196798e-03   3.4464615e-03
   1.1403776e-01  -1.9634103e-01  -4.6021314e-01   8.5992977e-03  -3.2810579e-03   3.5103756e-03
   1.1572433e-01  -1.8302337e-01  -4.7257955e-01   8.6034823e-03  -3.2937158e-03   3.3676108e-03
   1.0109579e-01  -1.2609473e-01  -4.7766396e-01   8.2053890e-03  -3.2641082e-03   3.0272096e-03
   9.7214756e-02  -1.1415714e-01  -4.7672900e-01   8.3170891e-03  -3.2466274e-03   3.0489882e-03
   1.0100658e-01  -1.3912688e-01  -4.6633290e-01   7.6612012e-03  -3.1700815e-03   3.3485625e-03
   1.1294084e-01  -1.6639386e-01  -4.7722700e-01   7.5800202e-03  -3.2803653e-03   3.5782288e-03
   1.0430141e-01  -1.8392705e-01  -4.7333953e-01   7.8137174e-03  -3.1758171e-03   3.4650315e-03
   9.3134325e-02  -1.2851376e-01  -4.7652270e-01   7.6011637e-03  -2.9768113e-03   3.2579757e-03
   9.5617763e-02  -1.7069258e-01  -4.8196692e-01   7.9175458e-03  -3.0010233e-03   3.3656925e-03
   1.1170756e-01  -1.2697691e-01  -4.8619426e-01   7.3847358e-03  -3.3361955e-03   3.3224044e-03
   1.1652783e-01  -1.5766991e-01  -5.0836758e-01   7.5198653e-03  -3.3102203e-03   3.5246608e-03
   1.0890727e-01  -1.2392654e-01  -5.2027999e-01   7.5481792e-03  -3.3966162e-03   3.6677518e-03
   1.0995740e-01  -1.7356145e-01  -5.4056139e-01   8.1691232e-03  -3.3714762e-03   3.7720301e-03
   1.0157127e-01  -1.4514182e-01  -5.2554765e-01   7.9097336e-03  -3.3672262e-03   3.8469820e-03
   1.1025918e-01  -1.5098061e-01  -5.2981479e-01   8.0680187e-03  -3.4919744e-03   4.0611220e-03
   1.1003317e-01  -1.0545086e-01  -5.0139477e-01   7.5762654e-03  -3.6762102e-03   3.8945196e-03
   1.1465488e-01  -1.6100604e-01  -5.0791830e-01   7.9124634e-03  -3.6686213e-03   3.9890042e-03
   1.1315373e-01  -1.6802817e-01  -5.2262424e-01   7.9692909e-03  -3.6423852e-03   4.0666158e-03
   1.0998470e-01  -1.1348734e-01  -5.1959917e-01   7.6092148e-03  -3.6768085e-03   3.9983501e-03
   1.1527226e-01  -7.8366356e-02  -5.1131736e-01   7.1692278e-03  -3.6908625e-03   3.8024718e-03
   1.1058276e-01  -1.3078813e-01  -5.2010748e-01   7.9943628e-03  -3.5416627e-03   3.8590589e-03
   1.1005709e-01  -1.5996999e-01  -5.2967680e-01   8.1246622e-03  -3.5196332e-03   3.8629141e-03
   1.1697046e-01  -1.6106311e-01  -5.2684818e-01   7.8758016e-03  -3.5064822e-03   3.8801952e-03
   1.1508089e-01  -1.5449409e-01  -5.3123120e-01   7.8714926e-03  -3.5729333e-03   3.7957496e-03
   1.0810996e-01  -1.5921084e-01  -5.3970018e-01   8.1120697e-03  -3.5152942e-03   3.7549460e-03
   1.0570069e-01  -1.4467822e-01  -5.4665101e-01   8.0369715e-03  -3.5873102e-03   3.8610368e-03
   1.0544936e-01  -1.4488653e-01  -5.5746737e-01   8.2030827e-03  -3.4975429e-03   4.0729610e-03
   1.2403637e-01  -2.1983637e-01  -5.8671991e-01   9.4595562e-03  -3.6011810e-03   4.1361775e-03
   1.0835002e-01  -1.3651303e-01  -5.8968636e-01   8.7129066e-03  -3.6503824e-03   3.9227779e-03
   1.1422041e-01  -1.7003291e-01  -5.7486218e-01   8.8177977e-03  -3.9874867e-03   4.1722303e-03
   1.0310805e-01  -1.4974518e-01  -5.7451228e-01   8.3077007e-03  -3.7113684e-03   3.8844421e-03
   1.1307900e-01  -1.4715865e-01  -5.8699578e-01   8.5405842e-03  -3.6109801e-03   3.9177569e-03
   1.1124453e-01  -1.5124367e-01  -5.6549561e-01   8.0728504e-03  -3.6843399e-03   3.9252297e-03
   1.0767997e-01  -1.4807028e-01  -5.5094619e-01   7.7299882e-03  -3.7506392e-03   3.9502278e-03
   1.1829846e-01  -1.2339260e-01  -4.5283258e-01   6.5723758e-03  -3.9353573e-03   4.0991901e-03
   1.0622174e-01  -1.5783574e-01  -4.7038713e-01   6.2897830e-03  -3.8086096e-03   3.8967087e-03
   1.2029300e-01  -1.7837448e-01  -4.8280101e-01   6.6724613e-03  -4.0828627e-03   4.2980432e-03
   1.2810113e-01  -1.4302423e-01  -4.8556081e-01   6.6181793e-03  -4.3535901e-03   4.3532730e-03
   1.5516932e-01  -1.7899022e-01  -4.8655791e-01   6.5818993e-03  -4.8021323e-03   4.4519402e-03
   1.4840737e-01  -1.4275988e-01  -4.8891237e-01   5.6759557e-03  -4.8469630e-03   4.3164426e-03
   1.5060255e-01  -1.6120420e-01  -4.8230893e-01   6.1620277e-03  -4.7474062e-03   4.5606472e-03
   1.5917853e-01  -1.1602548e-01  -4.7376326e-01   5.6471647e-03  -5.1340230e-03   4.5291351e-03
   1.6070468e-01  -1.1394957e-01  -4.6970826e-01   5.2111344e-03  -5.0573918e-03   4.7310288e-03
   1.6765261e-01  -1.1556728e-01  -4.7066761e-01   5.3857857e-03  -5.2222094e-03   4.6966243e-03
   1.5932702e-01  -1.2229762e-01  -4.6686341e-01   5.0520243e-03  -4.7237128e-03   4.5090496e-03
   1.6115637e-01  -1.5721544e-01  -4.3662491e-01   5.1216063e-03  -5.1578460e-03   4.4980019e-03
   1.5436065e-01  -1.1595128e-01  -4.5853201e-01   5.6486309e-03  -5.2355890e-03   4.6700501e-03
   1.4751644e-01  -1.2854439e-01  -4.5428522e-01   5.8196291e-03  -5.1045528e-03   4.5086686e-03
   1.4017969e-01  -1.4082457e-01  -4.6852969e-01   5.6975577e-03  -4.9846953e-03   4.2263831e-03
   1.5154006e-01  -1.6296973e-01  -4.6026130e-01   5.9723467e-03  -5.0434392e-03   4.4303697e-03
   1.5575007e-01  -1.3298937e-01  -4.6156039e-01   5.8154925e-03  -5.1431615e-03   4.4834904e-03
   1.6095730e-01  -1.1267494e-01  -4.6587645e-01   5.5468861e-03  -5.1361148e-03   4.5125275e-03
   1.6762649e-01  -1.2315303e-01  -4.8903742e-01   5.7464681e-03  -5.2720253e-03   4.6117090e-03
   1.8155483e-01  -1.2206612e-01  -4.7913783e-01   5.7091170e-03  -5.4921778e-03   4.8810347e-03
   1.7600217e-01  -1.1300510e-01  -4.6387023e-01   5.4732383e-03  -5.6963514e-03   4.5564943e-03
   1.9059986e-01  -1.1978514e-01  -4.6139240e-01   5.1325484e-03  -5.8723269e-03   4.6394854e-03
   1.9664187e-01  -9.9683508e-02  -4.7414706e-01   5.3204484e-03  -6.0519974e-03   4.5931901e-03
   1.9575253e-01  -1.0067814e-01  -4.8028767e-01   5.5894503e-03  -6.0927269e-03   4.6580649e-03
   2.0001064e-01  -1.4052036e-01  -4.6884929e-01   5.5870768e-03  -6.0721202e-03   4.6270002e-03
   2.0079311e-01  -1.4524949e-01  -4.5621685e-01   5.5212447e-03  -6.2040899e-03   4.5876480e-03
   1.9843913e-01  -1.4141815e-01  -4.7384866e-01   5.9121991e-03  -6.1620996e-03   4.5211532e-03
   2.0429484e-01  -1.5846306e-01  -4.7861993e-01   5.6347511e-03  -6.2664639e-03   4.7364003e-03
   1.9691232e-01  -1.6580290e-01  -4.7493894e-01   5.5982481e-03  -6.1654799e-03   4.6403339e-03
   1.9248970e-01  -1.5714363e-01  -4.8860256e-01   5.6590489e-03  -6.1301762e-03   4.4830407e-03
   1.9580621e-01  -1.3094576e-01  -4.8962012e-01   5.3199239e-03  -6.2614359e-03   4.5543739e-03
   2.1968028e-01  -2.3905314e-01  -5.3530283e-01   7.4258697e-03  -6.5525797e-03   4.8330582e-03
   1.9616219e-01  -9.0703401e-02  -5.3507460e-01   6.3580002e-03  -6.3594821e-03   4.7678364e-03
   2.0982049e-01  -1.1054163e-01  -5.1414121e-01   5.8103790e-03  -6.7382426e-03   4.9130103e-03
   2.1156061e-01  -1.2467100e-01  -5.0048114e-01   5.6003549e-03  -6.8924853e-03   4.9175140e-03
   1.9788029e-01  -1.0282883e-01  -5.1614110e-01   5.2780461e-03  -6.5996977e-03   4.6183713e-03
   2.0250923e-01  -9.6341022e-02  -5.0547692e-01   5.5897862e-03  -6.8830007e-03   4.4101648e-03
   2.2531469e-01  -9.8957322e-02  -4.9634479e-01   5.7282701e-03  -7.0042115e-03   4.6257554e-03
   2.1819457e-01  -9.9151187e-02  -5.1743072e-01   5.9432775e-03  -6.9823152e-03   4.8001779e-03
   2.0910584e-01  -1.1361462e-01  -5.0092282e-01   5.9875898e-03  -6.7696873e-03   4.7631799e-03
   2.0982832e-01  -1.4363805e-01  -4.9114969e-01   5.5779584e-03  -6.7553005e-03   4.6022545e-03
   2.1729697e-01  -1.2073811e-01  -5.1720801e-01   5.6163261e-03  -6.8498747e-03   4.6845151e-03
   1.8826755e-01  -1.3887535e-01  -5.6281021e-01   8.2491511e-03  -6.5195979e-03   4.3788844e-03
   1.9286227e-01  -1.8274543e-01  -6.1955617e-01   9.3715745e-03  -6.1748067e-03   4.4097625e-03
   1.7792275e-01  -1.7880286e-01  -6.0042466e-01   8.2244739e-03  -6.0154133e-03   4.2020087e-03
   1.8850654e-01  -1.4205487e-01  -5.9690735e-01   8.3482431e-03  -6.2896872e-03   4.0048829e-03
   1.8706351e-01  -1.4795466e-01  -6.0853917e-01   8.0637545e-03  -6.0276296e-03   4.0922801e-03
   2.0406203e-01  -1.6072934e-01  -5.7822336e-01   7.5001758e-03  -6.3251743e-03   4.3921676e-03
   2.2272539e-01  -8.6217079e-02  -5.4059194e-01   6.3862783e-03  -7.0192331e-03   4.6823606e-03
   2.2983838e-01  -1.1679830e-01  -5.4224884e-01   6.3873141e-03  -7.2890811e-03   4.8176963e-03
   2.2193065e-01  -1.1783787e-01  -5.4357977e-01   6.6564367e-03  -7.2431920e-03   4.8208452e-03
   2.2661605e-01  -1.3443273e-01  -5.3994964e-01   7.0198272e-03  -7.3375561e-03   4.6466960e-03
   2.2385913e-01  -1.2710374e-01  -5.3745370e-01   6.8226999e-03  -7.3559414e-03   4.4946828e-03
   2.1190996e-01  -1.6529117e-01  -5.3803545e-01   6.8402903e-03  -7.1772746e-03   4.3786756e-03
   1.9621015e-01  -1.8534063e-01  -5.6797497e-01   7.0153752e-03  -6.9538067e-03   4.4046706e-03
   1.8444004e-01  -1.1651284e-01  -5.7753203e-01   6.9620355e-03  -6.7844505e-03   4.3307217e-03
   1.7916021e-01  -1.0557925e-01  -5.8285728e-01   6.8209785e-03  -6.5082673e-03   4.1787655e-03
   1.8460731e-01  -1.3173994e-01  -5.8079656e-01   6.8190931e-03  -6.5322925e-03   4.4796943e-03
   1.9870022e-01  -1.0549851e-01  -5.6398922e-01   6.1419571e-03  -6.8926154e-03   4.6792455e-03
   2.0965682e-01  -1.1944570e-01  -5.6559180e-01   6.4850326e-03  -6.9383863e-03   4.8650782e-03
   2.2189061e-01  -1.7578566e-01  -5.6746899e-01   6.8496407e-03  -7.1164059e-03   5.1406403e-03
   2.1062396e-01  -1.2457265e-01  -5.6118889e-01   6.1746819e-03  -7.0364320e-03   4.9383285e-03
   2.3624875e-01  -1.1477499e-01  -5.6536329e-01   6.6575146e-03  -7.4713289e-03   5.1688667e-03
   2.1852032e-01  -1.5377755e-01  -5.8098090e-01   7.6162342e-03  -7.1728542e-03   4.7249292e-03
   2.2511160e-01  -7.7885740e-02  -5.5695000e-01   6.5982110e-03  -7.3969091e-03   4.8649979e-03
   2.2214407e-01  -9.4496359e-02  -5.4152702e-01   5.9444264e-03  -7.3648777e-03   4.9779931e-03
   2.1712669e-01  -1.2067263e-01  -5.5332770e-01   5.6694788e-03  -7.1657073e-03   5.0055263e-03
   2.2570902e-01  -1.3827580e-01  -5.4491980e-01   5.1446273e-03  -7.4283433e-03   5.2261315e-03
   2.1433332e-01  -1.0420290e-01  -5.1061405e-01   3.9747036e-03  -7.7027524e-03   5.1140074e-03
   2.1574645e-01  -9.8724288e-02  -5.2013639e-01   3.7015416e-03  -7.7349152e-03   4.8928796e-03
   2.2062189e-01  -9.8789269e-02  -5.1985366e-01   3.6506432e-03  -7.6975236e-03   5.0497815e-03
   2.0597433e-01  -1.0896880e-01  -5.0592848e-01   3.0918273e-03  -7.2899340e-03   5.3202350e-03
   2.1168537e-01  -9.1678415e-02  -5.1713311e-01   2.6440813e-03  -7.4888986e-03   5.2824168e-03
   2.2709339e-01  -1.1424818e-01  -4.9823572e-01   2.3379573e-03  -7.9245859e-03   5.3994306e-03
   2.3947801e-01  -1.2125039e-01  -4.9833509e-01   2.5313420e-03  -7.9582648e-03   5.5729517e-03
   2.5458078e-01   3.9660684e-02  -5.5696688e-01   4.3949517e-03  -7.4116187e-03   5.3442033e-03
   2.5759727e-01   1.5143101e-01  -5.1435595e-01   9.9962162e-04  -7.2070552e-03   5.6363118e-03
   2.2360005e-01  -3.6445886e-01  -4.2663719e-01  -1.1610631e-03  -8.0390520e-03   5.8115841e-03
   2.3599686e-01  -9.4165884e-02  -4.2364371e-01  -9.0777776e-04  -8.2997025e-03   6.2450150e-03
   2.1772986e-01  -7.5353191e-02  -4.3041798e-01  -1.0386191e-03  -8.1695941e-03   5.9701006e-03
   2.2137667e-01  -8.9478330e-02  -4.7220018e-01   4.7273839e-04  -8.1434217e-03   6.1490874e-03
   2.2103948e-01  -1.7585863e-01  -5.8770690e-01   5.3328467e-03  -7.6207735e-03   6.1084754e-03
   2.0491571e-01  -1.0514859e-01  -5.4582497e-01   2.9335336e-03  -7.8147624e-03   5.7391506e-03
   1.9924008e-01  -1.0232429e-01  -5.2100054e-01   1.7680808e-03  -7.7918943e-03   5.7221542e-03
   1.9497675e-01  -8.1539120e-02  -5.0765406e-01   9.2561583e-04  -7.6841609e-03   5.8209969e-03
   1.9740800e-01  -8.3227987e-02  -5.1944659e-01   7.6774622e-04  -7.6980948e-03   5.9411128e-03
   2.0823280e-01  -4.2743913e-02  -5.2793361e-01   4.3001364e-04  -7.9539804e-03   6.0009136e-03
   2.0633221e-01  -8.3440625e-02  -5.1273850e-01   5.3497310e-04  -7.9846235e-03   5.9742854e-03
   2.0092702e-01  -4.4276144e-02  -5.0743127e-01   9.4281207e-05  -7.7222325e-03   6.1654772e-03
   2.0411186e-01  -6.3036665e-02  -4.9183486e-01  -1.2955787e-04  -7.8795505e-03   6.0008812e-03
   2.2144594e-01  -4.9870421e-02  -4.8350908e-01  -2.6056747e-04  -8.0810438e-03   6.0679905e-03
   2.2190673e-01  -3.8862315e-02  -4.9074027e-01  -2.7392314e-04  -8.0574013e-03   6.0556419e-03
   2.1131347e-01  -6.4646813e-02  -5.1872742e-01   7.3099043e-04  -7.7737834e-03   5.9122165e-03
   2.0323411e-01  -1.2882423e-01  -5.2640503e-01   1.1619607e-03  -7.4224117e-03   5.9457766e-03
   1.9908948e-01  -5.2921114e-02  -5.3591404e-01   6.0916747e-04  -7.4877490e-03   5.9097422e-03
   1.9062422e-01  -5.6956172e-02  -5.4887652e-01   3.8213444e-04  -7.2458636e-03   5.8749670e-03
   1.9198757e-01  -7.9513551e-02  -5.5115073e-01   6.7005478e-04  -7.2938397e-03   6.0298402e-03
   2.0156428e-01  -6.9844764e-02  -5.3791285e-01   2.6235357e-04  -7.6153028e-03   6.0358480e-03
   1.9580550e-01  -6.0347896e-02  -5.6527148e-01   1.2095906e-03  -7.7138928e-03   5.9269369e-03
   1.9881570e-01  -1.1854083e-01  -6.0729851e-01   2.1918849e-03  -7.5417567e-03   6.0613573e-03
   1.9312557e-01  -9.2426037e-02  -5.9868376e-01   2.1160871e-03  -7.4206563e-03   6.1070212e-03
   2.0321896e-01  -1.0699315e-01  -6.1819980e-01   2.5655263e-03  -7.3311243e-03   5.9880821e-03
   1.9338052e-01  -7.6839639e-02  -6.0357426e-01   2.6533305e-03  -7.0819900e-03   6.0139124e-03
   1.8479801e-01  -8.1808983e-02  -6.0632751e-01   2.8467757e-03  -7.0405291e-03   5.8051559e-03
   1.8676560e-01  -6.7820593e-02  -6.0074847e-01   2.4604312e-03  -7.0483912e-03   5.8506983e-03
   1.8079063e-01  -8.5410273e-02  -5.8800536e-01   1.7567793e-03  -6.9681555e-03   5.8150333e-03
   1.6491426e-01  -9.5818672e-02  -5.8679336e-01   1.4600630e-03  -6.7711508e-03   5.6948825e-03
   1.6214468e-01  -8.3142243e-02  -5.8959053e-01   1.2488111e-03  -6.7833031e-03   5.7500569e-03
   1.7797960e-01  -3.7533207e-02  -5.9908479e-01   9.7447174e-04  -6.8596225e-03   6.0208051e-03
   1.7482526e-01  -2.3155012e-02  -5.8485509e-01   1.4085491e-04  -6.8539078e-03   5.8190287e-03
   1.8126390e-01  -8.2261327e-02  -5.5970915e-01  -8.2032518e-05  -6.9357721e-03   6.1183759e-03
   1.6324633e-01  -4.1805527e-02  -5.5919963e-01  -3.2191633e-04  -6.6152990e-03   5.6984026e-03
   1.8639904e-01  -3.7861432e-02  -5.4581690e-01  -2.4091009e-04  -6.9151312e-03   6.1974188e-03
   1.9765493e-01  -5.6724836e-02  -5.6089406e-01   8.8636248e-05  -7.1611522e-03   6.2058926e-03
   1.8704117e-01  -6.1530412e-02  -5.6954714e-01   7.0783941e-05  -6.9902375e-03   6.1652515e-03
