   0.0000000e+00   0.0000000e+00  -7.1054274e-15   0.0000000e+00   0.0000000e+00   0.0000000e+00
  -8.9006680e-03   1.2470729e-01   2.4724822e-02  -1.0466328e-03  -5.7847973e-04  -1.1566852e-04
  -1.9644583e-02   1.6279712e-01   1.5800555e-02  -1.1585918e-03  -5.2304638e-04  -2.5015267e-04
  -3.2068685e-02  -7.3555766e-02   1.0561279e-02   1.1788449e-04  -2.8371672e-04  -6.0423835e-04
  -2.1837527e-02   5.9395976e-02   4.8150877e-02  -5.0013710e-05  -4.2154886e-04  -6.8039090e-04
  -2.7812740e-02   7.7823946e-03   8.0855954e-02  -3.7166882e-04  -5.9105399e-04  -6.6431622e-04
  -2.9243894e-02   1.3347672e-01   9.9270893e-02  -1.2488209e-03  -5.1804766e-04  -8.1486034e-04
  -4.8322987e-02   1.3596100e-02   9.7780188e-02  -1.4414690e-03  -5.7111934e-04  -9.4298281e-04
  -5.2200007e-02   3.5947774e-02   1.0020420e-01  -1.5532802e-03  -6.0458760e-04  -9.5961259e-04
  -5.6746797e-02   5.4630631e-03   1.1411781e-01  -2.0235735e-03  -6.6904370e-04  -1.0046923e-03
  -4.6692960e-02   1.0150778e-01   1.2763721e-01  -2.9403883e-03  -9.6634522e-04  -9.3268511e-04
  -4.1652903e-02   3.0483930e-02   1.3599517e-01  -2.8830482e-03  -1.4050838e-03  -1.0831365e-03
  -3.6689150e-02   3.9131748e-02   1.3927081e-01  -2.8012439e-03  -1.5046639e-03  -1.0431830e-03
  -5.1819693e-02   2.3343107e-02   1.3441011e-01  -2.7555097e-03  -1.5096454e-03  -1.0740503e-03
  -4.6161734e-02   9.8531050e-02   1.4201637e-01  -3.0358814e-03  -1.6974704e-03  -1.2065814e-03
  -4.9161217e-02   9.0345004e-02   1.2588337e-01  -3.3464810e-03  -9.0510499e-04  -1.0874340e-03
  -4.8111443e-02   4.1174685e-02   1.3400052e-01  -2.8959886e-03  -5.8052884e-04  -9.5387350e-04
  -3.9304795e-02   1.7560870e-01   1.2841494e-01  -3.1726043e-03  -1.0392261e-03  -7.9986153e-04
  -2.6226590e-02   8.5496001e-02   6.3658463e-02  -1.1422306e-03  -1.1860509e-03  -3.8996559e-04
  -3.8353102e-02  -1.7704044e-01   9.5414703e-02  -9.9075393e-04  -1.3663685e-03  -3.9636260e-04
  -4.8045404e-02   8.6766366e-02   1.4174844e-01  -1.8892863e-03  -1.0960691e-03  -8.2790991e-04
  -4.9200919e-02   2.0987441e-02   1.6534484e-01  -1.8755157e-03  -1.2773419e-03  -9.4771187e-04
  -5.7896030e-02   4.0987913e-02   1.8275252e-01  -2.3791490e-03  -9.5100419e-04  -9.7970799e-04
  -5.3734663e-02   7.3400915e-02   1.8672914e-01  -3.1190711e-03  -8.1332501e-04  -1.0172862e-03
  -5.9173036e-02   3.9554289e-02   1.9295112e-01  -3.7071030e-03  -7.1633924e-04  -1.1160666e-03
  -5.4594624e-02   3.3879235e-02   1.8317287e-01  -3.3380301e-03  -6.2477886e-04  -9.0728477e-04
  -5.0360088e-02   6.1973727e-02   1.8425014e-01  -3.5141436e-03  -5.6268971e-04  -8.9082568e-04
  -5.2221464e-02   9.4604982e-02   1.8134860e-01  -3.4282881e-03  -6.9781188e-04  -7.7079061e-04
  -8.3564399e-02   5.2198972e-02   1.6087794e-01  -2.9543612e-03  -1.7088622e-04  -9.1132806e-04
  -6.9534583e-02   7.0150088e-02   1.7417845e-01  -3.2511925e-03  -5.8425444e-04  -8.3062204e-04
  -6.3013707e-02   2.7266237e-02   1.2517121e-01  -2.0067464e-03  -6.1592784e-04  -4.9120833e-04
  -5.5739389e-02   7.5299447e-02   1.3466552e-01  -2.5182271e-03  -8.0300146e-04  -5.4019318e-04
  -5.7364625e-02   4.2251337e-02   1.6893160e-01  -2.5668482e-03  -6.6357476e-04  -5.8552892e-04
  -6.7735472e-02   6.2163751e-02   1.8262430e-01  -2.4993482e-03  -9.4717252e-04  -5.0072228e-04
  -5.8986523e-02   9.5015491e-02   1.8840378e-01  -2.6635128e-03  -1.1277488e-03  -4.8499172e-04
  -6.2511679e-02   4.3095232e-02   1.7724172e-01  -2.9085648e-03  -1.1246672e-03  -4.6003968e-04
  -6.0231871e-02   6.3137066e-02   1.7305565e-01  -2.7714852e-03  -1.2185450e-03  -4.1274314e-04
  -5.5243532e-02   5.0315768e-02   1.8078786e-01  -2.6558587e-03  -1.2393202e-03  -3.1281694e-04
  -5.9098080e-02   1.1871907e-01   1.9920450e-01  -2.7404347e-03  -1.3234050e-03  -4.6548148e-04
  -6.5133095e-02   3.4995108e-02   2.0740045e-01  -2.9707427e-03  -1.3114771e-03  -6.0127838e-04
  -6.9927980e-02   7.1505098e-02   2.0848209e-01  -2.8507493e-03  -1.2682661e-03  -5.3600000e-04
  -7.6627961e-02   5.3588208e-02   2.0490670e-01  -2.6924715e-03  -1.3396382e-03  -3.8512160e-04
  -6.6857307e-02   9.9608299e-02   2.1330478e-01  -3.0295853e-03  -1.3248233e-03  -3.9638797e-04
  -6.5940878e-02   3.4789593e-02   2.2091165e-01  -2.7579807e-03  -1.3461773e-03  -3.9282377e-04
  -7.5854158e-02   7.8746571e-02   2.1342755e-01  -3.1137655e-03  -1.3129681e-03  -3.8632804e-04
  -8.1075162e-02   8.6266081e-02   2.1430889e-01  -3.2136759e-03  -1.4077413e-03  -5.5094712e-04
  -8.4648178e-02   9.6193829e-02   2.1197562e-01  -3.4318218e-03  -1.3498778e-03  -6.0921976e-04
  -8.8036506e-02   7.5601252e-02   2.3369341e-01  -3.1596343e-03  -1.3607931e-03  -7.0058500e-04
  -8.6062245e-02   6.5784661e-02   2.3317846e-01  -3.2135423e-03  -1.2889612e-03  -5.5714546e-04
  -9.1640325e-02   1.1367877e-01   2.3349742e-01  -3.3707176e-03  -1.3372155e-03  -5.9949263e-04
  -9.4964631e-02   6.9015299e-02   2.3340343e-01  -3.7510692e-03  -1.3233531e-03  -6.9472269e-04
  -8.9537395e-02   6.4353544e-02   2.3474811e-01  -3.2923363e-03  -1.3202067e-03  -6.1160072e-04
  -9.1125139e-02   8.5422868e-02   2.3601117e-01  -3.5437224e-03  -1.2164728e-03  -5.6757781e-04
  -8.2344850e-02   1.0042573e-01   2.2998364e-01  -3.2693152e-03  -1.5395808e-03  -5.4418839e-04
  -9.2353666e-02   1.5370830e-02   2.1067835e-01  -2.4867860e-03  -1.7087232e-03  -5.9683862e-04
  -9.2990885e-02   6.1971876e-02   1.9148918e-01  -2.4900112e-03  -2.1039015e-03  -4.2815120e-04
  -9.0926400e-02   1.2073565e-01   2.1058587e-01  -2.8003756e-03  -2.0234405e-03  -5.9043202e-04
  -8.8203174e-02   5.1319350e-02   2.3848710e-01  -3.1872500e-03  -1.7468028e-03  -6.5322207e-04
  -9.0566332e-02   7.9729808e-02   2.2779246e-01  -2.9891864e-03  -1.5045276e-03  -5.3860063e-04
  -9.5316279e-02   5.8988965e-02   2.1857262e-01  -3.2352214e-03  -1.4277355e-03  -5.1458920e-04
  -9.9539756e-02   1.1847840e-01   2.1877376e-01  -3.4783668e-03  -1.3541978e-03  -5.7503791e-04
  -9.7987697e-02   6.9168214e-02   2.2551083e-01  -3.6237982e-03  -1.2020925e-03  -5.3076015e-04
  -9.8551486e-02   8.4095344e-02   2.2836661e-01  -3.4608625e-03  -1.4789563e-03  -5.3884482e-04
  -9.0568740e-02   6.4190798e-02   2.1833684e-01  -2.9411484e-03  -1.4359238e-03  -4.0877223e-04
  -9.3308660e-02   6.8369212e-02   2.3121935e-01  -3.3626404e-03  -1.3954667e-03  -4.3025354e-04
  -8.0299934e-02   1.0100119e-01   2.3425730e-01  -3.4604328e-03  -1.4360441e-03  -1.5053579e-04
  -8.4084078e-02   5.1126087e-02   2.0106308e-01  -3.2403554e-03  -1.3861399e-03  -2.2572587e-04
  -8.6453188e-02   5.7291259e-03   1.7012506e-01  -2.4106671e-03  -1.3723076e-03  -1.8492845e-04
  -7.8390105e-02   1.4500955e-01   1.7953738e-01  -1.9575321e-03  -1.5423253e-03  -1.1464831e-05
  -8.3355935e-02   1.6348760e-01   2.0386344e-01  -2.0404216e-03  -1.5541970e-03  -3.3723445e-05
  -9.6136434e-02   9.0561021e-02   1.7590583e-01  -2.8036880e-04  -1.9841309e-03   3.1700573e-04
  -9.6471893e-02  -1.8018705e-01   1.6591528e-01   1.0427603e-04  -2.3068472e-03   3.4272925e-04
  -9.9201727e-02   8.8569841e-02   1.8631293e-01  -5.2473137e-04  -2.1011502e-03   2.0208173e-04
  -9.7973022e-02   1.7700063e-02   1.9926053e-01  -5.1455071e-04  -2.2363987e-03   3.0055212e-04
  -9.9453121e-02   4.4825197e-02   2.2917943e-01  -1.1796410e-03  -2.1290571e-03   1.0036199e-04
  -1.0737451e-01   7.4199809e-02   2.4322747e-01  -1.8034048e-03  -1.8144627e-03   3.2467697e-05
  -9.8218899e-02   4.7699918e-02   2.4596318e-01  -2.0870484e-03  -1.6392514e-03   1.7559428e-04
  -9.9150420e-02   2.5371376e-02   2.3876422e-01  -2.1389034e-03  -1.6494111e-03   5.3346134e-05
  -1.0524956e-01   5.9837418e-02   2.3082073e-01  -2.5993122e-03  -1.5539558e-03   3.6703297e-05
  -9.4141826e-02   1.1415543e-01   2.2029384e-01  -2.6404902e-03  -1.5506763e-03   1.5316677e-04
  -7.5132623e-02   5.9313582e-02   2.2978160e-01  -2.7694964e-03  -1.3371707e-03   8.3460048e-05
  -9.4061130e-02   2.4310382e-02   2.2572418e-01  -2.4468372e-03  -1.6511535e-03   1.4624326e-04
  -1.0299905e-01   9.3736788e-02   2.3423702e-01  -2.6397287e-03  -1.7135516e-03   7.5381020e-05
  -1.0797166e-01   1.0295159e-01   2.2842931e-01  -2.5998719e-03  -1.8953806e-03  -8.7328783e-05
  -1.0527046e-01   7.0089081e-02   2.2689959e-01  -2.4795805e-03  -1.8150087e-03  -3.7482961e-05
  -9.9034129e-02   4.1842105e-02   2.1571733e-01  -2.0234197e-03  -1.8858153e-03   1.0125697e-04
  -1.0179961e-01   9.7009229e-02   2.3172484e-01  -2.7877491e-03  -1.6878624e-03   2.7894272e-04
  -1.0632652e-01   7.6896703e-02   2.3535680e-01  -2.6349888e-03  -1.6432840e-03   1.4002718e-05
  -1.0003758e-01   6.6233372e-02   2.3997183e-01  -2.4905930e-03  -1.6764437e-03   6.5949069e-05
  -9.9225425e-02   3.7639400e-02   2.3106989e-01  -2.0238748e-03  -1.6093890e-03   2.4980797e-04
  -9.5298141e-02   3.9103327e-02   2.2470077e-01  -2.3888805e-03  -1.4859903e-03   4.3707100e-04
  -9.3606144e-02   8.9826098e-02   2.2273951e-01  -2.6430674e-03  -1.5331683e-03   2.9815537e-04
  -9.2745768e-02   4.4049000e-02   2.0984409e-01  -2.4382169e-03  -1.8097757e-03   3.9133587e-04
  -1.0520026e-01   1.8988110e-02   1.9193019e-01  -1.8035631e-03  -1.6632272e-03  -3.7882618e-05
  -1.0674325e-01   1.9897157e-01   2.1859237e-01  -2.6297107e-03  -1.8948441e-03   1.5274028e-04
  -1.0871616e-01   7.0204946e-02   2.2983769e-01  -2.6500060e-03  -2.0248237e-03   1.2050738e-04
  -1.0397146e-01   7.6717910e-02   2.4115827e-01  -2.2354441e-03  -2.1671002e-03   2.1383429e-04
  -1.0055053e-01   5.1365766e-02   2.2255933e-01  -2.1247643e-03  -1.8851910e-03   2.5222213e-04
  -9.7894945e-02   1.1235710e-01   2.1097626e-01  -2.1403854e-03  -1.7064810e-03   2.8600450e-04
  -9.7230619e-02   1.1016731e-01   2.1713581e-01  -2.4584063e-03  -1.5690555e-03   5.4565391e-05
  -9.7862628e-02   7.9386397e-02   1.9972900e-01  -2.3180322e-03  -1.7807190e-03   1.0028410e-04
  -1.0132934e-01   8.2354075e-02   2.0065427e-01  -2.2564585e-03  -1.7715452e-03   1.1717894e-04
  -9.9274305e-02   5.4839604e-02   1.8986045e-01  -2.0234909e-03  -1.9166639e-03   2.2834806e-04
  -9.5078377e-02   1.1604752e-01   2.0353098e-01  -2.0356265e-03  -2.1815674e-03   3.7040494e-04
  -7.4760475e-02   8.7112651e-02   1.9143343e-01  -1.9431573e-03  -2.3376046e-03   5.3760645e-04
  -6.9669420e-02   3.2201382e-02   1.9793096e-01  -1.7230424e-03  -2.5632699e-03   6.8172655e-04
  -9.8881775e-02   5.0479322e-02   2.1620274e-01  -1.6204240e-03  -2.3544827e-03   4.8402664e-04
  -1.0537604e-01   2.0683480e-01   2.3646970e-01  -1.6523946e-03  -2.0245590e-03   1.1380331e-04
  -1.0163258e-01   1.2218611e-01   2.2222733e-01  -1.6998726e-03  -1.8224725e-03   4.3241258e-04
  -1.1687562e-01   9.2297448e-02   1.8352637e-01  -1.8287502e-03  -1.7080513e-03   2.9133741e-04
  -1.1626357e-01   1.3084428e-01   1.6489376e-01  -1.4376736e-03  -1.8550296e-03   1.6124270e-04
  -1.2749306e-01   6.3943529e-02   1.5928639e-01  -1.3960361e-03  -2.1053425e-03  -4.6632221e-05
  -1.2905331e-01   4.5605051e-02   1.9024271e-01  -1.2227039e-03  -2.0269020e-03   1.2596658e-04
  -1.2703090e-01   8.5718731e-02   2.1355135e-01  -1.5669503e-03  -2.1559356e-03   3.1140153e-05
  -1.2142922e-01   8.0766030e-02   2.0696150e-01  -1.9166773e-03  -2.1655161e-03   4.2763651e-05
  -1.2180710e-01   5.7522172e-02   2.0745493e-01  -1.9112726e-03  -2.0461649e-03   1.0121580e-04
  -1.1992148e-01   4.5009086e-02   2.1194960e-01  -1.9633665e-03  -2.0615258e-03   2.8771745e-04
  -1.1874493e-01   5.7655614e-02   2.0163636e-01  -1.8631372e-03  -2.1011096e-03   1.2928550e-04
  -9.3518068e-02   7.6633228e-02   1.2953331e-01  -1.6106705e-03  -2.8092247e-03   2.9540966e-04
  -1.4382754e-01   8.0726340e-02   1.0595953e-01  -5.7551959e-04  -3.5406870e-03  -6.5653698e-04
  -1.3929699e-01   5.0493784e-02   1.7587734e-01  -1.0506239e-03  -3.3036471e-03  -8.5674099e-04
  -1.4803874e-01   1.0789450e-01   2.1823122e-01  -9.1987723e-04  -3.6281561e-03  -1.0736276e-03
  -1.5582512e-01   1.6556689e-02   2.3585578e-01  -3.8414845e-04  -3.9852175e-03  -1.1970005e-03
  -1.6953176e-01   1.0660892e-01   2.3407429e-01  -1.1699452e-03  -3.9945610e-03  -1.2857118e-03
  -1.7237989e-01   8.1435032e-02   2.1463899e-01  -1.2211056e-03  -4.2396823e-03  -1.2994833e-03
  -1.7972592e-01   8.9967526e-02   2.4664002e-01  -1.1695944e-03  -4.4877246e-03  -1.3689156e-03
  -1.7999006e-01   7.0367334e-02   2.5087863e-01  -9.3499889e-04  -4.3073774e-03  -1.3179549e-03
  -1.8329983e-01   1.0898747e-01   2.5424853e-01  -1.2039747e-03  -4.3472743e-03  -1.2305075e-03
  -1.8055648e-01   8.6634880e-02   2.4732381e-01  -1.2613774e-03  -4.4929473e-03  -1.2939964e-03
  -1.8719913e-01   5.5023557e-02   2.5068389e-01  -1.3354821e-03  -4.4850269e-03  -1.2657372e-03
  -1.9343653e-01   7.0658684e-02   2.5718512e-01  -1.2978307e-03  -4.5981529e-03  -1.3203833e-03
  -1.9184140e-01   7.2275445e-02   2.4399001e-01  -1.4210732e-03  -4.4459119e-03  -1.1920172e-03
  -1.8698929e-01   1.5058705e-01   2.5241329e-01  -1.5756130e-03  -4.5683678e-03  -1.1596878e-03
  -1.8713892e-01   7.6545843e-02   2.5893252e-01  -1.6991546e-03  -4.5044915e-03  -1.2359900e-03
  -1.8222969e-01   8.6849267e-02   2.6643565e-01  -1.8028373e-03  -4.4895124e-03  -1.1714912e-03
  -1.8882752e-01   5.8022773e-02   2.5958689e-01  -1.3750305e-03  -4.7618409e-03  -1.0776842e-03
  -1.9300689e-01   9.5500766e-02   2.7212371e-01  -1.8157889e-03  -4.6469838e-03  -1.1007315e-03
  -1.8419565e-01   7.7139511e-02   2.5934569e-01  -1.7427789e-03  -4.6084796e-03  -1.2107973e-03
  -1.8091867e-01   9.8460507e-02   2.5538652e-01  -1.7275516e-03  -4.5090572e-03  -1.2137396e-03
  -1.7677957e-01   9.0454196e-02   2.4529383e-01  -1.5135698e-03  -4.4392578e-03  -1.1087375e-03
  -1.7606981e-01   8.2803778e-02   2.2611799e-01  -1.2106399e-03  -4.4122786e-03  -7.7686919e-04
  -1.7118714e-01   1.0274494e-01   2.3620919e-01  -1.3141346e-03  -4.3718729e-03  -5.1433987e-04
  -1.7353077e-01   1.0271317e-01   2.4202270e-01  -1.4457805e-03  -4.6583081e-03  -8.5959248e-04
  -1.7115213e-01   8.2580821e-02   2.3775787e-01  -1.4462276e-03  -4.5898656e-03  -7.8286751e-04
  -1.6290934e-01   4.5965843e-02   2.0699564e-01  -4.3972415e-04  -4.1023449e-03  -8.0843163e-04
  -1.6699551e-01   1.3692084e-01   1.9470259e-01  -4.0793363e-04  -3.9861609e-03  -8.4230875e-04
  -1.7611545e-01   2.5039025e-02   2.4548082e-01  -2.9536788e-04  -4.2706149e-03  -9.6051800e-04
  -1.8772739e-01   1.4229762e-01   2.6028102e-01  -1.5137260e-03  -4.2117333e-03  -1.1604503e-03
  -1.9086144e-01   1.1509435e-01   2.4562817e-01  -1.6274727e-03  -3.9649751e-03  -1.0385962e-03
  -1.9691319e-01   8.9771486e-02   2.4390774e-01  -1.7439900e-03  -4.2654485e-03  -1.2364994e-03
  -2.0557386e-01   7.0103010e-02   2.3878422e-01  -1.0827091e-03  -4.6055918e-03  -1.1341226e-03
  -2.1155528e-01   1.3562942e-01   2.6100630e-01  -1.4397761e-03  -4.4653729e-03  -1.2394793e-03
  -2.0892864e-01   1.1869966e-01   2.5365089e-01  -1.8595433e-03  -4.4853343e-03  -1.3184567e-03
  -2.0619439e-01   9.8556720e-02   2.6055600e-01  -1.7193086e-03  -4.3241568e-03  -1.3448103e-03
  -2.1028911e-01   3.6264015e-02   2.5071062e-01  -1.5069264e-03  -4.4820380e-03  -1.0850891e-03
  -2.0614432e-01   1.2093589e-01   2.5330862e-01  -1.9352047e-03  -4.4311781e-03  -1.1856505e-03
  -2.0693208e-01   1.2610506e-01   2.5503815e-01  -1.9210723e-03  -4.4451685e-03  -1.2320081e-03
  -2.0630884e-01   1.0636969e-01   2.4954138e-01  -1.8940013e-03  -4.5541152e-03  -1.3154426e-03
  -1.9483663e-01   7.5603826e-02   2.4164404e-01  -1.5671403e-03  -4.5352620e-03  -1.2285496e-03
  -1.8455681e-01   1.3319160e-01   2.5448214e-01  -1.6771526e-03  -4.7331010e-03  -1.2564336e-03
  -1.7716844e-01   2.4765187e-01   2.4890173e-01  -2.0234760e-03  -4.5797631e-03  -1.2962882e-03
  -1.8862476e-01  -2.3460928e-02   2.1591079e-01  -1.1964546e-03  -4.7081829e-03  -1.1550088e-03
  -2.0202760e-01   1.4654397e-01   2.3584948e-01  -1.5327026e-03  -4.7079061e-03  -1.3230411e-03
  -2.1016203e-01   1.0796785e-01   2.4383143e-01  -1.7486104e-03  -4.6763508e-03  -1.3292696e-03
  -2.0852205e-01   1.0209797e-01   2.6049569e-01  -1.7620395e-03  -4.7865150e-03  -1.3304047e-03
  -2.1108684e-01   1.0721290e-01   2.6807246e-01  -1.9192061e-03  -4.6177166e-03  -1.3369076e-03
  -2.0983587e-01   1.2822122e-01   2.7361762e-01  -1.9557259e-03  -4.4869615e-03  -1.2522185e-03
  -2.0451792e-01   7.8892806e-02   2.7642609e-01  -2.0276368e-03  -4.5780991e-03  -1.2210224e-03
  -1.9613960e-01   8.1899476e-02   2.8596953e-01  -2.0929808e-03  -4.7004495e-03  -1.3186738e-03
  -2.0028172e-01   9.8362224e-02   2.6729019e-01  -1.9131458e-03  -4.6834893e-03  -1.3482255e-03
  -2.0437019e-01   1.1425043e-01   2.4766553e-01  -1.7741470e-03  -4.6036116e-03  -1.3106005e-03
  -2.0841642e-01   1.5647306e-01   2.4598636e-01  -1.8297094e-03  -4.3647707e-03  -1.0354343e-03
  -2.0859008e-01   1.3442775e-01   2.5622113e-01  -1.9329333e-03  -4.4295620e-03  -1.0422333e-03
  -2.0145059e-01   7.3438320e-02   2.6431137e-01  -1.6189364e-03  -4.6741379e-03  -1.1269881e-03
  -2.0719459e-01   1.1205299e-01   2.6723654e-01  -1.7438178e-03  -4.9087382e-03  -1.1301899e-03
  -2.1817947e-01   1.0752196e-01   2.5406001e-01  -1.6591558e-03  -4.8518941e-03  -1.2985793e-03
  -2.2128566e-01   8.7062137e-02   2.5457016e-01  -1.5098122e-03  -4.9557607e-03  -1.2775846e-03
  -2.1620502e-01   8.2138170e-02   2.4885852e-01  -1.4810301e-03  -4.9675088e-03  -1.2675270e-03
  -2.1735983e-01   1.2815671e-01   2.7086462e-01  -1.6343131e-03  -4.7887482e-03  -1.3373940e-03
  -2.1113526e-01   1.0040348e-01   2.7362947e-01  -1.4241135e-03  -4.9330561e-03  -1.3398759e-03
  -2.0900558e-01   7.6990980e-02   2.3054472e-01  -1.1561622e-03  -5.1068120e-03  -1.1952206e-03
  -2.0852668e-01   1.5191892e-01   2.0446175e-01  -9.2588938e-04  -5.9475242e-03  -1.5357728e-03
  -2.0989885e-01   1.3266632e-01   2.2126426e-01  -1.0395605e-03  -5.7142146e-03  -1.3965842e-03
  -2.1548421e-01   1.1807118e-01   2.4229303e-01  -9.9694632e-04  -5.5653408e-03  -1.4292009e-03
  -2.0536832e-01   3.4539385e-02   2.2571926e-01   2.5858161e-04  -4.9767662e-03  -1.2185447e-03
  -2.1587522e-01   1.0800082e-01   2.2286365e-01   1.7574109e-04  -4.5973683e-03  -1.8017314e-03
  -2.1046257e-01   1.1073782e-01   2.4480100e-01  -1.3997255e-04  -4.8142728e-03  -1.5525240e-03
  -2.2028708e-01   8.3850544e-02   2.3712092e-01  -4.2134315e-04  -4.6453397e-03  -1.5773820e-03
  -2.3501068e-01   1.5308158e-01   2.4635814e-01  -1.5184767e-03  -4.2976163e-03  -1.7098251e-03
  -2.4405123e-01   1.4203422e-01   2.3416028e-01  -1.4153502e-03  -4.1923969e-03  -1.6622932e-03
  -2.2333042e-01   1.0713843e-01   2.2542821e-01  -1.1184298e-03  -4.2149717e-03  -1.4022769e-03
  -2.2131582e-01   9.1764554e-02   2.1967687e-01  -6.6082306e-04  -4.4837520e-03  -1.4758150e-03
  -2.2093294e-01   1.1669905e-01   2.1655101e-01  -1.1578673e-03  -4.3548081e-03  -1.4682678e-03
  -2.3314653e-01   1.3927598e-01   2.2440963e-01  -1.3098211e-03  -4.3854396e-03  -1.5705615e-03
  -2.3926147e-01   1.2502646e-01   2.4663449e-01  -1.3311450e-03  -4.4969675e-03  -1.5329746e-03
  -2.3203201e-01   9.2401311e-02   2.5107041e-01  -1.2013914e-03  -4.5546879e-03  -1.5871005e-03
  -2.3618087e-01   1.4182526e-01   2.5458041e-01  -1.6089551e-03  -4.3642233e-03  -1.4701210e-03
  -2.4628657e-01   1.3776180e-01   2.5900488e-01  -1.5262967e-03  -4.3728176e-03  -1.6437059e-03
  -2.6007401e-01   1.2259371e-01   2.6909713e-01  -1.7533027e-03  -4.5060555e-03  -1.6176662e-03
  -2.4292529e-01   7.7041242e-02   2.6662901e-01  -1.3390070e-03  -4.8228705e-03  -1.2856376e-03
  -2.4553908e-01   1.2319407e-01   2.5949229e-01  -1.5323448e-03  -4.8033133e-03  -1.4629923e-03
  -2.6474402e-01   1.3448044e-01   2.6369454e-01  -2.2499725e-03  -4.4829769e-03  -1.9327867e-03
  -2.6645221e-01   1.5721410e-01   2.8557081e-01  -2.1931369e-03  -4.4493288e-03  -1.9204434e-03
  -2.5734860e-01   6.6917892e-02   2.3909741e-01  -1.4992702e-03  -4.5675612e-03  -1.5961640e-03
  -2.6840153e-01   1.6024866e-01   2.5271023e-01  -1.7289861e-03  -4.4317439e-03  -1.6538293e-03
  -2.7506283e-01   1.4822137e-01   2.5050424e-01  -1.6842189e-03  -4.7950586e-03  -1.7988533e-03
  -2.7331349e-01   9.8435559e-02   2.5172556e-01  -1.4824269e-03  -4.9311599e-03  -1.8339231e-03
  -2.6539883e-01   1.3513570e-01   2.5732337e-01  -1.3364188e-03  -4.9040407e-03  -1.5555568e-03
  -2.5862305e-01   1.5419206e-01   2.4782186e-01  -1.4320045e-03  -4.9214749e-03  -1.4935853e-03
  -2.5595932e-01   9.3297302e-02   2.3408501e-01  -1.0937968e-03  -4.9171066e-03  -1.4811793e-03
