   0.0000000e+00   0.0000000e+00  -6.4831015e-15   2.9178242e-18  -4.2873562e-18   1.2509752e-35
  -1.7829020e-02   5.7252448e-02  -6.2491533e-03   3.3655547e-04   4.8922745e-05  -1.1946649e-04
  -3.4491891e-02  -3.3830360e-02   1.6772767e-02   6.3453366e-04   1.5212470e-04  -3.2589903e-04
  -3.7042817e-02   1.2233147e-01   1.2044079e-02   6.3668588e-04  -5.6309650e-05  -2.9606561e-04
  -4.6813173e-02  -2.0146224e-03   2.6799574e-02   3.9171498e-04  -1.8150667e-04  -3.1511928e-04
  -2.7506505e-02   1.7655595e-01   2.4152144e-02  -6.6264490e-05  -2.1522289e-04  -2.0455269e-04
  -4.1991016e-02  -3.7580643e-02   3.7854164e-02   8.1100829e-05  -1.2751804e-04  -2.7999395e-04
  -4.4534271e-02   8.7782443e-02   1.6111050e-02  -1.8216142e-04  -1.2375200e-04  -4.1246075e-04
  -3.1016443e-02   3.6934530e-02   3.5879661e-02  -2.0248736e-04  -1.2819926e-04  -3.5055311e-04
  -4.0299615e-02   1.9280149e-02   3.9185794e-02  -2.6827932e-04   1.0334682e-05  -4.3084161e-04
  -3.3612907e-02   1.1710060e-01   4.1061687e-02  -4.6837701e-04  -4.5039384e-05  -3.9767674e-04
  -3.9717816e-02   1.6521933e-02   7.2614463e-02  -1.8943076e-04  -4.7114548e-05  -3.4609561e-04
  -3.9576076e-02   9.4751396e-02   5.4876435e-02  -4.2161406e-04  -3.9345431e-05  -3.4804090e-04
  -1.9838755e-03   9.2801195e-02   8.4759755e-02  -8.1791414e-04  -6.0419922e-04   6.7729482e-05
   8.1236222e-03   2.7364367e-03   1.0666414e-01  -1.0558545e-03  -6.1501001e-04   1.9292139e-05
  -2.0492903e-03   1.3356803e-01   5.3381581e-02  -9.1491409e-04  -7.0592763e-04  -1.2403072e-04
  -1.6909220e-02   6.8852938e-02   6.5977751e-02  -1.0815390e-04  -2.6893080e-04  -3.1170931e-05
  -3.9663401e-02   6.6577946e-02   7.0374527e-02  -1.0878262e-03  -2.0635768e-04  -2.9792485e-04
  -3.3180709e-02   1.0436295e-01   7.1076893e-02  -1.4601686e-03  -3.0298203e-04  -1.5611868e-04
  -3.1232501e-02  -4.9353700e-02   6.8695605e-02  -5.8244430e-04  -1.9322715e-04  -2.1196314e-04
  -1.4430604e-02   1.3807145e-01  -4.4034503e-02  -6.6159187e-04  -1.2473201e-04  -1.2949330e-04
  -3.0279507e-02  -4.7391392e-03   3.5850122e-02  -6.6528530e-05  -1.1380068e-04  -8.0267792e-05
  -2.6460266e-02   9.0284292e-02   3.1698985e-02  -8.0079865e-04  -2.8328616e-04  -2.2233424e-04
  -2.6087919e-02   3.1679604e-02   7.6025022e-02  -4.7321670e-04  -4.2728622e-04  -2.2402018e-04
  -3.3312850e-02  -1.0762657e-02   8.8642926e-02  -4.2093694e-04  -2.3936105e-04  -1.0903866e-04
  -4.1308010e-02   9.9256085e-02   7.2998426e-02  -7.7632273e-04  -1.5110313e-04  -2.1694480e-04
  -4.3323531e-02   4.5946680e-03   8.3399160e-02  -4.5102427e-04  -1.8213702e-04  -1.8969553e-04
  -4.6609107e-02   4.6650588e-02   4.1306069e-02  -2.7826176e-04  -2.7762685e-05  -2.3037138e-04
  -4.8307389e-02   1.5592832e-01   8.5911505e-02  -9.8093417e-04  -2.7953601e-04  -3.0145174e-04
  -5.7433248e-02   1.4499767e-02   1.0478310e-01  -1.0519842e-03  -1.0480903e-04  -4.5264742e-04
  -1.0433227e-01   1.8411867e-01   6.2833642e-02  -7.8830975e-04  -1.2205567e-03  -1.3962588e-03
  -1.0258918e-01   7.1250414e-02   7.7138629e-02  -4.8108230e-04  -9.1942092e-04  -1.5597791e-03
  -7.1973176e-02   3.1720445e-02   9.3148876e-02  -4.8788822e-04  -7.1114303e-04  -1.0533988e-03
  -6.3524242e-02   1.3184349e-01   8.2199516e-02  -6.5612353e-04  -7.4922518e-04  -1.0917948e-03
  -6.7067146e-02   4.1156031e-02   9.0366199e-02  -5.7518911e-04  -4.6129113e-04  -9.1682071e-04
  -7.2314310e-02   1.6753301e-02   1.1929306e-01  -8.5291849e-04  -3.9948374e-04  -9.8889615e-04
  -7.4222934e-02   1.3705226e-01   1.2643982e-01  -1.0569740e-03  -4.0414977e-04  -9.5752150e-04
  -7.8212531e-02   6.0904396e-02   1.4743420e-01  -9.9157878e-04  -3.2737178e-04  -1.0901674e-03
  -8.6063177e-02   8.7287689e-02   1.4826579e-01  -1.2296914e-03  -4.1191349e-04  -1.1765955e-03
  -8.4913826e-02   1.4528075e-01   1.3911472e-01  -1.4032767e-03  -4.7722241e-04  -1.2201513e-03
  -8.3816707e-02   6.9232800e-02   1.5838993e-01  -1.0951289e-03  -3.4682460e-04  -1.0544851e-03
  -8.6747057e-02   5.0282005e-02   1.6966574e-01  -1.0640771e-03  -2.3538290e-04  -1.0328357e-03
  -9.1874924e-02   1.6022222e-01   1.6166726e-01  -1.6191233e-03  -2.7822168e-04  -1.1168579e-03
  -9.6456553e-02   3.3856287e-02   1.9485724e-01  -1.9080572e-03  -1.6875848e-04  -1.2009741e-03
  -9.4301109e-02   9.0552772e-02   1.6743584e-01  -1.4822950e-03  -1.6878661e-04  -1.2529625e-03
  -9.2750576e-02   1.0804209e-01   1.9596529e-01  -1.1815657e-03  -1.7167516e-04  -1.2752306e-03
  -9.7799485e-02   1.1830365e-01   1.9909891e-01  -1.8646111e-03  -3.4796244e-04  -1.3046874e-03
  -9.8809099e-02   1.5658790e-01   2.0192406e-01  -2.4021069e-03  -4.3449742e-04  -1.3231281e-03
  -1.0168070e-01   7.9308137e-02   2.2545846e-01  -2.3867379e-03  -2.4701602e-04  -1.3607517e-03
  -9.6846994e-02   9.6468593e-02   2.1638549e-01  -2.2963684e-03  -3.3889675e-04  -1.4368419e-03
  -9.7482317e-02   1.5299508e-01   2.0799805e-01  -2.6010921e-03  -1.5753836e-04  -1.4104051e-03
  -1.0274155e-01   4.6123160e-02   2.1980240e-01  -2.3840556e-03  -9.5329129e-06  -1.3954938e-03
  -1.0521544e-01   1.0608846e-01   2.0401043e-01  -2.3743115e-03  -3.9565303e-05  -1.3986868e-03
  -1.0142771e-01   1.0567756e-01   2.1420519e-01  -2.4933475e-03  -1.0794118e-04  -1.3770057e-03
  -1.1359510e-01   7.9620212e-02   2.1793239e-01  -2.0321732e-03   9.6544090e-06  -1.3667650e-03
  -1.2020861e-01   9.0830556e-02   2.4738516e-01  -2.3145158e-03  -3.9484064e-07  -1.5050953e-03
  -1.1037228e-01   1.7016038e-01   2.3494886e-01  -2.5647697e-03  -2.2979829e-04  -1.5895611e-03
  -1.2582803e-01   3.5538000e-02   2.4657973e-01  -2.1608201e-03   2.6223449e-05  -1.6465205e-03
  -1.1653597e-01   1.9909855e-01   2.2359355e-01  -2.5741109e-03  -1.4793769e-04  -1.5531758e-03
  -1.1701964e-01   4.4129290e-02   2.5277716e-01  -2.2765340e-03  -8.7386270e-05  -1.4967440e-03
  -1.1269987e-01   1.0319664e-01   2.0591609e-01  -1.9465075e-03   1.2664619e-05  -1.6471844e-03
  -1.0800714e-01   1.2589471e-01   2.1396348e-01  -2.5628454e-03  -1.0088829e-04  -1.5971519e-03
  -1.1335078e-01   2.8293391e-02   2.3288056e-01  -2.0630372e-03  -2.5407436e-05  -1.5730717e-03
  -1.1885875e-01   1.2697992e-01   2.2240308e-01  -2.1130912e-03   2.3942034e-05  -1.5839062e-03
  -1.0973143e-01   1.3666624e-01   2.1883110e-01  -2.3743706e-03  -6.8745786e-05  -1.5635293e-03
  -1.1304669e-01   7.7605286e-02   2.3351246e-01  -2.2935895e-03   1.8815205e-05  -1.5329680e-03
  -1.2236165e-01   1.0835196e-01   2.2570068e-01  -2.1814043e-03   2.8699499e-05  -1.5771215e-03
  -1.2568591e-01   1.5607311e-01   2.1642184e-01  -2.9480768e-03  -1.8669371e-05  -1.5077756e-03
  -1.2036042e-01   1.7580408e-01   2.0362101e-01  -2.2987279e-03  -1.4244293e-04  -1.4234382e-03
  -1.1040767e-01  -9.0192139e-02   8.5302255e-02  -2.5065353e-04  -5.9720101e-05  -7.4220010e-04
   2.1232709e-02   4.2300712e-01  -6.0778678e-02   1.0774443e-03  -5.0346712e-04   2.2703797e-04
  -6.0236352e-02  -2.4619568e-01   1.6584259e-01   2.9740430e-04  -1.0236363e-04  -6.7463880e-04
  -8.1170302e-02   5.6473181e-02   2.6457776e-01  -6.5788453e-04   4.6051571e-06  -1.0600444e-03
  -8.3294933e-02   1.3164609e-01   2.8570886e-01  -6.7201223e-04   2.5242319e-04  -1.0206375e-03
  -8.0198437e-02   1.2770101e-01   3.2277881e-01  -6.1458981e-04   2.2049430e-04  -9.3960658e-04
  -6.4030624e-02   1.6987413e-01   3.1910515e-01  -7.8047447e-04   1.4147027e-04  -7.3400848e-04
  -5.1041378e-02   1.3688236e-01   2.7254141e-01  -1.1977727e-03  -1.8742309e-04  -7.1759664e-04
  -4.9921907e-02   1.5167206e-01   3.1343550e-01  -1.0949423e-03   2.4685216e-05  -7.9564641e-04
  -5.4976443e-02   1.5232120e-01   2.6103987e-01  -2.0308315e-03  -1.1357762e-04  -6.1840804e-04
  -6.1972018e-02   1.3697518e-01   3.0492953e-01  -3.0731153e-03   1.3227533e-04  -3.6436956e-04
  -8.7615062e-02  -2.1266801e-02   2.8495541e-01  -3.0168333e-03   2.0378244e-04  -7.8091072e-04
  -1.0011043e-01   7.9107815e-02   3.1203385e-01  -2.7098064e-03   5.1769882e-04  -8.7959763e-04
  -9.5842875e-02   1.1145640e-01   3.0789202e-01  -2.7256091e-03   1.6023035e-04  -5.3033410e-04
  -3.8398462e-02   2.7443840e-01   2.7226529e-01  -2.4503955e-03  -6.4426125e-04  -6.7023388e-04
  -8.8517867e-02  -6.7119525e-02   3.5905339e-01  -2.6403317e-03   3.8399458e-04  -1.2857710e-03
  -4.3596354e-02   1.8982926e-01   2.9529151e-01  -1.5937310e-03  -4.1875930e-05  -7.1481877e-04
  -5.0518160e-02   7.0724450e-02   3.5293579e-01  -2.1200516e-03   2.0400968e-04  -8.2171647e-04
  -9.8423980e-03   2.9156843e-01   3.3080258e-01  -2.4986564e-03  -2.5589557e-04  -3.8117355e-04
  -6.0472904e-02  -1.5065951e-02   3.8531223e-01  -2.4747487e-03   1.3643301e-05  -9.0144723e-04
  -8.6438661e-03   1.8919828e-01   3.9964398e-01  -2.7737149e-03  -3.8508196e-04  -5.1387067e-04
   8.6311551e-03   1.9349951e-01   3.8191857e-01  -2.7685496e-03  -7.9087354e-04  -3.3244307e-04
  -3.4658105e-02   5.6706176e-02   2.9848830e-01  -2.4547672e-03  -5.4590366e-06  -5.0563879e-04
  -8.1459306e-02   7.5966836e-02   2.3481075e-01  -1.6210640e-03   5.0286300e-05  -8.0794205e-04
  -2.1193855e-02   1.4248916e-01   1.5248248e-01   7.4783027e-04   1.6565880e-05  -7.4750453e-04
  -5.6240614e-02   1.2757351e-01   1.9282355e-01  -1.5423950e-04   4.8740385e-04  -1.0628515e-03
   2.2989939e-03   3.1698762e-01   8.3444231e-02  -3.3617724e-04  -2.1021767e-04  -3.0185129e-04
  -6.5131815e-02  -1.9947561e-01   1.5555851e-01   3.2979377e-04   9.3104324e-05  -4.2125909e-04
  -4.2724790e-02   2.4457703e-01   2.1075646e-01  -2.1083999e-03  -2.4198444e-04  -6.0985756e-04
  -7.5036363e-02  -9.4830475e-03   3.2223931e-01  -3.0027576e-03   1.3858695e-04  -1.0220104e-03
  -8.1331843e-02   7.3608393e-02   3.5039352e-01  -2.7760005e-03   3.4805288e-04  -9.6654143e-04
  -6.8727985e-02   9.4799569e-02   3.7807421e-01  -2.5592539e-03   3.4044400e-04  -7.0237613e-04
  -6.9429563e-02   1.0509251e-01   4.4038609e-01  -5.3026774e-03   1.9586156e-04  -1.1260632e-04
  -7.9164229e-02   9.2299905e-02   4.2659456e-01  -5.0935305e-03   1.2034080e-04  -3.5689318e-04
  -8.9922248e-02   2.1701429e-01   3.5213448e-01  -4.1222586e-03   3.5677106e-04  -8.3315406e-04
  -7.9455386e-02   5.1543487e-02   2.9371433e-01  -3.0170780e-03   5.0237108e-04  -9.7440323e-04
  -8.5890407e-02   2.0436201e-01   2.9637337e-01  -3.0222628e-03   5.3047832e-04  -1.0049810e-03
  -8.2193612e-02  -1.3954043e-03   2.1109993e-01  -1.7498969e-03   6.4691731e-04  -3.1576445e-04
  -5.7436102e-02   2.6518635e-01   1.3220147e-01  -1.7933695e-03   3.1896428e-04  -6.4000782e-05
  -8.8944213e-02  -2.0030285e-02   2.7377156e-01  -2.8402792e-03   2.8633704e-04  -5.4703862e-04
  -4.6734060e-01   2.9691238e-01   3.1827886e-02  -3.1708455e-03  -2.6828939e-04  -6.3747393e-03
  -2.4553247e-01   1.9450840e-01   7.5149325e-02  -4.3008951e-03   1.7591871e-03  -2.6355006e-03
  -1.2170208e-01   1.6143878e-01   1.3643679e-01  -2.8404624e-03   4.5458243e-04  -1.0748981e-03
  -1.4501801e-01   9.7659534e-02   2.5522255e-01  -4.0860254e-03   1.1521842e-03  -1.9027723e-03
  -6.4234090e-02   1.3968445e-01   1.9647172e-01  -2.6624415e-03  -8.0017434e-05  -8.6716650e-04
  -8.5971765e-02   1.4006086e-01   2.4579980e-01  -2.9010456e-03   2.4913469e-04  -9.4707586e-04
  -5.7417766e-02   1.2280399e-01   2.2835121e-01  -2.5294285e-03  -1.3361780e-04  -4.3570719e-04
  -6.4844710e-02   2.0958430e-01   2.3740853e-01  -2.6088282e-03   1.9066759e-04  -6.0237327e-04
  -6.2147412e-02   8.7176400e-02   2.5287340e-01  -2.7535252e-03   7.6810755e-05  -4.6881406e-04
  -9.0086453e-02   4.8529282e-02   3.2286161e-01  -2.7333018e-03   7.0447068e-04  -8.8137104e-04
  -4.2441740e-02   3.5232267e-01   2.7438305e-01  -2.8155312e-03  -8.7659459e-05  -1.8370105e-04
  -7.1002654e-02  -1.9701248e-02   3.0164109e-01  -3.1099233e-03   3.2263633e-04  -7.7755215e-04
  -9.5641452e-02   8.6650162e-02   3.3561199e-01  -3.4956664e-03   3.2992053e-04  -2.7607350e-04
  -1.2360589e-01   4.1555101e-02   2.5730294e-01  -2.9539362e-03   3.6423573e-04  -7.6727770e-04
  -1.4058475e-01   9.9084531e-02   3.3493441e-01  -3.9760039e-03   6.3811990e-04  -1.2457047e-03
  -1.4868276e-01   7.8844059e-02   3.4059960e-01  -4.0028274e-03   6.5170062e-04  -1.4835394e-03
  -1.4006159e-01   4.7005122e-02   3.2418633e-01  -3.3033033e-03   8.1052420e-04  -1.4769583e-03
  -1.1022123e-01   2.1640136e-01   3.0225505e-01  -3.1022229e-03   4.9735276e-04  -1.2540000e-03
  -1.1807382e-01   9.5530869e-02   2.8954225e-01  -2.7626724e-03   6.0234976e-04  -1.2010827e-03
  -9.3869645e-02   1.2663403e-01   2.4532162e-01  -2.0753782e-03   2.2973050e-04  -6.6548711e-04
  -9.9568732e-02   1.1298668e-01   2.6862913e-01  -1.7674006e-03   5.1640044e-04  -7.2902876e-04
  -8.5190374e-02   2.5193445e-01   2.5729232e-01  -1.6271916e-03   4.6577330e-04  -5.1911931e-04
  -9.8513502e-02   1.0579812e-01   2.8626631e-01  -1.3010223e-03   6.1444786e-04  -6.2185566e-04
  -9.3809943e-02   2.7134315e-01   2.7589834e-01  -2.1833319e-03   3.9043382e-04  -7.2950478e-04
  -1.1821556e-01   5.0153133e-02   2.7617759e-01  -2.9091019e-03   5.8985886e-04  -8.0272551e-04
  -1.1980574e-01   1.1055923e-01   2.5965207e-01  -3.2390591e-03   5.2518610e-04  -9.9377524e-04
  -1.0660950e-01   1.8455299e-01   2.3867245e-01  -2.8671980e-03   6.3837890e-04  -1.2718137e-03
  -1.1932204e-01   1.2542866e-01   2.8473338e-01  -2.5955732e-03   6.8690485e-04  -1.3061765e-03
  -1.2849685e-01   2.3317996e-01   2.8249086e-01  -3.1691109e-03   7.8974276e-04  -1.5500831e-03
  -1.3155005e-01   1.6021087e-01   3.3059591e-01  -3.2869357e-03   7.1634732e-04  -1.4832353e-03
  -1.3008274e-01   1.7335154e-01   3.1772123e-01  -3.3670650e-03   6.1211658e-04  -1.4237352e-03
  -1.3178055e-01   1.8909334e-01   3.2004454e-01  -3.5741683e-03   6.1671568e-04  -1.4874942e-03
  -1.3631491e-01   1.0071181e-01   3.1868625e-01  -3.2864692e-03   6.5514557e-04  -1.4960984e-03
  -1.4109217e-01   2.6120092e-01   3.0652546e-01  -3.6175682e-03   6.3499828e-04  -1.6145005e-03
  -1.3202562e-01   1.3269891e-01   3.6084846e-01  -3.4888118e-03   5.2046599e-04  -1.6261220e-03
  -1.4083064e-01   2.6541716e-01   3.6339614e-01  -4.1368438e-03   7.0952440e-04  -1.5351371e-03
  -1.4054895e-01   1.4163512e-01   4.1773934e-01  -4.1521154e-03   5.9142549e-04  -1.4976502e-03
  -1.3746562e-01   2.3956788e-01   3.7807859e-01  -3.8317148e-03   5.6231893e-04  -1.5261135e-03
  -1.0594273e-01   4.7372654e-01   2.5853430e-01  -3.0146792e-03   4.2104726e-04  -1.2953686e-03
  -6.0467030e-02   7.8305827e-02   1.4985516e-01  -1.4722503e-03   4.3122087e-04  -1.5722049e-04
  -1.0430976e-01  -6.1830041e-02   3.0833300e-01  -1.9891498e-03   3.8301543e-04  -8.5229129e-04
  -1.0831495e-01   1.1964425e-01   1.9332295e-01  -1.9050260e-03   5.5303940e-04  -6.8087313e-04
  -9.8153656e-02   1.0828418e-01   1.8697621e-01  -1.1845299e-03   4.0194114e-04  -2.5489017e-04
  -9.9347833e-02   3.9584074e-02   2.6774082e-01  -1.8334815e-03   3.9918260e-04  -3.8392941e-04
  -9.0299310e-02  -2.5737943e-02   2.1353394e-01  -1.2652052e-03   6.0347379e-04  -4.6758529e-04
  -8.7015174e-02   4.2322227e-02   2.1028726e-01  -1.0590540e-03   4.6780954e-04  -3.7126891e-04
  -9.8679656e-02   5.1690055e-02   2.5557768e-01  -1.9496442e-03   5.0083203e-04  -5.5304690e-04
  -8.6160652e-02   1.4012786e-01   2.2372853e-01  -1.4085969e-03   3.2595270e-04  -6.7096459e-04
  -8.9188535e-02   9.4419924e-02   2.5909447e-01  -1.4936159e-03   1.3919189e-04  -7.0428761e-04
  -9.5784625e-02   1.4363159e-01   2.1411369e-01  -1.5955258e-03   3.4963169e-04  -7.2321779e-04
  -9.0536851e-02   1.3388884e-01   2.4692983e-01  -1.7202764e-03   2.6116177e-04  -6.8475864e-04
  -9.2699758e-02   1.4558412e-01   2.3670107e-01  -1.5544882e-03   4.0838922e-04  -6.1268818e-04
  -5.4608656e-02   2.5003767e-01   2.6186258e-01  -2.1299541e-03  -4.8501274e-04  -3.1127116e-04
  -7.2534424e-02   2.4681000e-01   1.7416998e-01  -1.5203098e-03   4.6004581e-04  -4.1894363e-04
  -6.1442950e-02   1.6223405e-01   1.5054006e-01  -1.6321230e-03   1.5851023e-04  -3.4760344e-04
  -8.8051812e-02   1.2174724e-01   2.1669661e-01  -1.5618415e-03   6.2765558e-04  -7.9520512e-04
  -8.6980455e-02   1.6358981e-01   1.7842890e-01  -1.2444287e-03   6.6606027e-04  -7.1445034e-04
  -7.7353396e-02   1.8258354e-01   2.4290570e-01  -1.3672106e-03   6.9223719e-04  -6.5986120e-04
  -7.6935005e-02   1.2943146e-01   2.3887984e-01  -1.2686062e-03   4.1485574e-04  -6.6108850e-04
  -9.1510164e-02   1.6254605e-01   2.4712789e-01  -1.5838596e-03   6.3327091e-04  -8.3861607e-04
  -6.3348823e-02   1.5165962e-01   2.4324353e-01  -1.7440811e-03   1.4329648e-04  -6.3697063e-04
  -9.6541159e-02   1.4225103e-01   2.7537605e-01  -2.3259894e-03  -1.1824351e-04  -1.0012086e-03
  -1.0794630e-01   8.9850348e-02   1.3982789e-01  -7.2904644e-04  -1.8153476e-04  -7.5715909e-04
  -7.3993576e-02   2.3841384e-01   1.9234226e-01  -1.8820471e-03   1.9515776e-04  -5.3103268e-04
  -7.2072017e-02   1.3479077e-01   1.9911167e-01  -1.9907524e-03   2.3733153e-04  -6.5025517e-04
  -1.1306832e-01   1.2979813e-01   2.6877014e-01  -2.1042031e-03   7.0638759e-04  -1.2224655e-03
  -2.0494493e-01   2.6427484e-01   2.4898808e-01  -1.2615127e-03  -2.5847185e-03  -3.0149803e-03
  -1.3919182e-01   1.3884980e-01   3.1774300e-01  -2.0890654e-03  -9.0708116e-04  -1.7587108e-03
  -1.2959102e-01   2.5884805e-01   3.0777512e-01  -2.8644420e-03  -2.0352780e-04  -1.8296488e-03
  -1.0213218e-01   2.3854406e-01   2.1309944e-01  -2.2633078e-03   2.1323502e-04  -1.4856332e-03
   2.4827947e-02   3.4982999e-01  -3.1612013e-02   1.2305296e-04  -4.3153361e-04   5.6788516e-04
  -6.3838178e-02  -2.7363854e-01   1.7853666e-01  -1.1266566e-03   2.1032352e-04  -4.5388885e-04
  -4.6465675e-02   2.7051168e-01   1.2755997e-01  -7.0416697e-04  -1.8539011e-04  -1.7949283e-04
  -8.4050526e-02   6.0055492e-02   2.1902736e-01  -1.0759554e-03   1.4062325e-04  -3.8210023e-04
  -8.0059114e-02   8.7845870e-02   1.7801179e-01  -3.9443116e-04  -1.4411931e-05   9.1341996e-05
  -8.7004713e-02   2.4086041e-02   2.3362408e-01  -1.4952546e-03  -4.6386321e-05  -2.4453460e-04
  -1.0251177e-01   1.1742914e-01   3.2382769e-01  -2.5401007e-03   1.3377256e-06  -4.8061294e-04
  -1.1410384e-01   6.1503741e-02   3.6840845e-01  -4.0411412e-03  -1.3320469e-05  -6.5723344e-04
  -1.1800844e-01   7.2221323e-02   3.5904032e-01  -3.9724978e-03   1.7659963e-04  -6.8851095e-04
  -8.3257874e-02   2.2289220e-01   2.3815585e-01  -3.5126330e-03   1.3673766e-04  -3.4062648e-04
  -9.0419320e-02  -6.9680809e-02   2.4894957e-01  -3.0580898e-03  -3.8561709e-05  -3.2385731e-04
  -1.1907262e-01   9.8226537e-02   3.1772758e-01  -3.3462830e-03  -2.7131025e-04  -8.4677673e-04
  -1.0997047e-01   8.1168968e-02   2.6959453e-01  -3.1201384e-03   1.6136726e-04  -7.4854186e-04
  -1.1017401e-01   1.2114754e-01   2.8666480e-01  -3.0839438e-03   1.4710955e-04  -8.0734176e-04
  -9.8841129e-02   1.0289327e-01   1.6981015e-01  -2.4832347e-03   4.2643945e-04  -6.9003521e-04
  -1.0549093e-01   1.0152173e-01   2.3122469e-01  -2.3527541e-03   1.5030508e-04  -6.9713031e-04
  -1.0423696e-01   1.4571751e-01   2.6124693e-01  -3.5767040e-03   6.4018859e-05  -7.9198076e-04
  -6.0686387e-02   7.6835866e-02   3.1137471e-01  -3.5395720e-03  -5.3066162e-04  -3.9211125e-04
  -7.3308297e-02   1.1640536e-01   2.7662317e-01  -3.3411392e-03  -4.4207166e-04  -3.6747469e-04
  -7.4933788e-02   1.5775329e-01   3.0170579e-01  -3.5740115e-03  -4.3522294e-04  -4.9854236e-04
  -9.0989004e-02   4.0975006e-02   2.9124406e-01  -3.1711497e-03  -2.2488955e-04  -5.7475730e-04
  -9.2518684e-02   2.1165956e-01   2.7645124e-01  -3.4567346e-03  -2.0910499e-04  -4.1288691e-04
  -1.0559674e-01   1.7696843e-02   2.7946521e-01  -3.3434479e-03   7.7367786e-05  -5.0857014e-04
  -8.8049902e-02   2.2215731e-01   2.2921440e-01  -3.7461548e-03  -3.4409215e-04  -4.2901332e-04
  -9.9223010e-02   4.7537950e-02   1.3195264e-01  -1.9158456e-03  -3.8958610e-05  -4.3947248e-04
  -1.0321387e-01   5.7840928e-02   2.1759202e-01  -3.1372136e-03   1.6823856e-04  -8.0513231e-04
  -9.9183354e-02   1.9000630e-01   2.2191275e-01  -3.3131011e-03   8.8630513e-05  -7.8430019e-04
  -9.6054879e-02   7.5003210e-02   2.7524325e-01  -2.9382335e-03   2.1305286e-04  -7.3786333e-04
  -5.9747008e-02   1.0530292e-01   1.1855127e-01  -1.3199471e-03  -1.2468745e-04  -1.1064355e-04
  -7.4666852e-02   1.6766618e-02   2.1144873e-01  -2.7033853e-03  -2.2609448e-04  -4.0720319e-04
  -9.6144027e-02   9.1751663e-02   2.2283822e-01  -2.8495387e-03   2.0322891e-04  -4.1949929e-04
