   0.0000000e+00   0.0000000e+00  -6.3517570e-15   1.7846004e-18  -4.0404410e-18   7.2105727e-36
   4.6050141e-03   4.0654407e-02  -5.4025477e-02   1.7754049e-03  -4.4575922e-04  -3.2001248e-04
  -3.4184558e-03  -7.7961583e-03  -8.8566329e-02   2.7350634e-03  -8.7886622e-04  -3.5203248e-04
  -3.4911494e-03   7.5466357e-02  -1.1817420e-01   3.4912690e-03  -1.0287075e-03  -4.6093941e-04
   6.1543830e-03   7.4830034e-03  -1.1548500e-01   3.6598324e-03  -9.0671341e-04  -5.5008866e-04
   1.2266033e-02   7.4373506e-02  -1.0913020e-01   2.8866194e-03  -8.9640224e-04  -2.7103167e-04
   2.0882426e-02   2.1983516e-02  -1.0544015e-01   2.5039382e-03  -1.1869978e-03  -1.7111440e-04
   7.3506080e-03   4.9454968e-02  -1.0590178e-01   2.3630818e-03  -8.2183087e-04  -2.5326259e-04
   7.2696940e-03   3.6716534e-03  -2.1628306e-01   6.2334555e-03  -1.0518672e-03  -7.7479067e-05
   1.6101810e-02  -3.3265869e-02  -1.7745961e-01   4.2854765e-03  -9.9649936e-04  -1.1315657e-04
   5.8970901e-02  -4.5178964e-02  -1.6946618e-01   5.0374636e-03  -1.7115495e-03   6.8789046e-04
   3.3563927e-02   4.5993722e-03  -1.5230550e-01   4.1670659e-03  -1.8143466e-03  -1.0048901e-04
   3.3221697e-02   3.7691581e-03  -1.4681853e-01   3.8506619e-03  -1.7078810e-03   1.3494493e-05
   5.4382181e-02  -1.3985472e-02  -1.4883415e-01   3.3826676e-03  -2.0242807e-03   3.9906498e-04
   3.6221909e-02   4.1837391e-02  -1.6254569e-01   3.4708111e-03  -1.8087625e-03  -1.7272791e-04
   4.3115900e-02   7.4181602e-03  -1.5919358e-01   2.7385624e-03  -2.4408344e-03  -3.1163628e-04
   5.6615820e-02  -3.7059577e-02  -2.4616308e-01   7.6904965e-03  -2.9206083e-03   2.4354455e-04
   4.2556577e-02  -5.3493479e-02  -2.2534469e-01   6.2258849e-03  -2.1674081e-03  -3.1196750e-04
   5.4267311e-02  -4.9582568e-02  -2.8138159e-01   7.9788981e-03  -2.3872813e-03   3.1021877e-05
   4.2038730e-02  -6.0725464e-02  -2.6918061e-01   7.6362311e-03  -2.2684254e-03  -1.1558221e-04
   4.2247775e-02  -3.0290020e-02  -2.3939372e-01   6.3041130e-03  -2.5846133e-03  -1.8212866e-04
   3.4139395e-02  -3.3930269e-02  -2.4722121e-01   6.2964122e-03  -2.4365274e-03  -4.4874731e-05
   4.5074103e-02  -5.8694406e-02  -2.3523433e-01   5.9427356e-03  -2.5077176e-03   2.0903160e-04
   3.2122631e-02  -5.0971033e-02  -2.3145229e-01   5.5167801e-03  -2.3356059e-03   1.8457139e-05
   1.3122137e-02  -5.4768320e-02  -2.3227615e-01   4.7453082e-03  -1.8774083e-03  -9.9761416e-05
   1.2524061e-02  -2.8130171e-02  -2.3921372e-01   4.5970829e-03  -1.9875955e-03  -1.4987324e-04
   1.6618568e-02  -7.1654132e-02  -2.4175802e-01   5.2627919e-03  -1.9173126e-03  -8.7379235e-05
  -1.6477797e-03   3.1797186e-02  -2.5157975e-01   4.7987805e-03  -2.0755879e-03  -6.1235249e-04
   6.8063896e-03   1.6976086e-02  -2.6158891e-01   5.1910633e-03  -1.8136680e-03  -5.9508398e-04
   3.5036169e-02  -1.6274660e-02  -2.6576031e-01   5.9208451e-03  -2.2606820e-03  -3.9849500e-05
   3.4628076e-02  -5.0894407e-02  -2.5924924e-01   6.2035824e-03  -2.3225313e-03   3.2036888e-05
   1.5104860e-02  -7.8504169e-02  -2.4564344e-01   5.6264990e-03  -2.1325714e-03  -5.0766372e-04
   1.9826015e-02  -3.9726044e-03  -2.4474812e-01   4.8818296e-03  -2.2675136e-03  -2.4297466e-04
   1.4748647e-02  -2.0723235e-03  -2.5238571e-01   4.8336725e-03  -2.1753046e-03  -3.3662402e-04
   9.5784300e-03  -1.3071957e-02  -2.3972238e-01   4.0726697e-03  -2.1072423e-03  -2.8194477e-04
   1.9033453e-02  -7.6655554e-03  -2.5372445e-01   3.7857096e-03  -2.2363631e-03  -1.5898633e-04
   2.7842673e-02  -8.6396793e-03  -2.5647885e-01   3.8020987e-03  -2.2895995e-03  -2.6693294e-06
   3.6831249e-02  -2.7942099e-02  -2.2424282e-01   3.4935722e-03  -2.3954476e-03   1.9246840e-04
   3.3321201e-02   4.2286927e-02  -2.3201268e-01   3.1939687e-03  -2.6253765e-03  -4.5477131e-05
   3.9719829e-02  -3.6350994e-02  -2.2434437e-01   3.6183399e-03  -2.6746983e-03   1.9709846e-04
   4.7549516e-02   2.7118256e-03  -2.2897988e-01   4.2824016e-03  -2.4746612e-03   9.6000716e-05
  -1.9278086e-02  -1.8305300e-02  -2.3892641e-01   6.3641361e-03  -1.1074510e-03   3.9836639e-05
   8.0849222e-03   3.1464438e-02  -1.6255342e-01   2.9654749e-03  -2.0035186e-03  -1.5470737e-04
  -2.2715129e-02  -1.8440758e-03  -2.1555092e-01   3.1407269e-03  -1.0870480e-03  -8.5076607e-05
  -2.7981861e-02   1.0656851e-02  -1.8943611e-01   2.7703021e-03  -1.1141641e-03  -4.4705123e-04
  -2.6700345e-02  -6.0574466e-02  -2.1257734e-01   3.6926771e-03  -1.0560411e-03  -4.6178465e-05
  -2.5749779e-02  -8.5729074e-04  -2.2009089e-01   3.3569877e-03  -8.5273964e-04  -2.2899731e-04
  -4.2119985e-02  -2.1302044e-02  -1.9243013e-01   3.2959298e-03  -7.5383488e-04  -3.9517270e-04
  -2.2969674e-02   3.0890505e-02  -1.8452954e-01   2.6368491e-03  -1.2694472e-03  -9.9106821e-05
  -3.7597282e-02   1.2651348e-03  -2.0275682e-01   3.3162366e-03  -1.0991554e-03  -1.6479953e-04
  -3.2995720e-02  -2.6597638e-02  -1.9629680e-01   2.3597069e-03  -1.0122758e-03  -1.3221892e-04
  -2.4032375e-02  -4.8721868e-03  -1.9882652e-01   2.3335895e-03  -1.3342594e-03  -1.2732237e-04
  -1.8107110e-02  -1.1442086e-02  -2.1647597e-01   2.5731652e-03  -1.3314151e-03   1.8725113e-04
   1.6397737e-02  -1.2528265e-02  -2.1324170e-01   3.7167278e-03  -1.6936049e-03   6.1491718e-04
   5.7480047e-03   1.0041277e-02  -1.9223488e-01   2.8205464e-03  -1.7242934e-03   2.8263097e-06
   9.5066728e-03   1.5386819e-02  -1.7026814e-01   2.1491284e-03  -1.7999542e-03   2.4364336e-04
  -2.3956514e-02   2.2310500e-02  -1.7846620e-01   2.3252611e-03  -1.2941417e-03  -2.0444923e-04
  -1.5522199e-02  -1.5303838e-02  -1.6516458e-01   1.9303963e-03  -1.3878501e-03  -1.0438220e-04
  -3.0837729e-02   4.2772402e-02  -1.7058314e-01   1.3935355e-03  -1.2357861e-03  -2.4568741e-04
  -3.3186178e-02   3.6771360e-02  -1.7147932e-01   1.2134949e-03  -1.2199955e-03  -1.9288705e-04
  -1.9840544e-02   7.3381904e-02  -1.6801286e-01   1.2457013e-03  -1.3926519e-03   7.8888217e-05
  -3.1179072e-02   5.8731545e-04  -1.4285153e-01   1.2086937e-03  -1.4952593e-03  -3.5670327e-05
  -2.2954720e-02  -1.8092791e-02  -1.2387915e-01   1.2293083e-03  -1.4882521e-03   1.8068599e-06
  -3.8485427e-02   7.2190060e-02  -1.5673000e-01   5.8472016e-04  -1.2422497e-03  -2.8175471e-04
  -4.3449360e-02   2.6900558e-02  -1.4953480e-01   2.4715298e-04  -1.0716214e-03  -3.8785710e-04
  -3.4326399e-02   6.7663777e-03  -1.5583303e-01   5.6302099e-04  -1.0298177e-03   1.0853839e-04
  -3.6504911e-02   5.7396808e-02  -2.4575588e-01   2.6720331e-03  -9.8941098e-04  -2.2708424e-05
  -1.1131909e-02  -1.1520496e-01  -2.5974880e-01   5.3997983e-03  -1.8625105e-03   2.8172826e-04
   5.3671819e-03   5.5993775e-03  -2.5413622e-01   4.3538840e-03  -1.5988647e-03   8.0572885e-05
   2.8995813e-03   2.3029011e-02  -2.2287007e-01   3.7516003e-03  -1.9153006e-03   8.3799099e-05
  -1.9444377e-02   2.6055575e-02  -2.2307446e-01   3.2104550e-03  -1.6373093e-03  -2.6934192e-05
  -1.5814413e-02   3.7347999e-02  -2.2572572e-01   3.3332400e-03  -1.7963576e-03   1.2052032e-04
  -7.0448277e-03   2.0436860e-02  -2.0817086e-01   3.2195021e-03  -1.8856521e-03   2.6759589e-04
  -1.6038530e-02  -4.5787424e-03  -1.8886294e-01   2.8064619e-03  -1.7687756e-03   3.4725812e-07
  -2.1047376e-02   3.5762879e-02  -1.6134597e-01   1.7976962e-03  -1.7471717e-03  -2.9825796e-05
  -2.3333056e-02   3.5251149e-02  -1.3627188e-01   1.2127177e-03  -1.7176564e-03  -7.7726055e-05
  -3.8010529e-03  -1.4924295e-03  -1.4950779e-01   1.3901633e-03  -2.1188899e-03  -1.0537037e-04
  -1.8250619e-02   7.0048326e-02  -1.3029474e-01   3.9354587e-04  -1.7415786e-03   1.0313050e-04
  -5.1190746e-03   4.2069245e-02  -1.2019406e-01   4.6787393e-04  -2.0982616e-03   3.1949713e-04
   1.1435739e-03  -6.5607685e-04  -1.4129779e-01   8.3310884e-04  -2.2240861e-03   2.7587117e-04
  -4.9157159e-03   5.8911969e-02  -1.5729456e-01   8.0635606e-04  -1.7894907e-03   2.0607834e-04
   9.5506835e-04   7.8506514e-02  -1.3404923e-01   3.5584531e-04  -2.1565259e-03   2.0236956e-04
   2.1287434e-02   1.0937518e-02  -1.3751436e-01   1.3399604e-03  -2.4918123e-03   5.1230550e-04
  -2.0739940e-04   8.7685081e-03  -1.5440675e-01   1.0364279e-03  -2.1520060e-03   2.4799711e-04
   1.8154011e-02  -1.0085263e-02  -1.4341911e-01   1.1549099e-03  -2.5325629e-03   5.4776937e-04
   7.7551201e-03   1.3338421e-02  -1.4917526e-01   1.3204592e-03  -2.3116694e-03   3.6972775e-04
   1.2238438e-02   2.4850495e-02  -1.1268747e-01   1.0033399e-04  -2.0541800e-03   4.5513544e-04
   1.1271262e-02   8.1939884e-02  -9.3528752e-02  -5.1634411e-04  -2.6513032e-03   3.7631509e-04
   2.4215195e-02   9.3174054e-03  -1.1787318e-01   4.5856700e-04  -2.6294468e-03   5.3230675e-04
  -2.9664943e-03   3.2763017e-02  -1.4910597e-01   8.0439849e-04  -2.1908380e-03   2.1647825e-04
   2.0968781e-02   7.3830134e-02  -1.0195653e-01  -6.5099418e-04  -2.6531136e-03   6.2506673e-04
   4.3357575e-02  -1.2001259e-02  -5.9034407e-02  -1.0427099e-03  -3.0695526e-03   1.1647709e-03
   8.0353991e-03   3.5887207e-02  -9.9145571e-02  -8.0793788e-04  -2.6347418e-03   1.3311482e-04
   2.3817220e-02   6.4255461e-02  -9.1886465e-02  -1.0171301e-03  -2.9699528e-03   4.6331175e-04
   4.2864417e-02   6.6830544e-02  -9.0515387e-02  -3.8623028e-04  -3.1994181e-03   8.8181245e-04
   1.9981367e-02   5.2630020e-02  -9.6016282e-02  -5.4358215e-04  -2.8669704e-03   5.9198462e-04
   2.6882931e-02   2.3100711e-02  -9.2801872e-02  -9.8053656e-04  -2.9420013e-03   6.7724659e-04
   2.3114892e-02  -5.3451495e-03  -1.3228729e-01  -4.2792305e-05  -2.7938560e-03   7.9845027e-04
   9.4598063e-03   1.2156249e-02  -1.6598522e-01   1.1166770e-03  -2.6437154e-03   4.8261167e-04
   2.2748557e-02   1.2813830e-02  -1.4272987e-01   2.3296205e-04  -2.8389217e-03   6.2412179e-04
   3.4902917e-02   4.9189622e-02  -1.0198204e-01  -6.7815000e-04  -3.1318697e-03   8.3719878e-04
   3.7279210e-02   4.4024033e-02  -8.2843969e-02  -9.8811305e-04  -3.3304232e-03   7.9816814e-04
   3.4574585e-02   9.1481888e-02  -7.7100508e-02  -1.9778978e-03  -3.4210004e-03   7.9077021e-04
   4.4038558e-02   8.6947242e-02  -6.6401397e-02  -2.3461288e-03  -3.4524539e-03   9.2427089e-04
   7.2878676e-02   2.3014599e-02  -4.6563146e-02  -2.0983330e-03  -3.7137482e-03   1.6390601e-03
   7.3357158e-02  -7.5041254e-04  -3.8732701e-02  -1.7283805e-03  -3.8028022e-03   1.1947891e-03
   7.0662495e-02   1.0946441e-01  -7.0397528e-02  -1.5665311e-03  -3.9841442e-03   1.1808738e-03
   6.5749745e-02   7.1172308e-02  -3.6351492e-02  -2.3507797e-03  -3.7576769e-03   1.0115187e-03
   5.3298939e-02   2.6860792e-02  -5.1372652e-02  -1.9819918e-03  -3.7118768e-03   1.1318522e-03
   6.9005934e-02   5.2521506e-02  -3.1070701e-02  -2.4083463e-03  -3.9899317e-03   1.4508723e-03
   8.2542845e-02  -3.3452373e-02  -3.2458512e-02  -2.3839570e-03  -4.1223461e-03   1.5490509e-03
   7.1912341e-02   9.2868363e-02  -5.9126495e-02  -2.3673684e-03  -4.0151312e-03   1.4172997e-03
   7.1014903e-02   6.2823220e-02  -6.4908408e-02  -1.7799990e-03  -4.0302379e-03   1.4276456e-03
   5.0491351e-02   2.6634990e-02  -1.6901949e-01   1.3461610e-03  -3.9954860e-03   9.5156627e-04
   2.4815850e-02  -1.1735330e-01  -3.3909245e-01   8.3074136e-03  -2.3108389e-03   8.5782258e-04
   1.9203326e-02  -3.6012086e-02  -2.2974199e-01   3.0978969e-03  -2.4674181e-03   3.0169389e-04
   3.1808317e-02   4.0123817e-02  -1.8978305e-01   1.8919737e-03  -2.8291705e-03   6.6132355e-04
   4.1026339e-02   4.7171731e-02  -1.5066157e-01   4.0745617e-04  -3.0710285e-03   8.9071113e-04
   5.3783287e-02   3.0073895e-02  -1.4295144e-01   4.1609876e-04  -3.3708787e-03   9.1921977e-04
   4.3337010e-02   2.9118111e-02  -8.5461681e-02   1.7179032e-04  -3.2881496e-03   7.1736652e-04
   5.4360304e-02   4.3346843e-02  -1.0406106e-01  -2.8222843e-04  -3.6923494e-03   1.0601944e-03
   3.3070394e-02   6.4432614e-02  -9.7416769e-02   2.4795843e-05  -3.2995955e-03   7.9490913e-04
   4.0543152e-02   3.1895541e-02  -1.0297911e-01  -1.6931219e-04  -3.3846171e-03   9.3340660e-04
   2.6563074e-02   6.6301071e-02  -1.0765431e-01  -7.0624824e-04  -3.2156808e-03   5.9366441e-04
   8.5259775e-03   8.4647307e-02  -1.0741296e-01  -1.0590053e-03  -3.0066094e-03   3.6611568e-04
   2.6030985e-02   2.2682261e-02  -1.0653256e-01  -8.5315330e-04  -3.2163458e-03   7.5487373e-04
   3.9672133e-02   1.0311407e-02  -1.7281333e-01   9.5916905e-04  -3.6136629e-03   1.0595552e-03
   4.8240500e-02  -6.4449842e-02  -2.4487589e-01   4.3665281e-03  -3.7071041e-03   1.2238406e-03
   5.1839872e-02   7.0129050e-03  -1.7493134e-01   1.4493695e-03  -3.8237530e-03   1.2758256e-03
   3.3887112e-02   9.3053375e-03  -1.4810975e-01   7.0734085e-04  -3.4574642e-03   8.4157015e-04
   3.2910416e-02   4.8570196e-02  -1.3156252e-01  -4.9877418e-04  -3.4368900e-03   9.6531009e-04
   3.5669108e-02   8.0271747e-02  -1.4585713e-01  -3.9159202e-04  -3.3600404e-03   7.6101305e-04
   5.2128617e-02   4.4246204e-02  -5.9301595e-02  -1.5806827e-03  -3.7026474e-03   9.3088858e-04
   4.5337505e-02   1.2210120e-01  -7.6436152e-02  -1.8881188e-03  -3.6662601e-03   8.8345802e-04
   3.7003220e-02   3.4022484e-02  -8.0624414e-02  -1.8244362e-03  -3.3942883e-03   9.4146849e-04
   3.1639069e-02   3.1067131e-02  -4.4782672e-02  -2.5192510e-03  -3.4942822e-03   1.0259311e-03
   3.8326824e-02   6.7203954e-02  -2.5860770e-03  -3.8160952e-03  -3.7753989e-03   1.0286444e-03
   4.5916314e-02   8.3587336e-02   2.0284447e-02  -4.3479791e-03  -3.8759352e-03   1.0677525e-03
   6.4075789e-02   7.0240884e-02   4.8515133e-02  -5.3916033e-03  -4.3032684e-03   1.2408292e-03
   1.0397776e-01   3.1002873e-02   9.9150197e-02  -6.1668982e-03  -4.9464335e-03   1.7761539e-03
   9.7038412e-02   6.1031639e-02   9.1883660e-02  -6.2729639e-03  -4.9039363e-03   1.6417899e-03
   9.5832327e-02   7.9550670e-02   1.4343048e-01  -6.9415543e-03  -4.9740657e-03   1.4184197e-03
   9.5229888e-02   6.2976067e-02   1.4586271e-01  -7.4332182e-03  -4.9955013e-03   1.5364713e-03
   9.0454082e-02   9.9578753e-02   1.2491204e-01  -7.2457913e-03  -4.9834254e-03   1.5556647e-03
   1.1177075e-01   1.2173701e-01   1.2127959e-01  -7.1025747e-03  -5.4527959e-03   1.6996883e-03
   1.1131043e-01   1.1309915e-01   1.2767693e-01  -7.3795817e-03  -5.3702244e-03   1.7103032e-03
   1.1927813e-01   7.5085101e-02   1.5030519e-01  -7.5300414e-03  -5.3624261e-03   1.9562355e-03
   9.2482345e-02   3.8835714e-02   1.3872679e-01  -6.5142728e-03  -5.1396551e-03   1.2706595e-03
   8.4183394e-02   2.4016440e-02   1.0525982e-01  -6.0271437e-03  -5.0741499e-03   1.3780622e-03
   7.7541829e-02   1.4664248e-01   1.4159898e-01  -7.7993938e-03  -4.9614734e-03   1.1870035e-03
   9.7205905e-02   5.7742295e-02   1.5550978e-01  -7.5298304e-03  -5.2497176e-03   1.6558933e-03
   1.0439967e-01   1.0951272e-01   1.4787563e-01  -7.8147426e-03  -5.2444686e-03   1.8045062e-03
   9.6115446e-02   1.6455901e-01   1.7396633e-01  -8.6179185e-03  -5.2424544e-03   1.6170536e-03
   1.0414638e-01   1.0189827e-01   1.9351032e-01  -9.0409817e-03  -5.3835749e-03   1.7201781e-03
   1.1423985e-01   1.0662358e-01   2.0850258e-01  -9.3332978e-03  -5.6972295e-03   1.7700293e-03
   1.0429915e-01   1.1139713e-01   2.0492927e-01  -9.2373913e-03  -5.5106668e-03   1.5164020e-03
   3.9824152e-02   6.9081841e-02   2.4975468e-01  -7.6550443e-03  -2.2390369e-03   2.5120065e-03
   1.2584284e-01   6.3453124e-02   6.9094430e-02  -5.7973731e-03  -5.1468155e-03   2.4976780e-03
   1.0032695e-01   7.8282849e-02   4.5433958e-03  -3.6762862e-03  -4.7750858e-03   2.1512766e-03
   1.4554192e-01   5.3883631e-02   8.5960706e-02  -4.9577835e-03  -5.5489194e-03   2.7334511e-03
   1.4324338e-01   6.3288239e-02   8.8697979e-02  -5.1657675e-03  -5.8006232e-03   2.5086835e-03
   1.5574911e-01   1.6377037e-02   9.7201407e-02  -4.8172603e-03  -5.9306988e-03   2.8195972e-03
   1.1900904e-01   1.2205474e-01   9.4878143e-02  -5.9074925e-03  -5.5262646e-03   2.2422720e-03
   1.2142525e-01   6.7386057e-02   1.2419597e-01  -6.8050309e-03  -5.4672862e-03   2.5166659e-03
   1.0974982e-01   1.0548835e-01   1.2417243e-01  -6.3591283e-03  -5.3549123e-03   2.4069698e-03
   1.0185296e-01   7.6196968e-02   1.8359510e-01  -6.9109519e-03  -5.1147183e-03   2.1214128e-03
   9.3772061e-02   1.0498644e-01   1.3125444e-01  -6.9199991e-03  -4.8688971e-03   1.9536360e-03
   9.7060330e-02   9.3225163e-02   1.3028797e-01  -6.9493438e-03  -4.9026636e-03   2.0039635e-03
   8.8081987e-02   6.5557574e-02   1.3621381e-01  -6.8718565e-03  -4.7640517e-03   2.0507357e-03
   8.1945315e-02   7.8766574e-02   1.5292940e-01  -7.3440676e-03  -4.6854998e-03   1.9459710e-03
   8.6337916e-02   1.1183920e-01   1.4113965e-01  -7.2115394e-03  -4.8951034e-03   1.9279444e-03
   9.6765003e-02   1.0340420e-01   1.7240387e-01  -8.0757815e-03  -5.0815014e-03   1.8947190e-03
   9.5268585e-02   7.1350705e-02   1.4809414e-01  -6.8920725e-03  -4.7897566e-03   2.0056617e-03
   8.8665666e-02   8.9214506e-02   1.7287908e-01  -7.3077289e-03  -4.9042027e-03   2.1180544e-03
   8.4336860e-02   1.0162099e-01   1.6324196e-01  -7.2101425e-03  -4.8442758e-03   2.0559905e-03
   8.1502795e-02   1.1867107e-01   1.5683941e-01  -7.6638449e-03  -4.9433834e-03   1.9482078e-03
   8.6677225e-02   1.2998219e-01   1.6635886e-01  -7.6528572e-03  -4.7537701e-03   2.0555437e-03
   9.3517407e-02   8.4219246e-02   1.7014390e-01  -7.1292327e-03  -4.8880409e-03   2.0703256e-03
   9.8127666e-02   8.7786543e-02   1.6099165e-01  -6.8712308e-03  -4.9830679e-03   2.2455294e-03
   9.4582640e-02   9.2359109e-02   1.5804679e-01  -6.9169181e-03  -4.7975657e-03   2.1729600e-03
   9.9735014e-02   6.2171386e-02   1.5931667e-01  -6.8344509e-03  -5.0244512e-03   2.1845644e-03
   1.0476805e-01   6.8310374e-02   1.5077300e-01  -6.5701884e-03  -5.0290545e-03   2.2629973e-03
   1.0162847e-01   6.8385833e-02   1.3995622e-01  -6.3235971e-03  -5.1547526e-03   2.3092817e-03
   1.1492809e-01   6.5743536e-02   1.4273380e-01  -6.2203634e-03  -5.3090748e-03   2.2724810e-03
   1.2113441e-01  -2.2255839e-02   6.3229924e-02  -4.0548175e-03  -5.4038854e-03   2.4528395e-03
   9.8306972e-02   4.9528202e-02  -7.2173139e-03  -2.5186156e-03  -4.8763823e-03   2.0982892e-03
   7.9369700e-02   1.1150904e-01   1.4537216e-02  -4.4708431e-03  -4.4807308e-03   1.8069871e-03
   7.9633706e-02   6.8833815e-02   4.8738116e-02  -3.5224974e-03  -4.4766494e-03   1.9190535e-03
   8.9017801e-02   2.7097066e-02   1.3585996e-03  -2.8363853e-03  -4.6585653e-03   2.2465559e-03
   6.8975016e-02   6.7760533e-02   3.0217245e-02  -3.9485294e-03  -4.7004687e-03   1.7809715e-03
   6.5033858e-02   9.2870455e-02   4.5887776e-02  -4.1639066e-03  -4.8143786e-03   1.7777056e-03
   7.5362697e-02   9.0224835e-02   7.0237845e-02  -4.6308095e-03  -4.8607174e-03   2.0121298e-03
   7.7744008e-02   9.0668854e-02   5.4586752e-02  -4.0314148e-03  -4.5486095e-03   1.9440988e-03
   8.6291804e-02   3.5243520e-02   2.3012689e-02  -2.1568881e-03  -4.5890589e-03   2.1828282e-03
   9.5062037e-02  -4.7712526e-03   2.6098220e-02  -2.0831900e-03  -4.5285833e-03   2.2586743e-03
   1.0626304e-01   7.6526095e-02   9.5205081e-03  -1.9269691e-03  -4.8211233e-03   2.3265263e-03
   9.8115201e-02   2.7411160e-02  -2.6514706e-02  -1.0123106e-03  -4.7907832e-03   2.1760958e-03
   1.0974788e-01   6.3739713e-02  -2.0088079e-02  -1.2961948e-03  -4.5072601e-03   2.3540307e-03
   1.2323779e-01   3.5469071e-02  -9.2984851e-04  -1.9956633e-03  -4.8155655e-03   2.4642438e-03
   1.1484563e-01   5.3850957e-02   1.6265389e-02  -1.9496657e-03  -5.0001106e-03   2.3986285e-03
   9.9960603e-02   5.5672979e-02   6.9768883e-02  -3.8561465e-03  -4.8746187e-03   2.3925684e-03
   9.9270764e-02   4.8145179e-02   5.5713037e-02  -4.0398438e-03  -4.8934349e-03   2.4095591e-03
   1.0925333e-01   5.5848036e-02   3.9497883e-02  -3.8407770e-03  -5.0228746e-03   2.4142736e-03
   9.2489996e-02   7.3655257e-02   4.3796588e-02  -3.3947894e-03  -4.6189052e-03   2.2917533e-03
   9.8299501e-02   6.3309527e-02   7.9529521e-02  -4.0551444e-03  -4.7601976e-03   2.3625185e-03
   9.9584601e-02   8.2918108e-02   9.2116898e-02  -4.7097900e-03  -4.7986369e-03   2.3587179e-03
   9.8814937e-02   1.2096231e-01   1.0018288e-01  -5.0417442e-03  -4.6890059e-03   2.3316037e-03
   1.0114388e-01   8.3899699e-02   9.4040345e-02  -5.2924697e-03  -4.5634363e-03   2.4593203e-03
   1.0437200e-01   6.9510642e-02   8.0297166e-02  -5.1024417e-03  -4.7290789e-03   2.5991337e-03
   8.9370810e-02   2.0383366e-01   4.8291478e-02  -4.2744569e-03  -4.2826524e-03   8.7485892e-04
