   0.0000000e+00   0.0000000e+00   7.1054274e-15   0.0000000e+00   0.0000000e+00   0.0000000e+00
  -2.7275435e-02   9.1129371e-02  -3.5291578e-02   1.1170206e-03   2.6632116e-04  -1.7127923e-04
  -3.2040894e-02   4.9062829e-02  -8.2827317e-03   1.2103203e-03  -2.7679548e-04  -5.2891753e-04
  -2.5748573e-02   6.3244131e-02  -1.9847214e-02   1.0951852e-03  -2.0388128e-04  -4.1683885e-04
  -3.0134320e-02   5.4072326e-02  -1.9990646e-03   9.6105768e-04  -7.4004471e-05  -3.1414870e-04
  -2.8395122e-02  -9.3567151e-03  -4.2326559e-03   1.1855200e-03  -3.3408170e-05  -3.9323053e-04
  -2.5343584e-02   6.8175126e-02   7.3902916e-03   5.9975026e-04  -2.4122486e-04  -3.4971718e-04
  -3.1908912e-02   5.2457157e-02   9.4372947e-03   5.9085276e-04  -2.0935933e-04  -3.5855676e-04
  -2.0971711e-02   3.9990776e-02   5.5679895e-03   7.0302106e-04  -3.0111325e-04  -4.2959280e-04
  -2.1476329e-02   3.9043915e-02   2.1372734e-02   6.1469413e-04  -3.9306979e-04  -2.5736802e-04
  -2.5349055e-02   1.8858682e-02   3.0185655e-02   6.7904896e-04  -3.3956261e-04  -2.8556776e-04
  -2.9724007e-02   3.7108055e-02   3.3850425e-02   5.2965410e-04  -3.7688556e-04  -4.0104161e-04
  -3.5721919e-02   4.3964449e-02   3.8832266e-02   5.1141085e-04  -1.8522616e-04  -5.4645297e-04
  -3.0804593e-02  -7.4145616e-03   2.9790462e-02   5.0998170e-04  -1.1758563e-04  -4.7216399e-04
  -3.9667727e-02  -1.6763271e-02   3.6050599e-02   7.4935716e-04  -2.5678115e-04  -3.9953931e-04
  -5.0027350e-02  -4.0143006e-03   3.2367539e-02   7.7131362e-04  -2.9868865e-04  -4.8570914e-04
  -3.8973847e-02   9.9120481e-03   4.3271259e-02   9.7076784e-04  -3.4152552e-04  -4.8812452e-04
  -3.8362919e-02   2.6051263e-02   5.4019893e-02   8.4247071e-04  -4.6734201e-04  -4.3155979e-04
  -4.2048153e-02   4.7199251e-03   5.6263066e-02   1.0512373e-03  -4.0326479e-04  -4.5596548e-04
  -5.7566029e-02   1.1134365e-01   2.5302685e-02   6.6025790e-04  -7.5261944e-04  -5.9574880e-04
  -5.5905452e-02  -1.4306096e-01   4.7558926e-02   7.1966290e-04  -2.9122378e-04  -6.3996324e-04
  -6.6261821e-02  -1.8834670e-03   4.5933835e-02   8.2262297e-04  -1.9629518e-04  -6.5398056e-04
  -6.5026339e-02  -4.7862263e-02   5.0427030e-02   7.2845152e-04  -2.0886124e-04  -7.6710875e-04
  -6.3803252e-02  -1.8805698e-02   7.4863895e-02   7.4989508e-04  -2.4551464e-04  -7.2274999e-04
  -5.7029616e-02   2.3493364e-02   7.4242538e-02   6.6172962e-04  -2.4084481e-04  -5.8144658e-04
  -6.5450873e-02  -1.0947622e-02   7.0754928e-02   7.3455289e-04  -3.2933227e-05  -6.8623356e-04
  -6.0865567e-02   3.7830055e-04   8.3635534e-02   4.8135811e-04  -2.1505206e-04  -5.4364378e-04
  -5.9804824e-02  -1.3282762e-02   5.4198625e-02   1.2733028e-03  -4.1839907e-04  -4.1599676e-04
  -8.7369103e-02  -2.3622347e-02   6.8042844e-02   8.6777734e-04  -1.3954036e-04  -5.9952032e-04
  -8.4540548e-02   3.7719858e-03   5.1481822e-02   9.1284198e-04  -1.1897650e-04  -6.5954357e-04
  -8.5936253e-02  -1.9842406e-02   7.2637600e-02   1.1230714e-03  -1.4464678e-04  -5.3215658e-04
  -8.6921668e-02  -1.1570263e-02   5.9888363e-02   1.0156364e-03  -6.6411112e-05  -6.2984069e-04
  -7.0924661e-02   6.3517146e-02   4.9632890e-02   5.8263713e-04  -1.0137982e-04  -6.6889966e-04
  -7.0169697e-02  -2.1864142e-02   5.5504274e-02   7.7482703e-04  -5.6678483e-06  -3.9891044e-04
  -7.7312957e-02  -1.7893122e-02   5.0468835e-02   1.0744599e-03   1.7579992e-04  -3.7270323e-04
  -7.2230930e-02  -2.3052529e-02   4.1224929e-02   9.8621550e-04   2.1611645e-04  -4.6286690e-04
  -7.6930125e-02   2.4516724e-02   6.7310093e-02   8.8437645e-04   2.2095990e-04  -4.1869492e-04
  -7.4042222e-02  -2.5717771e-02   7.8095501e-02   9.5090006e-04   1.7794107e-04  -3.7743559e-04
  -6.9749433e-02  -2.8788190e-02   6.7993130e-02   1.0038792e-03   1.1600421e-04  -3.4076684e-04
  -6.6046077e-02  -4.8051551e-02   7.1220319e-02   1.2257511e-03   1.1170831e-04  -2.5845876e-04
  -7.5608876e-02   1.3351832e-02   5.4668699e-02   9.6176802e-04   4.1880150e-04  -3.3163924e-04
  -8.7230251e-02  -1.8335409e-03   5.9476986e-02   1.1274546e-03   4.5864977e-04  -2.0474738e-04
  -9.1326164e-02   1.6472292e-02   6.7741625e-02   9.9122130e-04   3.4241425e-04  -3.2490815e-04
  -9.2462152e-02  -4.4449905e-02   8.1686024e-02   1.1556556e-03   2.9920326e-04  -4.4812786e-04
  -9.8446111e-02   1.7976410e-02   7.4431406e-02   1.1026600e-03  -1.0250654e-04  -5.1242528e-04
  -9.8559063e-02   4.8948018e-03   6.4452233e-02   1.0019102e-03   3.5483212e-04  -4.9813419e-04
  -9.1899531e-02  -1.3405410e-02   5.4006112e-02   7.7733748e-04   2.7003985e-04  -4.5570128e-04
  -9.5054219e-02  -1.0128052e-02   7.0643188e-02   1.0602112e-03   4.5101509e-04  -3.5583628e-04
  -8.9816613e-02   1.4420572e-03   6.4109215e-02   1.1899168e-03   4.2103372e-04  -3.7032575e-04
  -9.5502796e-02   1.7880833e-02   8.6118139e-02   8.1658464e-04   4.1589927e-04  -5.3402580e-04
  -1.0006250e-01  -8.7163326e-03   7.0518449e-02   8.1776080e-04   4.8729332e-04  -6.2656912e-04
  -9.5580450e-02  -1.0930753e-04   5.5649206e-02   8.9188505e-04   5.0488314e-04  -5.2914523e-04
  -1.0046304e-01   2.6693841e-03   8.0379788e-02   1.0544292e-03   4.1704074e-04  -5.6602840e-04
  -1.0881559e-01   2.9657802e-02   7.9118849e-02   1.1717120e-03   5.0108959e-04  -4.8220112e-04
  -1.1202101e-01   2.0831842e-02   8.2303808e-02   1.2534168e-03   5.5152343e-04  -5.3428127e-04
  -1.0543970e-01   3.4485903e-03   8.5528528e-02   1.1926168e-03   5.9676821e-04  -6.4033404e-04
  -1.0235501e-01  -3.2620979e-02   7.5935874e-02   1.0816830e-03   3.1288808e-04  -6.0395178e-04
  -1.1234392e-01   5.3803238e-02   8.6278073e-02   1.1113224e-03   3.7838356e-04  -8.4338834e-04
  -9.9763295e-02   3.6783621e-02   8.8481871e-02   1.1641457e-03   3.6227520e-04  -6.0769565e-04
  -1.1223748e-01  -9.6149230e-03   8.6333553e-02   1.0228271e-03   7.5771570e-04  -8.4315848e-04
  -1.0929255e-01   1.1055440e-02   8.0923076e-02   1.2300034e-03   7.0138830e-04  -7.1522927e-04
  -1.0373146e-01   1.4934675e-02   9.2180030e-02   1.0637600e-03   5.7195871e-04  -5.5960551e-04
  -1.0766034e-01  -4.6750776e-02   1.0512448e-01   1.2409049e-03   6.6340589e-04  -6.9077165e-04
  -1.0848048e-01  -2.2292899e-02   9.0871782e-02   1.1738206e-03   5.4451311e-04  -6.7760310e-04
  -1.0577242e-01   5.7292069e-03   9.1620682e-02   1.1665033e-03   6.0976887e-04  -7.9676905e-04
  -1.0323273e-01  -3.4061020e-02   1.0210387e-01   1.2594390e-03   5.7141068e-04  -8.2164198e-04
  -9.6378089e-02   5.6352072e-03   1.0801693e-01   1.4496323e-03   5.5600476e-04  -4.4327321e-04
  -9.5889623e-02  -2.9626870e-02   9.9167504e-02   1.3493377e-03   5.2114012e-04  -6.2870520e-04
  -1.1197397e-01  -1.9221624e-02   8.7042405e-02   1.2773717e-03   7.9561906e-04  -9.0224260e-04
  -1.2424033e-01  -2.6687792e-02   8.8781534e-02   1.3601096e-03   5.8461041e-04  -1.1841207e-03
  -1.3406963e-01  -2.1594624e-02   9.1960032e-02   1.4836656e-03   7.6661706e-04  -1.3379451e-03
  -1.3180659e-01  -1.2612425e-02   9.8061890e-02   1.3350272e-03   7.1294595e-04  -1.1951610e-03
  -1.3693077e-01   1.4087371e-02   1.1082549e-01   1.1805946e-03   8.3454462e-04  -1.2090106e-03
  -1.2314478e-01  -1.3978460e-02   1.0479150e-01   1.2604375e-03   6.5398669e-04  -1.0841445e-03
  -1.2030071e-01  -9.9024343e-03   1.1196352e-01   1.2626627e-03   6.7774933e-04  -9.4165884e-04
  -1.2333780e-01  -4.7728915e-02   1.2878872e-01   1.2301787e-03   7.3394612e-04  -9.3646598e-04
  -1.1978662e-01   2.6680890e-02   9.2644510e-02   1.2580948e-03   7.4623643e-04  -1.0658708e-03
  -1.2556038e-01  -7.0341604e-03   1.0554584e-01   9.4135521e-04   9.1278300e-04  -1.0791235e-03
  -1.2560174e-01   2.2115117e-02   1.0780404e-01   1.1896864e-03   9.6707633e-04  -8.5751263e-04
  -1.1927295e-01  -4.7310485e-03   9.2232485e-02   1.2216051e-03   1.1486110e-03  -9.2317627e-04
  -1.2157324e-01  -4.7231780e-02   1.2067422e-01   1.2499770e-03   8.7818695e-04  -8.6382007e-04
  -1.2279220e-01  -5.1709059e-02   1.1871575e-01   1.3027996e-03   9.3761688e-04  -8.8682576e-04
  -1.2663196e-01   1.2559201e-02   1.0303091e-01   1.2654598e-03   8.9028345e-04  -1.0944903e-03
  -1.2916432e-01   1.8514738e-02   1.3602382e-01   1.1519110e-03   7.8393271e-04  -9.4560855e-04
  -1.3508956e-01  -4.6034771e-02   1.0738751e-01   1.0808243e-03   9.0413033e-04  -1.0379625e-03
  -1.3085994e-01  -9.8757834e-03   1.1062290e-01   1.1138547e-03   8.1458194e-04  -9.5063524e-04
  -1.3759240e-01  -2.5877796e-02   1.1984743e-01   1.2537450e-03   1.0970257e-03  -9.9387908e-04
  -1.3707561e-01  -3.4366134e-03   1.0176356e-01   1.0982453e-03   1.0491305e-03  -1.0685878e-03
  -1.3975629e-01   5.5694260e-03   1.1771417e-01   1.1599607e-03   1.0139399e-03  -9.4387766e-04
  -1.4382728e-01  -2.2407865e-02   1.1392916e-01   1.0040570e-03   1.1391158e-03  -1.1457168e-03
  -1.4083672e-01   3.7168163e-02   1.1503660e-01   9.6313717e-04   1.0732439e-03  -1.1368786e-03
  -1.4636496e-01   1.2712020e-02   1.2804369e-01   1.0938903e-03   1.1164077e-03  -1.1183308e-03
  -1.4736396e-01  -3.4388033e-02   1.2957046e-01   1.0937783e-03   1.2280768e-03  -1.0528140e-03
  -1.4679532e-01  -2.2493307e-02   1.4707921e-01   1.0783784e-03   9.9966571e-04  -9.4380676e-04
  -1.5039134e-01  -2.4581769e-02   1.5085277e-01   1.2795715e-03   1.0644188e-03  -1.1659843e-03
  -1.5351820e-01  -2.7955126e-02   1.2765901e-01   1.0374111e-03   1.6557447e-03  -1.1916165e-03
  -1.5163827e-01  -1.3111630e-01   1.4138623e-01   1.0378169e-03   2.4166135e-03  -7.6055055e-04
  -1.8757674e-01   9.3173270e-02   9.1634265e-02   1.4846929e-03   2.1024047e-03  -1.0861223e-03
  -1.8101463e-01   2.0269334e-02   1.3942738e-01   1.8559272e-03   2.5836397e-03  -1.1771384e-03
  -1.7335718e-01   6.9007914e-02   1.2424716e-01   1.6770069e-03   2.5181836e-03  -1.1095459e-03
  -1.7465624e-01  -4.5824859e-02   1.3998499e-01   1.6267970e-03   2.4780478e-03  -1.1207244e-03
  -1.6666881e-01  -1.1250088e-03   1.3390835e-01   1.6763840e-03   2.1115495e-03  -9.4252221e-04
  -1.6891122e-01   6.1521831e-02   1.2051143e-01   1.5453007e-03   2.3120395e-03  -1.1268848e-03
  -1.6524054e-01   2.2602601e-02   1.3199736e-01   1.5987956e-03   2.1955256e-03  -9.4861806e-04
  -1.6499449e-01   2.7176635e-02   1.3750057e-01   1.5175012e-03   2.2915601e-03  -1.0570655e-03
  -1.6547290e-01  -1.1991255e-02   1.6282054e-01   1.4992590e-03   2.3363861e-03  -1.0969422e-03
  -1.6555678e-01   1.4769738e-02   1.4914799e-01   1.6262153e-03   2.0972885e-03  -9.7942483e-04
  -1.6441702e-01   5.3695134e-02   1.4069537e-01   1.7074791e-03   2.2064031e-03  -1.0480234e-03
  -1.6806559e-01   9.8167815e-03   1.4791840e-01   1.4458608e-03   2.1799028e-03  -1.0733559e-03
  -1.6957876e-01  -2.5510923e-02   1.4334470e-01   1.4723762e-03   2.1199928e-03  -9.3022882e-04
  -1.7225162e-01   3.3668884e-02   1.2859911e-01   1.3661775e-03   2.3197717e-03  -1.0591027e-03
  -1.7090547e-01   3.0107933e-02   1.1663926e-01   1.2660854e-03   2.2388714e-03  -1.1952660e-03
  -1.7893061e-01  -6.5399458e-03   1.2480685e-01   1.3676888e-03   2.4410706e-03  -1.2633044e-03
  -1.8244223e-01   1.3510273e-02   1.6183036e-01   1.5134128e-03   2.4286666e-03  -1.2396653e-03
  -1.8410067e-01  -2.1354588e-03   1.5368863e-01   1.5319122e-03   2.6318140e-03  -1.2779555e-03
  -1.7660611e-01   8.7323864e-03   1.5889579e-01   1.5565267e-03   2.5386476e-03  -1.1846125e-03
  -1.6541728e-01   1.9791819e-02   1.3466361e-01   1.3326880e-03   2.1789520e-03  -1.2135181e-03
  -1.7030476e-01   1.0998963e-02   1.4454035e-01   1.3883851e-03   2.3621437e-03  -1.1263248e-03
  -1.6506488e-01   2.0321213e-02   1.4067150e-01   1.4038043e-03   2.3096811e-03  -1.2192830e-03
  -1.6513326e-01   3.4014158e-02   1.5241224e-01   1.4556128e-03   2.2666947e-03  -1.2562933e-03
  -1.7564088e-01   3.0148789e-02   1.5000435e-01   1.5520066e-03   2.3097472e-03  -1.1970371e-03
  -1.7709940e-01   2.1442074e-02   1.4197548e-01   1.7302766e-03   2.2424234e-03  -1.2857707e-03
  -1.8697371e-01   9.6490972e-03   1.3931108e-01   1.4995746e-03   2.3309534e-03  -1.4679332e-03
  -1.7172388e-01   5.4010234e-02   1.4100050e-01   1.3245013e-03   2.1549073e-03  -1.2771538e-03
  -1.7651217e-01   2.6343105e-02   1.4256210e-01   1.6010087e-03   2.3285723e-03  -1.2677610e-03
  -1.7525567e-01   1.6127917e-02   1.3257890e-01   1.6565325e-03   2.4764550e-03  -1.3950036e-03
  -1.7277260e-01  -2.8998804e-03   1.5236917e-01   1.6429782e-03   2.2951912e-03  -1.3842851e-03
  -1.7336863e-01  -3.4513260e-02   1.5168265e-01   1.7302904e-03   2.3181510e-03  -1.4231120e-03
  -1.7778513e-01   2.9895814e-02   1.6085295e-01   1.9154451e-03   2.3501649e-03  -1.3360347e-03
  -1.7950893e-01   1.9261054e-02   1.6243461e-01   1.8919601e-03   2.2916636e-03  -1.3802962e-03
  -1.8040092e-01   2.2719360e-02   1.7744316e-01   1.7050717e-03   2.4973473e-03  -1.5983625e-03
  -1.7863262e-01   4.3994294e-02   1.7990864e-01   1.6545329e-03   2.5514664e-03  -1.6306334e-03
  -1.7954301e-01  -2.5369968e-03   1.8969145e-01   1.5801051e-03   2.4605644e-03  -1.4989957e-03
  -1.7675594e-01  -1.9213457e-02   1.7211706e-01   1.8913050e-03   2.4349797e-03  -1.4509948e-03
  -1.8164715e-01   1.9943581e-02   1.5255962e-01   1.9979518e-03   2.3346851e-03  -1.5490252e-03
  -1.8542672e-01   6.4427376e-02   1.6222550e-01   1.8475756e-03   2.3655428e-03  -1.6870437e-03
  -1.8544254e-01  -1.3994481e-02   1.6775680e-01   1.8066869e-03   2.4742212e-03  -1.7429248e-03
  -1.8715701e-01  -4.8099436e-03   1.7854178e-01   1.8161643e-03   2.6329417e-03  -1.6710383e-03
  -1.8979843e-01  -1.9961697e-02   1.8392026e-01   1.7797689e-03   2.6026123e-03  -1.7294507e-03
  -1.8647793e-01  -1.2792644e-02   1.7618764e-01   1.8111669e-03   2.5482107e-03  -1.7763686e-03
  -1.9295928e-01   1.6086349e-02   1.6284659e-01   1.7522125e-03   2.5284530e-03  -1.6545733e-03
  -1.9329860e-01   5.9935532e-03   1.6678281e-01   1.7007015e-03   2.5228829e-03  -1.8440441e-03
  -1.7076455e-01   1.2328232e-02   1.7335982e-01   1.5743046e-03   2.2729148e-03  -1.8328502e-03
  -1.8177542e-01  -4.8113624e-02   1.7424543e-01   1.8631857e-03   2.5445124e-03  -1.8125589e-03
  -1.8028103e-01   8.7198323e-04   1.7918283e-01   1.8205366e-03   2.4548816e-03  -1.6514338e-03
  -1.9463513e-01  -1.0824007e-01   1.9722591e-01   2.2241909e-03   2.4303479e-03  -1.6235194e-03
  -1.8978705e-01  -8.6291477e-03   1.8114754e-01   2.3083443e-03   2.5114475e-03  -1.7611435e-03
  -2.0119034e-01   3.5282733e-02   1.8389677e-01   2.1891843e-03   2.6029368e-03  -1.9240221e-03
  -2.0388444e-01  -2.8653465e-02   1.8828804e-01   2.2961549e-03   2.5563873e-03  -1.9081359e-03
  -2.0941996e-01  -4.5499879e-02   2.1304754e-01   2.1979239e-03   2.5588813e-03  -1.8341771e-03
  -1.9925721e-01  -1.3289670e-02   1.9052717e-01   2.2023380e-03   2.5821070e-03  -1.7606483e-03
  -1.9009972e-01  -4.4480892e-02   2.0267947e-01   2.3174909e-03   2.4559983e-03  -1.6821117e-03
  -1.8981262e-01  -1.0517196e-02   1.8706906e-01   2.3004561e-03   2.5987502e-03  -1.7345165e-03
  -1.8416638e-01  -1.6739706e-02   2.0200288e-01   2.0024895e-03   2.5798122e-03  -1.6959451e-03
  -1.7831986e-01  -1.0884288e-02   1.7135531e-01   2.1143769e-03   2.4378772e-03  -1.7088920e-03
  -1.7953136e-01  -2.8008091e-02   1.9214120e-01   2.0059654e-03   2.3696190e-03  -1.6713276e-03
  -1.8197807e-01  -2.0841859e-02   1.8031694e-01   2.2133727e-03   2.4608452e-03  -1.6686113e-03
  -1.8906349e-01  -3.4645757e-02   1.9920943e-01   2.4057176e-03   2.5839428e-03  -1.6966258e-03
  -1.9048143e-01  -1.1030320e-02   1.8469702e-01   2.6233992e-03   2.3666117e-03  -1.5681896e-03
  -2.4821201e-01   2.0037882e-01   1.6945929e-01   2.4924422e-03   2.4050181e-03  -2.2571767e-03
  -2.4439913e-01  -3.1382247e-01   2.2565008e-01   2.9667975e-03   2.1537946e-03  -2.0776296e-03
  -2.4274375e-01  -1.0541256e-02   2.0616953e-01   2.9553928e-03   2.4357101e-03  -2.0054350e-03
  -2.3192396e-01  -1.7565460e-02   2.2380266e-01   2.9654597e-03   2.3106708e-03  -1.9461995e-03
  -2.2580382e-01   8.1236324e-03   2.3206569e-01   2.2519648e-03   2.3034464e-03  -2.0942941e-03
  -2.2331980e-01   2.5252399e-02   2.3949376e-01   2.2859739e-03   2.4883178e-03  -2.0782117e-03
  -2.2415066e-01  -1.2283513e-02   2.3754438e-01   2.3484576e-03   2.5714533e-03  -2.1406437e-03
  -2.2216534e-01  -6.6620745e-02   2.3260739e-01   2.1285129e-03   2.3925474e-03  -2.1103892e-03
  -2.1734064e-01  -8.5455193e-03   2.2717854e-01   2.1975204e-03   2.3441001e-03  -1.9438741e-03
  -2.1999867e-01  -2.7076472e-02   2.2618636e-01   2.2157273e-03   2.3835806e-03  -2.0284726e-03
  -2.2766869e-01  -2.5186502e-02   2.4363942e-01   1.9012052e-03   2.5295035e-03  -2.0732946e-03
  -2.2430488e-01   2.0922103e-02   2.2159309e-01   2.2260620e-03   2.4188172e-03  -1.9693987e-03
  -2.2269758e-01  -1.4982848e-02   2.2220377e-01   2.4180580e-03   2.5112275e-03  -2.0432164e-03
  -2.1026643e-01  -2.3377480e-03   2.2230374e-01   2.3356617e-03   2.3784255e-03  -1.9952023e-03
  -2.1168581e-01  -1.4173373e-02   2.2872869e-01   2.3696903e-03   2.4162320e-03  -1.9901266e-03
  -2.2361185e-01  -4.2597593e-02   2.2238026e-01   2.2984215e-03   2.5934629e-03  -2.0662345e-03
  -2.1631374e-01   8.4749247e-03   2.1453507e-01   2.1829737e-03   2.4619622e-03  -2.0458771e-03
  -2.1010889e-01  -1.2254035e-02   2.1551282e-01   2.0901898e-03   2.4128708e-03  -2.0677108e-03
  -2.1152935e-01  -6.2111803e-03   2.3887732e-01   2.1430610e-03   2.4556997e-03  -1.9999778e-03
  -2.1652842e-01  -4.8468253e-02   2.2915853e-01   2.2073413e-03   2.5561444e-03  -2.0107304e-03
  -2.1253711e-01   1.0540060e-02   2.3061130e-01   1.9528735e-03   2.4283322e-03  -2.0144985e-03
  -2.2510911e-01  -4.6402855e-02   2.1328124e-01   2.0459921e-03   2.5051928e-03  -2.1201865e-03
  -2.2554281e-01   1.9899662e-02   2.1376779e-01   2.3063366e-03   2.5706266e-03  -2.0561385e-03
  -2.2671610e-01  -2.9987913e-02   2.2090479e-01   2.3736895e-03   2.5399605e-03  -1.9651518e-03
  -2.2767466e-01  -9.1532259e-03   2.2327254e-01   2.3736516e-03   2.4514296e-03  -2.1326343e-03
  -2.3665455e-01  -3.8763271e-02   2.2005919e-01   2.3957061e-03   2.3999995e-03  -2.2315374e-03
  -2.3268279e-01  -6.5434673e-03   2.4098988e-01   2.4289823e-03   2.3653000e-03  -2.1215780e-03
  -2.3062318e-01  -2.8498957e-03   2.5762281e-01   2.4421629e-03   2.4852199e-03  -2.2476296e-03
  -2.2310203e-01  -6.6464296e-02   2.4866950e-01   2.6320554e-03   2.3991858e-03  -2.1437913e-03
  -2.2787460e-01  -2.1212304e-02   2.2660275e-01   2.5750329e-03   2.4538025e-03  -2.0919181e-03
  -2.2715020e-01   1.1760518e-02   2.3235636e-01   2.4048725e-03   2.3818168e-03  -2.0676653e-03
  -2.2107327e-01  -5.0056101e-04   2.4383854e-01   2.3535609e-03   2.2612389e-03  -2.0593853e-03
  -2.1903144e-01  -1.4075214e-02   2.6306837e-01   2.0901788e-03   2.3864083e-03  -2.1020896e-03
  -2.2439708e-01  -9.6871953e-03   2.4397279e-01   2.2832740e-03   2.2617856e-03  -2.1475504e-03
  -2.2886117e-01  -2.9596113e-03   2.4268455e-01   2.3941659e-03   2.3308472e-03  -2.1603539e-03
  -2.3304578e-01  -2.0525270e-02   2.4401862e-01   2.4435138e-03   2.4247731e-03  -2.1819045e-03
  -2.3275215e-01  -3.3695460e-02   2.6050150e-01   2.4581073e-03   2.4878639e-03  -2.1662379e-03
  -2.3137404e-01   7.4558852e-02   2.2529326e-01   2.2464063e-03   2.4429799e-03  -2.2365231e-03
  -2.3579626e-01  -9.5888374e-02   2.5822793e-01   2.3528534e-03   2.5601861e-03  -2.2485067e-03
  -2.3501395e-01   2.0501438e-02   2.5187928e-01   2.4612160e-03   2.6756586e-03  -2.2209875e-03
  -2.3478319e-01  -7.0272982e-02   2.4690438e-01   2.8039185e-03   2.3508695e-03  -2.3305578e-03
  -2.2929247e-01   4.1226688e-02   2.6359724e-01   2.4532221e-03   2.3990951e-03  -2.2608780e-03
  -2.2606990e-01   1.6454500e-02   2.5058751e-01   2.5200220e-03   2.3646704e-03  -2.2191702e-03
  -2.3393276e-01  -3.8205548e-02   2.4009856e-01   2.4493707e-03   2.4512028e-03  -2.2293839e-03
  -2.3308755e-01  -7.0624687e-03   2.4329972e-01   2.6774264e-03   2.5173686e-03  -2.2321853e-03
  -2.3418287e-01  -3.7469082e-02   2.6756094e-01   2.6705698e-03   2.6530755e-03  -2.2032890e-03
  -2.3141689e-01  -9.5724826e-03   2.6510635e-01   2.6913738e-03   2.5517504e-03  -2.2488077e-03
  -2.2066943e-01   8.3844658e-03   2.7049009e-01   2.5125114e-03   2.4341304e-03  -2.2135540e-03
  -2.3412619e-01  -4.4139912e-02   2.4740254e-01   2.4924118e-03   2.5253457e-03  -2.2680575e-03
  -2.3317469e-01  -1.5272167e-02   2.5520513e-01   2.4977738e-03   2.6081575e-03  -2.3388813e-03
  -2.2311359e-01  -1.8288286e-02   2.5849508e-01   2.9939288e-03   2.4576044e-03  -2.1442948e-03
