   1.1031844e-14   0.0000000e+00   0.0000000e+00  -1.3020092e-51  -3.8518599e-34   1.9259299e-34
   6.0996168e-02  -1.7633245e-01  -4.6489026e-01   7.6523339e-03   1.5785844e-03   2.9988231e-03
   4.7048807e-02  -1.3519205e-01  -5.0085097e-01   1.0646967e-02   6.4264143e-04   2.4438442e-03
   5.2760244e-02  -5.7286187e-02  -3.8678211e-01   6.2933668e-03   2.7178656e-04   1.7949477e-03
   8.5849763e-02  -8.1589017e-02  -3.1566220e-01   7.4685134e-03   1.3517822e-03   3.6343200e-03
   6.6145483e-02  -8.8944814e-02  -2.9360053e-01   9.8425913e-03   1.9682904e-03   4.2712245e-03
   6.2473324e-02   1.5150523e-01  -3.1252674e-01   8.4137134e-03   1.8799554e-03   3.8044074e-03
   6.4037066e-02  -1.4099578e-01  -2.9009614e-01   8.0667618e-03   1.9997016e-03   3.7053556e-03
   5.7124316e-02  -3.7836767e-02  -2.8673042e-01   7.6154646e-03   1.9506082e-03   2.9584888e-03
   3.6264290e-02  -7.3856995e-02  -2.8807313e-01   7.5705585e-03   2.1524407e-03   2.8831715e-03
   3.7823053e-02  -1.0104929e-01  -2.7446487e-01   7.6585861e-03   2.0775099e-03   3.0422669e-03
   2.5912684e-02  -3.6507931e-02  -2.5829724e-01   7.6042421e-03   2.3956855e-03   2.7991541e-03
   4.1346261e-02  -7.0551397e-02  -2.0278084e-01   6.4237155e-03   2.7993680e-03   3.3033353e-03
   3.5858118e-02  -7.4925420e-02  -2.1514590e-01   6.7837036e-03   2.5140991e-03   3.0243604e-03
   3.2304264e-02  -8.0294535e-02  -1.7650867e-01   7.0340483e-03   2.4222432e-03   2.9539768e-03
   3.0477034e-02  -5.7745164e-02  -1.5862328e-01   6.3589401e-03   2.1818602e-03   3.0323164e-03
   2.6085492e-02  -8.7781999e-02  -1.7645590e-01   6.5600591e-03   1.7472640e-03   2.4724763e-03
   2.5034978e-02  -9.8871573e-02  -2.1293183e-01   6.1228840e-03   1.5457786e-03   2.3613313e-03
   2.1025110e-02  -7.3037506e-02  -2.2656636e-01   5.8498081e-03   1.8005671e-03   2.4201020e-03
   2.8701844e-02  -7.3295003e-02  -2.2556896e-01   5.7827967e-03   2.2632780e-03   2.7372710e-03
   2.1918494e-02  -2.9216129e-02  -2.3071675e-01   6.0101041e-03   2.2397066e-03   2.6262084e-03
   1.5498113e-02  -2.7505696e-02  -1.9408192e-01   6.4002305e-03   2.2410151e-03   2.3933039e-03
   5.7263660e-03   5.3996842e-02  -4.2376844e-02   6.1233281e-03   2.9726449e-03   2.8960627e-03
  -4.8671459e-03   1.1474418e-01   7.4440139e-02   5.2640237e-03   3.1045143e-03   2.6090594e-03
   2.1608318e-02   1.4162595e-01   2.5171424e-01   5.1644953e-03   4.4594664e-03   2.7913928e-03
  -4.3052109e-02   8.5824662e-01   1.1800363e+00   3.8938809e-03   1.0568981e-02   6.3904220e-03
  -9.6972521e-02   6.0229982e-01   1.2094401e+00   6.6565162e-03   1.2094180e-02   6.7219974e-03
  -1.1237859e-01   5.7689905e-01   1.2153113e+00   5.4524874e-03   1.2177145e-02   5.9616715e-03
  -7.2065299e-02   9.5264891e-02   4.0359138e-01   9.0368167e-03   1.0134696e-02   3.5278483e-03
  -7.0419270e-02   3.0020920e-01   4.4023517e-01   8.7925472e-03   9.7536802e-03   3.0857097e-03
  -8.0373390e-02   2.9281951e-01   4.5938175e-01   8.9075597e-03   9.7195944e-03   2.9085335e-03
  -1.0874237e-01   2.5306360e-01   4.5414021e-01   9.1316630e-03   9.7567539e-03   2.6556017e-03
  -3.5857581e-02   2.2016273e-01   2.9501042e-01   9.5773566e-03   7.6965021e-03   2.5328931e-03
  -2.1114013e-02   2.1942060e-01   3.0784681e-01   8.1914885e-03   7.4576109e-03   2.7030971e-03
  -3.1983996e-02   2.3534373e-01   3.1547253e-01   8.2623876e-03   7.6965766e-03   2.4590047e-03
  -2.1797622e-02   2.6704382e-01   3.2896134e-01   8.2391670e-03   7.6627014e-03   2.7004526e-03
  -1.6593394e-02   2.8336182e-01   3.4719020e-01   8.8170212e-03   7.3700370e-03   2.6792455e-03
   5.6616517e-03   2.5862527e-01   3.1129436e-01   9.1108910e-03   7.0985318e-03   2.6404219e-03
  -1.5759247e-02   2.2751883e-01   3.2040647e-01   8.6392819e-03   7.4082221e-03   2.3134333e-03
  -3.3575880e-02   2.2657901e-01   2.9280097e-01   7.8947240e-03   6.9243172e-03   1.3174613e-03
  -3.9607169e-02   1.9529341e-01   2.8643994e-01   7.8411461e-03   6.9676914e-03   9.6537767e-04
  -3.0408233e-02   2.0432600e-01   2.9176534e-01   8.3215378e-03   7.0174531e-03   1.2178455e-03
  -1.4457443e-02   2.0459368e-01   3.0398075e-01   8.5045312e-03   6.4883611e-03   1.2845577e-03
  -2.7826487e-02   2.1786909e-01   3.0507076e-01   8.0994076e-03   6.7407158e-03   1.1102328e-03
  -3.8696078e-02   2.4026904e-01   2.9532918e-01   7.2823106e-03   7.0295953e-03   1.4335921e-03
  -4.0736052e-02   2.5396366e-01   3.0532820e-01   7.3889377e-03   7.0786241e-03   1.3367590e-03
  -4.2325220e-02   2.4404016e-01   2.8797347e-01   7.0927271e-03   7.0249095e-03   1.3166196e-03
  -3.4547717e-02   2.1300005e-01   3.1036291e-01   7.9205069e-03   6.8774744e-03   1.3728513e-03
  -2.6554833e-02   2.3926339e-01   3.0277674e-01   7.7042678e-03   6.9007780e-03   1.4061473e-03
  -3.2217516e-02   2.4144098e-01   3.1905033e-01   7.2947782e-03   7.1195541e-03   1.3358969e-03
  -2.2409468e-02   2.0502185e-01   3.1032067e-01   7.1469033e-03   6.9199441e-03   1.4529281e-03
   2.0507959e-02   3.7969805e-01   8.8465580e-02   5.8575360e-03   5.3784349e-03   1.8127441e-03
  -7.2395369e-02   1.2811291e-01   1.2615893e-01   5.3147508e-03   5.5102092e-03   5.1492415e-04
  -8.6339822e-02   2.1345817e-01   1.3362473e-01   5.0825236e-03   5.1864579e-03  -5.0226515e-04
  -8.7484481e-02   1.6670860e-01   1.5061125e-01   5.0540628e-03   5.6240916e-03  -5.6949267e-04
  -9.0591174e-02   2.0847083e-01   1.5816159e-01   4.8347195e-03   5.5982788e-03  -6.5041445e-04
  -8.1264536e-02   2.2261649e-01   1.9090436e-01   4.7938004e-03   5.9502878e-03  -3.6594042e-04
  -8.3845680e-02   1.7466308e-01   2.0551283e-01   5.3411991e-03   6.0608114e-03  -3.2400321e-04
  -8.1518142e-02   2.1721112e-01   1.8182865e-01   5.0035455e-03   5.9556461e-03  -2.9538248e-04
  -8.9102677e-02   1.9427032e-01   1.7587632e-01   5.1117491e-03   6.0596415e-03  -2.7615444e-04
  -7.2289496e-02   2.2091246e-01   1.6944249e-01   4.7602078e-03   5.6691994e-03   1.7840458e-04
  -9.1066720e-02   2.1864776e-01   1.6718401e-01   5.3087982e-03   5.9748784e-03  -3.4494486e-04
  -1.0154373e-01   2.2081774e-01   1.7505837e-01   5.4724823e-03   6.4042921e-03  -3.3356443e-04
  -1.2696997e-01   2.7069074e-01   2.6938202e-01   4.4379986e-03   7.0902306e-03  -3.7237642e-04
  -1.1761526e-01   2.4500176e-01   2.3765325e-01   4.7563393e-03   6.6494115e-03  -5.3410577e-04
  -1.2249739e-01   2.0173551e-01   2.4598905e-01   4.6806420e-03   6.9901821e-03  -8.4015492e-04
  -1.1877432e-01   2.6685400e-01   2.5599833e-01   4.6757489e-03   7.1389866e-03  -6.4669867e-04
  -1.1728223e-01   2.0851184e-01   2.5931283e-01   4.9634032e-03   6.9764690e-03  -6.3890259e-04
  -1.2024571e-01   2.0092380e-01   2.6948985e-01   5.1791743e-03   6.9918706e-03  -5.6818964e-04
  -1.4725466e-01   2.6458557e-01   1.8443532e-01   5.4808531e-03   6.9067295e-03   1.2875703e-04
  -4.4413857e-02   1.5275797e-01   1.2102897e-01   7.7679138e-03   3.6585823e-03  -5.4936451e-04
  -8.6998834e-02   2.2286392e-01   2.3420581e-01   7.0198347e-03   5.2816850e-03  -3.1314075e-04
  -8.0892930e-02   1.9768294e-01   2.5440873e-01   7.6380850e-03   5.2579895e-03   1.5058060e-04
  -7.7702599e-02   1.8726015e-01   2.6113770e-01   7.3007778e-03   5.5769825e-03   2.7574016e-04
  -8.8297590e-02   1.7703429e-01   2.8139441e-01   7.1318110e-03   5.8955114e-03   1.1359593e-04
  -8.4573711e-02   1.9640989e-01   2.6390460e-01   6.7831010e-03   5.7232097e-03   1.0354855e-04
  -9.3925061e-02   1.5224286e-01   2.7455047e-01   6.8929838e-03   5.7890018e-03   1.4856613e-04
  -1.0053436e-01   2.3675691e-01   2.6912964e-01   6.3032128e-03   5.9495623e-03   1.4480152e-04
  -8.7956818e-02   2.4183028e-01   2.5045415e-01   6.0784731e-03   6.0450527e-03   9.3968173e-05
  -8.3582472e-02   2.5725598e-01   2.4541814e-01   6.0213336e-03   5.8842416e-03   4.4063812e-05
  -8.9442428e-02   2.3028707e-01   2.5331454e-01   6.2454823e-03   5.7978757e-03  -1.3419267e-04
   1.5980487e-02   1.5489069e-01   7.0133250e-02   9.8067575e-03   5.5230777e-03   1.5794011e-03
  -7.3534591e-02   4.9991378e-02  -4.4367804e-02   1.4083914e-02   6.3767358e-03   8.5129390e-04
  -7.8494589e-02   1.8919573e-01   7.6725624e-02   1.2059496e-02   6.1978008e-03   3.0098982e-04
  -9.3450330e-02   1.5819221e-01   1.0545589e-01   1.2170920e-02   6.4649805e-03  -1.0191323e-04
  -9.9586609e-02   1.0668822e-01   1.2174905e-01   1.1874990e-02   6.3687397e-03   7.8047122e-05
  -1.1003115e-01   1.1287804e-01   1.3591038e-01   1.0957630e-02   6.6736860e-03   1.1198865e-05
  -1.1484875e-01   1.5371436e-01   1.4936150e-01   1.0525679e-02   7.0676559e-03  -7.6940408e-05
  -1.1376305e-01   1.8270830e-01   1.5744733e-01   1.0175021e-02   7.0027515e-03  -1.8919242e-04
  -1.1291540e-01   1.6330450e-01   1.8146563e-01   1.0232380e-02   7.3130832e-03  -7.6901406e-05
  -1.2188249e-01   2.1524664e-01   1.7516392e-01   9.7385082e-03   7.7045232e-03  -1.0209840e-04
  -1.1306878e-01   1.8087426e-01   1.7919051e-01   1.0050188e-02   7.6509905e-03  -5.4523841e-05
  -1.0766130e-01   2.0012129e-01   1.8046507e-01   9.7330049e-03   7.3773803e-03   4.6747325e-05
  -1.4061277e-01   2.0045953e-01   1.5420364e-01   9.5325606e-03   8.3749761e-03  -1.8326400e-03
  -9.9702999e-02   2.6632896e-01   2.2488944e-01   8.9483956e-03   7.3421167e-03  -9.6225423e-05
  -1.3192172e-01   2.6071903e-01   2.1556173e-01   8.3439976e-03   7.7298051e-03  -2.0495937e-03
  -5.0428278e-02   3.6269685e-01   5.9707756e-02   7.7977555e-03   5.5726027e-03  -4.4630977e-03
  -5.4060327e-03   2.3262293e-01   4.8287424e-02   8.3498774e-03   5.0952134e-03  -3.7545117e-03
  -3.1223507e-03   2.3351099e-01   3.7802780e-02   8.1573449e-03   4.7691287e-03  -3.8268623e-03
  -6.5780730e-03   2.4404163e-01   6.1123754e-02   8.4055854e-03   4.7357140e-03  -4.0054801e-03
   4.6693568e-03   2.1341612e-01   5.3760999e-02   7.5437221e-03   4.3420866e-03  -4.1374590e-03
  -3.1882370e-03   2.3888185e-01   4.5149673e-02   7.3026481e-03   4.6276616e-03  -4.1562385e-03
  -8.6562090e-03   2.5944924e-01   5.1317498e-02   6.8959089e-03   4.8011853e-03  -4.0042268e-03
   2.9827719e-04   2.3673643e-01   4.3695783e-02   6.8959134e-03   4.6380225e-03  -3.9011976e-03
  -1.0850763e-02   2.5824468e-01   3.2149376e-02   6.8555517e-03   4.8362895e-03  -4.0668855e-03
  -7.0050194e-03   2.6038861e-01   2.4895929e-02   7.0477783e-03   4.9250982e-03  -3.8647299e-03
   4.0406909e-03   2.5204622e-01   4.1438441e-02   6.7961160e-03   4.8624124e-03  -3.5750809e-03
  -2.0973671e-02   3.0295119e-01   1.5613366e-01   7.2453625e-03   5.6815104e-03  -2.2276130e-03
   6.1456784e-02   1.5955845e-02   4.1363192e-01   7.1910667e-03   3.9890211e-03   1.5047561e-03
  -5.8938179e-02   1.8682025e-01   9.8700515e-02   5.1035211e-03   3.7852183e-03  -3.6877578e-03
  -1.0826169e-01   2.0879748e-01   1.6080944e-01   5.8922483e-03   4.0185864e-03  -5.1809729e-03
  -1.1641445e-01   2.4222777e-01   1.6949290e-01   5.9035175e-03   4.3233643e-03  -5.1417559e-03
  -1.0681914e-01   2.5936326e-01   2.4391072e-01   4.3773207e-03   4.2782398e-03  -5.2160507e-03
  -1.1589420e-01   2.4330886e-01   2.5560169e-01   3.7613598e-03   4.2620958e-03  -5.3991809e-03
  -1.2193220e-01   2.2024671e-01   2.6283614e-01   3.2378863e-03   4.4664736e-03  -5.4738892e-03
  -1.2436868e-01   2.3424506e-01   2.4926903e-01   2.5877156e-03   4.4158532e-03  -5.4631892e-03
  -1.2015861e-01   2.6516851e-01   2.4506804e-01   2.3803049e-03   4.2589969e-03  -5.5211382e-03
  -1.0415979e-01   3.4085006e-01   2.3100504e-01   1.5139034e-03   4.1599033e-03  -5.3587445e-03
  -9.9515226e-02   3.1459165e-01   2.0686882e-01   1.7726248e-03   4.0159176e-03  -5.3215548e-03
  -5.7980135e-02   4.4455208e-01   3.3816967e-01   8.0291978e-04   5.1314415e-03  -3.3540086e-03
  -8.9995771e-02   3.0666606e-01   2.8806967e-01   1.2854691e-03   5.2517055e-03  -4.1857338e-03
  -9.0772696e-02   3.4838231e-01   2.7655323e-01   1.2041571e-03   5.1244443e-03  -4.1472987e-03
  -9.7080602e-02   3.9062028e-01   2.6540031e-01   1.1944759e-03   5.1151542e-03  -4.2708978e-03
  -1.1071639e-01   3.5582225e-01   2.5307430e-01   8.3159699e-04   5.2763378e-03  -4.5093617e-03
  -1.0439060e-01   3.6768609e-01   2.3820692e-01   5.6024494e-04   5.4023365e-03  -4.2960069e-03
  -1.0398446e-01   3.4453879e-01   2.4803334e-01   1.0078632e-03   5.3209516e-03  -4.2241009e-03
  -1.0405118e-01   3.6211971e-01   2.5048877e-01   1.1383092e-03   5.2037030e-03  -4.2512237e-03
  -1.0993347e-01   3.2978134e-01   2.5460198e-01   1.4087913e-03   5.2395163e-03  -4.4351935e-03
  -3.8219551e-01   3.3553763e-01   3.0280637e-01   2.2466970e-03   9.5124728e-03  -7.1715812e-03
  -7.5006824e-01   3.7251663e-01   4.0502619e-01   6.5992492e-04   1.5680409e-02  -1.3300661e-02
  -5.1122240e-01   3.5951488e-01   4.2244833e-01   6.0365180e-04   1.3456519e-02  -9.3365854e-03
  -3.3250619e-01   3.3458319e-01   3.3082194e-01   5.3248915e-04   1.0712464e-02  -7.3591946e-03
  -3.2023688e-01   3.8112718e-01   3.0948558e-01   1.3202109e-04   1.0416244e-02  -6.9665887e-03
  -2.9618454e-01   3.8826512e-01   3.1648671e-01   2.9990430e-04   9.9007108e-03  -6.8115607e-03
  -2.7623228e-01   3.8363273e-01   3.1165948e-01   6.6450737e-04   9.4785875e-03  -6.6262424e-03
  -2.4701013e-01   4.6236771e-01   3.0054974e-01  -5.1405613e-04   8.7872905e-03  -6.5288040e-03
  -2.4885730e-01   3.6872715e-01   2.8759881e-01   1.1267100e-04   8.7463448e-03  -6.4406190e-03
  -2.4589874e-01   3.5003087e-01   3.1243981e-01   5.5805875e-04   8.8745327e-03  -6.1718220e-03
  -2.4318473e-01   3.9883052e-01   3.2448392e-01   2.2658170e-04   9.1540988e-03  -5.9800390e-03
  -2.4105031e-01   4.0378771e-01   3.2830036e-01   1.7622931e-04   9.2396797e-03  -6.0154604e-03
  -2.3138325e-01   3.6941467e-01   3.2955782e-01   1.9575900e-04   9.0137012e-03  -5.9633604e-03
  -2.2317520e-01   3.4879550e-01   3.1457055e-01   4.2419960e-04   8.8278709e-03  -5.9498540e-03
  -2.2979581e-01   3.7378652e-01   3.0916392e-01   1.7470162e-05   8.9566808e-03  -5.9014018e-03
  -2.3962380e-01   3.9729008e-01   3.0076638e-01   5.6212584e-05   9.0346705e-03  -5.8793093e-03
  -2.3657385e-01   3.8473763e-01   3.0738972e-01   1.1201461e-04   9.1262516e-03  -5.9715738e-03
  -2.3670467e-01   3.8291231e-01   3.0003706e-01   2.7666592e-04   9.1855396e-03  -5.9605474e-03
  -2.4486439e-01   3.9492899e-01   3.0120237e-01   1.8996641e-04   9.2730510e-03  -5.9462202e-03
  -2.3575116e-01   3.9221755e-01   3.1085315e-01   4.1641327e-05   9.2169630e-03  -5.7722976e-03
  -2.3420420e-01   3.8532402e-01   3.0980161e-01   2.1835147e-04   9.2629360e-03  -5.7188713e-03
  -2.2273512e-01   3.7076530e-01   3.0452258e-01   4.2571182e-04   9.2553071e-03  -5.3927402e-03
  -2.0685464e-01   3.5450330e-01   2.9280167e-01   4.7054531e-04   9.2263967e-03  -5.1196364e-03
  -2.0795623e-01   3.7293734e-01   3.0505194e-01   6.5916793e-04   9.2114715e-03  -5.2850847e-03
  -2.1222995e-01   3.6708128e-01   3.1237195e-01   7.8564570e-04   9.1518449e-03  -5.3256824e-03
  -2.1051083e-01   3.8539026e-01   2.9840507e-01   8.2436545e-04   9.1005325e-03  -5.3463941e-03
  -2.1689050e-01   4.1952316e-01   3.0704674e-01   1.0709259e-03   9.2891581e-03  -5.2840526e-03
  -2.0946523e-01   3.6279586e-01   3.0711949e-01   1.3269879e-03   8.9498572e-03  -5.1877142e-03
  -2.0008046e-01   3.4625191e-01   3.0063259e-01   2.0950966e-03   8.9268066e-03  -4.8891309e-03
  -1.9358104e-01   4.0453119e-01   3.0749934e-01   1.7042443e-03   8.9097294e-03  -4.8139374e-03
  -1.8481659e-01   4.1117697e-01   3.1904354e-01   1.5200873e-03   8.9657172e-03  -4.7535040e-03
  -1.7807545e-01   4.2848324e-01   3.7685334e-01   1.2318094e-03   9.1483648e-03  -4.6924041e-03
  -1.8168043e-01   3.9948244e-01   3.3296708e-01   1.6225022e-03   8.9824701e-03  -4.7208620e-03
  -1.7279948e-01   3.4726059e-01   3.3091504e-01   1.7723804e-03   8.9785035e-03  -4.5346445e-03
  -1.7920255e-01   3.6746979e-01   3.1393171e-01   2.1384388e-03   9.1300081e-03  -4.5898269e-03
  -1.7440890e-01   3.7968150e-01   3.1854401e-01   1.5828932e-03   9.0218226e-03  -4.4235531e-03
  -1.8759387e-01   3.6594623e-01   3.0502701e-01   1.3778267e-03   9.1260044e-03  -4.3497891e-03
  -1.8637861e-01   3.7611545e-01   3.0050835e-01   1.2363562e-03   9.1251250e-03  -4.2339177e-03
  -1.8292065e-01   3.7950441e-01   3.0099530e-01   1.0549582e-03   9.0942712e-03  -4.3027689e-03
  -1.8476719e-01   3.9477593e-01   2.9907197e-01   1.1398344e-03   9.1600408e-03  -4.2286992e-03
  -1.9453578e-01   3.8449423e-01   3.1682094e-01   1.4566952e-03   9.2672098e-03  -4.1742544e-03
  -1.8901563e-01   3.6265315e-01   3.0609687e-01   1.4468619e-03   9.2608412e-03  -3.9408613e-03
  -1.8403801e-01   3.9241988e-01   2.9358557e-01   1.3175045e-03   9.2161890e-03  -3.9675119e-03
  -1.8014748e-01   3.8545554e-01   3.0181814e-01   1.4276898e-03   9.1799657e-03  -3.7979867e-03
  -1.7429331e-01   3.5883796e-01   2.9020857e-01   1.3684897e-03   9.0954007e-03  -4.0706042e-03
  -1.7421913e-01   4.0985722e-01   5.7778572e-02   2.0387312e-03   9.1985881e-03  -3.8572816e-03
  -9.0845906e-02  -1.9203726e-01  -5.3150326e-01   1.8462965e-02   8.8695726e-03  -9.1953888e-04
  -1.0002944e-01   8.0442296e-02  -4.3729502e-01   1.7601034e-02   8.8742760e-03  -1.4414198e-03
  -1.0174908e-01   1.2467018e-01  -3.6591207e-01   1.6571271e-02   8.6390818e-03  -1.6484228e-03
  -1.0825248e-01   8.3415235e-02  -3.1689005e-01   1.5808292e-02   8.5938016e-03  -1.8023394e-03
  -1.1601340e-01   1.1282115e-01  -2.5400500e-01   1.5118578e-02   8.7398726e-03  -1.9543217e-03
  -1.3310953e-01   1.2819000e-01  -2.2914084e-01   1.4318092e-02   9.1876278e-03  -2.0719398e-03
  -1.3125583e-01   1.3754938e-01  -2.3168798e-01   1.4381916e-02   9.0845428e-03  -2.2225623e-03
  -1.3256828e-01   1.2969602e-01  -2.3628101e-01   1.4524046e-02   9.0953516e-03  -2.1570209e-03
  -1.3450648e-01   1.3968201e-01  -2.4363354e-01   1.4515742e-02   9.0285498e-03  -2.2065586e-03
  -1.3907788e-01   1.5493171e-01  -2.2753721e-01   1.4235858e-02   9.0139323e-03  -2.3419136e-03
  -1.3782365e-01   1.8081175e-01  -2.0502234e-01   1.3759630e-02   9.0559112e-03  -2.4728241e-03
  -1.3878225e-01   1.6830570e-01  -2.0350522e-01   1.3758773e-02   9.0808134e-03  -2.4696008e-03
  -1.3418319e-01   1.7521046e-01  -2.0166960e-01   1.4327282e-02   9.0330762e-03  -2.3541583e-03
  -1.4219925e-01   1.8367794e-01  -2.2101590e-01   1.4540709e-02   9.1616306e-03  -2.4247286e-03
  -1.3837136e-01   2.0249903e-01  -1.9937426e-01   1.4143320e-02   8.9984477e-03  -2.4517786e-03
  -1.4826779e-01   1.9631406e-01  -1.7984336e-01   1.4166087e-02   9.3526194e-03  -2.5817936e-03
  -1.3372160e-01   1.8764208e-01  -1.8486727e-01   1.3434040e-02   8.9798937e-03  -2.3666603e-03
  -1.3839380e-01   1.5924338e-01  -2.0628758e-01   1.3761652e-02   8.9045166e-03  -2.4625857e-03
  -1.3601763e-01   1.8696285e-01  -2.1868878e-01   1.3837582e-02   8.7167480e-03  -2.2912625e-03
  -1.3597369e-01   1.6698447e-01  -2.1600477e-01   1.4003086e-02   9.0867136e-03  -2.2380801e-03
  -1.4017865e-01   1.7832117e-01  -2.0858789e-01   1.4044179e-02   9.1105582e-03  -2.3265112e-03
  -1.4919445e-01   1.3896821e-01  -2.0872716e-01   1.3634905e-02   9.0857955e-03  -2.4338192e-03
  -1.4833891e-01   1.3717630e-01  -2.1420109e-01   1.3701771e-02   8.9906947e-03  -2.3509413e-03
  -1.5446362e-01   1.6764545e-01  -2.1967502e-01   1.3877612e-02   9.0985853e-03  -2.3786448e-03
  -1.5853391e-01   1.8422076e-01  -1.9857018e-01   1.3823612e-02   9.2269724e-03  -2.5348482e-03
  -1.4276317e-01   2.1005067e-01  -1.7472447e-01   1.3993255e-02   9.0689516e-03  -2.6352890e-03
  -1.1788252e-01   1.4588583e-01  -1.8178793e-01   1.4019153e-02   8.7214647e-03  -2.4294751e-03
  -1.4274260e-01   1.7714928e-01  -1.8251611e-01   1.3671887e-02   9.0097071e-03  -2.8195103e-03
  -1.3621129e-01   1.6788178e-01  -1.9204447e-01   1.3495175e-02   8.8543521e-03  -2.7848412e-03
  -1.2396496e-01   1.5419151e-01  -1.9571683e-01   1.3712965e-02   8.3569739e-03  -2.5678297e-03
  -1.3673534e-01   1.3974273e-01  -1.9170762e-01   1.4265713e-02   8.7974295e-03  -2.5767476e-03
  -1.4142620e-01   1.9297210e-01  -1.9207937e-01   1.3838985e-02   8.8978300e-03  -2.4723593e-03
  -1.4196996e-01   1.8020765e-01  -2.0166816e-01   1.3645183e-02   8.8483803e-03  -2.5203316e-03
  -1.4313134e-01   1.7384471e-01  -1.8813438e-01   1.3821098e-02   9.0776727e-03  -2.5216182e-03
  -1.5867596e-01   2.0142833e-01  -1.3641479e-01   1.3238142e-02   9.2294139e-03  -2.8030683e-03
  -1.4884611e-01   1.9330731e-01  -1.4466218e-01   1.3611362e-02   9.0774058e-03  -2.7803606e-03
