   0.0000000e+00   0.0000000e+00   0.0000000e+00   0.0000000e+00   0.0000000e+00   0.0000000e+00
   1.4221605e-02   6.0785444e-02  -9.2291281e-02   8.2260239e-04   2.0162162e-04   1.4120797e-04
   2.1983743e-02   2.9981172e-02  -7.8945955e-02   7.2885029e-04  -6.1827967e-05   3.1427938e-04
   1.5539849e-02   5.4534896e-02  -6.9676250e-02   7.1933353e-04   7.9357089e-05   1.5900876e-04
   1.8255497e-02   3.6685009e-02  -6.6485150e-02   6.0509793e-04  -1.2842707e-04   3.1461722e-04
   2.6447989e-02   1.3522213e-02  -5.0485008e-02   4.0109518e-04  -1.3934227e-04   3.9463595e-04
   4.2295463e-02   1.6394404e-02  -7.8943034e-02   4.5668129e-04  -8.3919694e-05   5.3600792e-04
   4.0790156e-02   8.0446946e-03  -6.9141512e-02   6.6632225e-04  -1.3023724e-04   5.0037514e-04
   5.3296456e-02   1.4863275e-02  -7.1532590e-02   4.6943880e-04  -1.3823141e-04   7.1268616e-04
   5.6720147e-02   1.2340412e-02  -5.2469750e-02   5.1717127e-04  -1.2459719e-04   7.8236841e-04
   5.8674827e-02   6.0920859e-03  -5.1067335e-02   6.1885580e-04  -4.6787580e-05   7.7523143e-04
   4.8498926e-02  -6.5050430e-03  -7.0547432e-02   3.0897436e-04  -5.5763228e-05   8.4959235e-04
   5.0508482e-02  -1.4009360e-02  -4.6611605e-02   1.2209256e-04  -2.3108538e-05   8.1988469e-04
   6.3800157e-02  -2.2988990e-02  -3.1077372e-02   1.3965030e-04  -8.8861563e-05   1.0346445e-03
   7.1875640e-02   5.3187959e-03  -4.5713688e-02  -2.8519514e-04   1.6974088e-04   1.0545064e-03
   8.6867060e-02  -9.1325499e-02  -2.1150660e-02  -4.0442028e-04  -5.0278595e-04   1.4506604e-03
   7.9152974e-02   5.3732368e-02   4.7776208e-03  -4.5617923e-04  -6.4208187e-04   1.4790920e-03
   8.4185130e-02  -1.0459136e-02   3.0897551e-02  -4.6137904e-04  -5.1953423e-04   1.3439165e-03
   9.4985444e-02  -2.8545326e-02   6.0200746e-02  -1.0099743e-03  -4.1013748e-04   1.4004023e-03
   9.5656951e-02  -3.2455506e-02   5.0927551e-02  -7.8320357e-04  -4.5692896e-04   1.5643982e-03
   8.8222703e-02  -6.5504290e-03   4.4504173e-02  -7.1809011e-04  -5.5905606e-04   1.5700656e-03
   8.7277384e-02  -6.6578844e-02   1.9287430e-02  -2.5446086e-04  -6.6711053e-04   1.3556224e-03
   8.2679609e-02   2.4144454e-02   4.0875278e-02  -5.9692445e-04  -4.8123055e-04   1.4063171e-03
   8.9706262e-02  -5.3672515e-03   4.3938760e-02  -8.1731573e-04  -4.9963834e-04   1.4858273e-03
   9.1722429e-02  -2.0696446e-02   4.5331905e-02  -8.0374795e-04  -4.9056684e-04   1.4553091e-03
   8.8894969e-02  -3.2197989e-02   2.9813713e-02  -7.3174968e-04  -4.1471417e-04   1.3945922e-03
   7.6672123e-02  -6.3757401e-02   5.3769719e-02  -7.3072294e-04  -5.3689338e-04   8.5197008e-04
   7.7596070e-02  -3.9065237e-02   8.3185173e-02  -6.3575465e-04  -6.2551983e-04   1.1285429e-03
   7.3252885e-02   6.5224377e-02   9.0169067e-02  -1.2234267e-03  -9.1964059e-04   1.2827592e-03
   7.1974041e-02   1.7219862e-02   8.4145006e-02  -1.1074785e-03  -9.3207086e-04   1.2958503e-03
   8.2219291e-02  -2.7846899e-02   7.4977009e-02  -1.3877748e-03  -7.1062643e-04   1.3615916e-03
   8.4586279e-02  -1.2872494e-02   8.4530280e-02  -1.6202271e-03  -8.2425170e-04   1.4351730e-03
   9.5083932e-02  -2.4986851e-02   8.1778902e-02  -1.6120774e-03  -8.1246099e-04   1.5857709e-03
   9.9498576e-02  -4.4206546e-02   7.8280194e-02  -1.6372375e-03  -7.6494835e-04   1.6540668e-03
   8.9682379e-02  -2.7975660e-02   9.0130616e-02  -1.5186512e-03  -7.7257262e-04   1.6238762e-03
   9.3057226e-02  -1.2126380e-01   1.1218864e-01  -1.1591148e-03  -7.9686129e-04   1.3707422e-03
   8.5083216e-02   3.1040829e-02   1.0730404e-01  -1.4007311e-03  -8.4749472e-04   1.4897355e-03
   7.5159612e-02  -3.5101134e-02   9.8321875e-02  -1.4797607e-03  -1.0098120e-03   1.4141563e-03
   6.9926089e-02  -1.1711297e-02   1.0863189e-01  -1.6808777e-03  -8.9567373e-04   1.2058742e-03
   5.1747677e-02  -2.8783743e-02   1.0766382e-01  -1.5657010e-03  -9.9547841e-04   1.0430095e-03
   7.0588850e-02  -8.2651244e-02   9.9987284e-02  -1.0932831e-03  -1.1575472e-03   1.1451474e-03
   4.9759776e-02   1.0260065e-02   8.0274687e-02  -8.7527955e-04  -1.0817532e-03   9.6004068e-04
   5.8183623e-02   1.9854316e-02   1.1189114e-01  -1.1441042e-03  -1.0417256e-03   1.1541046e-03
   6.2857305e-02  -2.7764141e-02   1.3661765e-01  -9.3232035e-04  -8.5477558e-04   1.1094853e-03
   6.3269695e-02  -4.8768094e-02   1.3606369e-01  -1.5229817e-03  -9.7349171e-04   1.2132982e-03
   6.4771665e-02  -3.9104135e-02   1.2933566e-01  -1.5802520e-03  -1.1514714e-03   1.2598362e-03
   5.2231189e-02  -8.0089561e-02   1.0849538e-01  -1.4092858e-03  -1.0185716e-03   1.0579990e-03
   4.5031761e-02  -7.6600507e-02   9.2542601e-02  -1.4051728e-03  -1.0148284e-03   9.2032373e-04
   4.3320121e-02  -5.4129191e-02   9.7492216e-02  -1.5037113e-03  -1.1448823e-03   8.6406267e-04
   4.9225457e-02  -5.6982672e-02   8.8967637e-02  -1.4281425e-03  -1.1916420e-03   8.8784099e-04
   4.6614390e-02  -8.8811640e-03   9.1817944e-02  -1.8076621e-03  -1.1530964e-03   9.8529231e-04
   4.8883036e-02  -7.4260603e-02   9.5999230e-02  -1.6814105e-03  -1.0925988e-03   9.8400176e-04
   4.6305632e-02  -6.7658309e-02   1.1062599e-01  -1.4740531e-03  -9.9535738e-04   8.8352020e-04
   5.6603576e-02  -3.9425807e-02   1.2022264e-01  -1.4729023e-03  -1.1293207e-03   1.0489841e-03
   5.7064171e-02  -3.2622710e-02   9.2694324e-02  -1.3718979e-03  -1.0704609e-03   1.1132917e-03
   5.9372997e-02  -2.1291682e-02   1.0945275e-01  -1.7803301e-03  -1.0411781e-03   1.2453313e-03
   5.8486074e-02  -7.3398252e-02   1.0694844e-01  -1.5466881e-03  -9.9329947e-04   1.2269640e-03
   6.9352178e-02  -3.6653376e-02   1.2050296e-01  -1.8362916e-03  -1.1107495e-03   1.3145677e-03
   7.1820292e-02  -4.3049886e-02   1.2528353e-01  -1.6840622e-03  -1.1251900e-03   1.2600798e-03
   8.7373885e-02  -3.9345142e-02   1.0762438e-01  -1.5036939e-03  -1.0439504e-03   1.4776431e-03
   6.2743577e-02  -6.5932406e-02   6.7231467e-02  -1.0480534e-03  -1.0147350e-03   1.1709003e-03
   6.3735877e-02  -2.4851553e-02   8.8996831e-02  -1.2759935e-03  -9.2054795e-04   1.0775018e-03
   5.9480416e-02  -1.2016535e-02   9.5580817e-02  -1.0880622e-03  -1.1447068e-03   1.0375444e-03
   5.7574715e-02  -5.4875048e-03   1.0729184e-01  -1.4559927e-03  -1.1932925e-03   8.0393976e-04
   6.2048426e-02  -2.2586903e-02   1.0505771e-01  -1.1758768e-03  -1.0719546e-03   9.8151332e-04
   5.4657614e-02  -1.1194651e-01   1.0993266e-02  -6.6426382e-04  -8.8016745e-04   9.3732142e-04
   6.4067303e-02   1.1665007e-01   6.8818773e-02  -4.5305196e-04  -8.5699591e-04   1.0268952e-03
   4.1297543e-02   1.7927372e-02   3.6358499e-02  -3.2476064e-04  -8.5448493e-04   8.3889737e-04
   5.3887214e-02   8.8218716e-03   6.1084561e-02  -6.6970691e-04  -8.8757512e-04   1.0077152e-03
   5.7534785e-02  -1.6193084e-02   8.2415877e-02  -1.1189297e-03  -7.8760439e-04   1.1195679e-03
   5.4411058e-02   3.6345991e-02   5.9500757e-02  -8.0979043e-04  -7.8733583e-04   9.9985206e-04
   3.7206320e-02  -9.3884509e-03   5.6904102e-02  -7.1990423e-04  -9.1104992e-04   8.4028359e-04
   3.6999426e-02   2.6845304e-02   6.6836386e-02  -7.2402650e-05  -9.0007564e-04   7.0738539e-04
   3.2336681e-02   5.0391620e-02   9.6768073e-02  -3.6953368e-04  -9.6990121e-04   5.3103696e-04
   3.2824787e-02  -1.3715792e-02   1.1550722e-01  -9.2166285e-04  -9.4360481e-04   5.6739013e-04
   2.8916133e-02   3.8567839e-02   1.2107880e-01  -1.3215132e-03  -9.6335384e-04   5.5566899e-04
   3.2604518e-02  -3.7251682e-02   1.2326073e-01  -1.2073144e-03  -1.0511748e-03   5.5754480e-04
   3.9935100e-02  -9.5699885e-03   1.2581805e-01  -1.4184450e-03  -1.0717222e-03   6.0463090e-04
   3.1639099e-02  -2.1153457e-02   1.2445727e-01  -1.6412113e-03  -1.0331858e-03   4.9589128e-04
   3.3933263e-02  -3.8593032e-02   1.1637845e-01  -1.2403201e-03  -1.0061251e-03   5.3253191e-04
   2.3840031e-02   7.8812789e-02   1.2321643e-01  -1.4524923e-03  -1.1305164e-03   4.9570846e-04
   2.8977770e-02  -1.2960034e-02   1.1871069e-01  -1.6661080e-03  -1.1297073e-03   6.1829601e-04
   2.1983361e-02  -7.5870508e-04   9.5161334e-02  -1.8255992e-03  -1.0832490e-03   6.2320698e-04
   1.1713295e-02   2.0225811e-02   9.9833273e-02  -1.6256933e-03  -1.4378473e-03   5.2022983e-04
   5.4945585e-02   1.1271558e-01   3.4115183e-01  -1.8206005e-03  -1.2065487e-03   7.3635774e-04
   5.2456183e-02  -1.3957360e-01   2.6524215e-02  -7.4823282e-04  -1.1967329e-03   4.7962237e-04
   5.2582231e-02  -8.9560829e-02   8.2165937e-02  -5.8032016e-04  -1.3535575e-03   5.0604515e-04
   6.0528335e-02  -3.7162234e-02   1.2258736e-01  -5.7284510e-04  -1.3228482e-03   4.2026462e-04
   6.7133933e-02   6.6595606e-03   1.6540874e-01  -9.0659938e-04  -1.3789242e-03   5.6303744e-04
   4.7394175e-02  -5.5625912e-02   1.4906100e-01  -1.2497728e-03  -1.3720215e-03   1.6189669e-04
   4.9202753e-02   4.2884459e-02   1.9091629e-01  -9.7873649e-04  -1.3995076e-03   2.7545149e-04
   4.3502056e-02  -1.2899854e-02   1.8338535e-01  -1.4448186e-03  -1.3459430e-03   2.6972387e-04
   3.9143396e-02  -7.6168452e-02   1.8936829e-01  -1.2856538e-03  -1.3215140e-03   2.0657648e-04
   4.7342102e-02  -5.6648663e-02   1.8798252e-01  -1.1876957e-03  -1.2702013e-03   2.5595324e-04
   3.9452614e-02  -5.9909678e-03   1.9641297e-01  -1.5951780e-03  -1.4858361e-03   3.4470544e-04
   3.8976899e-02  -6.1441447e-03   1.8910498e-01  -1.3514399e-03  -1.5481238e-03   4.0103169e-04
   4.1334644e-02  -5.0986815e-02   2.0281746e-01  -1.3331153e-03  -1.5319706e-03   3.6764942e-04
   4.9857708e-02  -1.8878309e-02   2.1936074e-01  -1.5842835e-03  -1.6043979e-03   4.2042033e-04
   5.3563433e-02  -4.3324003e-02   2.0448846e-01  -1.8575027e-03  -1.5486701e-03   6.1424556e-04
   4.6668197e-02  -5.8994827e-02   1.9741290e-01  -1.8236488e-03  -1.5180018e-03   5.8205409e-04
   4.5873831e-02  -4.1935586e-02   1.9572180e-01  -1.8494820e-03  -1.4485239e-03   5.6159912e-04
   6.1850045e-02  -3.7331289e-02   1.7896022e-01  -1.6113497e-03  -1.5172212e-03   6.6453688e-04
   6.7026607e-02  -1.8313803e-02   1.8989206e-01  -1.7584620e-03  -1.4170295e-03   6.0859562e-04
   6.1700452e-02  -5.9253637e-02   1.9100822e-01  -1.7736603e-03  -1.4171628e-03   5.0496684e-04
   6.6716197e-02  -5.7784466e-02   1.9772280e-01  -1.4989140e-03  -1.5227226e-03   5.7541066e-04
   6.8621564e-02   2.2812094e-03   1.8536910e-01  -1.2434300e-03  -1.4152910e-03   5.4746101e-04
   5.6325858e-02  -2.2703259e-02   2.3409420e-01  -1.7111155e-03  -1.4315967e-03   4.9613476e-04
   4.7957737e-02  -1.8854514e-02   2.1741218e-01  -1.9743677e-03  -1.4675326e-03   4.5798219e-04
   5.6195495e-02  -8.1278688e-02   2.0241694e-01  -1.7479268e-03  -1.4781975e-03   5.1272113e-04
   6.5449447e-02  -4.8365700e-02   1.8817098e-01  -1.8174958e-03  -1.5353785e-03   6.0601335e-04
   7.8268308e-02  -4.3870782e-02   1.9563400e-01  -1.6345441e-03  -1.3188555e-03   6.5606490e-04
   7.8799084e-02  -3.2600951e-02   2.1850992e-01  -1.6589121e-03  -1.3298934e-03   7.1682971e-04
   7.6632580e-02  -4.8922560e-02   1.9766346e-01  -1.7554554e-03  -1.2329792e-03   6.1469876e-04
   8.2363725e-02  -5.0224945e-02   2.2262138e-01  -1.6415928e-03  -1.3338989e-03   6.7489962e-04
   7.2158909e-02  -1.0887672e-02   1.9789652e-01  -1.7461294e-03  -1.2366395e-03   5.5687214e-04
   6.3735815e-02  -4.9055785e-02   2.0083528e-01  -2.1556075e-03  -1.2024971e-03   4.6426398e-04
   6.9701198e-02  -7.3195846e-02   1.9717376e-01  -1.8733627e-03  -1.3481774e-03   5.1400660e-04
   7.1833489e-02  -3.6945352e-02   1.9753673e-01  -1.5673707e-03  -1.3411963e-03   5.3006978e-04
   6.4384075e-02  -1.0282918e-02   2.0224082e-01  -1.4618549e-03  -1.4221614e-03   4.1391486e-04
   7.9841701e-02  -2.0617491e-02   1.9186508e-01  -1.4563397e-03  -1.1904350e-03   5.6130194e-04
   6.3489441e-02  -3.0733793e-02   1.6075959e-01  -1.4738069e-03  -1.2425710e-03   3.7576845e-04
   6.9074861e-02  -1.9851460e-02   1.6454178e-01  -1.6150688e-03  -1.3567685e-03   5.0075301e-04
   6.0960001e-02  -1.0812832e-02   2.1742712e-01  -1.7247042e-03  -1.3777456e-03   3.2717297e-04
   7.7560867e-02  -5.7868266e-02   2.1674485e-01  -1.7695076e-03  -1.3769053e-03   5.5244643e-04
   7.7796730e-02  -4.2834028e-02   2.1542049e-01  -1.7583140e-03  -1.3608673e-03   5.5155027e-04
   7.0428981e-02  -4.3963734e-02   2.0290445e-01  -1.6693386e-03  -1.3763132e-03   5.5717019e-04
   6.8704427e-02  -5.1205145e-03   1.9549644e-01  -1.4272250e-03  -1.3792281e-03   4.9511896e-04
   7.2007144e-02  -1.8754550e-02   2.0897592e-01  -1.3810523e-03  -1.2798256e-03   5.2488114e-04
   6.5560064e-02  -1.3460633e-02   2.1881750e-01  -1.4965888e-03  -1.2524709e-03   3.5364290e-04
   6.7096675e-02  -4.5904335e-02   2.1610573e-01  -1.6892024e-03  -1.2447996e-03   3.0025978e-04
   6.6635971e-02  -3.6936763e-02   2.2326891e-01  -1.6568842e-03  -1.3023645e-03   3.0720147e-04
   8.9181990e-02  -3.5134131e-02   2.2539504e-01  -1.3174995e-03  -1.1077978e-03   4.7733404e-04
   9.2216818e-02   2.1053114e-02   2.0698772e-01  -6.8903736e-04  -1.1274783e-03   5.9952221e-04
   9.9108211e-02   2.1793950e-02   2.0414289e-01  -1.6238450e-03  -1.2217560e-03   7.7781661e-04
   1.0169016e-01   1.5948649e-02   2.0834059e-01  -1.8299915e-03  -1.2398837e-03   9.6263933e-04
   9.9938209e-02  -3.7304504e-02   1.9096659e-01  -1.6267319e-03  -1.1788901e-03   9.0527407e-04
   1.0764554e-01  -2.3256565e-01  -2.1377120e-01   3.2853730e-03  -1.3552473e-04   1.6008926e-03
   1.2740236e-01   2.0694663e-01   1.2072068e-01   7.3352638e-04  -8.1904227e-04   1.2772767e-03
   1.3155965e-01   1.5230201e-01   9.8447580e-02   5.0406380e-04  -8.7295385e-04   1.5123616e-03
   1.3871241e-01   2.1947651e-02   1.2671367e-01  -2.6764968e-05  -9.1828847e-04   1.6580961e-03
   1.5092973e-01   3.4235919e-03   1.5821342e-01  -4.7208969e-04  -8.9046791e-04   1.6327211e-03
   1.4583395e-01   9.3965995e-03   1.4437204e-01  -9.0676861e-04  -8.6365136e-04   1.6178254e-03
   1.4201153e-01   8.7267808e-03   1.3347549e-01  -8.4389695e-04  -8.6977639e-04   1.6621282e-03
   1.4923199e-01   5.2172756e-03   1.5489750e-01  -8.7870110e-04  -8.5543900e-04   1.7048719e-03
   1.7496055e-01  -4.3206891e-02   2.0479632e-01  -8.8466904e-04  -9.9769694e-04   1.9725190e-03
   1.4830219e-01   2.8212932e-02   2.0183078e-01  -1.3408086e-03  -1.3179432e-03   1.8073633e-03
   1.4295556e-01  -8.8367382e-03   1.8755308e-01  -1.4168440e-03  -1.3540999e-03   1.8164893e-03
   1.5165421e-01  -2.5050481e-02   2.1315081e-01  -1.6111733e-03  -1.3202176e-03   1.7582012e-03
   1.5140024e-01  -1.2721445e-02   2.2084666e-01  -1.9854438e-03  -1.3971761e-03   1.7629216e-03
   1.7090481e-01  -5.9155912e-02   2.2500185e-01  -2.0835733e-03  -1.3558152e-03   2.1057928e-03
   1.6187936e-01  -2.8509909e-02   2.0138837e-01  -2.0889841e-03  -1.4393088e-03   2.0554972e-03
   1.5382983e-01  -3.8330857e-02   1.9863101e-01  -1.8978243e-03  -1.4404311e-03   2.0268895e-03
   1.5504660e-01   1.4552754e-02   2.1410533e-01  -2.1135281e-03  -1.5535198e-03   2.0425654e-03
   1.5112639e-01  -2.3498937e-02   1.9493136e-01  -1.9185478e-03  -1.5216099e-03   1.9000243e-03
   1.7624438e-01   7.8305897e-04   2.0389413e-01  -1.9619603e-03  -1.5640700e-03   2.1187394e-03
   1.4763863e-01  -9.6953890e-02   1.6589600e-01  -1.5219348e-03  -1.3449810e-03   1.5820426e-03
   1.4786896e-01   3.9211690e-02   2.3690927e-01  -1.5380985e-03  -1.6158167e-03   1.5104929e-03
   1.5340716e-01   2.2651647e-02   2.1634707e-01  -1.6625160e-03  -1.5455850e-03   1.6644035e-03
   1.6359105e-01  -1.9432702e-02   2.4909691e-01  -1.6697658e-03  -1.4250620e-03   1.8467314e-03
   1.5881469e-01   6.9476393e-03   2.2871755e-01  -1.5318216e-03  -1.3610999e-03   1.7443659e-03
   1.5705946e-01   4.2938732e-03   2.3338344e-01  -1.8430306e-03  -1.3629990e-03   1.7036244e-03
   1.6602753e-01   1.1186408e-02   2.3978075e-01  -2.1472079e-03  -1.4803437e-03   1.8959571e-03
   1.7179755e-01  -4.4335692e-02   2.3299071e-01  -2.0311043e-03  -1.4281506e-03   2.0078801e-03
   1.7739501e-01  -3.1532996e-02   2.6447823e-01  -2.4146983e-03  -1.4094046e-03   1.9108687e-03
   1.7052284e-01  -3.6719130e-02   2.6709629e-01  -2.6250814e-03  -1.4879596e-03   1.7981364e-03
   1.7092494e-01  -3.9366327e-02   2.5376171e-01  -2.6076767e-03  -1.4975483e-03   1.7663051e-03
   1.6732667e-01  -6.9574691e-02   2.4422951e-01  -2.4610173e-03  -1.4329415e-03   1.8130502e-03
   1.7463775e-01  -4.2150370e-02   2.6420772e-01  -2.3518628e-03  -1.4072679e-03   1.8360637e-03
   1.7473632e-01  -6.5405852e-02   2.4711969e-01  -2.2003329e-03  -1.3116124e-03   1.7738679e-03
   1.7116207e-01  -6.7991740e-02   2.6379721e-01  -2.3178735e-03  -1.4820841e-03   1.7560555e-03
   1.7000516e-01  -4.4897662e-02   2.4047617e-01  -2.2662387e-03  -1.4354576e-03   1.8157456e-03
   1.6948817e-01  -6.7284932e-02   2.4564904e-01  -1.9350776e-03  -1.4088905e-03   1.7516896e-03
   1.6147655e-01   1.5948114e-02   2.5603170e-01  -2.0794239e-03  -1.5528902e-03   1.6575579e-03
   1.5989704e-01   7.3929227e-03   2.4226225e-01  -2.4639913e-03  -1.4590537e-03   1.7310921e-03
   1.5885353e-01  -1.4816046e-02   2.3461769e-01  -2.4750300e-03  -1.5964987e-03   1.7418381e-03
   1.6338949e-01  -3.6709403e-02   2.3192735e-01  -2.2867060e-03  -1.6194040e-03   1.8088086e-03
   1.6731592e-01  -2.2165094e-02   2.5427094e-01  -2.3048964e-03  -1.6679763e-03   1.7891869e-03
   1.6521980e-01  -5.3368947e-02   2.6165733e-01  -2.2745545e-03  -1.6772214e-03   1.8521196e-03
   1.6069042e-01  -3.5582492e-02   2.8398230e-01  -2.3056286e-03  -1.6518852e-03   1.6497326e-03
   1.6316499e-01  -3.0898472e-02   2.6935044e-01  -2.2634562e-03  -1.6011457e-03   1.6510430e-03
   1.5456444e-01  -2.0967481e-02   2.5963806e-01  -2.4317101e-03  -1.6308494e-03   1.6325971e-03
   1.5661992e-01  -1.6529671e-02   2.5361723e-01  -2.2909264e-03  -1.5945529e-03   1.6184132e-03
   1.5365088e-01   4.5870499e-03   2.6345395e-01  -2.4323156e-03  -1.7067125e-03   1.6338534e-03
   1.4518838e-01  -3.2233703e-02   2.8426007e-01  -2.2165979e-03  -1.6487737e-03   1.5126888e-03
   1.5218674e-01  -3.6941335e-02   2.8144946e-01  -2.3723068e-03  -1.6948541e-03   1.5316210e-03
   1.6134870e-01   2.1441241e-02   2.7709346e-01  -2.3487664e-03  -1.8259692e-03   1.7424344e-03
   1.5366122e-01  -3.0365367e-02   2.6526350e-01  -2.2437805e-03  -1.7631291e-03   1.5947121e-03
   1.6065772e-01   9.6248056e-03   2.9310541e-01  -2.5543169e-03  -1.8003363e-03   1.7818211e-03
   1.7317960e-01  -3.8761787e-02   2.6617267e-01  -2.2021359e-03  -1.8727491e-03   1.9821596e-03
   1.6589261e-01  -7.7609868e-03   2.7359577e-01  -2.3087953e-03  -1.8457675e-03   1.7999980e-03
   1.6209272e-01  -4.6084295e-04   2.5151833e-01  -2.5151631e-03  -1.6935708e-03   1.7683132e-03
   1.1288951e-01  -1.1826764e-01   1.7860086e-01  -1.8243605e-03  -1.5758584e-03   1.2749357e-03
   1.5231544e-01   9.2476846e-02   2.1079848e-01  -1.3495237e-03  -1.6177572e-03   1.7034121e-03
   1.5716849e-01   3.2279584e-02   2.3562692e-01  -1.8087170e-03  -1.8946073e-03   1.7893724e-03
   1.6268113e-01  -2.1348281e-02   2.4646672e-01  -1.8390949e-03  -1.8618115e-03   1.8889085e-03
   1.7036584e-01  -3.4204563e-02   2.5321187e-01  -1.9725598e-03  -1.6458768e-03   1.8661306e-03
   1.5695616e-01  -6.0020767e-03   2.6945392e-01  -1.9868224e-03  -1.6864673e-03   1.6619380e-03
   1.5925305e-01  -2.2384607e-02   2.7602188e-01  -1.9595714e-03  -1.6297486e-03   1.5907684e-03
   1.5358130e-01   6.0524252e-02   2.4127427e-01  -2.0131566e-03  -1.7181208e-03   1.7261290e-03
   1.5470974e-01   1.8217416e-02   2.4981681e-01  -2.1433302e-03  -1.9470958e-03   1.7905968e-03
   1.5900216e-01  -1.0603627e-02   2.6549954e-01  -2.3507000e-03  -2.0049510e-03   1.8865909e-03
   1.4690033e-01  -3.3300070e-02   2.6618620e-01  -2.2614702e-03  -2.0227576e-03   1.7477772e-03
   1.4567881e-01  -2.7474870e-02   2.8433493e-01  -2.1990228e-03  -1.9971913e-03   1.6957442e-03
   1.4522595e-01  -1.7023673e-03   2.9018914e-01  -2.2169232e-03  -1.9673844e-03   1.5795203e-03
   1.4141058e-01   5.5624504e-03   2.8637715e-01  -2.3655537e-03  -1.9813673e-03   1.5538222e-03
   1.4179758e-01  -1.5099744e-02   2.9739568e-01  -2.5383625e-03  -2.0804076e-03   1.6556391e-03
   1.4349316e-01  -1.2296389e-03   2.7744274e-01  -2.6023213e-03  -1.9770293e-03   1.6342182e-03
   1.4150270e-01   1.7055654e-02   2.7671669e-01  -2.6627173e-03  -2.0359637e-03   1.6413673e-03
   1.3361707e-01   2.3423326e-02   2.7081434e-01  -2.5389919e-03  -2.0355092e-03   1.5096360e-03
   1.4737904e-01   5.0125235e-02   2.8915944e-01  -2.3625537e-03  -1.9333679e-03   1.7406922e-03
