   0.0000000e+00   0.0000000e+00   0.0000000e+00   0.0000000e+00   0.0000000e+00   0.0000000e+00
   2.0412326e-02   4.6345797e-02  -1.1417243e-03   2.1105357e-04  -3.8623359e-04   1.0794033e-03
   5.1349809e-02   1.7359826e-02  -2.5844234e-02   1.0421893e-03  -3.5526672e-04   2.4773998e-03
   6.2296566e-02   3.0592807e-02  -3.5134129e-02   9.9851469e-04  -3.7811461e-04   2.8670854e-03
   5.9830309e-02   5.1891841e-02  -4.2921155e-02   1.0388534e-03  -3.2228311e-04   2.8605974e-03
   7.5111461e-02   4.5382779e-03  -3.3562096e-02   1.3278432e-03  -2.5629262e-04   3.0939156e-03
   9.0730757e-02  -1.3890110e-02  -4.0367879e-02   1.9161243e-03  -1.4890602e-04   3.4810899e-03
   9.3638780e-02  -5.6116928e-02  -4.4865150e-02   1.7050593e-03   3.3540511e-04   3.7725703e-03
   9.7560737e-02  -4.0342060e-03  -4.1110518e-02   1.2633569e-03  -2.3981658e-04   3.9535227e-03
   9.4166926e-02   8.6726408e-03  -5.4003596e-02   1.9205933e-03   4.2868916e-04   4.1106071e-03
   1.0733297e-01  -2.2991065e-02  -4.8181681e-02   1.8894072e-03   6.6101190e-05   4.3941625e-03
   1.1905149e-01  -1.8990725e-02  -7.6311601e-02   2.1192707e-03   5.8846266e-04   5.0898046e-03
   1.2564454e-01   6.6678242e-02  -7.9902211e-02   2.2885194e-03   7.3729685e-04   5.2277826e-03
   1.3228142e-01   2.7606743e-02  -7.6970925e-02   2.3100204e-03   6.8094407e-04   5.6011740e-03
   1.4162251e-01  -5.6260298e-03  -8.7848534e-02   2.2353311e-03   7.7481897e-04   5.7811984e-03
   1.3313555e-01   3.5251070e-02  -9.3500838e-02   2.2995019e-03   4.8524718e-04   5.5459604e-03
   1.4568637e-01   4.5378741e-02  -1.2267704e-01   2.2837622e-03   3.6305308e-04   5.9088950e-03
   1.4311005e-01   4.3076219e-02  -1.3849748e-01   2.8188613e-03   1.9604838e-04   5.9608024e-03
   1.5525708e-01   2.2569006e-02  -1.1738145e-01   2.4067615e-03   1.2386148e-04   6.0796104e-03
   1.7684871e-01   2.2695887e-02  -1.0827294e-01   2.2419832e-03   5.7422695e-04   6.2812283e-03
   1.9874678e-01   1.7376957e-02  -9.8184986e-02   2.0458790e-03   7.2381625e-04   6.5407684e-03
   2.0738730e-01   9.2774813e-03  -1.0447589e-01   1.9908563e-03   9.2695636e-04   6.6704445e-03
   2.0969606e-01   7.6880738e-03  -1.0992470e-01   2.0605445e-03   8.2604781e-04   6.8708972e-03
   2.1481834e-01   1.1541054e-02  -1.0081851e-01   2.1189712e-03   1.0305126e-03   7.0537988e-03
   2.2272588e-01   4.1614571e-03  -9.8196973e-02   1.9829974e-03   1.0734311e-03   7.2056510e-03
   2.2263007e-01   5.1931937e-02  -9.7096241e-02   1.6643789e-03   7.9538125e-04   7.1026107e-03
   2.2738080e-01   1.8700267e-02  -1.1088655e-01   1.9709812e-03   1.0585486e-03   7.2965345e-03
   2.3188013e-01   4.6938990e-02  -9.5991432e-02   2.1321848e-03   1.0691121e-03   7.4316532e-03
   2.5315974e-01  -1.8893735e-02  -8.6953309e-02   1.5810655e-03   1.5575058e-03   7.6498291e-03
   2.4314665e-01   8.9833652e-02  -1.0080268e-01   1.7508232e-03   1.3489387e-03   7.4321188e-03
   2.3969388e-01   2.2460432e-02  -8.6227729e-02   2.1337850e-03   9.9539726e-04   7.3741522e-03
   2.4339023e-01  -4.6210790e-03  -8.8043967e-02   1.9731777e-03   1.2787696e-03   7.5034311e-03
   2.4159295e-01   1.2485790e-02  -8.1915512e-02   1.7232437e-03   1.1078846e-03   7.1914502e-03
   2.5285488e-01  -1.2126670e-02  -8.1737866e-02   1.4722964e-03   1.2398292e-03   7.4010082e-03
   2.5591400e-01   1.2894287e-03  -6.0547160e-02   1.5572499e-03   1.2646346e-03   7.5433282e-03
   2.5437966e-01   2.5933671e-02  -8.6791747e-02   2.3545611e-03   1.4339759e-03   7.5919706e-03
   2.4471570e-01   4.8445305e-02  -5.6750084e-02   1.6728445e-03   1.2545503e-03   7.2223391e-03
   2.4108787e-01   2.6972985e-02  -5.6846053e-02   1.6509142e-03   1.1365093e-03   7.1365765e-03
   2.5958451e-01   2.4547842e-02  -6.1964654e-02   1.7422852e-03   1.4756019e-03   7.5631588e-03
   2.6940879e-01   1.5560344e-02  -4.3344410e-02   1.7273143e-03   1.4128129e-03   7.6320326e-03
   2.6042992e-01   3.2718646e-02  -4.8956181e-02   1.6364989e-03   1.6320543e-03   7.4911943e-03
   2.5982932e-01   7.0085073e-02  -5.7655880e-02   1.9050795e-03   1.6426918e-03   7.6225942e-03
   2.9075294e-01  -4.6410134e-02  -5.3286725e-02   1.8793361e-03   1.4905137e-03   8.2456036e-03
   3.6950142e-01  -8.8367715e-02  -1.2680580e-01   1.9801766e-03   1.8623560e-03   1.0028984e-02
   3.2917010e-01   4.4844839e-02  -9.4987441e-02   1.9512764e-03   8.7775015e-04   9.5623982e-03
   2.9942937e-01   6.0573557e-03  -7.5995283e-02   2.0210933e-03   5.9203672e-04   9.1824513e-03
   3.1849582e-01   1.5579330e-03  -6.7378234e-02   1.9907951e-03   7.1085825e-04   9.2119585e-03
   3.1116013e-01  -1.2777429e-02  -7.2816102e-02   1.7541859e-03   6.5138532e-04   9.1551749e-03
   3.1163581e-01   4.2105976e-02  -7.8754535e-02   1.8809332e-03   9.3176761e-04   9.2129698e-03
   2.9891016e-01   3.8212274e-03  -7.3577781e-02   1.4878810e-03   8.0574073e-04   9.3040911e-03
   2.9868400e-01   3.9718669e-02  -7.0959711e-02   1.6300627e-03   7.6343753e-04   9.2526677e-03
   3.1205526e-01   3.1934612e-02  -7.9670483e-02   1.6436599e-03   9.7951243e-04   9.6216994e-03
   3.1232025e-01   5.1003864e-02  -7.4531667e-02   1.7318089e-03   8.4468493e-04   9.6941287e-03
   3.2663270e-01   1.6218518e-02  -7.6043933e-02   1.8414066e-03   9.5585211e-04   9.7792358e-03
   3.2080624e-01   3.5998159e-02  -7.8911095e-02   2.3956906e-03   1.1239901e-03   9.8969062e-03
   2.9274264e-01   5.7889529e-02  -8.3007428e-02   2.3908267e-03   8.0312058e-04   9.3989670e-03
   3.1402701e-01  -6.5770054e-03  -6.2274871e-02   2.4218232e-03   1.0391475e-03   9.9044980e-03
   3.0506902e-01   2.1360198e-02  -5.7553983e-02   2.6442421e-03   8.2914912e-04   9.6727506e-03
   3.2620769e-01   4.8091086e-02  -6.1634650e-02   2.4721624e-03   8.7487856e-04   9.7336812e-03
   3.6446271e-01  -3.5585725e-02  -7.1940271e-02   2.4540493e-03   8.3200411e-04   1.0142314e-02
   3.8784271e-01  -1.1632600e-02  -1.1187327e-01   2.0447587e-03   3.6245079e-04   1.0865479e-02
   3.4981824e-01   3.9007217e-02  -7.8931291e-02   2.0548961e-03   3.7594204e-04   1.0531502e-02
   3.5139736e-01  -1.5565580e-02  -2.7240917e-02   1.6286745e-03   4.8354765e-04   1.0785582e-02
   3.3457548e-01  -3.3891313e-03  -1.5459956e-02   1.6113091e-03   3.4632278e-04   1.0365122e-02
   3.3463329e-01  -7.1310133e-03  -2.6348842e-02   1.6947254e-03   4.5523495e-04   1.0342897e-02
   3.2783395e-01   2.0553689e-02  -4.6873978e-02   1.5239503e-03   5.4942115e-04   1.0286374e-02
   3.4062173e-01  -2.0381701e-02  -5.7569442e-02   1.3938411e-03   7.2374537e-04   1.0548467e-02
   3.5610253e-01  -2.4355245e-02  -5.2687047e-02   1.5813653e-03   6.1784040e-04   1.0603100e-02
   3.5074873e-01  -1.5603622e-03  -7.0558306e-02   1.4351746e-03   7.2500274e-04   1.0682995e-02
   3.2673398e-01   6.2175002e-02  -7.0197919e-02   1.4415082e-03   3.3450082e-04   1.0097282e-02
   3.4689280e-01   2.1089104e-03  -6.5928846e-02   1.7536193e-03   1.1413411e-04   1.0251748e-02
   3.3013024e-01   3.4558103e-02  -4.9114073e-02   1.8712272e-03   4.0216156e-05   1.0111396e-02
   2.9532098e-01   3.2106186e-03  -3.1530526e-02   1.7109518e-03  -3.3960989e-04   9.2058408e-03
   2.8229621e-01   5.2434259e-03  -2.2074157e-02   1.0902371e-03  -3.1153149e-04   8.7491937e-03
   2.9343678e-01  -3.2991958e-02   7.3977356e-03   9.6712049e-04  -2.5836897e-04   8.9391724e-03
   2.8194735e-01  -1.0824935e-02  -2.2209284e-02   1.2485424e-03  -3.6560208e-04   8.8003713e-03
   2.2605883e-01   7.8858605e-02  -3.0175045e-03   1.1852803e-03  -1.4706642e-03   7.6851325e-03
   2.3510648e-01   4.7343388e-02   2.1197460e-02   8.3558793e-04  -1.1993979e-03   7.7280436e-03
   2.6548671e-01   8.5783140e-03   1.6197808e-02   8.0791258e-04  -9.0438677e-04   8.3424856e-03
   2.8656798e-01  -1.4732467e-03  -1.6964593e-02   5.2172625e-04  -4.5084504e-04   8.9709070e-03
   3.0838874e-01  -2.2312572e-02  -3.0187258e-02   6.6295661e-04  -4.0828396e-04   9.3517219e-03
   3.2286727e-01  -1.2706186e-01  -9.2933037e-02   7.6768670e-04  -3.5477840e-04   8.9970156e-03
   2.5327073e-01  -2.9022806e-01  -1.0224184e-02  -6.5850923e-04  -1.8097511e-03   7.1835863e-03
   2.4033647e-01  -6.8335958e-02   3.7180856e-02  -1.1921177e-03  -2.7985942e-03   6.7828575e-03
   2.8405250e-01  -2.1275020e-01  -1.1309595e-02  -1.2427146e-03  -2.7978776e-03   7.8337266e-03
   2.9335950e-01  -1.6985632e-01  -4.2037043e-02  -6.4735793e-04  -1.9966435e-03   8.1746836e-03
   3.0897980e-01  -8.4812945e-02  -2.9738788e-02  -6.3080868e-04  -2.0741600e-03   7.9053086e-03
   3.2145660e-01  -6.5938516e-02  -2.9276443e-02  -4.4935509e-04  -1.8577315e-03   8.1224164e-03
   3.3802466e-01  -9.6826072e-02  -4.5509182e-02   2.8646366e-04  -1.6760171e-03   8.5612454e-03
   3.5636924e-01  -3.0434334e-02  -6.9716907e-02   6.3106217e-04  -1.4719941e-03   8.8381544e-03
   4.1997144e-01  -1.1748339e-01  -3.9425179e-02   7.6478078e-04  -4.9750000e-04   9.9332277e-03
   4.2421264e-01  -9.9232350e-03  -4.1624571e-02   8.8976059e-04  -4.3729413e-04   9.7166406e-03
   4.7550648e-01  -2.2384325e-01  -8.9178212e-03   8.6837316e-04  -5.5513238e-04   1.0574322e-02
   4.5884114e-01  -7.0721561e-02   2.3753192e-04  -1.5766133e-04  -6.5120711e-04   9.9394841e-03
   4.7275887e-01  -2.1102461e-01  -4.5996672e-02   9.5656864e-04  -5.0540150e-04   1.0772003e-02
   6.1463531e-01  -3.9098783e-01  -4.2142012e-01  -6.1256328e-04  -2.8809036e-03   9.9301347e-03
   5.7450842e-01  -5.4264379e-01  -4.3167903e-01   1.7978239e-04  -2.9212757e-03   1.0071974e-02
   4.9347315e-01  -1.5719760e-01  -4.1887649e-01  -5.4897626e-05  -2.3351711e-03   1.0042395e-02
   5.0006940e-01  -2.9056058e-01  -4.7140467e-01   2.1017441e-05  -2.2660012e-03   1.0908167e-02
   5.5578204e-01  -3.0610600e-01  -4.3714772e-01  -4.0785198e-04  -1.5793168e-03   1.1778307e-02
   5.4890817e-01  -1.6871472e-01  -4.6138945e-01  -2.3644699e-04  -1.1158251e-03   1.1915631e-02
   5.8188144e-01  -3.2546298e-01  -4.3912234e-01  -4.1639425e-04  -9.1967743e-04   1.2724673e-02
   5.8696049e-01  -2.4113582e-01  -4.4010380e-01  -8.8634149e-04  -7.1043712e-04   1.3043610e-02
   5.9081984e-01  -2.0376473e-01  -4.6295579e-01  -1.0009932e-03  -7.5056718e-04   1.3259151e-02
   6.4356416e-01  -3.5685466e-01  -4.7647350e-01  -5.8844224e-04  -1.1946207e-04   1.4389988e-02
   6.5840714e-01  -1.3669307e-01  -4.7946999e-01  -6.6992648e-04   8.1672771e-05   1.5025495e-02
   6.4281457e-01  -2.8192949e-01  -4.9642041e-01  -6.5706370e-04  -1.1529484e-04   1.5213266e-02
   6.4291284e-01  -2.2094605e-01  -4.7265521e-01  -6.9962483e-04  -1.0968577e-04   1.4691347e-02
   6.8417316e-01  -7.9619601e-02  -4.8240176e-01   2.0688962e-03  -2.8750737e-05   1.5170881e-02
   7.6260010e-01  -3.6816298e-01  -5.8094408e-01   1.6822201e-03  -2.1532732e-04   1.6086343e-02
   7.5548234e-01  -4.2610482e-01  -5.4618746e-01   6.2357748e-04  -4.7685593e-04   1.6488799e-02
   7.0372970e-01  -2.1086052e-01  -5.3394578e-01   1.0040597e-03  -1.1999132e-03   1.5612746e-02
   6.9027382e-01  -2.4324403e-01  -5.6193750e-01   1.2150480e-03  -7.7359756e-04   1.5592712e-02
   7.1855282e-01  -2.4258311e-01  -5.0877514e-01   3.3830833e-04  -9.1490082e-04   1.5921479e-02
   7.3293074e-01  -3.2941359e-01  -5.1335091e-01  -5.5592125e-04  -6.8484275e-04   1.6412383e-02
   7.2791555e-01  -3.1569601e-01  -4.9167844e-01  -6.5800997e-04  -6.8453149e-04   1.6430763e-02
   7.2112571e-01  -2.6420418e-01  -4.9673733e-01  -6.1558800e-04  -7.2475167e-04   1.6172413e-02
   7.1847310e-01  -2.4775102e-01  -5.0144781e-01  -5.5713746e-04  -7.1610826e-04   1.6182864e-02
   7.1693187e-01  -2.9646966e-01  -5.1928599e-01  -6.0646384e-04  -4.9278198e-04   1.6219444e-02
   7.0458467e-01  -2.7227523e-01  -5.2682854e-01  -8.8954833e-04  -8.8935578e-04   1.5901485e-02
   6.9040122e-01  -2.4609119e-01  -5.0579096e-01  -1.3291292e-03  -8.9576196e-04   1.5812382e-02
   6.8793261e-01  -2.5269508e-01  -5.3096779e-01  -1.1416454e-03  -9.0624596e-04   1.5749114e-02
   7.2598920e-01  -3.1104586e-01  -6.0183504e-01   8.0853133e-05  -1.9985623e-04   1.6071432e-02
   7.3772115e-01  -2.2360185e-01  -5.9740259e-01  -2.4867418e-04  -3.6436132e-04   1.6260431e-02
   7.2937366e-01  -2.7569203e-01  -6.0506492e-01  -3.8250536e-06  -3.4716986e-04   1.6293882e-02
   7.5130304e-01  -3.1099027e-01  -5.5119696e-01  -7.7493846e-04  -6.5553890e-04   1.6353026e-02
   7.4657207e-01  -3.4126291e-01  -5.5382930e-01  -1.3453309e-03  -4.7098105e-04   1.6652255e-02
   7.1525572e-01  -2.6921544e-01  -5.3030570e-01  -1.5891195e-03  -5.8431742e-04   1.6206265e-02
   6.9274056e-01  -2.5748429e-01  -5.1513947e-01  -1.7687556e-03  -7.0846576e-04   1.5902911e-02
   6.9009005e-01  -2.9382072e-01  -5.2441413e-01  -1.9751055e-03  -8.6905853e-04   1.5845036e-02
   6.8538552e-01  -2.4280098e-01  -5.3739544e-01  -1.5576384e-03  -6.2205592e-04   1.5996978e-02
   6.9315185e-01  -2.4932164e-01  -5.3118003e-01  -1.6879413e-03  -4.5711601e-04   1.5907609e-02
   6.9881089e-01  -2.2391190e-01  -5.3829809e-01  -1.6950231e-03  -4.5299902e-04   1.6064118e-02
   6.8261669e-01  -2.4585570e-01  -5.2994527e-01  -1.6937632e-03  -6.0423574e-04   1.5939941e-02
   6.7930718e-01  -2.4315561e-01  -5.3510154e-01  -1.1621545e-03  -6.3323252e-04   1.5758467e-02
   6.9529770e-01  -2.5780957e-01  -5.3733868e-01  -1.3211857e-03  -6.8768370e-04   1.5802260e-02
   6.7222959e-01  -2.0946798e-01  -5.2644542e-01  -1.1806639e-03  -8.1081300e-04   1.5220032e-02
   6.7320082e-01  -2.7437569e-01  -5.1022592e-01  -1.1722426e-03  -8.0586655e-04   1.5037011e-02
   6.4010004e-01  -2.5016911e-01  -5.0890370e-01  -1.4825937e-03  -9.0019998e-04   1.4353255e-02
   6.4730374e-01  -2.6649218e-01  -4.8985755e-01  -1.8062065e-03  -6.7986474e-04   1.4289849e-02
   6.6124874e-01  -2.5745609e-01  -5.0663243e-01  -1.8000891e-03  -6.6699340e-04   1.4643285e-02
   6.7695990e-01  -2.4576040e-01  -5.2589686e-01  -1.5118100e-03  -4.7906602e-04   1.5080808e-02
   7.0794198e-01  -2.0787302e-01  -5.1895861e-01  -1.1790322e-03  -1.5794271e-04   1.5459872e-02
   7.0299475e-01  -1.5880228e-01  -5.1576965e-01  -1.1662217e-03  -5.7491200e-04   1.6081193e-02
   7.3358706e-01  -3.0809186e-01  -5.1562501e-01  -1.1078572e-03  -4.7044342e-04   1.6727384e-02
   7.2714595e-01  -1.9434761e-01  -4.7449937e-01  -1.3673981e-03  -5.1189755e-04   1.6337040e-02
   8.6418270e-01  -5.0606803e-01  -9.0638082e-01  -2.7021183e-03  -2.9239592e-03   1.4742461e-02
   7.4325848e-01  -5.7676395e-01  -8.0778219e-01  -2.6230688e-03  -1.7902653e-03   1.6486048e-02
   7.4988648e-01  -3.5760086e-01  -8.5415567e-01  -2.6228274e-03  -1.7076684e-03   1.7139074e-02
   7.6688940e-01  -4.6614094e-01  -8.6312372e-01  -2.8182737e-03  -1.7575675e-03   1.7604643e-02
   7.9217143e-01  -4.2316660e-01  -8.6758769e-01  -3.1354676e-03  -1.8003753e-03   1.7974019e-02
   8.0123782e-01  -4.1767083e-01  -9.0148116e-01  -3.1520819e-03  -1.7129603e-03   1.7548556e-02
   8.1043388e-01  -4.3738523e-01  -8.7736681e-01  -3.5592626e-03  -1.4630938e-03   1.8294570e-02
   7.9984350e-01  -4.2605867e-01  -8.9699488e-01  -3.6437466e-03  -1.1414372e-03   1.8114891e-02
   7.8124644e-01  -3.8565414e-01  -9.1441861e-01  -4.1674154e-03  -1.5278183e-03   1.7729223e-02
   7.7581660e-01  -4.0040233e-01  -9.1632539e-01  -4.2268018e-03  -1.2966400e-03   1.7898928e-02
   7.7146421e-01  -3.9033128e-01  -9.2310323e-01  -4.1070790e-03  -1.0686415e-03   1.8186612e-02
   7.6993758e-01  -3.5577411e-01  -9.1501913e-01  -4.6584274e-03  -9.7127687e-04   1.8262445e-02
   7.8902251e-01  -4.5162392e-01  -9.2658748e-01  -4.6329790e-03  -4.6001243e-04   1.8766655e-02
   7.8710796e-01  -2.3438396e-01  -8.9614777e-01  -4.7217193e-03  -2.6335019e-04   1.8651249e-02
   7.8840568e-01  -4.1465641e-01  -9.0265162e-01  -4.2301467e-03  -2.4007331e-04   1.9234318e-02
   8.0138885e-01  -4.2817464e-01  -9.2633269e-01  -4.3039921e-03  -3.0012116e-04   1.9147126e-02
   7.9191394e-01  -4.3261670e-01  -9.4615258e-01  -4.4683554e-03  -4.9039171e-04   1.9625948e-02
   7.9375480e-01  -3.5726497e-01  -9.9141654e-01  -4.7135986e-03  -4.9786499e-04   1.9623195e-02
   7.9434541e-01  -4.5198323e-01  -9.6304489e-01  -3.8671537e-03  -6.0521032e-04   1.9995828e-02
   7.6474223e-01  -3.7604646e-01  -9.1426332e-01  -4.3201548e-03  -7.1183152e-04   1.9172280e-02
   7.7248996e-01  -4.2763263e-01  -9.1523947e-01  -4.0917227e-03  -7.4104443e-04   1.9507691e-02
   7.9592423e-01  -3.4339666e-01  -9.7594347e-01  -4.2915789e-03  -5.1099868e-04   1.9529309e-02
   7.8571367e-01  -3.2347273e-01  -9.9450005e-01  -3.7121534e-03  -6.3000649e-04   1.9542018e-02
   7.8819694e-01  -4.3792620e-01  -1.0014182e+00  -3.8916686e-03  -5.8632772e-04   1.9158612e-02
   7.6307692e-01  -3.3042991e-01  -9.9334044e-01  -3.7120148e-03  -8.8930132e-04   1.9262640e-02
   8.2502671e-01  -4.8251069e-01  -1.0271868e+00  -2.5223348e-03   1.5598721e-04   2.0578484e-02
   8.1263160e-01  -4.2328314e-01  -1.0498406e+00  -4.3502831e-03  -4.9631342e-04   2.0770780e-02
   8.1796932e-01  -3.3385372e-01  -1.0213723e+00  -4.0999305e-03  -5.2259174e-04   2.0468838e-02
   8.0274144e-01  -4.9230402e-01  -9.7539283e-01  -4.3987341e-03  -1.1112702e-03   1.9512073e-02
   7.8126896e-01  -3.7036179e-01  -9.6843046e-01  -4.1998278e-03  -1.5727825e-03   1.9249042e-02
   7.7384584e-01  -4.3754681e-01  -1.0178130e+00  -3.6526102e-03  -1.0393785e-03   1.9323113e-02
   7.7777599e-01  -3.6266647e-01  -1.0322880e+00  -3.7931100e-03  -1.0344221e-03   1.9286057e-02
   7.8248070e-01  -3.5764316e-01  -1.0161389e+00  -3.8654979e-03  -9.8793717e-04   1.9494373e-02
   7.9934327e-01  -3.9408416e-01  -1.0249869e+00  -3.5156472e-03  -5.1334134e-04   1.9861244e-02
   7.9536750e-01  -3.7506442e-01  -1.0207764e+00  -3.6283538e-03  -7.9255951e-04   1.9994463e-02
   7.9489384e-01  -3.5414402e-01  -1.0214710e+00  -3.5301700e-03  -8.5490111e-04   1.9889372e-02
   8.1125045e-01  -3.6138852e-01  -1.0200183e+00  -2.7491483e-03  -7.0110608e-04   1.9959731e-02
   8.3734845e-01  -4.4404949e-01  -1.0171584e+00  -3.1390160e-03  -6.5442361e-04   2.0462145e-02
   8.2957854e-01  -3.0656568e-01  -1.0031739e+00  -3.1403038e-03  -6.9060365e-04   2.0312473e-02
   8.4893219e-01  -4.0863843e-01  -1.0318744e+00  -2.4344766e-03  -3.9077442e-04   2.0343863e-02
   1.0122640e+00  -5.3779497e-01  -1.4241209e+00   2.4043774e-03   5.7904919e-04   1.9469723e-02
   1.0048750e+00  -1.2679343e+00  -2.2866713e+00  -6.3954989e-03  -6.1523480e-04   1.6811900e-02
   9.0487226e-01  -5.8881369e-01  -1.8649635e+00  -5.5958953e-03  -1.3360904e-03   1.7407549e-02
   8.9710276e-01  -6.4081722e-01  -1.8331256e+00  -5.7744667e-03  -2.7331191e-03   1.7810824e-02
   9.0881071e-01  -6.6878982e-01  -1.8247748e+00  -5.6790256e-03  -2.6289647e-03   1.8298896e-02
   8.8504422e-01  -6.6589372e-01  -1.7971094e+00  -6.2380837e-03  -2.6206132e-03   1.8199833e-02
   8.7303170e-01  -6.6063074e-01  -1.8040685e+00  -7.1629859e-03  -2.3661809e-03   1.8091076e-02
   8.5970660e-01  -5.7232074e-01  -1.8492201e+00  -7.7955447e-03  -1.9154869e-03   1.7982448e-02
   8.7703934e-01  -5.3507650e-01  -1.8891172e+00  -7.1871716e-03  -1.4828481e-03   1.8429818e-02
   9.0794942e-01  -6.2246019e-01  -1.8857413e+00  -7.4257248e-03  -3.2707412e-04   1.9507779e-02
   9.0596968e-01  -5.8749163e-01  -1.8626463e+00  -7.7775971e-03   5.6699848e-04   1.9534054e-02
   9.0008986e-01  -5.6346753e-01  -1.8785769e+00  -7.7302682e-03   7.3768620e-04   1.9536179e-02
   8.9502934e-01  -5.5639271e-01  -1.8889466e+00  -7.6485137e-03   8.0924914e-04   1.9337570e-02
   9.2232954e-01  -6.2982557e-01  -1.9211408e+00  -5.7528647e-03   1.4680520e-03   2.0252004e-02
   8.2487166e-01  -4.1960928e-01  -1.9147661e+00  -8.9871677e-03   2.1175423e-03   1.8210924e-02
   8.5127938e-01  -5.3969968e-01  -1.8936547e+00  -7.1575680e-03   2.8865097e-03   1.8248599e-02
   8.1821283e-01  -4.8648391e-01  -1.8411628e+00  -7.5194241e-03   3.7364237e-03   1.7807467e-02
   8.1358059e-01  -4.9532511e-01  -1.8544706e+00  -7.9336833e-03   3.1491021e-03   1.7949221e-02
   8.0366838e-01  -4.5918339e-01  -1.8906581e+00  -7.7830470e-03   3.1043808e-03   1.7970086e-02
   8.0598953e-01  -4.5201057e-01  -1.9125116e+00  -7.5550408e-03   3.5506180e-03   1.8174420e-02
   8.0762109e-01  -4.2249026e-01  -1.8964864e+00  -7.3321451e-03   3.5572080e-03   1.8330179e-02
   8.0459343e-01  -4.8383608e-01  -1.8799581e+00  -7.6108577e-03   3.3552561e-03   1.8304561e-02
   7.9806327e-01  -4.2708745e-01  -1.8664074e+00  -7.4094503e-03   3.3580717e-03   1.8284772e-02
   7.9321114e-01  -4.6848230e-01  -1.8626808e+00  -7.4959817e-03   3.3811353e-03   1.7998721e-02
