   0.0000000e+00   0.0000000e+00  -7.1054274e-15   0.0000000e+00   0.0000000e+00   0.0000000e+00
   1.7407974e-02   3.6067280e-02   2.8664920e-02   4.0459700e-04   1.0058301e-04   2.1950424e-04
   3.1343196e-02   2.3057872e-02   3.3772392e-02   1.5676772e-04   4.9726554e-06   4.5241891e-04
   3.9532538e-02  -1.4144343e-02   3.4414227e-02   3.7230342e-04   1.4384305e-04   6.2214765e-04
   5.5697969e-02  -7.8386131e-03   1.6923139e-02   5.5091668e-04  -5.8581191e-05   8.3063527e-04
   6.0970491e-02  -3.1218476e-02  -1.6942707e-02   5.0702792e-04   9.7965829e-05   1.0752553e-03
   5.5129026e-02   3.8519858e-03   5.4122020e-03   1.9021984e-04   3.2153732e-04   8.1725465e-04
   6.7687041e-02  -1.9339321e-02  -7.9567698e-03   1.6839601e-04   2.3633837e-04   1.0942868e-03
   7.4685181e-02  -1.6919823e-02  -3.8359945e-03   3.7801826e-04   3.5313967e-04   1.2520370e-03
   8.1807343e-02  -1.7281783e-02  -6.8740568e-03   5.4554727e-04   5.0821697e-04   1.3743236e-03
   8.6727621e-02  -1.9496797e-02  -2.5463036e-02   7.2042376e-04   4.9786795e-04   1.5016576e-03
   9.1096385e-02  -2.0419357e-02  -3.9083682e-02   8.3432635e-04   4.5498425e-04   1.5753796e-03
   9.8220273e-02  -1.3561947e-02  -3.5907426e-02   9.9428681e-04   5.5399720e-04   1.7841205e-03
   1.0107435e-01   4.6641257e-02  -7.9063387e-03   7.0372422e-04   7.2189443e-04   1.7809750e-03
   1.1875999e-01  -8.1843735e-02  -4.0307658e-02   9.0002631e-04   6.1285020e-04   1.9700509e-03
   1.1074805e-01   3.0739825e-02  -2.2847104e-02   8.8095269e-04   3.7445130e-04   1.8077598e-03
   1.3956180e-01  -4.4472044e-02  -6.9385798e-02   1.6359156e-03  -1.5131141e-05   2.2075844e-03
   1.5581499e-01  -7.4793784e-02  -9.6202697e-02   1.8708813e-03  -1.3834374e-04   2.5441253e-03
   1.6482449e-01  -5.8298817e-02  -9.1257240e-02   1.9781754e-03   2.2144858e-05   2.7850437e-03
   1.6543534e-01  -1.7204348e-02  -8.1741762e-02   1.5939823e-03   2.0208675e-04   2.8675082e-03
   1.6035281e-01   6.1818627e-02  -6.9509790e-02   1.0384285e-03   6.5984732e-04   2.9802746e-03
   1.7327560e-01  -9.4858094e-02  -1.0203885e-01   1.9164938e-03   5.1034974e-06   3.0527398e-03
   1.6465329e-01   2.3451183e-02  -4.8838025e-02   1.3178845e-03   3.1516563e-04   2.8445526e-03
   1.7600876e-01  -3.1777423e-02  -3.9826790e-02   1.1932661e-03   3.6377571e-04   3.1278428e-03
   1.8844261e-01  -5.7091348e-02  -2.4345028e-02   1.5736061e-03   1.2568256e-04   3.2843617e-03
   1.8987102e-01  -3.3331262e-02  -1.9844357e-02   1.6023033e-03   2.2156051e-04   3.2991567e-03
   1.8915082e-01   3.2579945e-02  -1.7178584e-02   1.1233519e-03   3.7295528e-04   3.3014771e-03
   1.9479027e-01   3.5102063e-02  -3.6013338e-02   1.1791751e-03   2.5671248e-04   3.4562757e-03
   1.8456581e-01  -4.7195126e-02  -7.5792672e-02   1.2249136e-03  -7.1839899e-05   3.1607586e-03
   1.9313412e-01   3.9660643e-02  -3.7231448e-02   1.0968363e-03  -3.1432081e-05   3.3956628e-03
   1.8703639e-01  -3.4005165e-02   1.5600679e-02   9.3513181e-04  -5.4590219e-05   3.2654005e-03
   1.9363942e-01   3.5828991e-02  -1.1853313e-02   6.9664673e-04   1.5719231e-04   3.4642735e-03
   2.1048007e-01   3.3365526e-03  -3.7648678e-03   7.8306154e-04   2.8725178e-04   3.6875157e-03
   2.1254207e-01   9.3863485e-03  -1.2110970e-02   7.8217134e-04   5.2155078e-04   3.7829140e-03
   2.1969002e-01  -5.8460722e-02  -2.9248587e-02   1.4482057e-03   2.3277607e-04   3.9513436e-03
   2.1835884e-01   9.3515567e-03  -1.5331184e-02   9.4627569e-04   3.7371417e-04   3.9601155e-03
   2.2038330e-01   2.4722780e-04  -1.6557337e-02   1.0976115e-03   4.0067704e-04   3.9526614e-03
   2.2898207e-01   7.9148538e-03  -1.3541018e-02   1.1479755e-03   3.4685876e-04   3.9032248e-03
   2.2976242e-01   2.5657286e-02  -5.5997338e-03   1.1028340e-03   4.6912063e-04   4.0172244e-03
   2.3607040e-01  -1.0327780e-02  -2.2704405e-02   1.3621703e-03   3.5988418e-04   4.0615880e-03
   2.3177829e-01   1.1727733e-01  -1.7823393e-02   6.8993916e-04   1.1380898e-03   4.1639032e-03
   2.3136099e-01  -9.0686147e-02  -3.3331216e-02   1.2599945e-03   3.1688073e-04   4.0944134e-03
   2.1199149e-01   1.5633649e-02  -3.0563898e-02   1.0072176e-03   3.6787944e-04   3.7671590e-03
   2.2130307e-01   3.7868983e-03  -1.8210221e-02   1.1653029e-03   1.6353742e-04   4.0146244e-03
   2.1169983e-01   1.6228350e-02  -2.8725002e-02   1.2615173e-03   1.1924730e-04   3.9001286e-03
   2.2898092e-01   2.7253809e-02  -1.2830986e-02   1.2023862e-03   7.3791807e-05   4.1206385e-03
   2.2246563e-01  -3.1461944e-02  -3.8276983e-02   1.1576656e-03   8.6592494e-05   4.1088990e-03
   2.2762793e-01   1.6367939e-02  -3.1423372e-02   1.3354743e-03   1.0220973e-05   4.1550211e-03
   2.2907496e-01   1.4320794e-02  -2.5150210e-02   1.3541789e-03   1.6090311e-04   4.2649943e-03
   2.3474349e-01   5.1045826e-03  -1.4849776e-02   1.5014098e-03   3.6717071e-05   4.2963904e-03
   2.2542781e-01   4.3344414e-02  -4.9519445e-03   1.4266162e-03  -1.6249793e-05   4.1770068e-03
   2.2015180e-01   8.2938688e-02  -1.9523286e-02   1.0358854e-03   5.2109875e-04   4.1858841e-03
   2.1528451e-01  -7.5484842e-03  -2.9084743e-03   9.5204431e-04   2.8481745e-04   4.0849816e-03
   2.0727864e-01  -7.8980739e-03  -2.8129642e-04   8.8025136e-04   3.0197045e-05   3.9596779e-03
   2.0140343e-01   4.2585952e-02   3.0961757e-02   9.9289064e-04  -2.5562260e-04   3.9453942e-03
   2.0048448e-01  -4.5293114e-03   1.6135719e-02   1.3525612e-03  -2.8018094e-04   4.0241641e-03
   1.7863615e-01   4.2542946e-02   3.2047186e-02   1.3897431e-03  -4.5332666e-04   3.6640957e-03
   1.9332363e-01   1.0879335e-02   4.5149381e-02   6.9612340e-04  -7.2323003e-04   3.9043697e-03
   2.0015245e-01  -2.3692851e-02   2.9407681e-02   5.4501266e-04  -5.7794753e-04   3.9631037e-03
   2.0075524e-01   2.4755809e-02   4.3084596e-02   6.6227792e-04  -5.6639231e-04   4.0330838e-03
   1.9576169e-01   2.1779364e-02   4.9042533e-02   6.9941667e-04  -4.7399518e-04   3.8517173e-03
   2.0973312e-01   2.1197766e-02   4.6123788e-02   6.7666121e-04  -2.3254877e-04   4.0553473e-03
   2.1367437e-01   3.0089942e-02   5.8002044e-02   7.7940328e-04  -2.9738817e-04   4.3551610e-03
   2.1737529e-01   9.4986667e-02   5.0877172e-02   5.8827010e-04  -4.2484753e-04   4.4272540e-03
   2.1692559e-01   5.3080387e-02   5.3220018e-02   5.2960605e-04  -2.3596229e-04   4.2450609e-03
   2.2421755e-01   4.7816464e-02   4.2425453e-02   4.9761106e-04  -2.5408180e-04   4.3300690e-03
   2.3136365e-01   1.5242994e-02   2.2219343e-02   5.1973656e-04  -1.6365037e-04   4.5681177e-03
   2.2636762e-01   1.4528023e-02   2.8948407e-02   7.8382985e-04  -3.8090428e-04   4.5568499e-03
   2.2862218e-01   4.7560699e-02   8.6427816e-03   9.7718072e-04  -4.0510588e-04   4.4472492e-03
   2.5186229e-01   1.8602808e-02   6.0420042e-03   1.2650791e-03  -2.8009709e-04   4.7290907e-03
   2.4991538e-01   4.5451419e-02   2.3515158e-02   1.1775492e-03  -5.9392682e-05   4.7474656e-03
   2.5467592e-01   1.0544286e-02   1.3323581e-02   1.0219522e-03  -1.8408279e-04   4.7289319e-03
   2.5498760e-01   4.8801698e-02  -5.9048097e-03   1.1164132e-03  -1.9009193e-04   4.8076002e-03
   2.5868657e-01   1.7316888e-02  -2.7446702e-02   1.5160531e-03  -1.2535167e-04   4.9451722e-03
   2.6041696e-01   3.6392324e-02  -2.4808327e-02   1.5082233e-03  -9.3383128e-05   4.9763333e-03
   2.5754991e-01   1.5374646e-02  -5.0530846e-02   1.7182372e-03  -8.7727317e-05   5.0283298e-03
   2.5974347e-01   1.6102275e-02  -6.3974083e-02   2.2903089e-03  -2.3363918e-04   5.0678371e-03
   2.6143166e-01   2.3461553e-02  -7.1637813e-02   2.3860460e-03  -3.0270637e-04   5.0579483e-03
   2.4958396e-01   3.4282248e-02  -7.1533007e-02   2.4720538e-03  -1.7737663e-04   5.0240776e-03
   2.5166301e-01  -5.1776730e-02  -1.0583262e-01   3.2606993e-03  -6.0411171e-04   5.0193752e-03
   2.6166939e-01  -1.5453714e-02  -4.0496325e-03   2.1918431e-03  -1.1048132e-03   5.0327564e-03
   2.5743650e-01  -4.9098246e-02  -2.7210813e-02   1.9849684e-03  -9.6719932e-04   4.8528644e-03
   2.7019967e-01   2.2600008e-02   7.3078659e-03   1.9369267e-03  -9.1956857e-04   5.1025666e-03
   2.6611908e-01  -8.6768007e-03   4.1315032e-03   1.6838127e-03  -7.6321594e-04   5.1641011e-03
   2.8600394e-01  -1.0376325e-02  -6.8780179e-03   1.5854770e-03  -8.2591354e-04   5.4965572e-03
   2.9484144e-01  -2.2191775e-03  -1.8699170e-02   1.6399868e-03  -7.8817997e-04   5.6454902e-03
   3.0221264e-01  -1.4244679e-02  -4.8945180e-02   1.8261983e-03  -8.1598584e-04   5.6509189e-03
   3.1063990e-01   1.7713682e-02  -4.1691242e-02   1.9546087e-03  -7.3444724e-04   5.7335786e-03
   3.2816990e-01  -6.9437409e-04  -6.1253598e-02   2.0043321e-03  -8.6410044e-04   5.9395617e-03
   3.2500285e-01   1.7873733e-02  -5.6658481e-02   2.1323008e-03  -7.8945500e-04   6.0109312e-03
   3.2162364e-01  -9.2325996e-03  -5.1702680e-02   2.1549856e-03  -8.8126359e-04   5.9206643e-03
   3.2520596e-01  -1.1070768e-02  -4.3569052e-02   2.1261465e-03  -8.7648757e-04   5.8738618e-03
   3.1961165e-01   1.1897827e-02  -4.8836382e-02   1.9609772e-03  -1.0466108e-03   5.8603225e-03
   3.1822905e-01  -2.2525976e-02  -6.4925131e-02   2.0537698e-03  -9.4434560e-04   5.7934257e-03
   3.0714393e-01  -1.9994834e-02  -5.0914248e-02   1.9533212e-03  -1.1980400e-03   5.6167738e-03
   3.0782460e-01  -4.1269313e-03  -5.0568290e-02   1.7002755e-03  -1.5637612e-03   5.6113727e-03
   3.1899437e-01  -5.6975345e-02  -5.2388675e-02   1.7901770e-03  -1.8056921e-03   5.8278895e-03
   3.2904135e-01   1.9749856e-02  -4.1376240e-02   1.5909485e-03  -1.6331236e-03   5.9853540e-03
   3.3072805e-01   2.2518471e-03  -2.7591157e-02   1.4406830e-03  -1.7779094e-03   6.0959394e-03
   3.3336995e-01  -2.8574055e-02  -7.7379799e-02   1.5221560e-03  -2.0996459e-03   6.0968623e-03
   3.3569146e-01   1.5525232e-02  -6.5311831e-02   1.4535028e-03  -1.9859762e-03   5.9509788e-03
   3.3916569e-01   1.5146662e-02  -4.7540255e-02   1.4014771e-03  -1.9003222e-03   5.9714309e-03
   3.3491689e-01   4.5878362e-02  -3.6084645e-02   1.2515418e-03  -1.7838304e-03   6.0112839e-03
   3.4569966e-01  -1.6713318e-02  -5.3760373e-02   1.4971576e-03  -1.8671438e-03   6.1168360e-03
   3.5143821e-01   1.3031242e-02  -5.1918048e-02   1.5230652e-03  -1.9224409e-03   6.1676834e-03
   3.4847290e-01   4.0706459e-02  -3.4370662e-02   1.6478185e-03  -1.9585240e-03   6.0854605e-03
   3.5754266e-01   2.0860910e-02  -3.7963042e-02   1.3485548e-03  -2.1824313e-03   6.2218131e-03
   3.4879774e-01  -1.1980319e-03  -4.6347579e-02   1.3273465e-03  -2.2041789e-03   6.0630604e-03
   3.3956945e-01   6.2641294e-02  -2.0986786e-02   1.1127115e-03  -2.0290871e-03   5.9185553e-03
   3.4122738e-01  -1.6805650e-02  -2.2109434e-02   7.8945997e-04  -1.8518582e-03   5.8914915e-03
   3.4750626e-01  -3.2944929e-02  -2.1733868e-02   9.1777831e-04  -2.0523727e-03   6.0003346e-03
   3.4697912e-01  -1.3024802e-02  -3.4711321e-02   1.1030537e-03  -1.9963278e-03   6.0772327e-03
   3.3408319e-01  -1.5921701e-02  -5.4005512e-02   1.2438540e-03  -1.8602658e-03   6.0412230e-03
   3.2885837e-01  -4.4610118e-02  -6.7875776e-02   1.6652043e-03  -1.9130175e-03   5.9328634e-03
   3.1627446e-01   7.5691805e-02  -3.3141568e-02   1.6612660e-03  -2.0219012e-03   5.9845486e-03
   3.1262456e-01  -2.7017787e-02  -8.3526643e-02   2.2379532e-03  -2.2656002e-03   5.8163729e-03
   3.3434689e-01  -2.7141181e-02  -5.8528935e-02   2.1079279e-03  -2.1362065e-03   6.1102137e-03
   3.3486085e-01  -1.2474095e-02  -5.9485687e-02   2.0219860e-03  -2.2307972e-03   6.0614518e-03
   3.2662749e-01   6.6367547e-03  -6.2723889e-02   2.0351400e-03  -2.2319490e-03   5.9759730e-03
   3.2385824e-01   3.5990873e-02  -4.2311337e-02   1.7898970e-03  -2.4415870e-03   5.9429444e-03
   3.2513411e-01   1.6280288e-02  -5.3384319e-02   1.9804446e-03  -2.5457787e-03   5.9146460e-03
   3.4664960e-01   2.1499942e-02  -6.8853552e-02   1.7218646e-03  -2.5051018e-03   6.2018241e-03
   3.5739864e-01   2.2290644e-02  -7.8059460e-02   1.5196086e-03  -2.2297804e-03   6.4884778e-03
   3.6662090e-01  -5.4558962e-03  -7.8950929e-02   1.5808679e-03  -2.1808922e-03   6.5306558e-03
   3.7542485e-01  -7.9792532e-03  -9.5769926e-02   1.6540589e-03  -1.9857659e-03   6.7928480e-03
   3.8400636e-01   4.3309586e-02  -5.8392365e-02   1.4961887e-03  -2.2176932e-03   6.8033255e-03
   3.8609003e-01  -4.7448456e-02  -9.5958343e-02   1.7629864e-03  -2.2816648e-03   6.9752143e-03
   3.9227132e-01  -3.2686289e-03  -8.9077661e-02   1.9848562e-03  -2.2705290e-03   7.0317896e-03
   4.0145898e-01   1.7224884e-02  -9.2242804e-02   1.8676627e-03  -2.0944361e-03   7.1392134e-03
   4.0468273e-01   3.1495633e-03  -1.0315139e-01   1.9443887e-03  -2.2905018e-03   7.1970495e-03
   3.9638930e-01   3.2207517e-02  -8.8968811e-02   2.0467263e-03  -2.2349220e-03   7.1231010e-03
   3.9883810e-01   4.9676344e-02  -9.6777798e-02   2.1545962e-03  -2.2948261e-03   7.1807875e-03
   4.0685497e-01   3.8433982e-02  -1.1019783e-01   2.4856300e-03  -2.2446735e-03   7.3821184e-03
   4.1459625e-01   4.7720224e-02  -1.0570167e-01   2.0545127e-03  -2.3884650e-03   7.3059960e-03
   4.1206551e-01   6.4319699e-02  -7.7142350e-02   2.0478353e-03  -2.2520213e-03   7.3181005e-03
   4.3951117e-01  -5.8118576e-03  -1.1416537e-01   1.9675908e-03  -2.3967947e-03   7.6804304e-03
   4.3775489e-01   3.1934241e-02  -1.0891485e-01   1.8476185e-03  -2.3501085e-03   7.6915562e-03
   4.2920968e-01   8.4285476e-03  -1.2651615e-01   1.7851921e-03  -2.3139358e-03   7.6356214e-03
   4.3294641e-01   3.1768631e-02  -1.2438331e-01   2.1409343e-03  -2.5824434e-03   7.6787009e-03
   4.3821543e-01   3.4606185e-02  -1.1458083e-01   2.1924411e-03  -2.4669722e-03   7.7681492e-03
   4.3968735e-01   4.5311083e-02  -1.1881473e-01   2.2475218e-03  -2.3443734e-03   7.8088404e-03
   4.4098771e-01   2.4070800e-02  -1.4923698e-01   2.0942923e-03  -2.3034185e-03   7.9030937e-03
   4.4210622e-01   2.0740567e-02  -1.6177656e-01   2.2238498e-03  -2.3520486e-03   7.8408493e-03
   4.3272243e-01   4.7768145e-02  -1.4828641e-01   2.2849464e-03  -2.3222167e-03   7.7056066e-03
   4.0877665e-01   4.6636292e-03  -1.2284825e-01   2.6462496e-03  -2.7234848e-03   7.2782016e-03
   4.0597019e-01   1.2497203e-01  -1.2756119e-01   2.2641421e-03  -2.3836077e-03   7.2598454e-03
   4.2371801e-01   4.2310910e-02  -1.5167854e-01   2.4796727e-03  -2.2412825e-03   7.4365894e-03
   4.2648353e-01   3.1204064e-02  -1.5023307e-01   2.3263114e-03  -2.2274034e-03   7.4649623e-03
   4.5879595e-01   7.2040401e-02  -1.5549301e-01   2.1989932e-03  -2.5104889e-03   7.9008371e-03
   4.6667022e-01   7.8729361e-02  -1.5567488e-01   2.0103548e-03  -2.3691367e-03   8.0825329e-03
   4.7619650e-01   5.8244514e-02  -1.9757416e-01   2.1480694e-03  -2.4363559e-03   8.2884492e-03
   4.7701399e-01   6.6623499e-02  -1.9228533e-01   2.3564534e-03  -2.3388080e-03   8.2089330e-03
   4.8385404e-01   5.4842612e-02  -1.8946763e-01   2.3641995e-03  -2.2987681e-03   8.3873809e-03
   4.9214392e-01   4.8584964e-02  -1.8615443e-01   2.4628939e-03  -2.0991679e-03   8.5097065e-03
   4.9830408e-01   5.4329342e-02  -1.9674936e-01   2.5349305e-03  -2.0978942e-03   8.7206621e-03
   5.0545328e-01   5.1637019e-02  -1.9687719e-01   2.6159189e-03  -1.9980838e-03   8.7411347e-03
   5.0164397e-01   7.2340704e-02  -1.9296218e-01   2.7192105e-03  -2.2892321e-03   8.6425787e-03
   4.9187858e-01   7.9452710e-02  -1.9355750e-01   2.7948237e-03  -2.0133614e-03   8.5706821e-03
   4.6341033e-01   8.4989484e-02  -2.2537441e-01   3.3380284e-03  -1.9172544e-03   8.2156116e-03
   4.6881488e-01   1.0917913e-01  -1.9729903e-01   3.0457432e-03  -2.1864787e-03   8.3998241e-03
   4.7319957e-01   3.3376681e-02  -2.2164074e-01   3.0187512e-03  -2.5059397e-03   8.3574264e-03
   4.9712975e-01   5.3912112e-02  -2.1044895e-01   2.7787153e-03  -2.4222894e-03   8.6327815e-03
   5.1119862e-01   6.0190095e-02  -2.2968220e-01   2.6701147e-03  -2.3278537e-03   8.8152678e-03
   4.9984022e-01   8.0505802e-02  -2.5346965e-01   2.5289267e-03  -2.2800595e-03   8.8209745e-03
   4.9912739e-01   9.3380284e-02  -2.7796784e-01   3.5825144e-03  -2.3771678e-03   8.8256914e-03
   4.9901010e-01   8.9722415e-02  -2.4359124e-01   2.7867347e-03  -2.4143461e-03   8.8062387e-03
   5.0805113e-01   9.8787292e-02  -2.5160530e-01   2.8423351e-03  -2.3642394e-03   8.7930732e-03
   5.0998794e-01   7.3849316e-02  -2.5955281e-01   2.7088541e-03  -2.3509830e-03   8.8544479e-03
   5.1828941e-01   6.3714554e-02  -2.6699599e-01   2.6480035e-03  -2.3046163e-03   8.9082711e-03
   5.2731109e-01   1.1074069e-01  -2.7819220e-01   2.7384893e-03  -2.2369547e-03   8.9500296e-03
   5.2478567e-01   8.8802958e-02  -2.8298758e-01   2.8922038e-03  -2.1566069e-03   9.2214481e-03
   4.9462908e-01   1.1361482e-01  -2.2440015e-01   2.2854314e-03  -2.0892365e-03   8.5324456e-03
   4.9959696e-01   6.1257833e-02  -2.1109523e-01   2.2095029e-03  -2.2714802e-03   8.5962953e-03
   4.9800968e-01   6.7329769e-02  -2.1722318e-01   2.0825866e-03  -2.2175231e-03   8.6994899e-03
   5.0906789e-01   4.3467109e-02  -2.1672763e-01   2.0579685e-03  -2.4072923e-03   8.8468569e-03
   5.1220018e-01   7.1835334e-02  -2.4137250e-01   2.3582420e-03  -2.7217809e-03   8.9297805e-03
   5.2514256e-01   5.1933942e-02  -2.4975069e-01   2.7131717e-03  -2.5428853e-03   9.0094850e-03
   5.3359281e-01   7.1934973e-02  -2.4524250e-01   2.4384808e-03  -2.3990863e-03   9.0581972e-03
   5.4525241e-01   6.5083754e-02  -2.5604662e-01   2.5468940e-03  -2.3911531e-03   9.1540369e-03
   5.4873497e-01   9.2746704e-02  -2.5775617e-01   2.5115541e-03  -2.3489966e-03   9.2322712e-03
   5.6170322e-01   7.7071311e-02  -2.6992644e-01   2.5670638e-03  -2.5267464e-03   9.2525770e-03
   5.5099648e-01   1.0943453e-01  -2.5865300e-01   2.3984003e-03  -2.5142322e-03   9.0342919e-03
   5.6107695e-01   6.5311018e-02  -2.5273068e-01   2.5990865e-03  -2.6434268e-03   9.1071655e-03
   5.5864468e-01   9.8725194e-02  -2.3676469e-01   2.4783831e-03  -2.6999307e-03   8.9697502e-03
   5.6630878e-01   6.2184562e-02  -2.8550015e-01   3.0054731e-03  -2.9030534e-03   8.9085428e-03
   5.9752343e-01   1.4510009e-01  -2.4130226e-01   2.2997028e-03  -3.3181292e-03   9.7388708e-03
   6.0164573e-01   7.7825772e-02  -2.6342354e-01   2.5513710e-03  -3.3629404e-03   9.7756908e-03
   6.1588270e-01   7.5749608e-02  -2.5925993e-01   2.8975967e-03  -3.1486520e-03   1.0035106e-02
   6.1494243e-01   1.0085682e-01  -2.5444622e-01   2.7044835e-03  -3.0636515e-03   9.9751966e-03
   6.1963658e-01   8.0084106e-02  -2.5004954e-01   2.5487386e-03  -2.9786120e-03   1.0012500e-02
   6.1674311e-01   1.2625591e-01  -2.5678970e-01   2.3102384e-03  -2.8060057e-03   9.9228768e-03
   6.2490013e-01   9.1871917e-02  -2.5716417e-01   2.3905409e-03  -2.9341494e-03   9.8862196e-03
   6.3423565e-01   8.6091368e-02  -2.5300298e-01   2.6282043e-03  -2.7449693e-03   1.0104401e-02
   6.4570498e-01   1.3402629e-01  -2.4856685e-01   2.5076938e-03  -2.5030059e-03   1.0235344e-02
   6.4818541e-01   6.0261548e-02  -2.7129259e-01   2.8482758e-03  -2.3092917e-03   1.0258932e-02
   6.4082673e-01   8.8013475e-02  -2.5682696e-01   2.5806288e-03  -2.2008748e-03   1.0234763e-02
   6.2996853e-01   1.5646355e-01  -2.2994330e-01   2.4193316e-03  -2.1381651e-03   1.0226313e-02
   6.4374967e-01   5.7191701e-02  -2.3993948e-01   2.5515505e-03  -2.3660570e-03   1.0251975e-02
   6.5779357e-01   8.2796426e-02  -2.2785460e-01   2.6786424e-03  -2.4444081e-03   1.0441881e-02
   6.6001386e-01   8.0151063e-02  -2.3093108e-01   2.8445991e-03  -2.3297984e-03   1.0529757e-02
   6.5741836e-01   1.3266928e-01  -1.7597223e-01   2.1310199e-03  -2.2575191e-03   1.0432543e-02
   6.8346101e-01   4.9558843e-02  -2.1779027e-01   1.9643702e-03  -2.5253279e-03   1.0926269e-02
   7.0515686e-01   5.5851255e-02  -2.3819922e-01   2.3643588e-03  -2.4221508e-03   1.1280450e-02
   7.0917110e-01   8.6087467e-02  -2.2611939e-01   2.3478635e-03  -2.4668089e-03   1.1308449e-02
   7.0813881e-01   1.0442759e-01  -2.0139651e-01   2.2695260e-03  -2.1816510e-03   1.1394155e-02
   7.1389232e-01   1.0867561e-01  -2.1184910e-01   2.2285287e-03  -2.1819679e-03   1.1424889e-02
   7.2056583e-01   1.0787590e-01  -2.1979378e-01   2.4194084e-03  -2.1521616e-03   1.1545600e-02
   7.3525250e-01   9.5912798e-02  -2.1846704e-01   2.1983124e-03  -2.0806478e-03   1.1607503e-02
   7.2477200e-01   7.4371099e-02  -2.3552133e-01   2.2642938e-03  -2.0326993e-03   1.1332785e-02
   7.1818508e-01   5.1794511e-02  -2.3213481e-01   3.0002705e-03  -2.2983149e-03   1.1470628e-02
