   0.0000000e+00   0.0000000e+00   0.0000000e+00   0.0000000e+00   0.0000000e+00   0.0000000e+00
   7.1727746e-03   9.7239974e-03   4.6414041e-02  -5.7495459e-04   7.4491412e-05  -6.3498024e-05
   5.5733486e-04   1.3608962e-02   9.4320113e-02  -1.3825149e-03   2.8122284e-04  -1.3988747e-04
   9.6916696e-03   3.6016127e-02   1.0313374e-01  -2.0814462e-03   6.0774223e-04   3.2446040e-04
   1.2880897e-02  -1.1124166e-02   6.5783009e-02  -2.0916640e-03   7.1283361e-04   2.5520909e-04
   2.3736054e-02  -6.0455047e-02   4.2084437e-02  -1.9056065e-03   6.0264379e-04   4.6642514e-04
   2.5148786e-02   1.9251850e-02   4.8981231e-02  -2.1420499e-03   5.8977438e-04   5.9703482e-04
   2.7858476e-02   2.8484419e-02   6.1351378e-02  -2.0224394e-03   4.1337751e-04   6.6281889e-04
   3.1220569e-02  -6.7356527e-03   4.8445350e-02  -2.2925895e-03   3.8616111e-04   6.7975304e-04
   2.6278104e-02   3.7483374e-02   4.6804842e-02  -2.6596659e-03   4.0377732e-04   6.7927515e-04
   4.4974225e-02  -1.1673962e-01   1.5619043e-02  -2.0571773e-03   2.7563583e-04   1.0412304e-03
   3.0843477e-02  -1.1129102e-02   1.9408953e-02  -2.1857669e-03   2.3406377e-04   9.6175798e-04
   2.3195527e-02   3.1777863e-03   4.0339055e-02  -2.1423497e-03   4.8289705e-04   8.1006259e-04
   1.3941466e-02   6.3151675e-02  -3.4085910e-02   2.3776482e-03   1.5133827e-04   6.2517362e-04
   3.1922336e-02   1.0053461e-01  -2.1627694e-02   9.5634255e-04   1.2806886e-05   8.7826991e-04
   6.5439795e-03  -8.8493481e-02   1.0715415e-01  -2.6171720e-03  -1.6262340e-03   7.1694558e-04
   2.9302940e-02   3.7273716e-02   1.0897097e-01  -2.4951332e-03  -1.1357969e-03   9.1050187e-04
   1.7232727e-02   5.4693114e-02   1.4464203e-01  -2.5314495e-03  -1.2696966e-03   8.0511008e-04
   1.3472541e-02  -4.4386928e-02   1.2517443e-01  -2.5246573e-03  -1.2703790e-03   4.9693195e-04
   3.2096740e-03  -4.1986323e-02   9.7196121e-02  -2.9738441e-03  -1.1633785e-03   2.7554421e-04
   1.2156603e-02   1.9307487e-02   1.0805309e-01  -3.0024186e-03  -6.8669813e-04   3.8594353e-04
   1.4094473e-02   2.3162056e-02   1.1792581e-01  -3.3436950e-03  -4.3464607e-04   4.4940499e-04
  -2.1666976e-03  -4.3987146e-02   1.0912463e-01  -3.3660595e-03  -4.6917307e-04   3.6951614e-05
  -3.3623385e-03  -7.0747648e-02   8.8194076e-02  -3.1418907e-03  -8.7634451e-04   1.3272736e-04
  -7.1899153e-03   4.3546598e-03   9.3900338e-02  -3.2567098e-03  -8.0663187e-04   3.8935781e-05
  -1.8199348e-02   1.5830917e-02   1.0279259e-01  -3.4499151e-03  -4.1015580e-04  -8.8207819e-05
  -1.9001962e-02   6.8837631e-03   1.0258697e-01  -3.6902053e-03  -1.8202798e-04  -7.7199109e-05
  -2.1719685e-02  -2.8655280e-02   9.5902489e-02  -3.9472806e-03  -4.1571794e-04  -1.8301855e-04
  -1.3029243e-02  -6.9541052e-02   1.2574893e-01  -4.1771892e-03  -6.2959013e-04  -1.0301701e-04
  -1.4316410e-02  -7.3627941e-05   1.3406860e-01  -4.5150318e-03  -4.5086593e-04  -1.7617290e-04
  -3.6796523e-03  -2.8350573e-02   1.4447625e-01  -4.2131361e-03  -4.9252247e-04   5.4280966e-05
   2.4226273e-02   5.3887358e-02   1.3823825e-01  -4.8309098e-03  -9.1227496e-04   7.0134001e-04
   4.7870333e-02  -1.7325973e-01   9.5347229e-02  -1.6389122e-03  -1.0568796e-03   1.1256510e-03
   3.0934386e-02   4.6258547e-02   1.1495212e-01  -3.3045010e-03  -1.7749336e-03   1.0101900e-03
   1.0449775e-02   2.3509389e-01  -1.6129681e-01   8.4522053e-03  -2.4895541e-03   1.0519008e-03
   1.6711252e-02   2.3425354e-01  -6.9979072e-02   7.2594556e-03  -2.2977117e-03   2.5176064e-03
   1.4814352e-02  -2.1211842e-02   9.9965454e-02   1.2294600e-03  -1.9922734e-03   2.3604254e-03
   1.0105846e-02  -5.7279387e-03   1.2793217e-01   3.8635641e-04  -2.1002895e-03   2.1468405e-03
   4.4658172e-03  -1.2179287e-02   1.5925167e-01  -1.0043074e-03  -1.7229018e-03   1.9468563e-03
   4.8691516e-03   1.3575459e-02   1.5809270e-01  -2.0347512e-03  -1.5496858e-03   1.9300310e-03
   6.9636643e-03   7.7092901e-03   1.5357888e-01  -2.0445577e-03  -1.6418847e-03   2.1125664e-03
   8.1461447e-03  -2.4357925e-02   1.8221514e-01  -2.5565559e-03  -1.8901223e-03   2.1796057e-03
  -5.3227029e-03  -2.2841485e-02   1.9788023e-01  -3.0856961e-03  -1.6452022e-03   1.6634272e-03
  -9.3680549e-03  -4.3254102e-02   2.3629215e-01  -4.1400746e-03  -1.6596814e-03   1.3099963e-03
  -4.6016643e-02  -5.2290350e-02   2.4086475e-01  -4.8352052e-03  -9.8805215e-04   4.2313894e-04
  -4.0088472e-02  -1.0835394e-01   2.3214030e-01  -5.0077308e-03  -1.1819835e-03   6.2206747e-04
  -4.6413214e-02  -5.3908927e-02   2.3549983e-01  -5.0811563e-03  -1.3697099e-03   4.3053915e-04
  -3.7738094e-02  -1.6967099e-02   2.4344767e-01  -6.3470110e-03  -1.1544410e-03   6.3804538e-04
  -2.3693750e-02  -1.0411691e-01   2.3343581e-01  -6.2421009e-03  -1.2201538e-03   1.0894598e-03
  -2.6639435e-02  -9.9811631e-02   2.8495608e-01  -6.8721179e-03  -1.2464239e-03   9.7716636e-04
  -3.1194369e-02  -1.0323028e-01   3.0062861e-01  -7.0697496e-03  -1.2542885e-03   8.0745521e-04
  -3.3516836e-02  -1.3918202e-01   3.2289320e-01  -7.3393463e-03  -9.6655859e-04   5.1820389e-04
  -4.3918768e-02  -1.1996773e-01   3.1865775e-01  -7.5832575e-03  -7.8780528e-04   4.4973591e-04
  -4.0019338e-02  -1.0197816e-01   3.1562506e-01  -7.5566059e-03  -6.8700092e-04   5.4662979e-04
  -5.0099879e-02  -7.3533298e-02   3.4065675e-01  -7.7329225e-03  -1.0237859e-03   6.7355006e-04
  -4.7366045e-02  -1.4442904e-01   3.5006293e-01  -7.6646225e-03  -1.0094070e-03   4.6123506e-04
  -3.0491068e-02  -8.4526443e-02   3.5030468e-01  -7.8859132e-03  -1.0174283e-03   7.2281599e-04
  -2.4384483e-02  -1.8665063e-01   3.5475196e-01  -8.2673402e-03  -8.3296338e-04   9.9255833e-04
  -3.3651743e-02  -1.9386237e-01   3.7339003e-01  -8.7021627e-03  -9.5700178e-04   7.4098448e-04
  -2.4390789e-02  -1.4843401e-01   3.7489850e-01  -8.6189318e-03  -9.5624247e-04   8.7987324e-04
  -2.7615640e-02  -1.9457085e-01   3.8100751e-01  -8.2964102e-03  -8.6893188e-04   7.4878610e-04
  -3.1027253e-02  -1.7498026e-01   4.0211015e-01  -8.1603713e-03  -7.9146404e-04   7.4499360e-04
  -4.2097758e-02  -1.4586323e-01   3.8288865e-01  -8.7537979e-03  -8.8660840e-04   5.4023896e-04
  -5.6875484e-02  -1.9141986e-01   3.8855524e-01  -9.3469711e-03  -7.3846238e-04   2.1343774e-04
  -6.2198019e-02  -1.8534775e-01   4.0971030e-01  -1.0272913e-02  -6.3665874e-04  -1.0821596e-04
  -6.0958334e-02  -1.5111733e-01   4.0839534e-01  -1.0391364e-02  -6.0525318e-04  -7.6035441e-05
  -7.0668576e-02  -1.3474549e-01   3.8185223e-01  -1.0338839e-02  -2.9501403e-04  -3.7913920e-05
  -6.6130888e-02  -2.4446622e-01   4.0234054e-01  -1.0224154e-02  -5.6704312e-04  -2.3634192e-04
  -8.2248755e-02  -1.9743127e-01   4.5326967e-01  -1.1024049e-02  -2.3462433e-04  -7.2957890e-04
  -8.3517593e-02  -1.7505843e-01   4.6832445e-01  -1.1705583e-02   2.0380357e-04  -8.5262211e-04
  -7.9942227e-02  -2.3781609e-01   4.7088483e-01  -1.2269598e-02   2.6047700e-04  -9.8158613e-04
  -8.1766596e-02  -2.2422787e-01   4.7536370e-01  -1.2580611e-02   5.1522011e-04  -1.0283354e-03
  -7.1858720e-02  -2.5138395e-01   4.8043869e-01  -1.2341214e-02   5.7966578e-04  -9.4754192e-04
  -6.8929696e-02  -2.0717005e-01   4.8211782e-01  -1.2438821e-02   5.5807991e-04  -6.7283465e-04
  -7.2712603e-02  -2.2222717e-01   4.9159507e-01  -1.2919432e-02   6.9302562e-04  -7.3467657e-04
  -7.1980883e-02  -2.3362721e-01   4.7284112e-01  -1.3345901e-02   1.0232819e-03  -6.3091205e-04
  -7.5443366e-02  -2.4668824e-01   4.6200726e-01  -1.3733908e-02   1.0257515e-03  -6.4481962e-04
  -7.5351276e-02  -2.6358757e-01   4.4285469e-01  -1.3652664e-02   7.7302387e-04  -6.3960362e-04
  -7.4713707e-02  -2.4276975e-01   4.7201717e-01  -1.4315653e-02   7.3828762e-04  -6.0135040e-04
  -7.9409779e-02  -9.7321033e-02   4.5635194e-01  -1.1827923e-02   6.9044051e-04  -5.5675480e-04
  -1.0371741e-01  -1.6768911e-01   5.3074943e-01  -1.2775332e-02   6.3021351e-04  -1.5606315e-03
  -1.2561384e-01  -1.4643280e-01   4.5608936e-01  -1.2735102e-02   1.0543640e-03  -1.5450476e-03
  -1.0008536e-01  -2.8791500e-01   5.2684828e-01  -1.2450341e-02   2.4343385e-04  -1.4288582e-03
  -1.3241857e-01   2.4514437e-01   4.6734564e-01  -9.3762051e-04   2.6778144e-03  -2.8231829e-03
  -1.2860380e-01  -4.9736484e-02   4.9838710e-01  -1.9166408e-03   3.2248006e-03  -3.5997395e-03
  -1.4631388e-01  -5.1973504e-02   4.6088646e-01  -5.4761713e-03   2.8009117e-03  -3.7780541e-03
  -1.3620363e-01   6.7964521e-02   5.6718768e-01  -6.2604051e-03   2.5320799e-03  -3.1797809e-03
  -1.4776734e-01  -1.4258315e-01   6.3854704e-01  -8.9721954e-03   2.2892254e-03  -3.7209321e-03
  -1.5993087e-01  -1.9888801e-01   6.5669441e-01  -9.9685391e-03   2.3063605e-03  -3.9858170e-03
  -1.6208260e-01  -1.3793608e-01   6.2568151e-01  -1.0875484e-02   2.5060251e-03  -4.1037694e-03
  -1.5487977e-01  -1.1556890e-01   6.5023581e-01  -1.1341328e-02   2.2996630e-03  -3.7204132e-03
  -1.5785498e-01  -1.7405642e-01   6.5269639e-01  -1.2132523e-02   2.1102693e-03  -3.5946927e-03
  -1.5740558e-01  -1.7467077e-01   6.2434814e-01  -1.1863573e-02   2.2666911e-03  -3.5660138e-03
  -1.7717716e-01  -1.1174769e-01   6.1074739e-01  -1.1732640e-02   3.1030759e-03  -3.8630756e-03
  -1.5811298e-01  -1.2465303e-01   5.6178831e-01  -1.1944345e-02   2.7456547e-03  -3.6807045e-03
  -1.6429158e-01  -1.5348358e-01   5.5050700e-01  -1.2025373e-02   3.0087130e-03  -3.8229168e-03
  -1.6476857e-01  -1.6823912e-01   5.6497389e-01  -1.1682298e-02   2.8418948e-03  -3.9774080e-03
  -1.5670910e-01  -1.6604723e-01   5.4925876e-01  -1.2013838e-02   2.6877321e-03  -3.8514381e-03
  -1.4921294e-01  -1.6186701e-01   5.1148775e-01  -1.1810755e-02   2.8426257e-03  -3.8475478e-03
  -1.4240920e-01  -1.7281966e-01   4.8807520e-01  -1.1701972e-02   3.1643646e-03  -3.5754297e-03
  -1.5455970e-01  -1.5546708e-01   4.7606208e-01  -1.1685785e-02   3.0492444e-03  -3.7008985e-03
  -1.6537891e-01  -1.9041665e-01   4.7318888e-01  -1.1772065e-02   2.9935070e-03  -3.9171550e-03
  -1.6649916e-01  -1.7838364e-01   4.7260520e-01  -1.1989587e-02   3.3370909e-03  -3.8341418e-03
  -1.7536650e-01  -1.9696063e-01   4.8078088e-01  -1.1994188e-02   3.6088454e-03  -3.9171043e-03
  -1.8118930e-01  -2.2384089e-01   4.6462553e-01  -1.2192747e-02   3.5853990e-03  -3.9535080e-03
  -1.7268019e-01  -2.5173941e-01   4.2940879e-01  -1.2273011e-02   3.2790253e-03  -3.5611556e-03
  -1.5685702e-01  -1.8949237e-01   4.6961364e-01  -1.3033023e-02   2.7293377e-03  -2.7089008e-03
  -1.6113603e-01  -2.3638952e-01   4.8784916e-01  -1.3206332e-02   2.8540114e-03  -2.8719676e-03
  -1.4322276e-01  -2.3297731e-01   4.8709777e-01  -1.3370581e-02   2.7338308e-03  -2.7031991e-03
  -1.4908462e-01  -2.5406831e-01   5.0377478e-01  -1.3546269e-02   2.7419051e-03  -2.8599576e-03
  -1.6635997e-01  -2.9159432e-01   5.7115393e-01  -1.4973720e-02   2.5428749e-03  -3.1788473e-03
  -1.7227359e-01  -2.5279662e-01   5.3872299e-01  -1.4214313e-02   2.2863559e-03  -3.1792539e-03
  -1.7582533e-01  -2.6712392e-01   5.4406382e-01  -1.5241695e-02   2.7215012e-03  -3.2657598e-03
  -1.4396171e-01  -2.0309389e-01   5.3615177e-01  -1.5526176e-02   3.1888619e-03  -2.6380456e-03
  -4.1217157e-02  -1.3894755e-01   4.1401904e-01  -6.9760345e-03   2.7977608e-03  -7.5273559e-04
  -1.0186661e-01  -9.9236058e-02   4.8090344e-01  -1.3587823e-02   2.1600299e-03  -1.6552354e-03
  -1.3328897e-01  -2.7435314e-01   4.7817635e-01  -1.4050417e-02   2.1105122e-03  -1.9835190e-03
  -1.3890968e-01  -3.2945677e-01   5.2584235e-01  -1.4042350e-02   2.3480516e-03  -2.3899392e-03
  -1.4172025e-01  -2.1482043e-01   5.0068413e-01  -1.4729927e-02   2.4790896e-03  -2.5667204e-03
  -1.4395700e-01  -2.6844277e-01   4.9412844e-01  -1.5430462e-02   2.4703858e-03  -2.5101094e-03
  -1.4896784e-01  -2.6134009e-01   5.4870692e-01  -1.5101991e-02   2.5104442e-03  -2.4808821e-03
  -1.3827011e-01  -3.1357663e-01   5.3756250e-01  -1.4570510e-02   2.1878668e-03  -2.6343154e-03
  -1.2602946e-01  -2.4728149e-01   5.3418580e-01  -1.4846616e-02   2.2464250e-03  -2.1103502e-03
  -1.3790091e-01  -2.8361923e-01   5.0429316e-01  -1.5145782e-02   2.2835208e-03  -2.0626459e-03
  -1.5138407e-01  -2.6162178e-01   4.9599039e-01  -1.5039591e-02   2.5047810e-03  -2.3876298e-03
  -1.3331055e-01  -2.8000015e-01   5.0664398e-01  -1.4568246e-02   2.9131616e-03  -2.1288949e-03
  -1.2133655e-01  -2.9084668e-01   5.2475327e-01  -1.4768852e-02   2.8610570e-03  -1.9390187e-03
  -1.2327637e-01  -2.8491689e-01   5.1774867e-01  -1.4835770e-02   2.7154109e-03  -2.0286593e-03
  -9.4916171e-02  -7.2106881e-02   1.5334524e-01  -6.8362203e-03   2.3054225e-03  -7.2738581e-04
  -9.3891805e-02  -2.0444338e-01   2.8960049e-01  -8.4510580e-03   1.9335684e-03  -9.7610787e-04
  -1.2658457e-01  -1.6112094e-01   3.7380880e-01  -1.0880802e-02   2.2568409e-03  -1.4767182e-03
  -1.0122449e-01   1.1806011e-01   2.6303670e-01   5.3141623e-04   2.4161785e-03  -7.0164330e-04
  -1.4403339e-01   2.2743636e-02   6.9990691e-01  -7.7005456e-03   1.6684015e-03  -7.3117763e-04
  -8.3833392e-02   1.1550859e-01   6.3063446e-01  -2.5808752e-05  -3.8825109e-04  -7.3822411e-04
  -1.2928739e-01   5.2271384e-01   6.8617906e-01   5.6970025e-03   8.1287595e-04  -1.6018296e-03
  -1.5509296e-01   2.5496739e-03   6.6108660e-01  -1.3998412e-03   1.0207059e-03  -2.0812642e-03
  -1.3569621e-01   1.7441553e-01   6.3255834e-01  -2.9797669e-03   1.2952177e-03  -1.5042837e-03
  -1.3313061e-01   4.7140857e-02   6.7492380e-01  -3.8889800e-03   1.6487771e-03  -1.6475700e-03
  -1.2029732e-01  -8.2091172e-03   5.9337327e-01  -3.1498121e-03   1.6638798e-03  -1.4406958e-03
  -1.3972133e-01   3.1993284e-02   5.5251082e-01  -4.6852865e-03   1.8694152e-03  -1.4376014e-03
  -1.3765124e-01   2.3315345e-02   5.3735104e-01  -4.8145168e-03   1.5390776e-03  -1.4357362e-03
  -1.5258531e-01   3.7444688e-03   5.7253233e-01  -5.8242177e-03   1.7476684e-03  -1.7726770e-03
  -1.6360561e-01   5.3103711e-03   5.7858357e-01  -6.1210399e-03   2.1620388e-03  -1.9781711e-03
  -1.4828925e-01  -7.4017134e-03   5.3111674e-01  -5.6744002e-03   1.7840728e-03  -1.9220075e-03
  -1.1347519e-01   1.3377584e-01   5.7821758e-01  -3.9348294e-04   1.0729805e-03  -6.9086662e-04
  -1.1509470e-01   4.4595755e-02   6.1371190e-01  -5.1321881e-03   3.6569501e-04  -9.9112044e-04
  -1.4532974e-01  -3.2025915e-02   6.6256675e-01  -6.1573560e-03   6.1002628e-04  -1.5832797e-03
  -1.3511865e-01  -1.0163350e-01   7.1110510e-01  -5.9008994e-03   4.2658116e-04  -1.7926776e-03
  -1.3712444e-01  -1.5032145e-02   7.1164136e-01  -6.4972013e-03   8.3508996e-04  -1.6159413e-03
  -1.4986322e-01  -8.3571424e-02   6.5609780e-01  -7.3168742e-03   8.8230882e-04  -1.9756111e-03
  -1.4574008e-01  -8.1648322e-02   6.5471068e-01  -7.1913768e-03   5.2035762e-04  -1.8942192e-03
  -1.4687963e-01  -6.1313150e-02   6.5331726e-01  -7.2601234e-03   4.1573741e-04  -1.8491539e-03
  -1.5643339e-01  -7.4820457e-02   6.6365718e-01  -7.4570949e-03   3.9716265e-04  -2.1272445e-03
  -1.6077440e-01  -6.4128756e-02   6.8402475e-01  -8.4467801e-03   6.1239735e-04  -2.2576416e-03
  -1.6047104e-01  -1.0324879e-01   6.8817679e-01  -8.2778322e-03   3.7680545e-04  -2.1132818e-03
  -1.8712607e-01  -2.9758540e-02   6.9847910e-01  -8.6485524e-03   4.3434173e-04  -2.5051164e-03
  -1.7208509e-01   5.1319038e-02   6.9993555e-01  -9.8981330e-03   4.6219617e-04  -2.0485826e-03
  -1.5422546e-01  -2.1425382e-01   6.8129909e-01  -8.1665059e-03   2.6659214e-04  -2.1687299e-03
  -1.9108210e-01  -9.9637638e-02   8.1520004e-01  -1.0564892e-02   5.2080037e-04  -2.7649289e-03
  -2.0868549e-01  -1.5084245e-01   8.5722821e-01  -1.0876828e-02   7.2033323e-04  -3.4906842e-03
  -2.1120282e-01  -1.7407442e-01   8.7245517e-01  -1.1157501e-02   9.6630982e-04  -3.4692638e-03
  -2.0465061e-01  -1.1076073e-01   8.6797208e-01  -1.2682363e-02   7.0632095e-04  -3.3214036e-03
  -2.0398392e-01  -1.9358304e-01   8.4321161e-01  -1.2579866e-02   7.2618935e-04  -3.2489579e-03
  -1.9602448e-01  -1.5703955e-01   7.9936566e-01  -1.2320423e-02   6.5798224e-04  -3.0666719e-03
  -2.0761450e-01  -1.5865667e-01   8.1645674e-01  -1.2260397e-02   7.2049122e-04  -3.1225743e-03
  -2.0842370e-01  -1.8031857e-01   8.2852852e-01  -1.2817630e-02   7.1881475e-04  -3.0006464e-03
  -2.1946656e-01  -1.2095043e-01   8.2046443e-01  -1.2648297e-02   8.5005025e-04  -3.0864992e-03
  -2.1669305e-01   2.3567965e-02   5.0044869e-01  -5.7045193e-03   6.7321636e-04  -2.3315704e-03
  -2.0556898e-01  -7.1025158e-02   4.9179188e-01  -3.6818568e-03   7.5625561e-04  -2.4720869e-03
  -2.0929323e-01  -6.5058878e-02   5.4820839e-01  -5.3191501e-03   9.6814688e-04  -2.6623296e-03
  -1.0510940e-01   4.3808748e-01   2.5676397e-01   1.2460468e-02   2.0904729e-03  -2.3091695e-03
  -1.7688284e-01   4.7585371e-01   3.3214447e-01   1.3473931e-02   2.0554390e-03  -2.9925833e-03
  -1.9579131e-01   1.5857508e-01   4.2304553e-01   7.1091689e-03   1.4318362e-03  -3.8073133e-03
  -2.4832720e-01   6.1274742e-01   7.6439213e-01   1.5968021e-02   4.2199744e-03  -4.0919366e-03
  -1.7990218e-01   4.8411403e-01   1.9368954e-01   1.5748196e-02   3.0957880e-03  -3.2903702e-03
  -1.5895870e-01   3.4553212e-01   3.2209036e-01   1.1993641e-02   2.6520403e-03  -2.6264214e-03
  -1.7166106e-01   2.0139228e-01   3.6600294e-01   9.9657000e-03   3.0731540e-03  -3.7248715e-03
  -2.0376081e-01   2.9833366e-01   4.7048443e-01   7.3065035e-03   3.1683266e-03  -4.4486998e-03
  -2.6439488e-01   2.0041717e-01   5.4427337e-01   6.0812653e-03   3.1420196e-03  -5.5386121e-03
  -2.7786564e-01   1.9461049e-01   5.2797048e-01   4.0185847e-03   3.4663064e-03  -5.6666980e-03
  -2.6282829e-01   1.8463200e-01   4.7967404e-01   4.4240628e-03   3.3235863e-03  -5.3453680e-03
  -2.8345244e-01   1.7576109e-01   4.6535659e-01   3.1692258e-03   3.3800619e-03  -6.1577813e-03
  -2.8602753e-01   1.7597656e-01   4.7558602e-01   3.1765577e-03   3.7351316e-03  -6.4012714e-03
  -2.6529236e-01   2.4682723e-01   4.4566032e-01   3.1466491e-03   3.2431802e-03  -5.6736451e-03
  -2.8951169e-01   1.0304988e-01   5.0534730e-01   2.1637266e-03   3.0193153e-03  -6.0218208e-03
  -2.8866951e-01   9.6018297e-02   5.6866292e-01   1.2991132e-03   3.6017588e-03  -6.1971837e-03
  -3.2850983e-01   1.2284634e-01   5.8105976e-01   1.1414863e-04   4.0708561e-03  -7.0998257e-03
  -3.3624520e-01   6.6402316e-02   6.3847699e-01  -1.0345476e-03   3.9966983e-03  -7.1406165e-03
  -3.2630194e-01   6.8748603e-02   6.0819267e-01  -1.2264879e-03   3.9129868e-03  -7.0499104e-03
  -3.1329858e-01   4.4454311e-02   5.9438020e-01  -1.8238190e-04   3.9341974e-03  -6.6196744e-03
  -3.1208941e-01   6.6443495e-02   6.1303818e-01  -1.1744487e-03   3.6381582e-03  -6.4091430e-03
  -3.1957908e-01   6.3941646e-02   6.0395018e-01  -1.1995572e-03   3.6630951e-03  -6.3979625e-03
  -3.3092831e-01   7.8527954e-02   5.8388781e-01  -1.6267822e-03   3.7095676e-03  -6.6528826e-03
  -3.3556758e-01   8.6625442e-02   5.7052661e-01  -1.9979854e-03   3.7357976e-03  -6.7248501e-03
  -3.3915040e-01   1.0414275e-01   5.6921396e-01  -2.1597224e-03   3.6667779e-03  -6.6743297e-03
  -3.3987380e-01   6.5060153e-02   5.8434859e-01  -2.4765457e-03   3.8735908e-03  -6.9346542e-03
  -3.0929498e-01   1.2527495e-01   3.5099048e-01   3.1694099e-03   4.1024167e-03  -6.3205992e-03
  -3.0662251e-01   1.5550011e-01   4.4761649e-01   1.0647620e-03   3.6421916e-03  -6.3500096e-03
  -3.1665860e-01   1.2560937e-01   4.8432961e-01   1.0060777e-03   3.7096850e-03  -6.6084367e-03
  -3.0740545e-01   9.8056778e-02   5.0489691e-01   5.9744524e-04   3.5229964e-03  -6.4382478e-03
  -2.9858258e-01   1.1815223e-01   5.3861232e-01  -7.0414410e-04   3.5178528e-03  -6.4711805e-03
  -2.9833516e-01   5.6881766e-02   5.7378400e-01  -1.8267839e-03   3.4570026e-03  -6.3059169e-03
  -3.0300060e-01   3.6604873e-02   5.8365453e-01  -2.5227032e-03   3.4972029e-03  -6.1825013e-03
  -2.9590442e-01   2.8819521e-02   5.9147098e-01  -2.6354621e-03   3.5737926e-03  -5.8989754e-03
  -3.0588930e-01   8.5341757e-02   5.8350826e-01  -3.2304046e-03   3.6019409e-03  -5.8204620e-03
  -2.7658301e-01   4.0326392e-02   5.6117780e-01  -3.2193754e-03   3.3930312e-03  -5.0066968e-03
  -2.6220688e-01   3.0778885e-02   5.5736141e-01  -3.4447516e-03   3.4376184e-03  -4.5991469e-03
  -1.7897208e-01   4.7411010e-02   5.7765435e-01  -3.5153223e-03   3.3294469e-03  -2.5073818e-03
  -1.8525050e-01   5.7791849e-03   5.4921167e-01  -1.2892185e-03   2.9470283e-03  -2.4756838e-03
  -2.4184895e-01   2.3625339e-01   8.1551355e-01  -1.7269322e-04   2.2344882e-03  -3.2749905e-03
