   0.0000000e+00   0.0000000e+00   0.0000000e+00   0.0000000e+00   0.0000000e+00   0.0000000e+00
   5.8014479e-02  -3.1500191e-02  -6.6290245e-01   4.8829121e-03   1.6174730e-03   9.1264583e-04
   7.1800868e-02  -3.0539024e-02  -5.1738006e-01   5.9907582e-03   1.4813021e-03   7.9782988e-04
   2.5911524e-02   5.0309262e-02  -7.0946044e-01   6.7129278e-03   1.9016929e-03   6.4685166e-04
   3.5911018e-02   1.4303654e-01  -7.9813361e-01   7.6250552e-03   1.6956638e-03   7.1543117e-04
   5.3136081e-02   3.8156983e-02  -7.2302371e-01   7.5020692e-03   1.9486705e-03   1.0328338e-03
   5.2849258e-02   7.8480481e-02  -6.5943348e-01   7.7354127e-03   2.6775530e-03   9.5014838e-04
   7.4999456e-02   1.2415506e-01  -6.3677227e-01   7.5677429e-03   3.2971950e-03   1.0403978e-03
   1.0181665e-01   4.1943211e-02  -6.3750775e-01   7.6376619e-03   3.5481428e-03   1.3876525e-03
   1.3878916e-01   4.0618059e-02  -6.1291174e-01   7.7505651e-03   4.4960902e-03   1.6948858e-03
   1.6679706e-01  -1.0872247e-02  -6.1134757e-01   7.8420824e-03   4.9435677e-03   1.9033646e-03
   1.7267925e-01  -2.1120270e-02  -5.9048386e-01   7.6261557e-03   5.6057668e-03   2.0316077e-03
   1.8534077e-01   9.5744684e-02  -5.6747507e-01   7.5913732e-03   6.4687274e-03   1.8277142e-03
   1.7531665e-01   1.4699908e-01  -4.5893213e-01   7.6877155e-03   7.0401699e-03   1.3355976e-03
   1.7606548e-01  -1.1053313e-01  -4.1259707e-01   8.0067952e-03   6.8832883e-03   1.6234344e-03
   2.2855733e-01  -7.8155833e-02  -5.0391631e-01   8.6047029e-03   7.0325692e-03   2.7768535e-03
   2.3584570e-01   1.4737240e-01  -4.6534847e-01   8.7609444e-03   7.6043667e-03   2.9380043e-03
   2.1809352e-01   3.2100022e-02  -4.4541596e-01   8.9835759e-03   8.0908339e-03   2.7116979e-03
   2.1277076e-01   3.2297848e-02  -4.0222386e-01   8.9318702e-03   8.4718643e-03   2.6830226e-03
   2.0591507e-01   1.2527374e-02  -4.3374821e-01   8.4794988e-03   8.9192890e-03   2.4134000e-03
   2.2293993e-01   6.6821452e-02  -4.6854625e-01   8.3339338e-03   9.2899723e-03   2.6223715e-03
   2.5106165e-01   5.3462334e-02  -4.7316710e-01   8.5489310e-03   1.0174903e-02   2.9856910e-03
   2.7796257e-01   1.2175899e-03  -4.6724013e-01   8.7933381e-03   1.0929988e-02   3.2324977e-03
   2.8863920e-01   9.3639989e-03  -4.6035551e-01   8.7141065e-03   1.1508875e-02   3.2531678e-03
   3.1286910e-01   5.3073520e-02  -4.8889700e-01   8.8505215e-03   1.2429216e-02   3.6093502e-03
   3.1431964e-01   5.5778092e-02  -4.8234014e-01   8.8940197e-03   1.2431582e-02   3.5732242e-03
   3.2673347e-01   2.8448280e-02  -4.6469045e-01   8.9436519e-03   1.3066110e-02   3.5693984e-03
   3.0759608e-01  -8.7511739e-03  -4.9924544e-01   9.1387466e-03   1.3068868e-02   3.4948733e-03
   3.3752829e-01   1.6408418e-01  -4.6789823e-01   9.1621464e-03   1.3281169e-02   3.6950278e-03
   3.3700564e-01  -2.9695224e-02  -4.7404523e-01   9.1626021e-03   1.3127946e-02   3.7224160e-03
   3.3669144e-01   5.9774423e-02  -4.5287721e-01   8.8320450e-03   1.3156207e-02   3.7933511e-03
   3.2158849e-01   8.2380578e-02  -4.2086474e-01   8.9825640e-03   1.3616345e-02   3.5589344e-03
   3.2454988e-01  -1.6337141e-02  -4.1992223e-01   8.9839831e-03   1.3745003e-02   3.5921238e-03
   3.0633430e-01   6.7340422e-02  -4.4005817e-01   8.5720480e-03   1.3802869e-02   3.2973243e-03
   3.0195218e-01   3.0900308e-02  -4.5007164e-01   8.6332027e-03   1.4229797e-02   3.2091522e-03
   3.1598291e-01   1.0502726e-02  -4.4502607e-01   8.9558056e-03   1.4354042e-02   3.2771230e-03
   3.1704864e-01  -1.8677574e-02  -4.5826560e-01   8.9695238e-03   1.4453787e-02   3.3635318e-03
   3.1497207e-01   4.9085408e-02  -4.3468146e-01   8.9889440e-03   1.5063784e-02   3.3561567e-03
   3.3594617e-01   2.0845922e-02  -4.2973141e-01   8.7264569e-03   1.5107940e-02   3.5557928e-03
   3.2244473e-01   7.7791982e-03  -4.5018650e-01   9.0037194e-03   1.5290731e-02   3.3797148e-03
   3.2418346e-01   2.7648922e-02  -4.8054145e-01   9.0723357e-03   1.5181985e-02   3.3929054e-03
   3.4609787e-01   7.7419797e-02  -4.6487966e-01   8.7790573e-03   1.5128797e-02   3.5186467e-03
   3.5883830e-01   3.0922656e-02  -4.8329238e-01   8.9541194e-03   1.5064449e-02   3.7685542e-03
   3.2951078e-01   8.3217741e-02  -4.6915691e-01   9.3299274e-03   1.5156781e-02   3.5911694e-03
   3.3388813e-01   9.7216640e-02  -4.7193324e-01   9.4794160e-03   1.5371269e-02   3.6564598e-03
   3.5160150e-01   2.1237568e-02  -4.6587215e-01   9.1502755e-03   1.5808689e-02   3.9921071e-03
   3.8240471e-01  -9.3782059e-04  -4.7677794e-01   9.2779710e-03   1.6416017e-02   4.7343032e-03
   3.6350398e-01   5.6950862e-02  -4.7940308e-01   9.5163898e-03   1.7567096e-02   4.4627822e-03
   3.6795533e-01  -3.1155793e-04  -4.7726471e-01   9.5661995e-03   1.8257772e-02   4.0505900e-03
   3.5844690e-01  -5.1562362e-02  -5.0659265e-01   9.6614198e-03   1.8631955e-02   4.0208284e-03
   3.5245996e-01  -8.0572512e-02  -5.0283684e-01   9.8076698e-03   1.9075499e-02   3.8070024e-03
   3.3278950e-01   1.7792006e-03  -4.9425191e-01   9.4711007e-03   1.9620875e-02   3.6366610e-03
   3.3831016e-01  -2.1243027e-02  -5.0633667e-01   9.8185339e-03   1.9777103e-02   3.6572298e-03
   2.9666895e-01  -5.4691443e-02  -5.7056327e-01   1.0241975e-02   1.9152019e-02   3.1564000e-03
   3.0360250e-01  -8.9987818e-03  -5.6246432e-01   1.0406752e-02   1.8858567e-02   3.3717068e-03
   3.1850994e-01   4.1038126e-02  -5.6836356e-01   1.0524416e-02   1.8714943e-02   3.4992852e-03
   2.9547684e-01   6.3977159e-02  -5.9024560e-01   1.0909768e-02   1.9361860e-02   3.5140521e-03
   2.2037491e-01   2.6816169e-01  -6.1327249e-01   1.0393580e-02   2.0053124e-02   2.1300168e-03
   2.4409551e-01  -3.0986294e-01  -6.4553089e-01   1.0668233e-02   1.9943619e-02   2.7116257e-03
   2.6838972e-01   4.3676802e-02  -6.1082079e-01   1.0501171e-02   2.0339808e-02   2.8268608e-03
   2.6460931e-01   2.3262653e-02  -5.9507166e-01   1.1014208e-02   2.0682670e-02   2.6986326e-03
   2.7494608e-01  -4.6195868e-02  -5.5481399e-01   1.1198063e-02   2.1215791e-02   2.8670172e-03
   2.7474599e-01  -6.2879595e-02  -5.6470423e-01   1.0985234e-02   2.1438907e-02   2.9337833e-03
   2.7909269e-01  -4.5751701e-02  -5.9936963e-01   1.0894697e-02   2.1694619e-02   3.1747812e-03
   2.7148627e-01  -7.7442190e-04  -5.8611159e-01   1.0763640e-02   2.1849975e-02   3.0351209e-03
   2.8419754e-01  -3.2160369e-02  -6.0680119e-01   1.0680740e-02   2.2117701e-02   3.1653959e-03
   2.8469601e-01  -2.4133608e-02  -6.1687993e-01   1.0980549e-02   2.2063179e-02   3.2311580e-03
   2.7409434e-01  -7.4948505e-03  -6.4353049e-01   1.0808458e-02   2.1572694e-02   3.0667416e-03
   2.6168596e-01   8.9408757e-02  -6.3550203e-01   1.0553998e-02   2.1364700e-02   2.7810490e-03
   2.3383589e-01   3.9776349e-02  -6.4412550e-01   1.1348768e-02   2.1463099e-02   2.5179830e-03
   2.3301912e-01   4.1500922e-02  -6.4083654e-01   1.1034038e-02   2.1383828e-02   2.5732469e-03
   2.2952026e-01   3.0515221e-02  -6.1993168e-01   1.0751627e-02   2.1581508e-02   2.5346690e-03
   2.5134437e-01   5.1673169e-02  -6.2667238e-01   1.0604548e-02   2.1727115e-02   2.6696646e-03
   2.6925496e-01   1.3514723e-02  -6.3710720e-01   1.0792902e-02   2.1836175e-02   2.7418901e-03
   2.6285053e-01   1.8212312e-02  -6.1389808e-01   1.0739964e-02   2.2138042e-02   2.5706690e-03
   2.5696083e-01   1.9443008e-02  -6.1017926e-01   1.1065246e-02   2.2130354e-02   2.5451696e-03
   2.0536088e-01  -8.1976777e-04  -6.0417639e-01   1.1003097e-02   2.1439886e-02   1.8283402e-03
   1.8817530e-01   4.9372854e-02  -6.0366756e-01   1.0993414e-02   2.1695375e-02   1.3380815e-03
   2.0364742e-01   1.3341312e-02  -6.4996466e-01   1.2159502e-02   2.2068905e-02   1.5343678e-03
   1.9683968e-01  -2.6349238e-03  -6.3459848e-01   1.1696985e-02   2.2080286e-02   1.2795694e-03
   2.0907372e-01  -6.7045844e-03  -6.4435057e-01   1.1539785e-02   2.2262821e-02   1.5266780e-03
   1.7871906e-01   3.4877809e-02  -6.5850344e-01   1.1817794e-02   2.1781820e-02   1.3351333e-03
   1.6927564e-01   6.3273322e-02  -6.3738686e-01   1.1440484e-02   2.2320346e-02   1.1475982e-03
   1.6637282e-01   6.2004210e-02  -6.3983676e-01   1.1472148e-02   2.2689023e-02   1.0332773e-03
   1.7749299e-01   1.7248743e-02  -6.3648036e-01   1.1592905e-02   2.2651540e-02   1.2467480e-03
   1.7346656e-01  -8.3535651e-03  -6.2517084e-01   1.1729751e-02   2.2881139e-02   1.2390040e-03
   1.5183598e-01   5.3147098e-02  -6.3360273e-01   1.1597277e-02   2.3120878e-02   9.3283378e-04
   1.6622316e-01   1.8262890e-02  -6.3491433e-01   1.1402059e-02   2.3495375e-02   1.0503456e-03
   1.5388978e-01   3.8697303e-02  -6.2687322e-01   1.1561487e-02   2.3694782e-02   9.1296439e-04
   1.6124511e-01  -5.6704612e-03  -6.3749671e-01   1.1762198e-02   2.3627813e-02   9.7488124e-04
   1.7050211e-01   2.1977314e-02  -6.4387217e-01   1.1620263e-02   2.3856695e-02   1.1566828e-03
   1.7168488e-01   6.6201338e-02  -6.4050122e-01   1.1529710e-02   2.4237003e-02   1.1486617e-03
   1.7774162e-01   1.7457652e-02  -6.5872971e-01   1.2087296e-02   2.4439462e-02   1.2115024e-03
   1.7565025e-01  -1.7309016e-02  -6.8139169e-01   1.1746933e-02   2.4084150e-02   1.1951268e-03
   1.8133250e-01   1.6479936e-01  -6.7341163e-01   1.1232806e-02   2.3935020e-02   1.1952765e-03
   1.8357095e-01   7.5561702e-02  -6.6345421e-01   1.2010543e-02   2.4229572e-02   1.2145797e-03
   1.9171320e-01   3.0046433e-02  -6.4642378e-01   1.1881757e-02   2.4146486e-02   1.3214798e-03
   2.1283486e-01   6.8236321e-02  -6.4645008e-01   1.1783594e-02   2.4525876e-02   1.6498726e-03
   2.1253842e-01   6.3461999e-02  -6.7266330e-01   1.1845965e-02   2.4712347e-02   1.7881290e-03
   2.0573059e-01   1.0334700e-01  -6.6931954e-01   1.1598938e-02   2.4790984e-02   1.7326037e-03
   2.0924316e-01   5.0309840e-02  -6.6208018e-01   1.1798261e-02   2.4865777e-02   1.7536311e-03
   2.1109132e-01   4.0783006e-02  -6.6139901e-01   1.2066317e-02   2.4589454e-02   1.6851887e-03
   2.1793419e-01   4.2854015e-02  -6.5490829e-01   1.1811364e-02   2.4530220e-02   1.8007234e-03
   2.0846147e-01   4.9299653e-02  -6.6270800e-01   1.1774230e-02   2.4799725e-02   1.6202533e-03
   2.0846924e-01   4.8028655e-02  -6.4621093e-01   1.1788091e-02   2.5059563e-02   1.4801474e-03
   1.9164867e-01   2.9261018e-02  -6.6394861e-01   1.1961256e-02   2.5065411e-02   1.2806834e-03
   2.0332888e-01   3.5393019e-02  -6.6124578e-01   1.2227093e-02   2.5313014e-02   1.4273762e-03
   2.2000830e-01   6.7344124e-02  -6.2712295e-01   1.1874477e-02   2.5494527e-02   1.6131600e-03
   2.2172174e-01   3.2947655e-02  -6.3579174e-01   1.2267886e-02   2.5856940e-02   1.6141574e-03
   2.3970804e-01   2.9773316e-02  -6.3416455e-01   1.2009081e-02   2.5803085e-02   1.8403791e-03
   2.3406847e-01   4.7351557e-02  -6.6133637e-01   1.1756090e-02   2.5566507e-02   1.8748483e-03
   2.3258848e-01   7.7457844e-02  -6.7022301e-01   1.1549572e-02   2.5924802e-02   1.9161172e-03
   2.3288758e-01   4.7107975e-02  -6.5389568e-01   1.2021275e-02   2.6417658e-02   1.8703752e-03
   2.2226944e-01   1.7121142e-02  -6.6068835e-01   1.2248071e-02   2.6794901e-02   1.9123154e-03
   2.1401524e-01   4.2645233e-02  -6.6116287e-01   1.2255433e-02   2.6851529e-02   1.7400692e-03
   1.9401865e-01   3.4200371e-01  -5.4990600e-01   1.3684098e-02   2.5171844e-02   2.9538223e-03
   2.3436902e-01  -8.1576012e-02  -3.3168179e-01   1.5344892e-02   2.5400337e-02   3.4805305e-03
   2.2682442e-01   1.7364913e-02  -5.6390543e-01   1.3566344e-02   2.1985035e-02   3.5825175e-03
   2.8056413e-01   1.8255275e-01  -5.8279403e-01   1.4198750e-02   2.2343457e-02   4.2093158e-03
   3.2789927e-01   2.3813738e-01  -5.5999991e-01   1.4418931e-02   2.2882120e-02   4.7940611e-03
   3.3348302e-01   2.3775049e-01  -4.8884161e-01   1.4675662e-02   2.3707166e-02   5.0603572e-03
   3.5274785e-01   1.2621469e-01  -4.9538475e-01   1.4910263e-02   2.4086426e-02   5.5589873e-03
   3.4152283e-01   2.1373079e-01  -4.8104645e-01   1.4179832e-02   2.4731458e-02   5.2616492e-03
   3.3060147e-01   1.4295174e-01  -5.6213286e-01   1.4146417e-02   2.5383743e-02   5.2355464e-03
   3.6035056e-01   1.6894277e-01  -6.0557819e-01   1.4217878e-02   2.5605294e-02   5.7069222e-03
   3.7130148e-01   2.2235086e-01  -6.2472236e-01   1.4521531e-02   2.6049397e-02   5.9834140e-03
   3.4026302e-01   2.6495369e-01  -6.0985668e-01   1.4254794e-02   2.6292941e-02   5.5863744e-03
   3.2466047e-01   2.2174779e-01  -6.2958952e-01   1.4421249e-02   2.6711382e-02   5.4186100e-03
   3.3591628e-01   2.2622545e-01  -6.4602720e-01   1.4551261e-02   2.7024429e-02   5.4651386e-03
   3.3105249e-01   2.2891258e-01  -6.4254127e-01   1.5008212e-02   2.7527630e-02   5.4919888e-03
   2.9213662e-01   2.7351134e-01  -6.1376517e-01   1.5025097e-02   2.7555006e-02   4.8718923e-03
   2.9945751e-01   1.9784384e-01  -6.4981228e-01   1.4960259e-02   2.7877796e-02   4.9964924e-03
   2.6999063e-01   1.9858318e-01  -6.5126284e-01   1.5036415e-02   2.7903235e-02   4.7762090e-03
   2.5647573e-01   2.6040126e-01  -6.2279824e-01   1.5002300e-02   2.8415054e-02   4.6222779e-03
   2.6947921e-01   1.9813149e-01  -6.3124670e-01   1.5112052e-02   2.8545986e-02   4.7662930e-03
   2.6383653e-01   2.3980469e-01  -6.6435802e-01   1.4742712e-02   2.8599805e-02   4.6897124e-03
   2.6453637e-01   3.0057375e-01  -6.6996713e-01   1.4669836e-02   2.8537690e-02   4.7142328e-03
   2.6749212e-01   2.6803345e-01  -6.6472303e-01   1.4665383e-02   2.8441853e-02   4.7208644e-03
   2.6985810e-01   2.0209168e-01  -6.7097569e-01   1.5006524e-02   2.8787603e-02   4.6595337e-03
   2.5536244e-01   2.6939918e-01  -6.7852279e-01   1.4634050e-02   2.8563788e-02   4.4483546e-03
   2.5331221e-01   2.5995244e-01  -6.8685838e-01   1.4536311e-02   2.8737070e-02   4.5262929e-03
   2.6123423e-01   2.3406357e-01  -6.8565572e-01   1.5041848e-02   2.8885543e-02   4.7237777e-03
   2.6897690e-01   2.3190710e-01  -6.7023141e-01   1.5002562e-02   2.9039702e-02   4.8638435e-03
   2.7687854e-01   2.4899676e-01  -6.8262193e-01   1.4948626e-02   2.9154960e-02   4.9425626e-03
   2.5442087e-01   2.6385341e-01  -7.0462076e-01   1.4560905e-02   2.9060710e-02   4.6099739e-03
   2.5531377e-01   2.2894133e-01  -7.2830194e-01   1.4971273e-02   2.9053363e-02   4.7119988e-03
   2.5447579e-01   2.8030603e-01  -6.9959114e-01   1.4704130e-02   2.9295399e-02   4.6975460e-03
   2.2213682e-01   2.8937645e-01  -6.7677769e-01   1.4394648e-02   2.9388649e-02   4.2028211e-03
   2.5056581e-01   2.0820959e-01  -7.1190990e-01   1.4923490e-02   2.9211740e-02   4.5255530e-03
   2.3337251e-01   2.9646887e-01  -6.7485469e-01   1.4505097e-02   2.9500749e-02   4.2514841e-03
   2.3782625e-01   2.5849145e-01  -6.7916068e-01   1.4686765e-02   2.9409013e-02   4.3338031e-03
   2.4377493e-01   2.4120451e-01  -6.7871341e-01   1.4914314e-02   2.9707442e-02   4.4000739e-03
   2.3891559e-01   2.6062466e-01  -6.7331058e-01   1.4843126e-02   3.0019860e-02   4.3474010e-03
   2.3981299e-01   2.2702634e-01  -6.8785331e-01   1.5170876e-02   2.9898844e-02   4.3394759e-03
   2.1810438e-01   2.2603697e-01  -6.6465280e-01   1.5030806e-02   2.9946824e-02   4.0608480e-03
   2.1166244e-01   2.6761373e-01  -6.7584894e-01   1.4850172e-02   3.0026786e-02   4.0520213e-03
   2.1358526e-01   2.8662513e-01  -6.4290287e-01   1.4635250e-02   3.0023817e-02   4.0420129e-03
   2.1350117e-01   2.0054387e-01  -6.4721596e-01   1.5261191e-02   3.0050328e-02   4.1945032e-03
   1.9999886e-01   2.0644833e-01  -6.7876689e-01   1.5200610e-02   2.9924714e-02   4.1347135e-03
   1.8607737e-01   3.3551467e-01  -6.8842679e-01   1.4339445e-02   2.9578579e-02   3.7579590e-03
   2.0585048e-01   2.7139355e-01  -6.7612768e-01   1.4736140e-02   2.9645005e-02   4.0187254e-03
   2.0069728e-01   2.2764598e-01  -6.4255847e-01   1.4550875e-02   2.9529404e-02   4.1758945e-03
   2.2154414e-01   2.7823147e-01  -5.9196947e-01   1.4465484e-02   2.9975344e-02   4.4653831e-03
   2.4421457e-01   2.3788063e-01  -5.6261771e-01   1.4216907e-02   2.9775344e-02   4.6335088e-03
   2.4522383e-01   2.3885167e-01  -5.5819755e-01   1.4031111e-02   3.0103405e-02   4.5834211e-03
   2.4979324e-01   2.2483359e-01  -5.5368132e-01   1.3991953e-02   3.0402273e-02   4.6478834e-03
   2.5123463e-01   2.8289586e-01  -5.5426818e-01   1.3995374e-02   3.0632451e-02   4.5813830e-03
   2.3561238e-01   1.8830039e-01  -7.5365159e-01   1.4940013e-02   3.0138146e-02   5.1916079e-03
   2.7620323e-01   3.1774191e-01  -6.5350872e-01   1.4335304e-02   3.0103618e-02   5.5510479e-03
   2.5131546e-01   2.5986513e-01  -6.7933908e-01   1.4143046e-02   2.9764974e-02   5.4819807e-03
   2.6951362e-01   2.7362808e-01  -6.3316763e-01   1.3756402e-02   3.0816010e-02   5.7742438e-03
   2.7461234e-01   2.3544397e-01  -6.1470720e-01   1.3656528e-02   3.1307945e-02   5.8960298e-03
   2.6417132e-01   2.9680933e-01  -5.7725724e-01   1.3518296e-02   3.1389216e-02   5.6773678e-03
   2.2663645e-01   2.8406922e-01  -5.6411140e-01   1.3426689e-02   3.0878165e-02   5.1985601e-03
   2.3167148e-01   2.2381658e-01  -5.4325555e-01   1.3053487e-02   3.0865225e-02   5.4529103e-03
   2.4796602e-01   3.3111630e-01  -5.5889283e-01   1.2652174e-02   3.1134369e-02   5.6872137e-03
   2.5750358e-01   2.8685476e-01  -5.5868598e-01   1.2744912e-02   3.1334244e-02   5.7985980e-03
   2.8803239e-01   2.8049346e-01  -5.7368855e-01   1.3027993e-02   3.1877721e-02   6.2159500e-03
   2.9603495e-01   2.5923143e-01  -5.7844665e-01   1.2687274e-02   3.2094865e-02   6.3105741e-03
   2.9425511e-01   3.0325377e-01  -5.5823488e-01   1.2983864e-02   3.2385116e-02   6.3939635e-03
   2.8582508e-01   3.1082905e-01  -5.3471911e-01   1.2872773e-02   3.2697219e-02   6.3390268e-03
   2.9259960e-01   2.5136575e-01  -5.1976170e-01   1.3059253e-02   3.3088940e-02   6.4864132e-03
   3.0537800e-01   1.9796537e-01  -5.3615906e-01   1.3189937e-02   3.3048441e-02   6.6802259e-03
   3.0011214e-01   2.8933302e-01  -5.3109267e-01   1.2935232e-02   3.3201631e-02   6.5308919e-03
   2.9133833e-01   2.7181384e-01  -5.2903056e-01   1.3189535e-02   3.3406037e-02   6.5404747e-03
   2.8964316e-01   2.7150985e-01  -5.4158023e-01   1.3375328e-02   3.3240591e-02   6.5787032e-03
   2.9758294e-01   2.1270987e-01  -5.5083446e-01   1.3075604e-02   3.3183526e-02   6.6172380e-03
   2.7931071e-01   3.1777868e-01  -5.4249315e-01   1.3187124e-02   3.3115273e-02   6.3790425e-03
   2.9596914e-01   1.9994463e-01  -5.4249021e-01   1.3152766e-02   3.2814098e-02   6.5697925e-03
   3.0309456e-01   2.2877099e-01  -5.3055141e-01   1.3243603e-02   3.2974420e-02   6.8503460e-03
   2.9180867e-01   2.5919468e-01  -5.4095498e-01   1.3258370e-02   3.2697290e-02   6.6786851e-03
   3.0397268e-01   2.2260265e-01  -5.5859284e-01   1.3187286e-02   3.2885357e-02   6.8291877e-03
   2.9863739e-01   2.2971607e-01  -5.7163248e-01   1.3581788e-02   3.2788493e-02   6.7313824e-03
   3.0553109e-01   1.9796050e-01  -5.7415437e-01   1.3595840e-02   3.2664432e-02   6.9593374e-03
   3.0920136e-01   2.5446378e-01  -5.5171146e-01   1.3608254e-02   3.2822873e-02   7.0398778e-03
   3.1528447e-01   2.5184608e-01  -5.4788418e-01   1.3487171e-02   3.2968898e-02   6.9115713e-03
   3.2212192e-01   1.9930662e-01  -5.6458191e-01   1.3896786e-02   3.3326354e-02   7.0625589e-03
   3.0803742e-01   2.2722515e-01  -5.7720316e-01   1.3766241e-02   3.2911127e-02   6.9843285e-03
   3.1184297e-01   5.1439217e-01  -4.9387115e-01   1.3688053e-02   3.1123135e-02   7.1130928e-03
   3.1470515e-01   1.5329841e-01  -1.0281387e+00   1.4427880e-02   2.2861865e-02   6.2508713e-03
   3.0471099e-01   1.2134447e-01  -6.5189303e-01   1.4032862e-02   2.2242479e-02   6.9985775e-03
   3.5973227e-01   3.3295908e-01  -6.4192216e-01   1.3692868e-02   2.3612686e-02   7.8438861e-03
   4.2126136e-01   2.0718247e-01  -6.0731032e-01   1.4489609e-02   2.4120693e-02   8.7697408e-03
   4.2883182e-01   2.7113162e-01  -5.6740641e-01   1.4267884e-02   2.4932335e-02   8.9750488e-03
   4.3232919e-01   2.1769877e-01  -5.5921267e-01   1.4323709e-02   2.5277661e-02   9.0559861e-03
   4.6736070e-01   1.7057304e-01  -6.3994678e-01   1.4097496e-02   2.5773075e-02   9.3497757e-03
   7.0400282e-01   1.9638657e-01  -7.7653473e-01   1.4499118e-02   2.5826611e-02   1.3379315e-02
   6.0965708e-01   1.6086113e-01  -7.1843786e-01   1.4445992e-02   2.6263055e-02   1.1573665e-02
   6.6097551e-01   2.3482420e-01  -7.0367222e-01   1.4276277e-02   2.6938522e-02   1.2380797e-02
   6.7487008e-01   2.6005798e-01  -6.7082953e-01   1.3956023e-02   2.7284254e-02   1.2513003e-02
