   0.0000000e+00   0.0000000e+00   0.0000000e+00   0.0000000e+00   0.0000000e+00   0.0000000e+00
   2.9845718e-02   1.2417633e-02  -4.7880339e-02  -4.5632502e-04  -3.1950870e-04  -8.7240720e-05
   2.3167521e-02   1.0957868e-01  -5.2652523e-02   1.2074201e-03   4.0648575e-04   2.0074372e-05
   3.9810639e-02   3.5189685e-02  -1.1252207e-01   2.7506297e-04  -2.6332883e-05   2.2364000e-04
   4.1456460e-02  -5.0112150e-04  -9.8908555e-02  -3.6572431e-04  -8.0573009e-04   5.2868976e-04
   9.2779821e-02   2.1305123e-02  -9.6570431e-02  -7.2847227e-04  -1.5423725e-03   1.0803002e-03
   1.2214346e-01   1.1277253e-02  -8.3269961e-02  -1.4171363e-03  -2.4517700e-03   1.6961463e-03
   1.2491920e-01   4.8670535e-03  -8.4288404e-02  -1.9860398e-03  -2.7582551e-03   2.1531485e-03
   1.0396690e-01  -9.3451199e-03  -9.4048577e-02  -1.7056758e-03  -2.5329556e-03   2.2501931e-03
   1.0853435e-01   2.4693589e-02  -6.8395465e-02  -1.3198224e-03  -2.2277179e-03   2.1430884e-03
   1.4881556e-01   1.5258840e-02  -8.5212526e-02   6.0511104e-04  -1.6757072e-03   1.8694361e-03
   1.5157649e-01  -4.9125344e-02  -1.0842861e-01   3.9581725e-04  -1.8675048e-03   2.1988904e-03
   1.3788837e-01  -4.3672031e-02  -1.2402338e-01   1.9182376e-04  -1.9581069e-03   2.3731855e-03
   1.7144206e-01  -5.6671795e-02  -1.4269912e-01  -7.8517163e-04  -2.5822114e-03   2.7850322e-03
   2.0336797e-01   8.7803214e-03  -1.1294704e-01  -7.2766417e-04  -2.1107159e-03   1.9226838e-03
   3.0756091e-01   2.1235247e-02  -1.5158992e-02  -7.5814765e-04  -8.1763005e-04   6.1253125e-03
   1.4479907e-01  -1.4240780e-01  -9.4208892e-02  -9.5288125e-05  -2.2332061e-03   4.9472168e-03
   2.2798235e-01  -1.4585852e-02  -8.0060242e-02  -5.0743695e-04  -1.8299861e-03   5.7620831e-03
   2.4700080e-01  -1.3431247e-02  -5.6066143e-02  -5.1093657e-04  -2.3262666e-03   6.0217749e-03
   2.5721357e-01  -8.6267732e-02  -7.3021798e-02  -5.4032546e-04  -2.4114842e-03   6.2077317e-03
   2.5183960e-01  -5.2046280e-02  -4.6973452e-02  -9.2847596e-04  -2.2686630e-03   5.8565516e-03
   2.4827511e-01  -5.6045196e-02  -4.2808116e-02  -1.3549697e-03  -2.2528511e-03   5.7923806e-03
   2.6631172e-01  -7.7260542e-02  -6.5023389e-02  -1.5426933e-03  -1.9192450e-03   5.7120973e-03
   2.8396248e-01  -5.0129735e-02  -1.0604341e-01  -1.5112156e-03  -1.6799113e-03   5.2630543e-03
   2.9176776e-01  -7.8964303e-02  -1.1020430e-01  -1.6723008e-03  -2.3977833e-03   5.0552144e-03
   2.9258618e-01  -4.7155480e-02  -8.3583900e-02  -1.0975861e-03  -2.3349449e-03   5.2070650e-03
   3.2384099e-01  -9.5885831e-02  -9.5256120e-02  -1.7434072e-03  -2.1356659e-03   5.3516368e-03
   3.2266032e-01  -5.3393173e-02  -8.2967016e-02  -1.6373654e-03  -2.3812664e-03   5.3843320e-03
   4.0030567e-01  -9.9736006e-02  -1.2831561e-01  -6.3865117e-04  -3.0070279e-03   5.5743066e-03
   3.3602247e-01   2.6168366e-02   1.2567106e-04  -7.0023301e-04  -3.5437572e-03   5.4990520e-03
   2.5636898e-01  -1.4481696e-01   2.3534708e-02   2.1290701e-03  -1.9313335e-03   5.2427287e-03
   2.5325768e-01  -1.5605342e-01   4.3689747e-02  -1.0278571e-04  -2.7556973e-03   5.4677994e-03
   2.7310771e-01  -1.1407038e-01   1.7308100e-02  -2.1422544e-04  -3.2598328e-03   5.3887557e-03
   2.6530692e-01   1.7819958e-02   5.3901230e-02  -5.4527368e-04  -3.5728764e-03   5.2037468e-03
   2.5796297e-01  -6.8005945e-02   1.9407313e-02  -8.7887016e-04  -4.4417822e-03   5.8188661e-03
   2.7505559e-01  -8.9858809e-02   1.6464713e-02  -1.0876394e-03  -4.5922570e-03   5.9556728e-03
   2.7580868e-01  -4.2963010e-02   2.0845889e-02  -1.4045463e-03  -4.8431154e-03   6.1647133e-03
   2.6941893e-01   6.0584498e-03   6.5402176e-02  -1.3516150e-03  -4.9958459e-03   6.2826505e-03
   2.7765280e-01  -1.0167927e-01   2.0296951e-02  -1.6546483e-03  -5.4804384e-03   6.5086761e-03
   2.8052873e-01   1.5272285e-02   5.9337989e-02  -1.5752686e-03  -5.3993546e-03   6.3306257e-03
   2.8223743e-01  -1.6938876e-02   5.9183421e-02  -1.5062713e-03  -5.2997964e-03   6.5562247e-03
   2.8939025e-01  -1.3105609e-01  -1.7185845e-03  -1.5997289e-03  -5.0092382e-03   6.8260617e-03
   3.0439039e-01   2.9024992e-02   4.4395987e-02  -1.2867343e-03  -4.8477301e-03   6.7414337e-03
   3.0180084e-01  -4.8424766e-02   5.4945599e-02  -1.6765414e-03  -5.0702307e-03   7.0158510e-03
   3.0366009e-01   5.2820673e-02   1.1081329e-01  -1.5851671e-03  -4.9377773e-03   6.9811762e-03
   2.9611109e-01  -1.4035262e-01   4.2659826e-02  -1.7062361e-03  -5.1072942e-03   7.1621128e-03
   3.2157547e-01  -1.2702425e-01   6.4512099e-03  -1.4425552e-03  -5.1582043e-03   7.4144410e-03
   3.3775026e-01   2.3976031e-03   6.7300171e-02  -1.5591858e-03  -5.0619329e-03   7.5611479e-03
   3.0739407e-01  -3.5013115e-02   1.0621657e-01  -1.7295274e-03  -4.9484909e-03   7.3619103e-03
   3.2031501e-01  -5.8207731e-02   9.8028693e-02  -1.7976646e-03  -4.8515687e-03   7.5337095e-03
   3.3876016e-01  -1.0078861e-01   8.4974214e-02  -1.8010289e-03  -4.9941504e-03   7.5992570e-03
   3.4299253e-01  -1.0515822e-01   6.4687789e-02  -1.2559499e-03  -5.1074217e-03   7.7729484e-03
   3.8269034e-01  -1.7438336e-02   1.1433512e-01  -1.5662379e-03  -4.8037177e-03   8.2315897e-03
   3.4494493e-01  -2.2733629e-01  -3.5582547e-01  -1.6153065e-03  -6.0090838e-03   4.4287140e-03
   3.9410630e-01   1.8441139e-01  -1.7419154e-02   7.2853296e-03  -4.9924933e-03   3.4941041e-03
   2.1710967e-01  -7.9979844e-02   9.5508476e-01   9.8636414e-03  -5.1743331e-03   6.1100881e-03
  -1.6380880e-02  -3.4030643e-01   7.1411049e-01   5.9034290e-03  -3.3647705e-03   6.6490979e-03
  -4.9871316e-03  -2.7894282e-01   6.6486001e-01   2.1186058e-03  -3.5142630e-03   6.2867740e-03
   5.2284718e-02  -3.5395277e-02   6.4449063e-01   3.6730194e-04  -4.0662468e-03   8.1216198e-03
   9.8485289e-02  -1.0546559e-01   5.4876254e-01  -6.6310935e-04  -5.3239774e-03   8.1780356e-03
   1.2701434e-01  -8.0154992e-02   5.1289720e-01  -1.8972873e-03  -6.4710052e-03   8.2739542e-03
   1.6800152e-01  -1.4728199e-01   4.6093727e-01  -2.4178204e-03  -7.2515317e-03   8.3438578e-03
   1.7617526e-01  -1.2381901e-01   4.3685546e-01  -4.2429501e-03  -7.7090756e-03   8.2504289e-03
   1.7067691e-01  -9.4515631e-02   4.0314048e-01  -4.5927107e-03  -7.9029609e-03   8.7345088e-03
   1.7029649e-01  -1.0410087e-01   3.8797266e-01  -4.4940174e-03  -8.5378705e-03   8.6811640e-03
   1.6237183e-01  -1.3351993e-01   4.0749012e-01  -3.8395837e-03  -8.0863019e-03   8.7300236e-03
   1.4403884e-01   8.7822857e-02   4.7548807e-01   4.2900607e-03  -8.6312247e-03   8.0779989e-03
   2.4288893e-01  -3.8738253e-01   2.5469254e-01  -9.7949596e-04  -7.7804014e-03   1.3206241e-02
   1.3749966e-01  -2.8762755e-01  -1.4311665e-01  -1.4241681e-03  -8.4502079e-03   1.1443794e-02
   2.0531529e-01  -1.0113411e-01  -9.0388494e-03  -1.3654377e-03  -8.5151501e-03   1.1526268e-02
   2.5264827e-01  -1.8269344e-01  -6.9528035e-02  -1.9393517e-03  -8.8260536e-03   1.2054877e-02
   3.1734060e-01  -1.6621138e-01  -5.2277611e-02  -3.0542567e-03  -9.5256324e-03   1.1738349e-02
   4.2118009e-01  -2.2387289e-01  -5.8547719e-02  -4.1897955e-03  -1.0710603e-02   1.2108353e-02
   4.5950297e-01  -1.6965207e-01  -6.9060096e-02  -5.7236495e-03  -1.1065195e-02   1.2240043e-02
   4.5472705e-01  -1.8893619e-01  -4.8996285e-02  -5.8217996e-03  -1.1835928e-02   1.2143957e-02
   4.3646486e-01  -1.5556592e-01   3.9518022e-02  -5.2127472e-03  -1.1585252e-02   1.1646999e-02
   3.9209862e-01  -1.2128481e-01   5.3904379e-02  -2.6792152e-03  -1.0105021e-02   1.1481369e-02
   3.7776400e-01  -1.7584099e-01   4.5106672e-02  -3.3568539e-03  -1.0685684e-02   1.1526274e-02
   4.1484257e-01  -1.8387344e-01   2.4853333e-02  -4.2060631e-03  -1.0796413e-02   1.1641862e-02
   3.9028163e-01  -1.1972386e-01   1.4246932e-01  -2.9094504e-03  -1.1141023e-02   1.1641139e-02
   3.4650903e-01  -2.3660402e-01   1.5036588e-01  -2.6320089e-03  -1.1666887e-02   1.1311529e-02
   3.1943561e-01  -2.0966132e-01   1.1117036e-01  -2.9666726e-03  -1.1676552e-02   1.1188466e-02
   3.3560140e-01  -1.5308538e-01   1.4935677e-01  -3.6958002e-03  -1.1992966e-02   1.1203268e-02
   3.5796244e-01  -1.6652929e-01   1.8022964e-01  -4.2089380e-03  -1.1900369e-02   1.1697730e-02
   3.5569481e-01  -1.8957617e-01   1.5854636e-01  -4.3569590e-03  -1.2220229e-02   1.1028742e-02
   3.8587912e-01  -2.3658879e-01   4.1703811e-02  -4.2086461e-03  -1.1867636e-02   1.1049072e-02
   3.9639364e-01  -1.9568034e-01   3.4132153e-02  -4.4653293e-03  -1.2459435e-02   1.0982078e-02
   4.1033544e-01  -2.0282920e-01   6.8320974e-02  -5.3776599e-03  -1.2433333e-02   1.1639346e-02
   4.2677063e-01  -4.7925021e-02   2.0923908e-01  -4.9677913e-03  -1.2335351e-02   1.1728902e-02
   4.2929968e-01  -2.9757545e-01   1.2014231e-01  -5.1167740e-03  -1.2254444e-02   1.2194537e-02
   4.1098834e-01  -2.7595385e-01   8.1605910e-02  -4.9722805e-03  -1.2321579e-02   1.1478946e-02
   4.4581371e-01  -1.7612416e-01   6.9389293e-02  -5.5063089e-03  -1.2822948e-02   1.1919051e-02
   4.1813585e-01  -1.9521091e-01   1.7872295e-02  -2.7065773e-03  -1.3006233e-02   1.0758223e-02
   4.0979170e-01  -3.0614094e-01  -1.4737173e-01  -2.8697029e-03  -1.4458749e-02   1.2164759e-02
   4.4459130e-01  -5.5337212e-02   3.9389069e-02  -2.1054121e-03  -1.4070971e-02   1.2552101e-02
   4.3056717e-01  -2.1390718e-01  -9.4181149e-03  -2.1504504e-03  -1.4259110e-02   1.2733815e-02
   4.5518045e-01  -1.8623438e-01  -2.5711679e-03  -2.5126646e-03  -1.4522041e-02   1.2846352e-02
   4.7941266e-01  -1.8141068e-01  -1.2000474e-02  -3.4404178e-03  -1.4904276e-02   1.2990011e-02
   4.9146037e-01  -2.0026913e-01  -4.8686457e-02  -4.3254828e-03  -1.4667876e-02   1.2946089e-02
   5.1364573e-01  -1.8741197e-01  -6.0796255e-02  -5.5348360e-03  -1.4177427e-02   1.2849812e-02
   5.6774030e-01  -2.4384578e-01  -9.9856060e-02  -5.4806408e-03  -1.5023396e-02   1.3111740e-02
   6.0619891e-01  -2.0172368e-01  -5.4751438e-02  -6.3696541e-03  -1.5074731e-02   1.3336914e-02
   5.8727079e-01  -2.0679812e-01  -2.9358013e-02  -6.4749237e-03  -1.5029493e-02   1.3597553e-02
   5.6932100e-01  -1.6112631e-01   2.5108262e-02  -6.0501099e-03  -1.4421536e-02   1.3622275e-02
   5.5542923e-01  -2.1811043e-01  -3.5455187e-02  -5.7014193e-03  -1.4420031e-02   1.3710819e-02
   6.1491086e-01  -1.9045222e-01   7.1189703e-02  -3.0169275e-03  -1.3883771e-02   1.1899928e-02
   5.7853567e-01  -3.7603180e-01   5.6367913e-02  -5.2792669e-03  -1.3686767e-02   1.3665357e-02
   5.5274533e-01  -4.0836957e-02   1.9891150e-01  -5.1340570e-03  -1.3664050e-02   1.3144805e-02
   4.7522741e-01  -3.0207681e-01   8.3400238e-02  -4.1638464e-03  -1.4461050e-02   1.3429768e-02
   2.4268601e-01  -1.1640573e-01   7.6621485e-02  -4.1314369e-03  -1.4812345e-02   6.4141521e-03
   4.1976962e-01  -1.1919149e-01   1.9529362e-01  -4.5003197e-03  -1.4362759e-02   9.1929968e-03
   4.6359124e-01  -2.2680437e-01   3.3696963e-01  -3.4625679e-03  -1.3577427e-02   8.1374598e-03
   6.0713601e-01  -1.0927962e-01   7.8339990e-01  -3.7748152e-03  -1.4141655e-02   6.2651126e-03
   5.1691154e-01  -2.5238590e-01   7.2461469e-01  -3.5719715e-03  -1.4047234e-02   7.8529352e-03
   5.4055194e-01  -3.0668962e-01   6.1299597e-01  -4.8171857e-03  -1.3426474e-02   9.5472064e-03
   5.6455021e-01  -3.3200767e-01   5.4091396e-01  -4.7984054e-03  -1.3229533e-02   1.0703952e-02
   5.4824847e-01  -2.1578606e-01   5.4315146e-01  -5.8286435e-03  -1.2252398e-02   1.0395362e-02
   5.5668878e-01  -2.4065751e-01   5.3931063e-01  -6.0292654e-03  -1.2931733e-02   1.1213659e-02
   5.3624621e-01  -1.6268865e-01   6.7550159e-01  -4.0828800e-03  -1.3633981e-02   1.1863433e-02
   4.3073497e-01  -7.1507273e-02   1.0139644e+00  -9.5094474e-04  -1.3799285e-02   1.2252500e-02
   4.2303080e-01  -3.2878158e-01   9.1611881e-01  -3.2769717e-03  -1.4337192e-02   1.3049366e-02
   4.3503316e-01  -2.5236731e-01   8.9149216e-01  -3.9704264e-03  -1.4327638e-02   1.4200624e-02
   4.2615596e-01  -1.2166908e-01   9.2934999e-01  -5.2960677e-03  -1.4494034e-02   1.4659741e-02
   4.7566344e-01  -2.2348480e-01   9.1750971e-01  -5.2464737e-03  -1.4239795e-02   1.5403281e-02
   4.4531561e-01  -2.8291387e-01   9.0646885e-01  -5.2438382e-03  -1.4391440e-02   1.5267346e-02
   4.6111767e-01  -1.9280188e-01   8.9762079e-01  -6.0328556e-03  -1.4603625e-02   1.5826997e-02
   4.6829204e-01  -1.3564266e-01   1.0392077e+00  -6.0729358e-03  -1.4541971e-02   1.6347156e-02
   4.7202842e-01  -3.9875736e-01   9.2922558e-01  -6.1068459e-03  -1.4926194e-02   1.6557564e-02
   4.9173117e-01  -2.4078671e-01   9.1440879e-01  -6.4485839e-03  -1.5138894e-02   1.6891853e-02
   5.0158922e-01  -2.0035161e-01   9.5858328e-01  -6.4256691e-03  -1.5010022e-02   1.7360852e-02
   5.1408770e-01  -2.4916678e-01   9.3765361e-01  -6.3284720e-03  -1.5139113e-02   1.7550744e-02
   5.0324501e-01  -2.0465866e-01   9.4341157e-01  -6.2107188e-03  -1.4260361e-02   1.6944528e-02
   5.1810944e-01  -1.7582587e-03   1.0714490e+00  -3.1090930e-03  -1.5033700e-02   1.7251864e-02
   4.5876761e-01  -4.8498361e-01   7.9704019e-01  -3.7392959e-03  -1.5777056e-02   1.6378811e-02
   3.8669671e-01  -2.1372126e-02   1.1665505e+00  -9.2236301e-04  -1.5645018e-02   1.6246773e-02
   4.5684620e-01  -3.5959609e-01   9.4208116e-01  -3.2021549e-03  -1.4582771e-02   1.7343516e-02
   4.9805082e-01  -1.7652466e-01   1.0404524e+00  -4.7837253e-03  -1.4086593e-02   1.7777890e-02
   5.2282725e-01  -2.0520993e-01   1.0174931e+00  -5.9015436e-03  -1.4895748e-02   1.8327670e-02
   5.3411685e-01  -2.9823292e-01   9.9377188e-01  -5.8722304e-03  -1.5236620e-02   1.8683954e-02
   5.3141301e-01  -2.4410943e-01   1.0074044e+00  -7.4191737e-03  -1.4973474e-02   1.8070395e-02
   4.9866585e-01  -2.2924208e-01   1.0140406e+00  -7.8138923e-03  -1.6703518e-02   1.7811892e-02
   5.3078439e-01  -2.3246998e-01   9.6585237e-01  -8.0773549e-03  -1.6192003e-02   1.8140520e-02
   5.5766012e-01  -2.2809896e-01   9.4230475e-01  -8.5153596e-03  -1.6075003e-02   1.8208142e-02
   5.5116993e-01  -2.6711273e-01   9.3757072e-01  -8.1331399e-03  -1.6490255e-02   1.7736403e-02
   5.6222574e-01  -2.6674017e-01   9.5037050e-01  -8.7471600e-03  -1.6335923e-02   1.8339245e-02
   5.5925308e-01  -1.8868916e-01   1.0179360e+00  -8.8774783e-03  -1.6371242e-02   1.8366664e-02
   5.7985505e-01  -3.0047550e-01   9.7652274e-01  -8.5212676e-03  -1.6891341e-02   1.8764389e-02
   5.9307362e-01  -2.3004090e-01   9.7551166e-01  -8.8593657e-03  -1.7034674e-02   1.9335603e-02
   5.8571114e-01  -2.0114357e-01   9.9466545e-01  -8.0174041e-03  -1.6685576e-02   1.9403305e-02
   6.0130680e-01  -2.2712138e-01   9.7966551e-01  -7.9968000e-03  -1.6294642e-02   1.9172783e-02
   5.2758480e-01  -2.4479206e-01   8.6740545e-01  -6.9120395e-03  -1.6055226e-02   1.7257599e-02
   6.9463814e-01   1.5053041e-01   1.2090589e+00   4.5983473e-03  -1.2799193e-02   1.5933046e-02
   5.4777337e-01  -5.5563246e-01   1.2779641e+00  -2.0235186e-03  -1.4244113e-02   1.6003994e-02
   4.5513704e-01  -6.7154059e-01   7.7697201e-01  -4.6179772e-03  -1.5093001e-02   1.7306388e-02
   4.4367997e-01  -2.8882267e-01   7.5518170e-01  -5.6009056e-03  -1.5521703e-02   1.8051837e-02
   4.3656059e-01  -2.2815131e-01   6.8571349e-01  -4.8601877e-03  -1.5743476e-02   1.8718946e-02
   4.9254766e-01  -1.6073454e-01   8.7443988e-01  -6.0942515e-03  -1.5879801e-02   2.0233924e-02
   4.1816590e-01  -2.6511498e-01   9.1971610e-01  -4.0253120e-03  -1.7323024e-02   1.8193486e-02
   5.0216047e-01   1.9008880e-01   1.3064782e+00  -3.2468865e-03  -1.4467247e-02   1.7372041e-02
   4.2742619e-01  -8.7893166e-01   7.1897434e-01  -7.6707553e-03  -1.5314621e-02   1.7648523e-02
   4.0324849e-01  -4.3179646e-01   7.3017281e-01  -7.2300128e-03  -1.6036600e-02   1.7704657e-02
   4.5269015e-01  -3.4411454e-01   6.9729883e-01  -6.7004575e-03  -1.6111207e-02   1.8139823e-02
   5.0903597e-01  -3.6746768e-01   7.5532745e-01  -8.8908724e-03  -1.4447417e-02   1.9185064e-02
   5.2946309e-01  -3.1628482e-01   7.5472723e-01  -1.0548115e-02  -1.6037497e-02   2.0199050e-02
   5.6066241e-01  -2.9517700e-01   7.3779724e-01  -1.2224247e-02  -1.6951842e-02   2.0433778e-02
   6.1313380e-01  -3.2368852e-01   7.1260299e-01  -1.3938504e-02  -1.6789642e-02   2.1095854e-02
   6.1733287e-01  -2.9655501e-01   7.8087875e-01  -1.3994136e-02  -1.6852442e-02   2.0986944e-02
   6.3164684e-01  -2.9643691e-01   7.8388640e-01  -1.2340522e-02  -1.6709677e-02   2.1327458e-02
   6.7069870e-01  -4.2531390e-01   6.7352524e-01  -1.3407961e-02  -1.7727494e-02   2.1493292e-02
   6.9756694e-01  -3.5290334e-01   6.6090961e-01  -1.3302332e-02  -1.8117925e-02   2.1650874e-02
   6.8486338e-01  -1.9505708e-01   7.6137772e-01  -1.0203143e-02  -1.7724414e-02   2.1810965e-02
   6.8377902e-01  -3.3657978e-01   7.9422126e-01  -1.2452650e-02  -1.7774690e-02   2.1969450e-02
   6.8879026e-01  -1.7910845e-01   1.0309137e+00  -9.9125966e-03  -1.8163815e-02   2.1677526e-02
   7.2684444e-01  -4.8893283e-01   8.1591543e-01  -9.9577096e-03  -1.7724710e-02   2.2509442e-02
   6.9093957e-01  -3.7890671e-01   8.0915508e-01  -3.2109841e-03  -1.9572920e-02   1.9207831e-02
   6.3898737e-01  -6.5363911e-02   1.6301154e+00  -1.3728606e-03  -1.7501717e-02   1.8817683e-02
   1.9954564e-01   1.8390689e-01   2.1903861e+00  -5.2515649e-03  -6.4456653e-03   1.3263975e-02
   1.3957748e-01   1.4090810e-01   2.4571979e+00   4.8691464e-03  -2.0542462e-03   1.4175904e-02
   1.4339331e-01  -3.0602294e-01   1.9287866e+00   2.1047562e-02  -2.7691631e-04   1.1825270e-02
  -2.0649274e-01  -7.4673016e-01   1.5507882e+00   7.2700924e-03  -3.8432389e-03   1.2206078e-02
  -1.5165382e-01  -2.0181694e-01   1.3894512e+00   1.2369514e-02  -7.4201965e-03   1.3692985e-02
  -7.2526820e-02  -2.6384175e-01   1.0006505e+00   5.5299547e-03  -8.9846791e-03   1.6996990e-02
  -1.6740091e-02  -3.8220278e-02   9.0877394e-01   2.9223258e-03  -9.3730010e-03   1.9679424e-02
   7.7579780e-02  -1.5933268e-02   1.0262486e+00   9.7387095e-04  -1.0353592e-02   2.0113386e-02
   3.3507903e-02  -3.8056497e-02   9.8334754e-01   7.4826037e-03  -1.2310473e-02   1.7538659e-02
   1.4803455e-01  -3.6239639e-03   1.2479595e+00   7.3437920e-03  -1.1730045e-02   1.9977773e-02
   1.4766635e-01   2.9786340e-02   1.1328027e+00   4.3556771e-03  -1.0750272e-02   2.0837424e-02
   1.5448375e-01   1.5864443e-01   1.2797756e+00   5.2415477e-03  -1.2013298e-02   2.0464095e-02
   1.7541208e-01  -1.4680371e-01   9.8830384e-01   1.4319641e-03  -1.2015388e-02   2.1447326e-02
   2.1505359e-01  -3.1835339e-02   9.8989453e-01  -1.8390483e-03  -1.1853163e-02   2.3091513e-02
   2.2652481e-01  -5.8427902e-02   1.0196308e+00  -2.5308330e-04  -1.3462012e-02   2.3247332e-02
   2.6759114e-01   2.5572778e-01   1.3811742e+00   2.6274161e-03  -1.2356231e-02   2.3515195e-02
   2.2126015e-01  -2.6704404e-01   1.0984048e+00   1.9318705e-03  -1.2511437e-02   2.3263687e-02
   2.8871927e-01   6.3852323e-02   1.0487497e+00   4.1308440e-03  -1.1939168e-02   2.3891083e-02
   3.1622745e-01   2.2881541e-01   1.3170997e+00   9.1301218e-03  -1.0725100e-02   2.1838706e-02
   3.5059897e-01  -1.4191831e-01   1.0239216e+00   6.1274883e-03  -1.1864281e-02   2.3325754e-02
   3.7628222e-01   1.4999185e-01   1.2347734e+00   4.3952557e-03  -1.2103587e-02   2.2208057e-02
   2.9275385e-01  -1.2303011e-01   1.1300474e+00   1.3856871e-03  -1.3329458e-02   2.1654234e-02
   2.7003569e-01   1.4183758e-02   1.0754121e+00   2.6145330e-03  -1.3443137e-02   2.2310063e-02
   3.0369707e-01  -2.5321100e-02   1.0240136e+00   3.6844826e-03  -1.3183963e-02   2.3302104e-02
   3.4698919e-01   1.6054183e-03   9.7768386e-01   2.8649249e-03  -1.3569385e-02   2.3343979e-02
   3.5742384e-01   1.0589514e-01   1.1142954e+00   3.7774635e-03  -1.3151982e-02   2.3504163e-02
   3.6434762e-01  -8.2776349e-02   1.0125248e+00   2.9462214e-03  -1.3464258e-02   2.4634058e-02
   3.9902549e-01  -2.5004160e-02   8.7852410e-01   1.6329617e-03  -1.4361181e-02   2.4459454e-02
   3.9607345e-01   8.3320250e-02   9.8061650e-01   2.6521117e-03  -1.4842069e-02   2.4474730e-02
   4.2961446e-01  -1.9166447e-02   9.4774967e-01   2.4147354e-03  -1.5570313e-02   2.4439665e-02
   4.1886215e-01  -8.5181110e-02   8.9770294e-01   2.6383612e-03  -1.5383956e-02   2.4399962e-02
   4.2684596e-01  -7.5862820e-03   9.2281390e-01   2.6941475e-03  -1.5702461e-02   2.4184311e-02
   4.1070429e-01   8.5694880e-03   9.8092783e-01   3.1766994e-03  -1.6353955e-02   2.4350027e-02
   5.0119512e-01  -1.3619043e-01   9.4703928e-01   3.2207631e-03  -1.5998352e-02   2.4452344e-02
