   0.0000000e+00  -1.0028121e-14   7.1054274e-15   3.0814879e-33   2.6727647e-51   1.0293663e-18
   4.7607917e-03   4.6517366e-02  -3.1567044e-02   7.5207482e-04  -8.7852248e-05   1.0753572e-04
  -7.1769766e-04   5.7024221e-02  -3.5086742e-02   3.9497358e-04  -1.3323726e-05   1.3785709e-04
   2.3062421e-03   6.2910733e-02  -4.7096502e-02   7.1604038e-04   1.2420282e-04   2.4498761e-04
   7.4717001e-03   2.9034980e-02  -2.6825686e-02   6.8083831e-04   3.1293073e-04   4.2217526e-04
   1.0106109e-02   8.8669162e-02   1.1117609e-02   3.9211644e-04   3.7686822e-04   5.2349557e-04
   1.5342554e-02  -3.8037593e-02  -6.0974480e-02   1.0792221e-03   4.3871270e-04   7.1003963e-04
   2.7459699e-02  -2.9121536e-02  -5.8669499e-02   1.5714395e-03   4.5185972e-04   9.3324033e-04
   3.7875372e-02   1.4964593e-02  -4.6771475e-02   1.4546742e-03   6.0643501e-04   9.1208650e-04
   3.0690386e-02   1.7517180e-02  -4.2423935e-02   1.3008195e-03   8.4888554e-04   9.5153335e-04
   3.6418299e-02  -1.3385259e-02  -4.0597401e-02   1.5010824e-03   9.8402330e-04   1.0264706e-03
   3.6797506e-02   2.2824829e-02  -2.6453421e-02   1.5080415e-03   1.3269807e-03   1.0916926e-03
   4.5002989e-02   4.0316806e-02  -3.6796419e-02   1.2972776e-03   1.7182531e-03   1.2408697e-03
   4.8629991e-02   1.1289346e-02  -4.8396005e-02   1.4758782e-03   1.8808156e-03   1.4048693e-03
   4.6652228e-02   4.4140384e-02  -5.8276576e-02   1.1717292e-03   2.5021266e-03   1.4579796e-03
   6.2006253e-02  -2.3676016e-02  -7.1696122e-02   1.2840575e-03   2.4535474e-03   1.7959458e-03
   5.5831099e-02   7.2369090e-03  -6.0455441e-02   1.6125376e-03   2.0206216e-03   1.7204965e-03
   5.7281720e-02  -1.8245556e-03  -6.1093408e-02   1.4812803e-03   1.9762273e-03   1.6697275e-03
   5.4488701e-02   2.2052135e-02  -5.0239160e-02   1.2406970e-03   2.1111168e-03   1.5212199e-03
   5.6012244e-02  -1.7923394e-03  -6.0028407e-02   1.3271091e-03   2.0668781e-03   1.4805300e-03
   5.8910985e-02  -8.7333942e-03  -6.3399318e-02   1.2148912e-03   2.0308011e-03   1.5081364e-03
   6.1637168e-02   2.2008751e-02  -6.3115160e-02   1.4449505e-03   2.0046730e-03   1.5372491e-03
   6.2887366e-02  -3.7948158e-03  -6.6727305e-02   1.3247862e-03   2.1285553e-03   1.5211166e-03
   6.0215275e-02   3.8815616e-02  -6.9034205e-02   1.2781237e-03   2.2721083e-03   1.5656073e-03
   5.4853161e-02   3.8758988e-03  -6.9226558e-02   1.0575385e-03   2.2764786e-03   1.4066872e-03
   5.6269100e-02   2.3085916e-02  -7.5165740e-02   1.1564552e-03   2.4660517e-03   1.4380363e-03
   4.7919782e-02   3.8195727e-02  -7.0421737e-02   8.9653528e-04   2.2330651e-03   1.1197108e-03
   2.8089839e-02   1.3399679e-02  -4.9439471e-02   9.0763276e-04   1.7006388e-03   8.8002155e-04
   1.1224800e-02   2.6632374e-02  -5.7168194e-02   8.2366927e-04   1.7097047e-03   6.6423904e-04
  -2.1971407e-03   1.6764368e-02  -5.9201974e-02   7.6592939e-04   1.5737857e-03   4.5741431e-04
  -1.1676383e-02   3.1183558e-02  -5.8694940e-02   8.7923629e-04   1.5771971e-03   2.6052997e-04
   2.2744036e-03   3.4036136e-02  -7.1409335e-02   6.6507027e-04   1.7703662e-03   4.9582371e-04
  -5.7279996e-03   1.1037500e-02  -6.6289840e-02   4.8408602e-04   1.5088576e-03   2.7262969e-04
  -7.2702558e-03   1.4525794e-02  -7.7286030e-02   4.8521726e-04   1.5715631e-03   1.6419740e-04
  -1.7586844e-02   2.5838656e-02  -8.7675451e-02   5.6524437e-04   1.5334581e-03   9.7869641e-05
  -2.0566702e-02   1.7637399e-02  -7.6857305e-02   7.3451130e-04   1.2373716e-03   4.5202716e-06
  -2.2040735e-02  -1.4813650e-03  -8.3833552e-02   8.9576077e-04   1.1190037e-03  -7.0259472e-05
  -1.2399210e-02  -6.7262727e-03  -8.2617910e-02   6.7401974e-04   1.2847326e-03   6.7476152e-05
  -2.4119269e-02  -3.7926635e-03  -8.8042914e-02   7.7197492e-04   1.1504714e-03  -4.0857841e-05
  -3.3841340e-02   5.7874045e-03  -1.0325753e-01   4.9310965e-04   1.3388267e-03  -2.0130589e-04
  -4.3986122e-02   6.3154247e-03  -1.0756247e-01   7.2359379e-04   1.2189205e-03  -4.0006590e-04
  -5.1204798e-02   2.8679656e-03  -1.1966688e-01   8.8878861e-04   1.2258908e-03  -4.9808297e-04
  -4.4112597e-02  -4.2483346e-02  -1.5368270e-01   1.7576991e-03   6.6065261e-04  -2.5359629e-04
  -6.0109858e-02  -2.4990304e-02  -1.7131321e-01   1.3667196e-03   7.2188177e-04  -4.5065381e-04
  -6.0036400e-02   2.3608285e-02  -1.4172655e-01   1.2094833e-03   8.5777242e-04  -4.1287447e-04
  -5.3295137e-02  -3.0971087e-02  -1.3832782e-01   1.1731192e-03   1.2240158e-03  -4.3909064e-04
  -4.3510911e-02  -1.9551068e-02  -1.5604045e-01   1.4092094e-03   1.1491391e-03  -2.7033932e-04
  -4.5426590e-02  -4.2999576e-03  -1.7029605e-01   1.5858330e-03   1.4750100e-03  -2.8599883e-04
  -5.4168169e-02  -3.1778869e-02  -1.8002393e-01   1.7632636e-03   1.7164960e-03  -4.2987694e-04
  -5.7282409e-02  -3.8836712e-03  -1.8147578e-01   1.6960016e-03   1.7623423e-03  -4.7501082e-04
  -5.6957336e-02  -3.5828998e-02  -1.9960330e-01   1.7802962e-03   1.9986897e-03  -4.5058275e-04
  -5.6925868e-02  -2.3677163e-02  -2.0724156e-01   1.8551660e-03   2.1006800e-03  -4.7982121e-04
  -6.0492263e-02   3.0328834e-02  -2.0183161e-01   1.7341411e-03   2.4606075e-03  -5.4313255e-04
  -6.3295724e-02   2.4176448e-03  -2.1322193e-01   1.5818513e-03   2.6291311e-03  -4.0956632e-04
  -4.7804157e-02  -1.7580847e-03  -2.0234551e-01   1.6159908e-03   2.6315880e-03  -2.3554501e-04
  -4.5433904e-02   6.0516696e-03  -1.9801063e-01   1.4826346e-03   2.8359668e-03  -1.3333240e-04
  -3.3059477e-02   3.7802217e-02  -1.6356933e-01   1.1368141e-03   2.6509857e-03  -3.5037265e-05
  -2.0677321e-02  -1.2493617e-02  -1.9741226e-01   1.3249200e-03   2.4286415e-03   6.7894210e-05
  -2.3906526e-02  -1.1245513e-02  -2.0116500e-01   1.2698714e-03   2.6215741e-03   9.8525903e-05
  -2.9853576e-02   1.8322772e-02  -2.1522835e-01   1.3458005e-03   2.8947457e-03   1.3720454e-04
  -4.0077599e-02   9.8916688e-03  -2.1006949e-01   1.7060890e-03   2.7046136e-03  -8.9081607e-05
  -3.9612462e-02  -3.2997478e-02  -2.0319181e-01   1.6731079e-03   2.6398824e-03  -9.0885960e-05
  -3.7213868e-02  -8.5043799e-02  -1.6272468e-01   2.0659534e-03   2.0971539e-03  -3.5668923e-04
  -3.7205882e-02  -5.2895852e-02  -1.6365872e-01   1.6204796e-03   2.0660355e-03  -3.4385845e-04
  -3.5394344e-02  -6.1257552e-02  -1.8775029e-01   1.9220524e-03   2.1355330e-03  -3.6148707e-04
  -5.0308943e-02   2.7227069e-02  -1.2212224e-01   1.7906587e-03   2.4625514e-03  -5.7471611e-04
  -4.6991021e-02  -3.0768299e-02  -1.3624976e-01   1.3969102e-03   2.3371978e-03  -6.4824805e-04
  -3.7447173e-02  -5.1284296e-02  -1.4887741e-01   1.6380545e-03   2.2977066e-03  -6.3481688e-04
  -4.4435583e-02  -3.9177763e-03  -1.2755065e-01   1.9125709e-03   2.2344302e-03  -8.0331597e-04
  -2.3343086e-02  -2.1533317e-02  -1.1542563e-01   1.8867092e-03   2.4121918e-03  -4.7113890e-04
  -2.0496124e-02  -3.6606043e-02  -1.0519203e-01   1.8982942e-03   2.5699117e-03  -2.9472918e-04
  -2.4366378e-02  -7.4307740e-02  -1.2139231e-01   1.9794028e-03   2.4547767e-03  -3.4699080e-04
  -2.2464999e-02  -3.8271775e-02  -1.2637382e-01   1.9518636e-03   2.5250561e-03  -2.8739901e-04
  -1.4559935e-02  -4.1872751e-02  -1.1796139e-01   1.9946135e-03   2.6138277e-03  -1.0271592e-04
  -8.6824888e-03  -1.4117692e-02  -1.0785354e-01   2.0493565e-03   2.7466917e-03   1.0350653e-04
   2.3323133e-03  -2.6970600e-02  -1.0844529e-01   1.9460272e-03   2.7421808e-03   5.3367934e-05
   1.3483178e-02  -1.0046295e-02  -1.0862962e-01   1.9089348e-03   2.8717573e-03   2.2768462e-04
   2.6747367e-02  -3.7838249e-02  -1.2031881e-01   1.8802112e-03   2.7176792e-03   3.4592227e-04
   2.9943299e-02  -7.7775432e-03  -1.1107464e-01   1.6320579e-03   2.7898772e-03   4.0571147e-04
   1.4162964e-02  -1.8774124e-02  -1.0521774e-01   1.5730664e-03   2.6662132e-03   2.5199481e-04
   1.0387631e-02  -6.8763443e-02  -1.1595441e-01   1.8564814e-03   2.4983064e-03   2.8852751e-04
   4.9718930e-03  -2.7199942e-02  -8.6700658e-02   1.9660339e-03   2.4091184e-03   2.7505298e-04
  -8.2857389e-03  -1.6518657e-02  -8.3704747e-02   1.7075834e-03   2.5093305e-03   7.5915713e-05
  -5.4052458e-03   2.3725572e-02  -8.1941765e-02   1.3001994e-03   2.5221940e-03   1.4177851e-04
   6.9344753e-03  -1.9316649e-02  -9.0056175e-02   1.1720826e-03   2.4977570e-03   3.2444927e-04
   8.6954608e-03  -2.3192039e-02  -1.0061431e-01   1.2501965e-03   2.3847360e-03   3.5669722e-04
   1.9710289e-02  -7.9632278e-03  -1.0015593e-01   1.4523034e-03   2.3714923e-03   4.8205905e-04
   2.0430725e-02  -1.5894771e-02  -9.4613537e-02   1.3102450e-03   2.3824663e-03   3.4032148e-04
   2.1476032e-02  -2.7964542e-02  -1.0545053e-01   1.2116866e-03   2.4011491e-03   2.5145810e-04
   2.3976064e-02  -1.7260949e-02  -1.2018461e-01   1.4098240e-03   2.2408355e-03   2.9179737e-04
   4.7362313e-02  -1.3437623e-02  -1.1488357e-01   1.5653992e-03   2.6094825e-03   5.9207839e-04
   3.8301484e-02  -2.6401204e-02  -1.0926373e-01   1.6780385e-03   2.4840445e-03   5.8755481e-04
   2.5215040e-02  -1.3886710e-02  -1.0203338e-01   1.4964618e-03   2.4900559e-03   3.9230595e-04
   2.2837888e-02  -2.1151046e-03  -6.3345412e-02   1.4466424e-03   2.0438566e-03   5.9857002e-04
   3.3207668e-03  -4.9679333e-02  -1.1414729e-01   1.6970327e-03   1.9197895e-03   3.2204516e-04
  -3.2691532e-03  -4.4906426e-02  -9.6457450e-02   1.6309876e-03   2.1072595e-03   3.2063079e-04
   7.8410519e-03  -6.7439240e-02  -1.0217045e-01   1.5957303e-03   1.8920222e-03   4.7715224e-04
  -6.7746447e-03  -3.5093564e-03  -6.3595565e-02   1.4419128e-03   2.1361649e-03   1.3387446e-04
   6.6353985e-03  -7.3730446e-02  -9.0834748e-02   1.4440731e-03   2.2505113e-03   3.0829089e-04
   1.3042973e-02   2.0274758e-02  -5.9852559e-02   9.6118740e-04   2.1023768e-03   3.3779878e-04
   5.8309555e-03  -3.6784662e-02  -7.8073585e-02   1.5211503e-03   2.1570972e-03   2.5072868e-04
   8.7362962e-03  -1.1321856e-02  -6.3496441e-02   1.2907970e-03   2.3427303e-03   2.8666383e-04
   9.6139653e-03  -1.9409873e-02  -6.0184306e-02   1.5224762e-03   2.3986513e-03   2.1844036e-04
   8.1655389e-03  -2.7872039e-02  -5.7498277e-02   1.5424170e-03   2.3724310e-03   2.0958340e-04
   1.4017525e-02  -3.5207183e-02  -5.9643196e-02   1.4035668e-03   2.5048515e-03   2.8392602e-04
   1.4670321e-02  -3.4713133e-02  -7.2434937e-02   1.5274314e-03   2.1142214e-03   2.9450238e-04
   3.3071264e-04  -8.2166380e-03  -6.1426052e-02   1.3233588e-03   1.9543030e-03   8.3986957e-05
   3.3070452e-03  -1.0475516e-02  -6.1042869e-02   1.3757404e-03   1.9256922e-03   2.6007853e-04
  -7.3605918e-03   4.5220058e-03  -4.2664202e-02   1.3285745e-03   1.7396761e-03   1.1425137e-04
  -2.3904777e-03  -2.6247468e-02  -4.2165498e-02   1.2329896e-03   1.6729326e-03   1.4136335e-04
  -5.0206247e-04  -7.6858757e-03  -2.9575275e-02   8.7873553e-04   1.6917675e-03   6.1376469e-05
  -1.3160992e-02   8.1129810e-03  -2.2345805e-02   6.3439390e-04   1.8107644e-03  -1.0265585e-04
  -1.2723781e-02  -5.7250760e-03  -2.9805764e-02   7.9080566e-04   1.7726538e-03  -1.5341122e-04
  -2.4872801e-02   2.1209490e-02   5.2246407e-03   7.2963765e-04   1.8059042e-03  -3.1883659e-04
  -2.1504592e-02   7.2706851e-03  -8.6684642e-03   6.4565595e-04   1.8265891e-03  -1.7036580e-04
  -2.1906252e-02  -1.4964969e-03  -1.9129790e-02   8.2885179e-04   1.7568396e-03  -2.5105680e-04
  -1.4738998e-02  -7.8585643e-03  -2.8100206e-02   8.2920759e-04   1.7062785e-03  -2.0670368e-04
  -5.9305726e-03  -2.0789221e-02  -2.7750481e-02   1.1556430e-03   1.5124012e-03  -1.2313311e-04
  -1.5624244e-02  -1.7543150e-02  -9.9529114e-03   6.9023184e-04   1.5643968e-03  -3.0602765e-04
   4.2342096e-03  -8.2531352e-02  -1.0956127e-02   8.6834941e-04   1.6784382e-03  -2.0493006e-04
  -1.5722199e-02   2.8793370e-02   4.5500135e-03   7.6661254e-04   1.2806267e-03  -3.5213645e-04
  -2.1295194e-02  -3.3226191e-02   3.3777041e-06   5.6030028e-04   1.1841783e-03  -5.5404781e-04
  -1.6217478e-02  -2.2369848e-02   9.4238803e-03   4.3930593e-04   1.2293278e-03  -3.2554045e-04
  -9.0946178e-03  -5.6102782e-03   6.5850160e-04   2.3201350e-04   1.4353344e-03  -2.1568291e-04
  -1.8758010e-02  -3.1085792e-03  -1.5729538e-02   6.9477504e-05   1.6439138e-03  -3.4146339e-04
  -2.6940127e-02  -3.6203371e-02  -1.5147188e-02   2.0775804e-04   1.7007265e-03  -4.5176904e-04
  -2.8066955e-04  -3.7320907e-02   4.8036255e-02  -4.6977486e-05   1.8631122e-03  -1.0743538e-04
   3.4769219e-03   8.6193132e-02   1.0005987e-01  -7.7391478e-04   1.8027873e-03   3.3015507e-05
   8.0681889e-03  -1.0598503e-02   9.0788315e-02  -6.8354697e-04   1.9371566e-03   1.7920650e-05
   2.3773652e-02  -2.2872678e-02   8.5923558e-02  -3.9243734e-04   2.0160189e-03   2.8065439e-04
   2.5391968e-02  -1.1761407e-02   1.0048107e-01  -6.2373135e-04   2.1959528e-03   2.4462621e-04
   2.5830805e-02   3.9874469e-03   1.0792193e-01  -6.1958147e-04   2.3554164e-03   1.8986473e-04
   3.1358087e-02  -2.8230108e-02   8.6397595e-02   3.5280253e-05   2.1638927e-03   3.9971432e-04
   1.7769437e-02  -8.4361493e-03   9.9423614e-02   2.2925882e-04   2.4440052e-03   4.4213868e-04
   1.8465084e-02   3.4942818e-02   1.5368154e-01  -9.7792745e-04   2.7356227e-03   1.9371951e-04
   3.1123778e-02  -4.8960400e-02   1.6992783e-01  -7.2081162e-04   2.1705310e-03   3.1132950e-04
   2.8002845e-02  -2.5673469e-02   1.8384320e-01  -1.0071179e-03   2.1613004e-03   1.9420811e-04
   2.0093248e-02   6.7977961e-03   1.8790127e-01  -1.1419848e-03   2.3574842e-03   1.4543768e-04
   1.0825048e-02   3.3555278e-03   1.8854573e-01  -1.3465043e-03   2.3662948e-03  -3.0945000e-05
   1.4883162e-02  -8.5540815e-03   1.8736061e-01  -1.2888155e-03   2.4421191e-03  -3.5922547e-07
   1.0110623e-02  -5.1310968e-03   1.8851055e-01  -1.4243617e-03   2.3605387e-03  -1.0212225e-04
   1.7249598e-02   2.6623535e-03   2.0858192e-01  -1.8197319e-03   2.3369039e-03  -1.0268308e-04
   1.9572504e-02   1.6734270e-02   2.0116549e-01  -1.6075246e-03   2.3898860e-03   8.2693577e-06
   1.3028920e-02   1.1506786e-03   2.0808844e-01  -1.6553558e-03   2.4504875e-03   3.7726213e-05
   1.2571385e-02   7.1983359e-03   2.0081385e-01  -1.5529973e-03   2.2805396e-03   1.3936209e-05
   1.4328358e-02   3.4305626e-02   2.4692256e-01  -1.6717984e-03   2.2623857e-03  -1.1441547e-04
   9.2236527e-03  -9.5395763e-03   2.6945666e-01  -1.7347949e-03   2.3852536e-03  -1.8973458e-04
   6.6780541e-03   1.9240048e-03   2.8306207e-01  -1.8565896e-03   2.2305226e-03  -1.5810902e-04
  -3.6476260e-03   1.7426619e-02   2.8304016e-01  -2.2488425e-03   2.4333937e-03  -2.8035415e-04
  -1.0487506e-02  -6.6288317e-03   2.8202600e-01  -2.5537655e-03   2.4494338e-03  -4.3531219e-04
  -9.8441344e-03   1.3352670e-02   2.9433550e-01  -2.8472434e-03   2.6752730e-03  -4.2035301e-04
  -5.1304565e-04   3.0111269e-02   2.8101194e-01  -2.8850886e-03   2.5878348e-03  -3.3990988e-04
   9.8773559e-03   1.2095999e-02   2.9057805e-01  -2.8027054e-03   2.8151573e-03  -3.2335932e-04
   1.3710125e-02  -1.8083728e-03   3.0223439e-01  -2.6335479e-03   2.8862353e-03  -2.9444777e-04
   1.4330387e-02   4.0861348e-02   3.0602271e-01  -2.6523033e-03   2.9881929e-03  -2.9647349e-04
   9.1771512e-03   2.2983704e-02   3.3072707e-01  -2.7650163e-03   3.1768121e-03  -4.4280275e-04
   2.1901009e-02  -1.6551174e-02   3.3101659e-01  -2.6003621e-03   3.1331042e-03  -3.0108332e-04
   3.8788233e-02  -8.8039869e-03   3.2733747e-01  -2.5262344e-03   3.3911820e-03  -5.2854658e-05
   3.6203306e-02   3.1029203e-02   3.4416587e-01  -2.3624250e-03   3.2951616e-03  -5.0217390e-05
   8.7123958e-02  -6.2145441e-04   3.9826404e-01  -3.4693389e-03   4.0701318e-03   7.5645515e-04
   7.7184890e-02  -1.0402843e-02   4.1877521e-01  -3.3915839e-03   4.2623352e-03   1.1021811e-03
   6.2346463e-02  -2.3148176e-02   3.7804743e-01  -3.3156901e-03   3.8577478e-03   8.4338851e-04
   6.7208505e-02   1.4597954e-02   3.6927165e-01  -3.2313394e-03   3.8916170e-03   8.0242447e-04
   7.9555122e-02   3.6899367e-03   3.6206239e-01  -3.2309169e-03   4.1232596e-03   9.6810830e-04
   8.1250699e-02   5.6797881e-03   3.4702153e-01  -3.2031962e-03   3.9944290e-03   1.1092238e-03
   7.5133995e-02   6.8464493e-02   3.6939468e-01  -3.7140055e-03   4.3205842e-03   8.4573233e-04
   8.6044237e-02   5.0758881e-02   3.4750261e-01  -3.3801376e-03   4.0622451e-03   1.0355238e-03
   9.5013422e-02   5.8670164e-02   3.4484335e-01  -3.6858730e-03   4.2118331e-03   1.0152511e-03
   9.9161107e-02   4.1765508e-03   3.1528870e-01  -3.6757595e-03   4.4285021e-03   1.0152729e-03
   1.1274991e-01  -9.8103446e-03   2.6992828e-01  -2.6085494e-03   4.8208826e-03   1.6701142e-03
   1.0784705e-01   3.5559836e-02   2.9031300e-01  -2.7037628e-03   4.4523346e-03   1.8366501e-03
   8.9411646e-02   4.1713473e-02   2.8476102e-01  -2.8664201e-03   4.0146372e-03   1.3019133e-03
   9.4998966e-02   2.4694199e-02   3.1022984e-01  -2.7961524e-03   3.6084731e-03   1.2304129e-03
   8.5106391e-02   1.4283788e-02   3.2815952e-01  -2.7495474e-03   3.7384698e-03   1.1547060e-03
   9.2211647e-02   3.2864820e-02   3.2446058e-01  -3.2482595e-03   3.3743211e-03   1.0214899e-03
   1.0394012e-01   5.5121641e-02   3.1561674e-01  -3.4077097e-03   3.2989951e-03   1.3326541e-03
   8.8531982e-02   3.6923229e-02   3.0935380e-01  -3.4661987e-03   3.1262767e-03   1.0325193e-03
   8.0924440e-02   4.6876064e-02   2.9079968e-01  -3.3883124e-03   2.9570537e-03   9.9473302e-04
   9.8777933e-02   4.3433541e-02   3.1666054e-01  -3.3639477e-03   2.9510529e-03   1.1399440e-03
   1.0389903e-01   3.1922451e-02   3.1065845e-01  -3.1995218e-03   2.7762121e-03   1.1875381e-03
   1.0261194e-01   4.9627608e-02   3.1725855e-01  -3.2010582e-03   3.0191239e-03   1.4056296e-03
   9.8723828e-02   2.3541186e-02   3.2531135e-01  -3.1420447e-03   2.9100829e-03   1.3191985e-03
   9.8743575e-02   2.4647533e-02   3.1845308e-01  -3.3326000e-03   3.1790080e-03   1.1966445e-03
   1.0656049e-01   5.0659454e-02   3.2302654e-01  -3.1729805e-03   2.8908135e-03   1.2259641e-03
   7.8401689e-02   4.7824336e-02   3.6085491e-01  -3.4617944e-03   2.5534084e-03   8.5389473e-04
   8.0689404e-02   2.7766283e-02   3.4716788e-01  -3.3129329e-03   2.5995298e-03   8.5769141e-04
   7.6928363e-02   4.1319484e-02   3.5868630e-01  -3.4650388e-03   2.7544120e-03   9.2448468e-04
   7.1530052e-02   3.5585132e-02   3.5756803e-01  -3.6098522e-03   2.5631554e-03   8.3884451e-04
   9.3483981e-02   2.4922945e-03   3.8369779e-01  -3.9926193e-03   2.4577542e-03   1.0468320e-03
   9.0405003e-02   4.0571513e-02   3.6200400e-01  -4.3619204e-03   2.6318816e-03   9.8127894e-04
   8.4719256e-02   4.7603603e-02   3.5181811e-01  -3.9920334e-03   2.5300975e-03   8.5437890e-04
   1.0061034e-01   2.9520960e-02   3.4892199e-01  -3.8659610e-03   2.8077781e-03   1.0219741e-03
   9.8245228e-02   4.4987544e-02   3.6072766e-01  -3.7040011e-03   2.7818652e-03   1.0187459e-03
   9.9094911e-02   4.0055300e-02   3.6094339e-01  -3.6505868e-03   2.9178397e-03   1.0631909e-03
   9.6176071e-02   3.4965562e-02   3.6732348e-01  -3.8196556e-03   2.8599043e-03   1.0472833e-03
   8.6690447e-02   4.8087954e-02   3.6395005e-01  -3.8988176e-03   2.9860210e-03   9.3537384e-04
   8.8309402e-02   2.6381787e-02   3.8195433e-01  -3.8567713e-03   3.0100844e-03   1.0336534e-03
   7.3333686e-02   5.6225491e-02   3.8309750e-01  -3.7502966e-03   2.8203567e-03   9.0303022e-04
   7.8959847e-02   2.2305265e-02   3.7343304e-01  -3.5464133e-03   2.6361524e-03   9.9464120e-04
   7.3628210e-02   7.1181650e-02   3.7891623e-01  -3.6861735e-03   2.9241036e-03   9.1828999e-04
   7.0096443e-02   4.0142887e-02   3.9099588e-01  -3.9016282e-03   2.8061512e-03   8.4833238e-04
   8.0026218e-02   4.1348954e-02   3.6862122e-01  -4.0261621e-03   2.9343404e-03   9.8118427e-04
   1.0344285e-01   5.2626111e-02   3.4725823e-01  -3.8674706e-03   3.0557443e-03   1.1382473e-03
   1.0427433e-01   8.5316985e-02   3.2530692e-01  -4.0525561e-03   3.7152410e-03   1.2478680e-03
   1.2763743e-01   6.6045013e-02   3.2389036e-01  -3.0152598e-03   4.1178817e-03   1.7597593e-03
   1.4787838e-01  -1.1743867e-02   3.3533910e-01  -3.9356512e-03   3.8473129e-03   2.0144789e-03
   1.4352276e-01   4.0586340e-02   3.5590531e-01  -3.7735412e-03   3.6364085e-03   1.8349152e-03
   1.5200402e-01   2.2672391e-02   3.4695610e-01  -3.4322106e-03   3.6318920e-03   1.9648490e-03
   1.6193308e-01   4.6885023e-02   3.6399634e-01  -3.7908985e-03   3.4658233e-03   2.0029382e-03
   1.6070469e-01   4.6753858e-02   3.7047106e-01  -3.8740990e-03   3.3233641e-03   2.0705166e-03
