   0.0000000e+00   0.0000000e+00   1.4210855e-14   0.0000000e+00   0.0000000e+00   0.0000000e+00
   1.0580989e-03   9.2298245e-02   2.6717837e-02  -2.5550829e-04  -1.3131681e-04   2.5109474e-04
  -1.3475555e-03   1.1468973e-01   2.5292775e-02  -4.1527663e-04   3.4365846e-05   2.1195628e-04
   3.2415578e-02  -3.6567475e-02  -3.1591620e-02  -1.5539663e-04  -3.1840708e-04   9.2981192e-04
   5.1900817e-02   1.3860617e-01  -3.8150281e-02   2.7106902e-04   4.2002432e-04   1.4281866e-03
   5.6118254e-02   1.0087730e-01  -5.6038662e-02   6.3176526e-04   5.3075870e-04   1.9367621e-03
   4.5578989e-02   1.0523220e-01  -4.8789137e-02   1.0234422e-03   4.8040501e-04   2.0300346e-03
   5.8431406e-02   5.4053326e-02  -6.3101223e-02   7.9168775e-04   5.5259217e-04   2.1643142e-03
   6.3986749e-02   1.4208170e-02  -7.0992993e-02   1.0050195e-03   5.0480240e-04   2.2644393e-03
   6.4548064e-02   5.6152713e-02  -5.5851049e-02   8.7223884e-04   5.6091699e-04   2.1760371e-03
   8.4418231e-02   2.6859460e-02  -8.4756915e-02   9.9755476e-04   8.3488973e-04   2.6800460e-03
   1.0366155e-01   3.9693173e-02  -1.0219030e-01   7.9379185e-04   8.3263867e-04   2.7539072e-03
   1.1848134e-01   2.6283173e-02  -1.1833327e-01   8.0990112e-04   8.1387222e-04   2.7508547e-03
   1.2406546e-01   6.9779851e-02  -9.8744709e-02   5.3895953e-04   5.2786627e-04   2.6444194e-03
   1.0923200e-01   5.3116907e-02  -8.7970450e-02   4.1838523e-04   4.4947665e-04   2.5793381e-03
   9.6314221e-02   2.2725712e-02  -6.8847990e-02   1.4247750e-04   4.4631153e-04   2.1110551e-03
   1.1734371e-01   1.7838411e-02  -6.3826761e-02   3.9850750e-05   6.2233150e-04   2.2496381e-03
   1.2840255e-01   2.2258002e-02  -6.3713512e-02   5.0070959e-05   7.5489420e-04   2.4851655e-03
   1.4782110e-01   2.5112938e-02  -9.0069180e-02   5.4108796e-05   1.0223818e-03   2.8121471e-03
   1.4404479e-01   5.1035262e-02  -9.3476952e-02   6.6745411e-05   8.0116357e-04   3.0378738e-03
   1.3384719e-01   8.1369896e-02  -1.0577808e-01   3.4897374e-04   1.0553655e-03   2.9547275e-03
   1.2831132e-01   2.7068496e-02  -1.1149458e-01   2.7624838e-04   1.0713396e-03   2.8695763e-03
   1.2072953e-01   5.7936039e-02  -9.0461935e-02   1.9005372e-03   1.3669097e-03   3.2281448e-03
   1.5279533e-01   7.9418812e-03  -9.5429352e-02   1.4661464e-03   1.2782368e-03   3.3597530e-03
   1.4451404e-01   5.3927192e-04  -1.1082183e-01   1.2609287e-03   1.4202070e-03   2.9585854e-03
   1.4382641e-01   3.1771171e-02  -1.0340485e-01   1.1318983e-03   1.3383118e-03   3.0649426e-03
   1.3984549e-01   3.3679628e-02  -8.8535509e-02   4.9453744e-04   1.5688265e-03   2.6680183e-03
   1.0896543e-01   3.4520647e-02  -5.0717592e-02   1.1777869e-05   1.4870637e-03   1.8670496e-03
   1.2978816e-01   3.3744219e-02  -6.6352315e-02  -3.7243521e-04   1.3380680e-03   2.0190040e-03
   1.4490609e-01   3.1306407e-02  -6.0387301e-02  -1.7087191e-04   1.4954385e-03   2.1322387e-03
   1.4918218e-01   7.4220048e-02  -6.3275490e-02  -1.8601714e-04   1.6247776e-03   2.4337221e-03
   1.4437492e-01   1.0134371e-02  -5.0903645e-02  -6.2020288e-04   1.5178810e-03   2.0688348e-03
   1.5506343e-01   4.6192597e-02  -5.2222774e-02  -2.5013845e-04   1.8157461e-03   2.6139559e-03
   1.5908620e-01   3.3334865e-02  -6.8284083e-02  -8.3800855e-04   1.9186907e-03   2.3570998e-03
   1.4404973e-01   5.3089189e-02  -8.2852978e-02  -3.6719960e-04   2.0195164e-03   2.2757623e-03
   1.4768086e-01   8.7913138e-03  -6.7803684e-02  -6.5283708e-04   1.8157923e-03   2.4652807e-03
   1.5786948e-01   3.0953674e-03  -7.4386957e-02  -8.9049055e-04   2.1994220e-03   2.4718585e-03
   1.5264577e-01   4.6432286e-03  -4.6637975e-02  -1.4887154e-03   2.1899159e-03   2.1098172e-03
   1.5039532e-01   1.9015918e-02  -3.8457671e-02  -1.4288912e-03   2.1409099e-03   2.1093527e-03
   1.5041919e-01   4.8060480e-02  -2.2371089e-02  -1.8406329e-03   2.2193532e-03   2.1330087e-03
   1.5726448e-01   2.2449493e-02  -3.6897139e-02  -1.9151217e-03   1.9641345e-03   2.1801779e-03
   1.5554835e-01   2.0664293e-02  -3.1876864e-02  -1.7820924e-03   1.9840986e-03   1.9687201e-03
   1.5961534e-01   2.0019978e-02  -2.6594372e-02  -1.4705938e-03   2.1843930e-03   1.4738588e-03
   1.6741728e-01   2.4551399e-02  -1.7263974e-02  -2.1009822e-03   2.3606171e-03   1.7364046e-03
   1.6267165e-01  -2.9140677e-02  -1.9706814e-02  -2.1111181e-03   2.1076938e-03   1.3776984e-03
   1.6811147e-01   6.8530655e-02  -1.3626257e-02  -1.8108748e-03   2.3875663e-03   1.7318284e-03
   1.7252251e-01   1.3053435e-02  -3.5473615e-02  -1.7129462e-03   2.7300401e-03   1.6747156e-03
   1.7601859e-01   2.0575903e-02  -3.0176398e-02  -1.6391024e-03   3.1296465e-03   1.4186367e-03
   1.6651232e-01   1.4659710e-02  -2.1343871e-02  -1.6743288e-03   3.3789841e-03   1.3116531e-03
   1.6029362e-01   8.0581011e-02  -4.5811081e-03  -1.8266665e-03   3.4660732e-03   1.3732478e-03
   1.6140099e-01   6.9358179e-02  -2.9925796e-02  -1.6032217e-03   3.5636435e-03   1.4030419e-03
   1.6541109e-01  -5.6101335e-03  -2.4508321e-02  -1.7715535e-03   3.5384144e-03   1.2388036e-03
   1.5622433e-01   2.0461475e-02  -2.9443167e-02  -1.6423054e-03   3.5381699e-03   1.0889771e-03
   1.4971951e-01   1.4456961e-02  -7.3494184e-03  -1.1098971e-03   3.4948826e-03   1.0693703e-03
   1.6446642e-01   8.8015581e-03   6.5272497e-03  -1.8306827e-03   3.6004012e-03   9.1438942e-04
   1.5672696e-01  -4.8684888e-04  -6.7184681e-03  -1.8420734e-03   3.8467351e-03   5.9793292e-04
   1.6894263e-01   1.1412030e-01   1.1660344e-02  -1.9994942e-03   4.1350934e-03   5.2552797e-04
   1.8234462e-01   6.9519981e-02  -2.5039752e-02  -1.4864508e-03   4.1915968e-03   1.0729593e-03
   1.7890354e-01   1.5838146e-02  -3.7467126e-02  -1.1925539e-03   4.0338351e-03   1.3264477e-03
   1.9903372e-01   5.8840427e-02  -4.0031227e-02  -1.4054284e-03   4.2500906e-03   2.1446024e-03
   2.1302927e-01   3.2631248e-02  -9.0828935e-02  -6.2235881e-04   4.5159694e-03   2.1317448e-03
   2.1531173e-01   4.0509923e-02  -1.1405221e-01  -5.6745714e-04   4.5241483e-03   2.0732100e-03
   2.1721013e-01   5.4644424e-02  -1.2252682e-01  -3.3130985e-04   4.4784862e-03   2.3647082e-03
   2.1756160e-01   6.0376635e-02  -1.1669860e-01  -3.7845970e-04   4.6628552e-03   2.2477135e-03
   2.1787346e-01   5.7743279e-02  -1.2304189e-01  -1.5840284e-04   4.6482967e-03   2.5169807e-03
   2.2195472e-01   5.4384639e-02  -1.5389169e-01  -4.3370278e-05   4.7603085e-03   2.7665608e-03
   1.9974507e-01   4.7213364e-02  -4.8762895e-02  -9.3593234e-04   4.4837339e-03   2.2329172e-03
   2.0837333e-01  -4.4275059e-03  -4.4567834e-02  -1.0281482e-03   4.1439645e-03   1.8354093e-03
   2.0914680e-01   1.4147389e-02  -1.7672892e-02  -7.2491137e-04   4.3653282e-03   1.4885041e-03
   2.1737661e-01   2.9411586e-02  -5.3351401e-02  -1.0348805e-03   4.4827883e-03   2.1406024e-03
   2.1885561e-01   7.5631679e-02  -5.1202479e-02  -1.4655330e-03   4.3224352e-03   1.7466133e-03
   2.2607519e-01   4.2033701e-02  -5.8951924e-02  -9.4794190e-04   4.4519004e-03   2.1347788e-03
   2.1696229e-01   1.0133241e-01  -7.4810468e-02  -1.0617958e-03   4.3694235e-03   2.2438715e-03
   2.4576949e-01   9.2252082e-02  -2.7594437e-01   4.1217494e-03   4.5565915e-03   3.4773555e-03
   2.6017555e-01   5.6620712e-02  -2.4387532e-01   2.4725227e-03   4.5635820e-03   3.4620547e-03
   2.6711959e-01   9.2483694e-02  -2.4901061e-01   2.6215572e-03   4.6098524e-03   3.4795476e-03
   2.6497035e-01   8.5926887e-02  -2.4394976e-01   2.5660616e-03   4.5259882e-03   3.6699955e-03
   2.6083644e-01   1.0496590e-01  -2.2813995e-01   2.3550915e-03   4.8651738e-03   3.5719910e-03
   2.6636428e-01   6.5376466e-02  -2.3529123e-01   2.3380888e-03   5.0292360e-03   3.8104793e-03
   2.1522420e-01   8.0909127e-02  -1.6362505e-01   1.9351828e-03   4.6688906e-03   3.3306770e-03
   2.0289956e-01   4.0964633e-02  -1.1985821e-01   1.2103058e-03   4.1067688e-03   2.7896811e-03
   2.3375781e-01   5.0943626e-02  -1.4355920e-01   9.4780520e-04   4.5408580e-03   3.3982558e-03
   2.6031749e-01   5.6658095e-02  -1.6238688e-01   1.0434282e-03   4.7374980e-03   3.6559199e-03
   2.6626763e-01   6.3150544e-02  -1.9051585e-01   9.4160435e-04   4.7637706e-03   3.5798387e-03
   2.3311217e-01   1.0794821e-01  -1.5624555e-01   2.1382519e-04   4.4985424e-03   2.9102074e-03
   2.2596351e-01   2.4583279e-02  -1.7820154e-01   3.9850511e-04   4.5564456e-03   2.8832723e-03
   2.0924889e-01   6.1180320e-02  -1.4692885e-01  -2.1959064e-04   5.0199552e-03   2.5788674e-03
   1.9618248e-01   3.2576815e-02  -1.3024106e-01  -8.5200815e-04   5.6314329e-03   1.6531503e-03
   2.0758950e-01   6.2747174e-02  -1.2245956e-01  -7.9626325e-04   5.7130536e-03   2.0527681e-03
   1.9918424e-01   2.4768360e-02  -1.1048325e-01  -1.2546604e-03   5.9045976e-03   1.6690532e-03
   2.0971275e-01   5.7731535e-02  -8.9635020e-02  -1.4983737e-03   5.9438326e-03   1.5761923e-03
   2.2330959e-01   4.6614393e-02  -8.7794989e-02  -1.3810995e-03   5.9928813e-03   1.3274631e-03
   1.9055704e-01   8.2089302e-02  -6.9090259e-02  -1.6659223e-03   5.4317463e-03   1.4025421e-03
   1.9651068e-01   5.9064472e-02  -7.1007271e-02  -1.0608394e-03   5.4252492e-03   1.9389982e-03
   2.0096025e-01   9.4853134e-02  -1.0571480e-01  -3.5881297e-04   5.2870026e-03   2.3097005e-03
   2.1336421e-01   4.4836247e-02  -9.0029855e-02  -4.0837611e-04   5.3874214e-03   2.0022434e-03
   2.1993313e-01   6.2187609e-02  -8.1586907e-02  -5.3559892e-04   5.3712891e-03   2.1576539e-03
   2.2661392e-01   8.7825952e-02  -2.1689697e-02  -9.7605877e-04   5.4797314e-03   2.3462600e-03
   2.2389288e-01   5.1354569e-02  -4.5489456e-02  -8.2697730e-04   5.3338964e-03   2.1275562e-03
   2.1062326e-01  -1.3937484e-02  -5.9112002e-02  -8.7266662e-04   5.6338246e-03   1.7282773e-03
   2.2679408e-01   1.9435815e-02  -7.3768428e-02  -8.4486479e-04   5.8953813e-03   1.6999432e-03
   2.2538148e-01   4.8378270e-02  -9.7517118e-02  -4.6921154e-04   5.9874404e-03   1.5213390e-03
   2.2859811e-01   4.9156962e-02  -6.8368545e-02  -9.8644946e-04   6.0596842e-03   1.7026896e-03
   2.2916731e-01   7.6975765e-02  -1.2344542e-01  -8.4256673e-04   6.1218242e-03   1.8303043e-03
   2.6073772e-01  -2.9647513e-02  -4.8582970e-01  -1.4971090e-04   5.1410430e-03   1.8372679e-03
   2.6025209e-01  -1.9217457e-01  -1.3790832e+00   1.0670608e-03   3.9773268e-03   2.8442462e-04
   2.5183853e-01   7.6643008e-02  -1.2426066e+00   2.5871503e-04   3.7133940e-03   5.6231942e-04
   1.3135537e-01   3.3522384e-01  -4.0460015e-01   1.4229689e-03   2.3155083e-03   2.5209475e-03
   1.1444736e-01   1.6502658e-01  -1.2410811e-01   1.2984363e-03   2.8647331e-03   2.7986045e-03
   1.5694706e-01  -3.0239906e-02  -1.0835542e-01   4.9165185e-04   3.3945960e-03   3.1076609e-03
   1.5392817e-01   9.8663346e-02  -6.6294800e-02   8.8781392e-04   3.7579909e-03   3.0049694e-03
   1.7057704e-01   9.3455164e-03  -7.5374771e-02   3.6227405e-04   4.1101451e-03   3.1523149e-03
   1.4646883e-01   4.1722066e-02  -1.2538928e-01   2.6542875e-04   3.9395057e-03   3.3816621e-03
   1.7228604e-01   6.7715244e-02  -1.9576752e-01   1.3949931e-03   4.4743176e-03   3.9504567e-03
   1.9547748e-01   4.3033043e-02  -1.8194673e-01   6.6627832e-04   4.5104194e-03   4.3575085e-03
   2.0538049e-01   3.8440739e-02  -1.3159287e-01   2.7233666e-04   4.5558072e-03   4.1555956e-03
   2.1961790e-01   5.5364221e-02  -1.1016782e-01  -4.3363399e-04   5.0464282e-03   4.2148834e-03
   2.1190865e-01   5.7566185e-02  -1.1290505e-01  -6.7639276e-04   5.2820444e-03   3.9955601e-03
   1.8841119e-01   6.5744395e-02   5.2052575e-03  -1.2956681e-03   5.3114265e-03   3.6506690e-03
   2.2211819e-01   4.9316888e-02  -4.7035780e-02  -5.6190509e-04   5.4164225e-03   4.2697433e-03
   2.2510609e-01   5.3826119e-02  -5.2921577e-02  -2.0163615e-04   5.5412791e-03   4.1260335e-03
   2.3268230e-01   5.3205004e-02  -5.7459670e-02  -4.0628175e-04   5.1778168e-03   4.1149613e-03
   2.5405130e-01   4.1133334e-02  -7.1852085e-02  -5.7461091e-04   5.2966734e-03   4.0290501e-03
   2.6917347e-01   5.7144063e-02  -8.7376964e-02  -3.7904728e-04   5.4274867e-03   4.2510609e-03
   2.8689425e-01   4.6886231e-02  -2.8337371e-02  -8.7107371e-04   5.5222066e-03   4.5060093e-03
   2.8495976e-01  -1.6175459e-02  -3.1991094e-02  -8.1120599e-04   5.8822867e-03   4.7538631e-03
   2.7479150e-01  -2.1691048e-02  -5.2929619e-02  -8.9865126e-04   5.8402829e-03   4.5346302e-03
   2.6930222e-01   2.3243785e-02  -6.2560353e-02  -8.3717735e-04   5.8369126e-03   4.6026555e-03
   2.6909862e-01   3.1336993e-02  -6.3519523e-02  -1.1227638e-03   6.1317539e-03   4.4551227e-03
   2.6449575e-01   3.7007767e-02  -4.0967752e-02  -1.0647141e-03   6.3581354e-03   4.4155554e-03
   2.8431443e-01   1.0674834e-02  -3.0484192e-02  -1.2365283e-03   6.4480817e-03   4.5576583e-03
   2.5849550e-01   6.6218943e-02  -1.6815449e-02  -1.6623597e-03   5.5300724e-03   4.1493741e-03
   2.5600943e-01  -5.9011701e-02   6.3185932e-03  -1.8246924e-03   5.5321494e-03   3.6519992e-03
   2.8845238e-01   2.8428078e-02   3.2456586e-02  -1.8022758e-03   5.7556538e-03   3.3972500e-03
   3.2989806e-01   1.3928098e-02   3.4101867e-02  -1.5699391e-03   6.3675739e-03   3.7284532e-03
   3.1411016e-01   8.9096804e-04   1.9886596e-02  -1.9913954e-03   6.0448811e-03   3.4210634e-03
   3.1046746e-01   7.3646049e-02   2.1771950e-02  -2.2740115e-03   6.0427903e-03   3.5969009e-03
   3.1628952e-01   2.4134081e-02   4.5638827e-02  -2.5623896e-03   6.1281979e-03   3.3364734e-03
   3.2000944e-01   4.1080663e-02   1.0953248e-01  -2.6221348e-03   6.3134046e-03   3.1412467e-03
   3.0018658e-01   9.5049021e-03   1.0280801e-01  -2.4910011e-03   6.3933959e-03   3.1661908e-03
   2.8831740e-01   1.8797701e-02   8.5728783e-02  -2.6075587e-03   6.2587304e-03   2.8886330e-03
   3.0658733e-01   5.8160765e-03   9.8438176e-02  -2.3836733e-03   6.6199556e-03   3.3444331e-03
   3.1820574e-01   1.8820016e-02   1.1238982e-01  -2.8615482e-03   6.9001636e-03   3.1833402e-03
   3.1315279e-01   3.3869611e-03   1.2342811e-01  -3.2899330e-03   7.0147791e-03   2.2478666e-03
   2.5527446e-01   5.2749445e-02   1.6280777e-01  -3.3404862e-03   6.5111644e-03   1.9984547e-03
   2.3533484e-01  -7.4781332e-03   1.2729624e-01  -2.9928719e-03   5.7641704e-03   1.8002611e-03
   1.8580661e-01   4.3847696e-02   1.4375431e-01  -2.9908138e-03   5.2845555e-03   1.5514101e-03
   1.6454953e-01  -3.4549921e-02   1.2816661e-01  -2.5305885e-03   5.1172468e-03   1.0983775e-03
   2.0513481e-01   5.7599203e-03   1.4770147e-01  -2.5646369e-03   5.6008168e-03   1.2365819e-03
   2.0984191e-01   2.7886719e-02   1.4952998e-01  -2.4349602e-03   5.7418154e-03   1.5364737e-03
   1.9300048e-01   4.7427154e-02   1.4751128e-01  -2.5182282e-03   5.6686230e-03   1.5425353e-03
   1.7957423e-01   3.1786537e-02   1.3398801e-01  -2.5527812e-03   5.6386243e-03   1.3834762e-03
   1.8787177e-01   4.3504527e-02   1.2863539e-01  -3.0314225e-03   5.6883468e-03   1.3171287e-03
   1.7551549e-01   1.7797716e-02   1.2464430e-01  -2.9589432e-03   5.8617422e-03   1.1891562e-03
   1.5914697e-01   6.0905063e-02   1.2921415e-01  -3.0642054e-03   5.5067666e-03   1.1572515e-03
   1.7770473e-01   3.2762797e-02   1.1613027e-01  -3.1631435e-03   5.8942404e-03   1.2067122e-03
   1.5656527e-01   3.2073860e-02   1.2991035e-01  -3.1825245e-03   5.5522345e-03   9.8307351e-04
   1.3798751e-01   3.3783200e-01   2.2821277e-01  -1.3159094e-03   5.9724104e-03   1.3787390e-03
   2.0988028e-01  -6.5100371e-01  -1.1456028e+00  -1.0232812e-03   3.2740460e-03   4.4433684e-04
   2.7127791e-01  -1.7145632e-01  -1.2730839e+00  -3.3132738e-03   1.0649692e-03  -8.9811632e-04
   1.5674094e-01   4.9024889e-01  -1.2899966e-01  -1.0332979e-04   3.1068692e-03   8.4856334e-05
   7.6775869e-02   2.2679278e-01   3.2558855e-01  -1.0619967e-03   4.4260686e-03  -1.0021458e-03
   6.5642127e-02   5.6838109e-02   3.7889827e-01  -2.1561839e-03   4.6514413e-03  -1.3523682e-03
   8.4313347e-02  -4.3121951e-03   3.8973390e-01  -3.2271874e-03   5.2402120e-03  -1.4757136e-03
   6.4615485e-02   3.1197703e-02   4.3067996e-01  -3.5155257e-03   5.4928697e-03  -1.6501765e-03
   5.4089577e-02   2.2904055e-02   4.3903616e-01  -3.8296124e-03   5.4569518e-03  -2.0815950e-03
   4.8877494e-02   2.8915345e-02   4.6625520e-01  -3.9943264e-03   5.7869113e-03  -2.3006252e-03
   4.2387140e-02   3.5017841e-04   5.2503422e-01  -4.6253958e-03   5.9738190e-03  -2.7927783e-03
   3.7424867e-02   3.6292625e-02   5.6193184e-01  -4.9186156e-03   6.4120393e-03  -3.1170152e-03
   3.5514240e-02   1.8696884e-02   5.6052312e-01  -5.6474707e-03   6.4134706e-03  -2.8859728e-03
   5.8714561e-02   2.5377057e-02   5.4973466e-01  -5.1351630e-03   6.5499799e-03  -2.7380100e-03
   3.7148594e-02  -1.2836742e-02   5.4662038e-01  -4.4298195e-03   6.3342022e-03  -2.8366671e-03
   7.3285587e-02  -5.7530913e-02   4.9397118e-01  -3.9269205e-03   6.4242843e-03  -2.6743109e-03
   5.1196232e-03   1.4556187e-01   5.6518757e-01  -3.9555343e-03   6.2094282e-03  -3.5070635e-03
   1.4999030e-03  -7.7062811e-02   5.6764621e-01  -4.4629459e-03   6.1690416e-03  -4.3257419e-03
   1.1748920e-02   7.3326281e-02   6.1347402e-01  -4.3816550e-03   6.6576193e-03  -4.1633654e-03
   6.7715442e-03   5.0596266e-02   6.3369947e-01  -4.4129058e-03   6.8186526e-03  -4.6563379e-03
   8.0668902e-03   6.2544569e-02   6.4657141e-01  -4.4136769e-03   7.2861387e-03  -4.4241020e-03
   1.2105971e-04   7.2734086e-02   6.5549666e-01  -4.2667071e-03   7.6545797e-03  -4.4853393e-03
  -1.7464347e-03   2.1124190e-02   6.4503682e-01  -4.5923368e-03   7.4613411e-03  -4.4102411e-03
   1.6847896e-03   9.1929105e-02   6.5741915e-01  -4.4435486e-03   7.5578883e-03  -4.6065478e-03
  -1.6459560e-02   5.6284818e-02   6.5916392e-01  -4.3525173e-03   7.6733594e-03  -4.9223764e-03
  -2.1399174e-02   4.7238311e-02   6.7645168e-01  -4.4993710e-03   7.6176839e-03  -5.0355710e-03
   1.4752624e-02   4.9706904e-03   3.0798651e-01  -3.6527803e-03   6.4491688e-03  -4.6576596e-03
   3.2067977e-02   3.1871965e-02   1.9061796e-01  -3.0772066e-03   5.5700218e-03  -4.0888326e-03
  -5.9362559e-03   1.3338040e-01   3.9444559e-01  -3.5146806e-03   5.6112667e-03  -4.3455648e-03
  -9.1832860e-04   1.3345026e-01   6.4406848e-01  -4.9128213e-03   6.6182273e-03  -4.4494111e-03
  -5.3849527e-03   6.2811148e-02   5.8251200e-01  -4.1835236e-03   6.9726962e-03  -4.3397295e-03
  -9.1384579e-03   5.1774165e-02   5.9919545e-01  -4.8723076e-03   6.6947319e-03  -4.3776892e-03
  -1.4726119e-02   4.0258608e-02   5.9747564e-01  -4.7866205e-03   6.8808250e-03  -4.6373596e-03
  -3.2396120e-02   7.5292257e-02   6.3317995e-01  -4.6784107e-03   6.9718904e-03  -5.0610753e-03
  -4.8652975e-02   8.8158508e-02   6.4879224e-01  -4.5691904e-03   6.8762900e-03  -5.5766477e-03
  -6.3834907e-02   1.1253626e-01   6.7014055e-01  -4.9474228e-03   6.9496261e-03  -6.0496170e-03
  -4.5136104e-02   3.6438095e-02   6.2935335e-01  -4.7788708e-03   7.0743514e-03  -5.7064766e-03
  -4.9974050e-02   1.0731319e-01   6.2238662e-01  -4.9003734e-03   7.0960746e-03  -5.9384344e-03
  -6.7082469e-02   9.5497748e-02   6.6864590e-01  -4.8145860e-03   7.1538076e-03  -6.0842318e-03
  -7.6685861e-02   1.4354939e-01   6.9249116e-01  -5.0736851e-03   7.0506323e-03  -5.9847474e-03
  -1.0552680e-01  -1.1264659e-02   6.7254354e-01  -5.4875003e-03   6.0539363e-03  -6.8640146e-03
  -1.0747608e-01   2.3957706e-02   7.0686185e-01  -5.8330693e-03   6.1386990e-03  -7.2163378e-03
  -1.1489417e-01   3.6076077e-02   7.1124834e-01  -5.7590012e-03   6.1131613e-03  -7.2168493e-03
  -8.9689437e-02   7.9687168e-02   7.3394285e-01  -6.0294108e-03   6.3533543e-03  -7.4605495e-03
  -7.5495493e-02   1.9223398e-02   7.2021680e-01  -6.4052288e-03   6.6455067e-03  -7.2369059e-03
  -6.9119614e-02   9.0478693e-02   6.9845120e-01  -5.9898477e-03   6.2345654e-03  -7.5181023e-03
  -2.1904950e-02   1.4513403e-01   6.8967267e-01  -5.5287016e-03   6.8944200e-03  -6.4450697e-03
  -3.2533944e-02   8.3824898e-02   7.3428114e-01  -5.6223446e-03   7.0702608e-03  -6.5210823e-03
  -2.0638969e-02   5.4485722e-02   7.4638550e-01  -5.4488027e-03   7.4444238e-03  -6.4193970e-03
   4.1777463e-03   5.7218653e-02   7.6028362e-01  -5.3180977e-03   7.4283511e-03  -6.3617132e-03
   1.3766965e-02   6.5911416e-02   7.8605605e-01  -5.4558344e-03   7.8192638e-03  -6.2969137e-03
   3.1854188e-02   3.0743837e-02   7.8668569e-01  -5.5409928e-03   7.8609263e-03  -6.2018956e-03
   1.6037943e-02   9.9359718e-02   7.4699416e-01  -5.5444996e-03   7.1129959e-03  -6.1093505e-03
