   0.0000000e+00  -1.0799557e-14   0.0000000e+00   0.0000000e+00   0.0000000e+00  -2.4353651e-18
   1.9527181e-03   1.4459999e-02   4.7461847e-02  -2.3819325e-04   8.1849194e-05   9.5087481e-05
  -8.4977896e-03   4.5082396e-02   3.5895046e-02  -8.0728878e-04   1.4094542e-04  -6.3435282e-05
  -1.7694958e-02   2.6546146e-02   3.1139565e-02  -8.5023082e-05   1.2625675e-04  -5.6985994e-04
  -3.6156890e-02   3.7934152e-02  -8.2838400e-03  -4.4939761e-04   6.0676732e-04  -5.2568237e-04
  -1.1460913e-02  -1.9110688e-02   4.4079874e-02  -1.2002262e-03   3.4813103e-04  -5.2136929e-04
  -3.3619715e-02   7.7524247e-02   1.1531536e-02  -8.7784231e-04   4.8403310e-04  -8.0500338e-04
  -3.4946181e-02  -2.0565150e-02   6.6652534e-02  -6.2542610e-04   4.2042125e-04  -9.0725918e-04
  -2.8381622e-02  -4.3559456e-02   7.4302910e-02  -3.6846649e-04   4.8696811e-04  -9.0701579e-04
  -4.4241828e-02   1.5760000e-02   6.9818506e-02  -1.0861756e-03   4.9697233e-04  -1.0290835e-03
  -3.7590437e-02  -3.8221766e-02   9.7507125e-02  -7.9368562e-04   3.9167832e-04  -1.0024925e-03
  -3.2779498e-02  -2.2082243e-02   9.8706162e-02  -8.2219300e-04   2.1832444e-04  -9.5372223e-04
  -3.4541379e-02   5.7099524e-02   8.1323910e-02  -1.0365141e-03   2.1855293e-04  -8.8886942e-04
  -6.8649513e-02   7.1693133e-03   1.6868304e-01  -2.8409306e-03   1.8872065e-04  -1.1112085e-03
  -9.7117727e-02  -1.6975655e-02   2.9501560e-01  -3.8534964e-03   4.8655641e-04  -1.7585959e-03
  -1.3704721e-01   1.1722896e-01   5.9337458e-02  -2.7696529e-03   1.1273645e-03  -1.9460163e-03
  -8.0153678e-02  -5.5357726e-02   1.7210968e-01  -2.7347607e-03   9.8573411e-04  -1.6186289e-03
  -7.6872382e-02   4.6597073e-02   1.8428996e-01  -2.9851099e-03   6.0984257e-04  -1.6827528e-03
  -7.6278369e-02  -6.1260477e-02   2.3129648e-01  -2.8479789e-03   8.4721990e-04  -1.7214838e-03
  -5.9883835e-02  -4.5012483e-02   2.3706222e-01  -3.1021287e-03   8.4312927e-04  -1.4975722e-03
  -7.8056356e-02   2.4597635e-02   2.2385561e-01  -3.7017954e-03   7.8648776e-04  -1.7675293e-03
  -6.3232714e-02  -1.7618855e-02   2.3834292e-01  -3.7847482e-03   4.7487966e-04  -1.6060034e-03
  -6.3731340e-02  -3.5508689e-02   2.6148469e-01  -3.7935633e-03   4.9805986e-04  -1.5010332e-03
  -6.1847789e-02   2.3297495e-03   2.4236507e-01  -4.1304306e-03   4.5324123e-04  -1.2973280e-03
  -6.6337323e-02   3.3537820e-02   3.3369164e-01  -4.6007619e-03   1.3168019e-04  -1.6027546e-03
  -7.2028364e-02  -2.7059516e-02   3.1726322e-01  -4.9127216e-03   2.6353869e-04  -1.7665994e-03
  -8.5800901e-02  -2.9687802e-02   2.5727768e-01  -5.1133395e-03   6.6397230e-04  -1.8906406e-03
  -8.7529690e-02  -4.0004280e-02   3.0751251e-01  -4.5898781e-03   5.7371433e-04  -1.9035456e-03
  -9.7956279e-02  -2.1081949e-02   3.1059250e-01  -4.5478765e-03   1.0406552e-03  -2.2238270e-03
  -9.9819948e-02   7.2293145e-03   3.0795082e-01  -4.6902881e-03   8.9031343e-04  -2.2847166e-03
  -1.0833648e-01   1.9556636e-02   2.6401068e-01  -4.7839131e-03   8.0845361e-04  -2.2465943e-03
  -2.2080637e-01   2.0825460e-01   7.3231073e-02   2.1833240e-03  -9.5736244e-04  -3.7409062e-03
  -6.8299080e-02  -1.4252615e-01   3.3812330e-01  -8.6127318e-04  -1.3333076e-03  -3.6804152e-03
  -8.0138382e-02   1.7422171e-02   3.0547414e-01  -2.8344931e-03  -6.7613397e-04  -3.2551397e-03
  -6.4174867e-02   1.3411618e-02   3.0211117e-01  -2.6455976e-03  -5.9198258e-04  -2.9469313e-03
  -6.8916182e-02   9.9906911e-03   3.1253708e-01  -2.9728202e-03  -4.6110020e-04  -2.9676751e-03
  -7.1701424e-02   5.6060760e-03   3.2498716e-01  -3.2039806e-03  -4.5234024e-04  -2.8852406e-03
  -6.8528934e-02  -3.6607800e-02   3.4873120e-01  -2.9411913e-03  -4.4775988e-04  -2.8827209e-03
  -6.7587640e-02  -2.0491589e-02   3.4243213e-01  -3.2696685e-03  -3.3116481e-04  -2.8606355e-03
  -8.6807679e-02  -8.4909166e-03   3.5664493e-01  -3.5471800e-03  -1.7955652e-04  -3.1431574e-03
  -8.3016511e-02  -6.2114902e-02   3.6637091e-01  -3.3467338e-03  -6.6047836e-05  -3.1283768e-03
  -9.8368289e-02   1.5016633e-02   3.4956559e-01  -3.8067419e-03   3.4510298e-05  -3.2426764e-03
  -8.9260024e-02  -3.9442019e-02   3.5794027e-01  -3.1898225e-03  -1.1178811e-04  -3.1731158e-03
  -1.1095979e-01   2.4076442e-02   3.4862975e-01  -4.3943741e-03   2.2528963e-04  -3.2673648e-03
  -1.0666291e-01  -4.7648671e-02   3.5832440e-01  -4.2895077e-03   8.2624142e-05  -3.3861642e-03
  -8.5969556e-02  -4.6629389e-02   3.4675381e-01  -4.0822791e-03   2.4197766e-05  -3.0983568e-03
  -1.1796806e-01   2.6185014e-02   3.4611563e-01  -4.2520180e-03   3.7866779e-04  -3.6001351e-03
  -1.2265418e-01  -2.1931560e-04   3.7125988e-01  -4.9826991e-03   7.8107595e-04  -3.4171589e-03
  -1.2124411e-01  -1.2507271e-02   3.5999803e-01  -4.7783954e-03   5.9193165e-04  -3.4874164e-03
  -1.1878409e-01  -5.4176241e-02   3.5700191e-01  -4.7570068e-03   7.5619112e-04  -3.3607184e-03
  -1.2786593e-01   9.6684371e-02   3.5138171e-01  -5.1027979e-03   6.2251026e-04  -3.4364005e-03
  -1.1685873e-01  -4.0703974e-02   3.6632846e-01  -4.6132194e-03   6.8872120e-04  -3.4554428e-03
  -1.2945063e-01   7.1963373e-02   3.6877956e-01  -5.0627886e-03   8.9270387e-04  -3.6568033e-03
  -1.4093349e-01   9.0930632e-04   3.9626543e-01  -5.0729115e-03   1.0208362e-03  -3.7821621e-03
  -1.3452760e-01  -1.7034751e-02   4.0753323e-01  -4.5574291e-03   9.3322227e-04  -3.7388655e-03
  -1.4825154e-01   5.3341873e-02   3.8852440e-01  -4.8450295e-03   1.1271470e-03  -3.8832147e-03
  -1.5027687e-01   1.2800845e-03   3.8554602e-01  -4.7139864e-03   1.1346152e-03  -4.0226519e-03
  -1.4683146e-01   1.6090922e-02   3.9029317e-01  -4.5365395e-03   1.0673267e-03  -4.0032136e-03
  -1.4718474e-01  -1.7943068e-02   3.8141506e-01  -4.2129683e-03   1.0608196e-03  -4.0722270e-03
  -1.6417965e-01   4.1242514e-02   3.6489449e-01  -4.5557050e-03   1.1689856e-03  -4.1104225e-03
  -1.6174986e-01   2.1960555e-02   3.9928659e-01  -5.0194629e-03   1.1783413e-03  -4.0944048e-03
  -1.6332615e-01  -3.3977602e-02   4.0427728e-01  -4.5852226e-03   1.1767680e-03  -4.1416932e-03
  -1.6795971e-01  -2.0834654e-02   4.0119040e-01  -4.6034773e-03   1.3546108e-03  -4.2093902e-03
  -1.8128652e-01   2.7753981e-02   3.9679298e-01  -4.8333302e-03   1.3883765e-03  -4.2753148e-03
  -1.8290813e-01  -2.1667344e-02   4.0710919e-01  -4.6839049e-03   1.4430379e-03  -4.2877599e-03
  -1.8201352e-01  -1.5751895e-02   4.0041520e-01  -4.1763955e-03   1.4818809e-03  -4.4288542e-03
  -1.8997089e-01   2.2595965e-02   4.0222242e-01  -5.0593789e-03   1.5980968e-03  -4.3522000e-03
  -1.8339195e-01   8.9816900e-03   3.9616096e-01  -4.8594726e-03   1.3815851e-03  -4.4486364e-03
  -1.7511408e-01  -4.1571537e-02   3.9759585e-01  -4.6962891e-03   1.4153863e-03  -4.3172869e-03
  -1.7949777e-01   5.7582816e-02   3.7568873e-01  -5.0363139e-03   1.4430616e-03  -4.3451525e-03
  -1.7878298e-01   3.7830024e-02   3.7945759e-01  -4.9995056e-03   1.3565379e-03  -4.3561631e-03
  -1.7021454e-01   1.6683333e-02   3.9487738e-01  -4.6679324e-03   1.3375474e-03  -4.3487894e-03
  -1.6552596e-01  -1.4939994e-02   4.0734722e-01  -4.3890985e-03   1.3677920e-03  -4.3134004e-03
  -1.6700512e-01   7.8765257e-03   3.9988836e-01  -4.8788392e-03   1.4316606e-03  -4.3198281e-03
  -1.6980035e-01   1.5394461e-02   4.0713328e-01  -4.8431904e-03   1.2629227e-03  -4.3911472e-03
  -1.6306719e-01   4.3121940e-03   4.0044024e-01  -4.6668043e-03   1.3364466e-03  -4.3295279e-03
  -1.6063718e-01   1.4763580e-02   4.1196500e-01  -4.5031744e-03   1.2502967e-03  -4.3192519e-03
  -1.5987574e-01   5.5948448e-02   4.3818444e-01  -5.0521697e-03   1.2327607e-03  -4.4228587e-03
  -1.6387830e-01  -2.3120813e-02   4.3065565e-01  -4.6014861e-03   1.2308174e-03  -4.6468011e-03
  -1.5623509e-01  -1.9457263e-02   4.3753467e-01  -4.2212783e-03   1.3303053e-03  -4.4795710e-03
  -1.6076300e-01   2.6959520e-02   4.2736071e-01  -4.4723934e-03   1.4039276e-03  -4.5060052e-03
  -1.7512837e-01   1.1941443e-02   4.3229671e-01  -4.6167556e-03   1.6174246e-03  -4.6606419e-03
  -1.7043475e-01  -3.6423916e-02   4.1940262e-01  -4.4016939e-03   1.6538528e-03  -4.5924641e-03
  -1.6990738e-01  -6.4000870e-04   4.3475718e-01  -4.9880950e-03   1.8035708e-03  -4.4598300e-03
  -1.7081346e-01   3.1794435e-02   3.6757877e-01  -4.8814500e-03   1.5883324e-03  -4.3106102e-03
  -1.5711123e-01   5.3260150e-02   3.2029957e-01  -3.3992520e-03   1.4894122e-03  -4.0244026e-03
  -1.6275664e-01   5.8891963e-03   3.1874774e-01  -3.8015557e-03   1.6413097e-03  -4.2341862e-03
  -1.4971495e-01   8.0405586e-03   3.6918023e-01  -3.6067286e-03   1.4234956e-03  -4.1612703e-03
  -1.3639747e-01   4.6748562e-03   3.6105022e-01  -3.3200283e-03   1.2757020e-03  -4.0832803e-03
  -1.3808869e-01  -1.0418371e-02   3.6307087e-01  -3.3830579e-03   1.4355021e-03  -4.1590096e-03
  -1.4490262e-01  -3.0032297e-03   3.4723494e-01  -3.5289900e-03   1.4873515e-03  -4.2222439e-03
  -1.4514427e-01   2.4125950e-02   3.6422383e-01  -3.6197051e-03   1.4347871e-03  -4.2468416e-03
  -1.4061688e-01   9.0278992e-03   3.4456225e-01  -3.0808531e-03   1.3382690e-03  -4.1592839e-03
  -2.8352768e-01   3.0809403e-01   1.7668412e-01   2.1134141e-03   1.2396965e-03  -6.0544288e-03
  -1.0215331e-01  -2.9357722e-01   3.2423412e-02   8.5218902e-04   1.5471972e-03  -3.9081162e-03
  -5.4832397e-02  -5.0462684e-02   2.0914051e-01  -1.4293009e-03   1.3422846e-03  -2.4949420e-03
  -5.8085142e-02   7.1838632e-03   2.0932133e-01  -8.5588409e-04   1.6001243e-03  -2.7670283e-03
  -5.5404504e-02   5.1805485e-02   2.1141593e-01  -1.0708554e-03   1.4972951e-03  -2.8173861e-03
  -3.7905529e-02  -1.0532156e-02   2.4655555e-01  -1.1657686e-03   1.5662315e-03  -2.6318663e-03
  -3.8050207e-02   1.4349965e-02   2.2865611e-01  -1.0869461e-03   1.5874644e-03  -2.4771130e-03
  -5.1796120e-02   1.6788227e-02   2.5509330e-01  -1.2173711e-03   1.5697105e-03  -2.6588598e-03
  -4.9880382e-02  -2.8711890e-03   2.7253937e-01  -1.2101360e-03   1.5299496e-03  -2.9144028e-03
  -6.2589970e-02   2.5971752e-02   2.9031938e-01  -1.7148972e-03   1.5072359e-03  -3.1314602e-03
  -6.5369662e-02  -5.3384553e-02   2.8492354e-01  -1.4407783e-03   1.3724212e-03  -3.1343590e-03
  -7.6505140e-02   1.6088379e-02   2.6651274e-01  -1.4599170e-03   1.3883170e-03  -3.2324585e-03
  -9.7698955e-02   5.2613224e-02   2.7568725e-01  -8.1800245e-04   1.5801725e-03  -3.5275335e-03
  -9.2457966e-02  -1.5353372e-01  -2.2320591e-02   3.3384589e-03   1.6626929e-03  -3.2772866e-03
  -1.0094140e-01  -6.7580050e-02   8.8262217e-02   3.6683116e-03   2.3811017e-03  -3.6525943e-03
  -1.1817066e-01   1.4657510e-01   1.5922697e-01   8.0521286e-04   2.7240568e-03  -3.5883990e-03
  -1.1767905e-01   3.8098949e-02   1.7155280e-01   1.0811782e-03   2.8080501e-03  -3.6682449e-03
  -1.3605061e-01   8.2769102e-02   1.7843396e-01   2.4533911e-05   2.7609394e-03  -3.8716042e-03
  -1.2198999e-01  -2.8766440e-02   2.1362680e-01   3.5514708e-04   2.6476027e-03  -3.7786306e-03
  -1.2876042e-01   3.7190834e-02   2.0972824e-01  -1.5058662e-04   2.8078377e-03  -3.7518486e-03
  -1.2197993e-01   1.1366278e-02   2.3118782e-01  -5.1489706e-04   2.6087602e-03  -3.7215788e-03
  -1.2992212e-01   5.0589073e-02   2.1795429e-01  -5.2757124e-04   2.5989896e-03  -3.7255192e-03
  -1.2116940e-01  -8.9284528e-03   2.2767920e-01  -1.4675602e-04   2.5804371e-03  -3.6191624e-03
  -1.3124813e-01   5.7689277e-02   2.1759520e-01  -4.0285464e-04   2.6768723e-03  -3.6678778e-03
  -1.2922764e-01   7.5692197e-02   2.3403578e-01  -4.5360826e-04   2.5481725e-03  -3.7621242e-03
  -1.1693878e-01   5.1438587e-02   2.2579806e-01  -1.7067822e-04   2.4396228e-03  -3.4631097e-03
  -1.2566792e-01   1.8042726e-02   2.1706485e-01  -1.3438822e-04   2.7684233e-03  -3.4745714e-03
  -1.3033287e-01   3.9235748e-02   2.4925988e-01  -7.2612731e-04   2.6778196e-03  -3.6476142e-03
  -1.3531443e-01   6.9694854e-02   2.5091047e-01  -5.9866954e-04   2.7027299e-03  -3.9204228e-03
  -1.3008819e-01   3.0466162e-02   2.4774825e-01  -3.9883995e-04   2.8110818e-03  -3.8942853e-03
  -1.3379688e-01   9.1778000e-02   2.5704466e-01  -5.6623774e-04   2.8118527e-03  -3.9167297e-03
  -1.2331911e-01   2.2060136e-02   2.9233786e-01  -1.0701651e-03   2.5832370e-03  -3.8957435e-03
  -1.1953448e-01  -6.0569987e-03   2.9709874e-01  -9.7136152e-04   2.5322173e-03  -3.8373958e-03
  -1.2278968e-01   3.6152570e-02   2.8284669e-01  -1.2771235e-03   2.5054656e-03  -3.7209009e-03
  -1.2505130e-01   4.0473448e-02   3.1922894e-01  -1.4428474e-03   2.4181545e-03  -3.8047438e-03
  -1.3359252e-01   5.8433042e-02   3.1607533e-01  -1.4549759e-03   2.4361602e-03  -3.8579806e-03
  -1.2647656e-01   9.5972390e-03   3.2360376e-01  -1.4352291e-03   2.4389664e-03  -3.8096255e-03
  -1.4114501e-01   5.5129585e-02   3.1666928e-01  -1.7774523e-03   2.5953050e-03  -3.9491259e-03
  -1.5860741e-01   1.0206426e-01   3.4266002e-01  -7.5391807e-04   2.5361356e-03  -4.5270514e-03
  -1.2437883e-01  -2.2425257e-02   2.5064761e-01  -7.5720796e-04   2.2251980e-03  -4.3854809e-03
  -1.1687308e-01   6.0745424e-02   2.8667272e-01  -1.5853077e-03   1.8019453e-03  -4.2955004e-03
  -1.0852243e-01   3.2575075e-02   3.1032986e-01  -8.4567658e-04   1.8960661e-03  -4.3584801e-03
  -1.1253960e-01   9.2432197e-02   3.2621094e-01  -1.0587389e-03   1.7888802e-03  -4.4656343e-03
  -1.0809093e-01   1.8122991e-02   3.4757087e-01  -1.0555659e-03   1.9105846e-03  -4.4692277e-03
  -1.0364401e-01  -9.6473931e-03   3.3603112e-01  -1.0163479e-03   2.1503444e-03  -4.1974176e-03
  -1.0571353e-01   5.7838463e-02   3.2725838e-01  -1.4689075e-03   1.8335998e-03  -4.2035426e-03
  -1.0035538e-01   2.6711022e-02   3.2728288e-01  -1.3147533e-03   1.8302952e-03  -4.1487405e-03
  -9.8576773e-02   8.6065532e-03   3.3921376e-01  -1.3511749e-03   1.7615062e-03  -4.0162603e-03
  -1.0011404e-01   3.2372848e-02   3.3409325e-01  -1.3328723e-03   1.8665310e-03  -4.0368429e-03
  -1.0700315e-01   4.7468952e-02   3.2843467e-01  -1.6563428e-03   1.7359422e-03  -4.1815278e-03
  -1.0343138e-01   2.4590979e-02   3.3505925e-01  -1.4515409e-03   1.6035767e-03  -4.1477346e-03
  -1.0781104e-01   1.2452750e-02   3.5586961e-01  -1.2077294e-03   1.5315593e-03  -4.2133229e-03
  -1.0016460e-01   3.6923034e-02   3.2833780e-01  -1.3161389e-03   1.3153266e-03  -4.1366313e-03
  -1.0174988e-01   6.1538064e-02   3.0373310e-01  -1.4996792e-03   1.0853781e-03  -4.1178811e-03
  -1.0362172e-01   3.4396688e-02   3.3129363e-01  -1.3461635e-03   1.2093854e-03  -4.0371527e-03
  -9.9447077e-02  -4.7475316e-03   3.4820745e-01  -1.1929681e-03   1.2747196e-03  -3.9222437e-03
  -1.1575569e-01   4.5786924e-02   3.3583619e-01  -1.6276280e-03   1.3653894e-03  -4.0744290e-03
  -1.0907729e-01   3.5624326e-02   3.4492088e-01  -1.5584663e-03   1.4055384e-03  -4.1003151e-03
  -1.0133422e-01   1.6549239e-02   3.3706111e-01  -1.2994852e-03   1.3205787e-03  -4.1772769e-03
  -1.0632983e-01   2.0118371e-02   3.3309120e-01  -1.3521375e-03   1.4441147e-03  -4.2281835e-03
  -1.1674475e-01   8.9061827e-02   3.1813146e-01  -1.7477926e-03   1.4904607e-03  -4.2890124e-03
  -1.1738015e-01   2.6822499e-02   3.4592816e-01  -1.5660387e-03   1.4892295e-03  -4.3073689e-03
  -1.0658406e-01   1.9368563e-02   3.4211595e-01  -1.3049712e-03   1.3026678e-03  -4.2517309e-03
  -1.0425783e-01   2.3562191e-02   3.2898076e-01  -1.3405969e-03   1.3571876e-03  -4.2298274e-03
  -1.2859576e-01   3.4924117e-02   3.3512653e-01  -1.3799937e-03   1.1535590e-03  -4.4847853e-03
  -1.4099201e-01  -9.7741546e-03   5.6477380e-01  -4.0910165e-03   7.9682129e-04  -5.1955945e-03
  -1.1384058e-01   1.1004587e-01   5.2154876e-01  -4.9162661e-03   6.1527897e-04  -4.2655153e-03
  -8.6434561e-02   3.7276625e-02   5.6084553e-01  -4.4698108e-03   6.3084884e-04  -3.9159927e-03
  -8.0471172e-02  -2.8996850e-02   5.8060219e-01  -4.7426407e-03   6.2023547e-04  -4.1712343e-03
  -7.3089854e-02  -9.6566782e-03   6.2793123e-01  -5.0986597e-03   3.0395393e-04  -4.3618546e-03
  -7.5387257e-02  -2.7013852e-02   6.3708610e-01  -5.1386658e-03   2.2981888e-04  -4.5218097e-03
  -7.9576836e-02  -4.5386659e-02   6.2678349e-01  -5.1372572e-03   1.3547796e-04  -4.6534567e-03
  -7.8100664e-02  -5.0402011e-02   6.2858630e-01  -5.1879607e-03   3.4425085e-04  -4.5498692e-03
  -9.2624475e-02   2.7031407e-02   6.4866629e-01  -5.5314376e-03   2.3421037e-04  -4.9106171e-03
  -8.2481953e-02  -1.6411965e-02   6.5209331e-01  -5.2320966e-03   5.6466549e-05  -4.8065161e-03
  -8.5272433e-02  -1.8130078e-02   6.5005532e-01  -5.2502712e-03   5.3982763e-05  -4.8934289e-03
  -8.0101760e-02  -5.9697934e-02   6.7832035e-01  -5.0625970e-03   1.2491231e-04  -4.8850303e-03
  -1.0396603e-01   1.5460617e-03   6.2311735e-01  -4.6683221e-03   4.7389687e-04  -5.1155200e-03
  -9.0407687e-02  -6.2590338e-02   6.7584491e-01  -5.4985896e-03   2.9452362e-04  -5.0409620e-03
  -8.9765409e-02  -5.6156271e-02   6.8044448e-01  -5.4391491e-03   3.8615526e-04  -5.1824233e-03
  -1.7356466e-01   4.2669744e-01   7.9705124e-01  -2.6909295e-03   3.6448526e-04  -6.6363458e-03
  -8.2993398e-02  -1.1987945e-01   7.2522684e-01  -2.0092892e-03   8.7207072e-04  -5.9685299e-03
  -9.4926927e-02   1.8790418e-02   7.1154863e-01  -3.6189484e-03   8.4332241e-04  -5.7490911e-03
  -7.8687088e-02   2.4977183e-02   7.0175892e-01  -4.2460267e-03   5.8819634e-04  -5.3949216e-03
  -9.0080104e-02   1.2512945e-03   6.8646472e-01  -4.4189846e-03   5.5915479e-04  -5.4302830e-03
  -9.2194029e-02  -4.2275391e-02   6.8361705e-01  -4.2290325e-03   5.7062455e-04  -5.4736828e-03
  -1.0071129e-01   5.9172420e-02   6.5030293e-01  -4.8200271e-03   4.1666845e-04  -5.4461655e-03
  -9.1399784e-02   1.0129704e-02   6.6097171e-01  -4.6676124e-03   9.0348705e-05  -5.3825351e-03
  -9.6143619e-02  -8.9525572e-03   6.8086967e-01  -4.3824660e-03   1.2337497e-04  -5.4703308e-03
  -9.2585282e-02  -9.0085271e-04   6.8282777e-01  -4.3572957e-03  -1.5698555e-04  -5.4371479e-03
  -1.1041504e-01   4.1422342e-02   6.6185583e-01  -4.0367952e-03  -4.6867079e-04  -5.7610185e-03
  -1.1165971e-01  -1.2625928e-02   7.2058025e-01  -4.4115859e-03  -4.1500639e-04  -5.7662375e-03
  -4.2508703e-01   1.9055359e-01   1.3385552e-01   1.5090906e-02  -4.5591489e-03  -8.1416298e-03
  -3.6749836e-01   3.0066977e-02   1.1714043e-01  -1.2021814e-03   4.5872667e-03  -7.2976924e-03
  -2.4933571e-01  -1.1158439e-01   1.5916826e-01  -3.9062836e-05   4.3446910e-03  -6.2844575e-03
  -2.3148204e-01   9.0497046e-02   1.9591692e-01  -1.5965804e-03   3.4570270e-03  -6.1297295e-03
  -2.0766619e-01  -1.8899571e-02   2.2753126e-01  -1.3849368e-03   2.9386909e-03  -5.8783631e-03
  -2.1583578e-01   3.0434966e-02   2.3746317e-01  -1.9200747e-03   3.0559765e-03  -6.0094708e-03
  -2.0001517e-01  -4.9142698e-02   2.7054797e-01  -1.7758572e-03   2.9771305e-03  -5.7427866e-03
  -1.9901713e-01  -1.7410269e-02   2.6002523e-01  -2.1282936e-03   2.8451781e-03  -5.9445194e-03
  -1.9427382e-01  -7.2042757e-02   2.6584838e-01  -1.7430963e-03   2.6735581e-03  -6.0227836e-03
  -2.0472174e-01  -5.0756286e-03   2.6365741e-01  -2.0521229e-03   2.4380696e-03  -6.1214557e-03
  -2.0277882e-01  -4.8806157e-02   2.6553895e-01  -1.8157327e-03   2.0351192e-03  -6.1058162e-03
  -2.1079077e-01  -5.7213296e-03   2.5063613e-01  -1.2920103e-03   1.9185843e-03  -6.1612860e-03
  -2.5398411e-01   3.4742448e-02   4.2061140e-01  -1.5224705e-03   1.8372572e-03  -6.9652504e-03
  -3.0031344e-01   1.1662726e-01   5.8117000e-01  -3.8965139e-04   8.9194629e-04  -7.6846388e-03
  -2.6278785e-01  -5.7601770e-02   4.5679005e-01  -7.1983367e-05   7.0252511e-04  -7.1372578e-03
  -2.6257729e-01   9.9236511e-02   5.5932593e-01  -7.1784755e-04   1.2115008e-03  -6.6374933e-03
  -2.4401697e-01  -2.0679129e-03   4.0948266e-01  -7.6082922e-04   9.2606514e-04  -6.5887687e-03
  -2.3579953e-01   7.3523988e-02   3.9499174e-01  -1.1419655e-03   4.8464404e-04  -6.7245580e-03
  -2.2379020e-01   2.7540339e-02   4.2892327e-01  -9.6246486e-04   3.1262623e-04  -6.8017292e-03
  -2.1869845e-01   7.9341321e-02   4.0476925e-01  -7.4346307e-04   3.2050780e-04  -6.8131900e-03
  -1.9745340e-01  -3.5855885e-01  -1.2950014e-01   1.1663283e-02   1.2335122e-03  -7.8820389e-03
  -1.8652334e-01   3.2163037e-01   1.1522177e-01   5.9049808e-04   7.1885538e-04  -5.0095393e-03
  -1.5131921e-01  -4.1801470e-02   9.9796234e-02   9.2320903e-04   7.2273609e-04  -5.2149512e-03
  -1.7720166e-01   1.8269310e-01   1.5773129e-01   6.9978198e-04   4.5874196e-04  -5.3361017e-03
  -3.6079860e-01   3.4453952e-01   3.6526010e-01   4.7420634e-03  -2.1814604e-03  -7.5929811e-03
