   0.0000000e+00  -1.0234919e-14   0.0000000e+00   0.0000000e+00   0.0000000e+00   2.7504677e-20
  -1.7365033e-02   3.8829865e-02   8.8378052e-03   5.6707338e-04  -2.0246724e-04  -2.6366137e-04
  -1.8075375e-02   2.1558355e-02   6.2229814e-03   4.0832427e-04  -3.2905301e-04  -4.5177894e-04
  -3.0921028e-02   5.2168923e-02   4.4491363e-02   4.4186482e-04  -3.9333189e-04  -5.9533551e-04
  -5.0066241e-02   1.5458313e-02   1.3802083e-02   4.4886183e-04  -8.6332910e-04  -9.2539183e-04
  -4.0434129e-02   4.8074938e-02   2.2897728e-03   8.0441388e-04  -1.2571974e-03  -9.5159929e-04
  -3.0836325e-02   5.6090806e-03  -2.3142371e-02   1.4335181e-03  -1.5322039e-03  -1.1459035e-03
  -1.8214948e-02   1.1603778e-02  -4.2858913e-02   3.3061202e-03  -2.4850155e-03  -8.9476508e-04
  -2.3055606e-02  -1.8090420e-02  -7.6426369e-02   3.9833283e-03  -2.6809020e-03  -1.1066809e-03
   8.4242063e-03  -3.4304572e-02  -1.0759557e-01   4.8649784e-03  -3.5089573e-03  -6.9297153e-04
   2.7524998e-02  -7.9953061e-04  -9.5807329e-02   4.6785956e-03  -3.4905864e-03  -6.0801890e-04
   3.6234588e-02  -2.0374130e-02  -1.1942755e-01   4.8598382e-03  -3.2415003e-03  -3.1275243e-04
   1.5622283e-01  -3.2959026e-03  -4.7393883e-01   1.4493052e-02  -8.5876341e-03   3.9564348e-03
   2.3526833e-01  -1.5122581e-01  -3.2607735e-01   1.5326822e-02  -1.0653213e-02   5.8290544e-03
   1.8572532e-01  -6.0793293e-02  -2.6609592e-01   1.3423266e-02  -1.0440480e-02   5.1518856e-03
   1.2773815e-01  -2.3070639e-02  -2.4520713e-01   1.2643379e-02  -1.0095716e-02   4.2061268e-03
   1.2836186e-01  -2.9616665e-02  -1.9830321e-01   1.2322654e-02  -9.7105725e-03   4.0953111e-03
   8.6897886e-02  -4.3181560e-02  -1.7827008e-01   1.1165048e-02  -9.5383963e-03   3.5809355e-03
   8.5055618e-02  -1.8405566e-02  -1.6480661e-01   1.0206944e-02  -9.5591821e-03   3.7046867e-03
   1.1440190e-01  -4.3299252e-02  -1.5290877e-01   1.0697708e-02  -9.7080354e-03   3.7071552e-03
   1.2253839e-01  -6.3047065e-02  -1.6186100e-01   1.0892478e-02  -9.7011026e-03   3.5213558e-03
   1.4639658e-01  -4.8459629e-02  -1.5207149e-01   1.0388190e-02  -9.3144203e-03   3.7938569e-03
   1.7657541e-01  -3.8962296e-02  -1.3799047e-01   1.0307479e-02  -9.0031069e-03   4.0116135e-03
   1.7162015e-01  -5.9197802e-02  -1.0517851e-01   1.0019467e-02  -8.7748515e-03   4.0017063e-03
   1.6707797e-01  -4.6501239e-02  -1.1259431e-01   1.0433343e-02  -8.8207388e-03   4.0582942e-03
   1.7062882e-01  -4.8589011e-02  -1.1259766e-01   1.0299108e-02  -8.7494907e-03   3.9150820e-03
   1.8616027e-01  -7.5395100e-02  -1.0804101e-01   1.0286649e-02  -8.7611303e-03   4.1528973e-03
   1.4955351e-01  -6.4493943e-02  -9.1847677e-02   1.0331881e-02  -9.2379083e-03   3.6901784e-03
   1.2368392e-01  -5.6057474e-02  -4.8324470e-02   9.2351791e-03  -9.0248548e-03   3.4901685e-03
   8.9475267e-02  -5.0123715e-02  -3.9444089e-02   9.1594323e-03  -9.1188323e-03   3.0162505e-03
   6.6490358e-02  -5.4614907e-02  -1.9347883e-02   8.5968639e-03  -9.1918683e-03   2.6124157e-03
   6.4115523e-02  -2.9009221e-02   2.9369553e-03   8.2938453e-03  -9.6509738e-03   2.9528627e-03
   7.4085764e-02  -7.1371177e-02  -3.6052959e-02   9.0393933e-03  -9.2245003e-03   2.9801626e-03
   8.6734634e-02  -5.4585584e-02  -8.0598003e-02   9.8887459e-03  -1.0113029e-02   3.1548572e-03
   8.2038380e-02  -5.7895840e-02  -6.1375603e-02   9.0624910e-03  -1.0186535e-02   2.9044842e-03
   1.3152796e-01  -5.8796060e-02  -4.6602122e-02   9.1274789e-03  -9.5781354e-03   3.4893153e-03
   1.4751897e-01  -5.7021914e-02  -3.3997113e-02   8.9846260e-03  -9.6046275e-03   3.5207438e-03
   1.5958094e-01  -5.2152751e-02  -1.5059954e-02   9.1038370e-03  -9.7755541e-03   3.6379213e-03
   1.4062440e-01  -6.2509439e-02  -1.7539475e-02   9.0516779e-03  -9.6427055e-03   3.4381310e-03
   1.3547200e-01  -5.3138296e-02  -4.3473404e-02   9.0492689e-03  -9.4598735e-03   3.5194846e-03
   8.3867940e-02  -5.3572232e-02  -3.6190355e-02   8.7652423e-03  -9.9567031e-03   2.6696475e-03
   8.9134981e-02  -1.2549483e-01  -2.1233665e-01   1.2351232e-02  -8.0611669e-03   3.0750317e-03
   8.7285437e-02  -8.9343634e-02  -3.4222621e-02   8.4153926e-03  -7.4997376e-03   2.6644078e-03
   9.1964799e-02  -1.5730915e-02  -1.8792620e-02   8.2422893e-03  -7.1896408e-03   2.5219046e-03
   1.1737007e-01  -7.0726933e-02   2.4375751e-03   7.0091682e-03  -8.0317768e-03   2.8407932e-03
   1.4742617e-01  -1.9522857e-02   7.5998932e-03   6.8322468e-03  -7.8056594e-03   3.4644105e-03
   1.7155926e-01  -2.1572144e-02   1.3156505e-02   6.9277382e-03  -7.8875375e-03   3.7714517e-03
   2.0065670e-01  -7.0438250e-02  -2.0149172e-02   7.1772824e-03  -7.5975007e-03   4.1080071e-03
   2.1240520e-01  -3.8137907e-02  -9.5786201e-03   7.0871042e-03  -7.8518446e-03   4.1700138e-03
   2.1405140e-01  -4.8546532e-02  -1.0090570e-02   7.2117867e-03  -7.9190568e-03   4.3015338e-03
   2.4576966e-01  -8.2199674e-02  -7.8475203e-02   7.7937546e-03  -7.2732258e-03   5.5644553e-03
   2.5013407e-01  -8.8561808e-02  -4.4603634e-02   7.7984872e-03  -7.7945824e-03   5.3501657e-03
   2.8127023e-01  -9.2655018e-02  -4.4114641e-02   7.9068229e-03  -7.7378438e-03   5.9027693e-03
   2.8246970e-01  -8.7109682e-02  -5.3005225e-02   6.8771093e-03  -7.6167212e-03   6.1279369e-03
   2.9930967e-01  -6.4163039e-02  -3.5093797e-02   6.7064423e-03  -7.4377457e-03   6.4087485e-03
   3.0565925e-01  -6.1786134e-02  -4.1381767e-02   6.3762554e-03  -7.2841064e-03   6.6876565e-03
   3.1239914e-01  -7.1814160e-02  -5.0808910e-02   6.5487607e-03  -7.0434626e-03   6.8767338e-03
   2.9966548e-01  -4.1184277e-02  -1.6789752e-02   6.1525029e-03  -7.0906726e-03   6.9168533e-03
   2.9397498e-01  -3.3807772e-02  -2.6335037e-02   6.2002400e-03  -7.3285384e-03   6.6967018e-03
   2.9412088e-01  -7.0475564e-02  -5.5372584e-02   6.3149016e-03  -7.4539549e-03   6.5489979e-03
   2.8337713e-01  -3.7769522e-02  -5.8015837e-02   6.4232878e-03  -7.6619809e-03   6.3824454e-03
   2.9460267e-01  -6.1770395e-02  -4.0990833e-02   6.3321518e-03  -7.4705231e-03   6.4833773e-03
   3.0341413e-01  -8.6730635e-02  -5.5080995e-02   6.4356460e-03  -7.4866005e-03   6.6627061e-03
   3.0737187e-01  -6.7037898e-02  -5.4009975e-02   6.4790116e-03  -7.4470809e-03   6.7402366e-03
   3.1084899e-01  -5.3348101e-02  -3.7439506e-02   6.8115354e-03  -7.6037988e-03   6.7000598e-03
   3.3858117e-01  -9.6813593e-02  -2.5208706e-02   6.6473808e-03  -7.6615579e-03   6.9315087e-03
   3.1344190e-01  -7.9975524e-02  -4.9339613e-02   6.2030895e-03  -7.6404342e-03   6.6081600e-03
   3.3888646e-01  -4.9613324e-02  -4.4836478e-02   6.1207552e-03  -7.2571517e-03   6.9513360e-03
   3.3475370e-01  -4.4303483e-02  -4.1753728e-02   6.3323740e-03  -7.3767526e-03   7.1213036e-03
   3.2947595e-01  -6.0949055e-02  -4.9563358e-02   6.2569473e-03  -7.3678098e-03   7.1735705e-03
   3.3643837e-01  -4.8084988e-02  -4.8325642e-02   5.8561935e-03  -7.4224470e-03   7.2429132e-03
   3.4877391e-01  -4.9666410e-02  -3.7439982e-02   6.0594121e-03  -7.2002376e-03   7.3472993e-03
   3.3862420e-01  -8.2753927e-02  -4.3174477e-02   6.1257217e-03  -7.3758473e-03   7.2687526e-03
   3.4082572e-01  -8.3640525e-02  -5.3533381e-02   6.2137060e-03  -7.1034967e-03   7.2372011e-03
   3.5713326e-01  -7.6423311e-02  -6.8464649e-02   6.4021502e-03  -7.2219705e-03   7.4945009e-03
   3.8324239e-01  -6.0826955e-02  -5.1050014e-02   6.4518718e-03  -6.9419689e-03   7.6977116e-03
   3.9554249e-01  -5.2495222e-02  -4.0473970e-02   6.6270433e-03  -7.0543327e-03   7.8996920e-03
   4.0595019e-01  -5.6130992e-02  -4.1540058e-02   6.1731514e-03  -6.7183211e-03   8.0063871e-03
   4.0280172e-01  -7.2246775e-02  -4.8817443e-02   6.2244216e-03  -7.0424936e-03   7.8161565e-03
   3.6735730e-01  -4.4334549e-02  -7.3450421e-02   6.2428902e-03  -7.3486649e-03   7.4816209e-03
   3.8232840e-01  -4.0204359e-02  -5.7182956e-02   6.2709889e-03  -6.9828134e-03   7.7903486e-03
   3.8806070e-01  -8.1117470e-03  -6.6294533e-03   6.1507006e-03  -6.9702549e-03   7.9284746e-03
   3.7607231e-01  -4.4564944e-02  -2.7521543e-02   5.9637501e-03  -7.1205464e-03   7.8679800e-03
   3.8975607e-01  -4.3189575e-02  -4.2558333e-02   5.7589048e-03  -7.0766566e-03   8.0210859e-03
   4.0203093e-01  -7.0512427e-02  -2.8401049e-02   5.8963877e-03  -7.0410991e-03   8.0536150e-03
   4.0061943e-01  -7.3226055e-02  -6.5907065e-02   6.8402321e-03  -7.0870837e-03   7.9069408e-03
   3.9611592e-01  -9.0722348e-02  -3.8445724e-02   6.0257259e-03  -7.0227827e-03   7.9447328e-03
   3.9264314e-01  -1.0005933e-01  -2.7309599e-02   6.1087255e-03  -7.0632521e-03   7.8609667e-03
   3.9437504e-01  -7.2740018e-02  -4.2351050e-02   6.0643298e-03  -7.0188695e-03   7.8062022e-03
   3.9364471e-01  -7.1277426e-02  -4.5046834e-02   5.9890488e-03  -7.0014426e-03   7.6715177e-03
   4.0956275e-01  -8.0489299e-02  -3.5602293e-02   6.1675639e-03  -6.8906472e-03   7.7438690e-03
   4.0005301e-01  -9.1638811e-02  -3.6099394e-02   6.0595923e-03  -6.7257981e-03   7.8212508e-03
   3.5118144e-01  -7.1484528e-02  -2.4050614e-02   5.7331790e-03  -6.9576225e-03   7.2090950e-03
   3.9076853e-01  -6.0219324e-02  -1.0613909e-02   5.8995996e-03  -6.5796796e-03   7.5342377e-03
   3.9061633e-01  -7.5621829e-02  -9.7437202e-03   5.2595169e-03  -6.0384866e-03   7.6946129e-03
   4.0806354e-01  -2.7286601e-02  -1.1693265e-03   4.9682692e-03  -5.6798267e-03   8.1008637e-03
   3.6062411e-01  -2.3596121e-02   1.1569591e-02   4.5845719e-03  -6.2087717e-03   7.8640266e-03
   3.9649877e-01  -5.2986693e-02   2.5995980e-02   4.6221309e-03  -6.4377787e-03   8.1800365e-03
   4.1431111e-01  -5.7413003e-02  -4.4695508e-03   4.6344693e-03  -6.3781203e-03   8.2912044e-03
   4.2286237e-01  -6.0195792e-02   7.0875591e-03   4.8427424e-03  -6.4682480e-03   8.2314827e-03
   4.1584279e-01  -6.1360893e-02   1.0151838e-02   4.7644237e-03  -6.6282414e-03   8.1004981e-03
   4.2678319e-01  -5.2816456e-02   1.0919161e-02   4.9329652e-03  -6.6702958e-03   8.2008898e-03
   4.4140682e-01  -6.2654111e-02   3.2738842e-02   4.8813567e-03  -6.4876412e-03   8.3440554e-03
   4.5024316e-01  -8.5340193e-02   4.1288520e-02   4.7695324e-03  -6.1159559e-03   8.6266266e-03
   4.7127861e-01  -7.5977298e-02   4.0497911e-02   4.7408989e-03  -6.1302236e-03   8.8691043e-03
   4.4111341e-01  -8.9785690e-02   1.7577137e-02   4.5477337e-03  -6.4627160e-03   8.5828578e-03
   4.2010716e-01  -8.7736451e-02   2.1678557e-02   4.7927533e-03  -6.4020479e-03   8.3828798e-03
   4.0967620e-01  -4.4453493e-02   4.9875995e-02   4.4704054e-03  -6.1116749e-03   8.3721314e-03
   4.0897888e-01  -5.3749727e-02   4.9161461e-02   4.4118020e-03  -6.1694948e-03   8.1959496e-03
   4.1105670e-01  -8.2467186e-02   2.7723032e-02   4.3150777e-03  -6.4632092e-03   8.2879671e-03
   3.9445534e-01  -5.1985036e-02   5.6006244e-02   4.3403125e-03  -6.7788911e-03   8.0786852e-03
   3.8175846e-01  -7.9924634e-02   3.5510065e-02   4.4027937e-03  -6.4974786e-03   7.7566542e-03
   4.0206237e-01  -5.7087148e-02   2.6230815e-02   4.3742623e-03  -6.4681114e-03   8.0937001e-03
   4.0330295e-01  -6.1704606e-02   3.6058817e-02   4.6634486e-03  -6.6002855e-03   8.1131839e-03
   4.1499295e-01  -5.8681665e-02   3.4476731e-02   4.9689005e-03  -6.6403990e-03   8.4200874e-03
   4.0284723e-01  -6.0325232e-02   3.6753720e-02   4.9562273e-03  -6.5179933e-03   8.0057354e-03
   4.0320068e-01  -4.9779471e-02   2.5678265e-02   5.3070711e-03  -6.9591336e-03   7.9642411e-03
   3.9106039e-01  -5.5229747e-02   1.7250890e-02   4.5870647e-03  -7.1899403e-03   7.7773333e-03
   3.4885567e-01  -2.0419930e-02  -2.5810383e-03   4.6918369e-03  -7.5440045e-03   7.0498083e-03
   3.5944226e-01  -2.4449907e-02   3.1262044e-02   4.6984620e-03  -7.0579433e-03   7.1255367e-03
   3.6360045e-01  -6.4959194e-03   5.7806033e-02   5.0127388e-03  -7.2124506e-03   7.3293760e-03
   3.3562654e-01  -2.4132899e-02   4.2669441e-02   4.9497742e-03  -7.3814351e-03   6.8397787e-03
   3.2794548e-01  -4.0342059e-02   5.4349059e-02   4.3579470e-03  -7.2642397e-03   6.7183623e-03
   3.5187801e-01  -6.3179618e-02   3.9883529e-02   4.1418212e-03  -7.4250179e-03   6.9322594e-03
   3.7027391e-01  -6.1240154e-02   1.9803529e-02   4.5913679e-03  -7.2422863e-03   7.0937177e-03
   3.9268900e-01  -6.9373040e-02   3.1974329e-02   4.3433911e-03  -7.2521168e-03   7.4003995e-03
   4.0021479e-01  -5.0522843e-02   3.6952290e-02   4.0364352e-03  -7.2343361e-03   7.7250474e-03
   4.0315301e-01  -5.1394938e-02   2.5056456e-02   4.1002971e-03  -7.3168938e-03   7.8299509e-03
   3.9220659e-01  -5.1450261e-02   3.2291736e-02   3.7629475e-03  -7.6832118e-03   7.7028349e-03
   3.8910600e-01  -6.4992882e-02   2.0898068e-02   3.7920717e-03  -7.7041967e-03   7.6358563e-03
   3.9765168e-01  -3.9425003e-02   1.0595791e-02   4.1271790e-03  -8.0808360e-03   7.7629287e-03
   3.9410064e-01  -3.1129041e-02  -2.7781258e-03   3.6361924e-03  -8.2604606e-03   7.6114056e-03
   3.8229311e-01  -1.7504534e-02   8.6744022e-03   3.6585678e-03  -8.2583879e-03   7.5386719e-03
   3.3674986e-01  -1.8305939e-02  -1.7097108e-02   3.7343943e-03  -8.6337870e-03   7.0692217e-03
   3.8136382e-01   3.9051617e-04   3.9395077e-02   3.5470633e-03  -8.1046801e-03   7.4330923e-03
   3.8262731e-01  -4.0796967e-02   3.7257049e-02   3.2235292e-03  -7.9810562e-03   7.6136616e-03
   3.9235283e-01  -3.1412677e-02   2.0640973e-02   3.3665863e-03  -7.7916980e-03   7.5766903e-03
   4.0204557e-01  -1.4411072e-02   2.0848074e-02   3.7168145e-03  -7.8201541e-03   7.5143985e-03
   4.1408219e-01  -6.1043294e-02   3.0403581e-02   3.6441592e-03  -8.2631055e-03   7.5768724e-03
   4.1028490e-01  -6.1639458e-02  -8.8943176e-03   3.5767024e-03  -8.0096651e-03   7.6412333e-03
   4.3328297e-01  -1.6062986e-02  -4.3000271e-03   3.6104208e-03  -7.7494943e-03   7.9242573e-03
   4.5035076e-01  -3.2780421e-02   5.6230058e-03   3.6962343e-03  -7.8020397e-03   8.0332826e-03
   4.4637586e-01  -5.1192863e-02  -1.8911647e-03   3.4788964e-03  -7.6198544e-03   8.0320368e-03
   4.4325108e-01  -2.4215584e-02  -5.1782827e-03   3.4693750e-03  -7.7802959e-03   7.8549995e-03
   4.4361549e-01  -1.2446086e-02  -2.4294583e-02   3.7523962e-03  -7.7733824e-03   7.9357131e-03
   4.2678986e-01  -1.9478152e-02  -1.3540857e-02   3.8919622e-03  -7.5839898e-03   7.8107372e-03
   4.4266952e-01  -4.2062095e-03  -3.4271928e-02   4.4304762e-03  -6.7143349e-03   8.0468235e-03
   4.5674010e-01  -4.1336930e-02  -1.1239869e-02   3.4713919e-03  -6.5553101e-03   8.2071920e-03
   4.4021570e-01   6.1395686e-03  -5.8299038e-03   3.5321282e-03  -6.9025931e-03   7.9612938e-03
   3.5875650e-01  -1.9755137e-01  -5.8003190e-01   1.5192675e-02  -6.1843074e-03   7.0247704e-03
   3.6693532e-01  -1.3722818e-01  -3.9522127e-01   1.3172858e-02  -5.5782033e-03   7.0631796e-03
   4.1142412e-01  -4.9385001e-02  -3.3526034e-01   1.1568906e-02  -6.2886979e-03   7.6712044e-03
   4.0080731e-01  -6.7386783e-02  -3.3796602e-01   1.0998880e-02  -6.8616644e-03   7.4324569e-03
   3.8904398e-01  -5.5350952e-02  -3.5156011e-01   1.1113760e-02  -6.6852614e-03   7.0743442e-03
   4.1631640e-01  -3.9359682e-02  -3.2790852e-01   1.0667566e-02  -6.8064338e-03   7.4479655e-03
   4.3134525e-01  -4.9819072e-02  -3.1157238e-01   1.0626489e-02  -6.8088016e-03   7.8395106e-03
   4.2927601e-01  -4.4713556e-02  -3.0757170e-01   1.0247998e-02  -6.7338969e-03   7.7950438e-03
   4.0143912e-01  -5.8442527e-02  -3.2465492e-01   9.7923978e-03  -6.7866342e-03   7.4873118e-03
   3.7121802e-01  -3.9385319e-02  -3.0895334e-01   9.9650353e-03  -6.7731093e-03   7.0628396e-03
   3.9802244e-01  -2.8684037e-02  -2.7274944e-01   9.5323651e-03  -6.6824753e-03   7.4601006e-03
   4.0987139e-01  -3.6710261e-02  -2.6920687e-01   9.4091575e-03  -6.5308739e-03   7.6437877e-03
   3.8598029e-01  -4.5894121e-02  -2.7069426e-01   9.5435872e-03  -6.8521282e-03   7.3937175e-03
   4.0087256e-01  -6.6181395e-02  -3.0503696e-01   9.8798563e-03  -6.8950017e-03   7.5001440e-03
   3.8735482e-01  -5.3936397e-02  -3.0717525e-01   8.9589985e-03  -7.1530647e-03   7.1412256e-03
   3.8842391e-01  -2.9690872e-02  -3.2130982e-01   9.4645307e-03  -7.4905203e-03   7.0933841e-03
   3.9337772e-01  -3.7507521e-02  -2.9874215e-01   9.5264107e-03  -7.4770398e-03   7.0555269e-03
   4.0760480e-01  -4.8862517e-02  -3.0735411e-01   9.6852380e-03  -7.1117231e-03   7.3000433e-03
   4.0390195e-01  -4.3057739e-02  -3.0531286e-01   9.2757279e-03  -7.1865712e-03   7.5043113e-03
   3.9644934e-01  -3.8068516e-02  -2.9970047e-01   9.3618031e-03  -7.4007532e-03   7.3031011e-03
   3.8510972e-01  -5.8793565e-02  -2.8565586e-01   9.5105763e-03  -7.3807894e-03   7.1970188e-03
   3.2475434e-01  -1.8735424e-02  -2.7976527e-01   8.8706387e-03  -7.1997922e-03   6.4691216e-03
   3.2197997e-01  -1.5263229e-02  -2.5075770e-01   8.5174842e-03  -7.2223331e-03   6.3163632e-03
   3.3594571e-01   2.8953976e-03  -2.2933380e-01   8.4591175e-03  -6.9923483e-03   6.5898460e-03
   3.2803143e-01  -1.7917919e-03  -2.5317064e-01   8.5450042e-03  -7.1091033e-03   6.4611353e-03
   3.3440269e-01   5.5888554e-03  -2.5880589e-01   8.2621049e-03  -7.0618193e-03   6.6033665e-03
   3.4750715e-01  -8.8378785e-03  -2.7202041e-01   7.9115509e-03  -7.1858242e-03   6.7711793e-03
   3.5877592e-01  -3.0341594e-03  -2.5349207e-01   8.0380537e-03  -7.0883266e-03   6.7462597e-03
   3.6634931e-01  -2.4571282e-02  -2.2807954e-01   8.1177326e-03  -6.9438154e-03   6.7306481e-03
   3.7172889e-01  -3.9763256e-02  -2.5153170e-01   8.0638615e-03  -6.9883421e-03   6.7912459e-03
   3.6860186e-01  -1.8839927e-02  -2.6007872e-01   7.9773360e-03  -6.9769000e-03   6.7065009e-03
   3.8431313e-01  -8.3800681e-03  -2.4989355e-01   8.0370742e-03  -6.8171069e-03   6.8154428e-03
   3.9807716e-01  -2.8134900e-02  -2.3937124e-01   8.2047832e-03  -6.8774158e-03   7.0169435e-03
   3.9033833e-01  -3.4019309e-02  -2.6352789e-01   8.1613295e-03  -7.0188325e-03   6.9684228e-03
   3.7946065e-01  -2.8011372e-03  -2.7108565e-01   8.2404003e-03  -7.1989277e-03   6.8937103e-03
   3.6628024e-01  -2.2066731e-02  -2.7407550e-01   8.4333515e-03  -7.0910106e-03   6.7720043e-03
   3.6979329e-01   1.5631596e-02  -2.4366989e-01   8.0324334e-03  -7.0741659e-03   6.8499964e-03
   3.5175533e-01   2.7832667e-02  -2.4394112e-01   8.0506521e-03  -7.4343858e-03   6.7459168e-03
   3.5127157e-01   4.4488331e-02  -2.1351025e-01   7.8458774e-03  -8.0442411e-03   6.3142658e-03
   3.4756865e-01   8.6591701e-04  -2.2911498e-01   7.5001212e-03  -7.4769763e-03   6.2258964e-03
   3.7365198e-01   5.2488823e-03  -2.6313150e-01   8.5781036e-03  -7.7341254e-03   6.5941030e-03
   4.2611374e-01  -1.9507350e-02  -2.5302955e-01   7.9424915e-03  -7.2390422e-03   7.2655636e-03
   4.4598920e-01  -3.7729367e-02  -2.6556388e-01   8.3863471e-03  -7.1245589e-03   7.6808448e-03
   4.5104239e-01  -1.5199531e-02  -2.3913985e-01   7.6371796e-03  -7.1120554e-03   7.8267175e-03
   4.6543382e-01  -3.9025761e-02  -2.3722841e-01   7.3727947e-03  -7.0514433e-03   8.0014346e-03
   4.5140240e-01  -4.1551734e-03  -2.4002591e-01   6.9484748e-03  -7.0638892e-03   7.8980757e-03
   4.7487369e-01  -2.5037333e-02  -2.5794316e-01   7.0024479e-03  -6.9589908e-03   8.3680820e-03
   4.6684723e-01  -1.3295060e-02  -2.7689913e-01   7.4282949e-03  -6.6817241e-03   8.3646553e-03
   4.7110263e-01   2.5817210e-02  -2.3624335e-01   6.9936126e-03  -6.8032444e-03   8.2327430e-03
   4.7048954e-01  -1.6666604e-02  -2.1155427e-01   6.7623573e-03  -6.5787223e-03   8.2158943e-03
   4.6766019e-01  -1.6353750e-02  -2.3611833e-01   6.7902892e-03  -6.7940251e-03   8.4871607e-03
   4.7487745e-01  -5.3142367e-03  -2.4546952e-01   7.1454790e-03  -6.9630032e-03   8.5560228e-03
   4.8708371e-01   2.3610547e-02  -2.2830697e-01   6.9980114e-03  -7.2000725e-03   8.8035721e-03
   4.8527132e-01  -4.1740324e-03  -2.4684322e-01   6.9460993e-03  -7.1525937e-03   8.7692135e-03
   4.8737345e-01   1.6157373e-02  -2.5994999e-01   6.9855004e-03  -7.1321556e-03   8.5962726e-03
   4.9175605e-01   1.8863885e-02  -2.3607395e-01   7.4168299e-03  -7.0290931e-03   8.6064648e-03
   4.9786248e-01   3.2518266e-03  -2.2678780e-01   7.3704192e-03  -7.0686033e-03   8.6193378e-03
   4.9787183e-01  -8.5756370e-03  -2.3454184e-01   7.1962713e-03  -6.8915226e-03   8.5643802e-03
   4.8447710e-01   3.5609236e-03  -2.4949879e-01   7.2978633e-03  -7.1556092e-03   8.5279164e-03
   4.9255732e-01   8.9431489e-03  -2.3813309e-01   7.3482745e-03  -7.1194973e-03   8.5692357e-03
   4.8912152e-01   2.2372195e-02  -2.0045014e-01   7.3839407e-03  -7.3397014e-03   8.5845071e-03
