   1.1589794e-14   0.0000000e+00   0.0000000e+00  -1.9793197e-52  -1.9060155e-86   9.6296497e-35
   1.9382563e-02   1.0761547e-01   1.8705137e-02  -1.3719636e-03  -1.6650689e-04  -2.0556464e-04
   3.1850102e-02   1.7211072e-02  -1.4756832e-02  -3.8690211e-04   2.5997239e-04  -5.1119014e-04
   3.7192094e-02   2.3291020e-02   5.5637481e-03  -4.7972140e-04   2.4503965e-05  -2.7184561e-04
  -3.4270774e-03   1.2543106e-01  -6.3173846e-03  -9.2398936e-04  -2.0409297e-04  -9.4913213e-04
  -4.4066980e-02   1.3528814e-01   7.0070147e-02   5.1490147e-04  -2.9022432e-03  -2.3993554e-03
   1.6339188e-02  -2.7157445e-01   4.9335015e-02  -3.4096554e-04  -1.3134398e-03  -9.8925018e-04
   1.5274836e-02   2.6553694e-02   9.2946476e-02  -3.4680088e-04  -8.2167449e-04  -7.8030000e-04
   3.3386485e-02  -2.4946588e-02   1.2496429e-01   4.4809602e-04  -4.4822814e-04  -6.1429939e-04
   5.1902652e-02   4.8350788e-02   1.5015289e-01   2.3372605e-04  -7.3543564e-04  -5.5905340e-04
   4.8478666e-02  -3.0806270e-02   1.5174106e-01   5.7383749e-04  -6.6332717e-04  -5.4039890e-04
   4.3609600e-02  -3.1991531e-02   1.3622569e-01   9.0425260e-04  -4.5975025e-04  -3.6508040e-04
   6.2452257e-02   5.3670534e-02   1.7049452e-01   6.3750906e-04  -5.1776180e-04  -1.2963139e-04
   6.4808714e-02  -3.8959065e-02   1.7851959e-01   8.0078254e-04  -4.8821509e-04  -5.4650937e-05
   4.5869902e-02  -1.9857155e-02   1.5069736e-01   1.4857872e-03  -4.7979312e-04  -2.0439309e-04
   4.0010466e-02   4.4553913e-02   1.3277015e-01   1.4762512e-03  -4.4524877e-04  -3.9591238e-04
   7.9085805e-02   2.6445405e-02   1.2903750e-01   1.5270106e-03  -7.8316587e-04  -1.4062276e-04
   9.4349664e-02   3.2548080e-02   1.1132435e-01   2.3138891e-03  -7.3823322e-04   1.9937398e-04
   1.0715257e-01   2.7749177e-03   9.0483995e-02   1.4012881e-03  -1.2668729e-03   4.1815134e-04
   9.0362437e-02   9.7934712e-02   1.4206765e-01   1.0214275e-03  -1.1630922e-03   2.3153819e-04
   9.0722085e-02  -1.0041306e-02   1.7525641e-01   1.9309800e-03  -1.0073158e-03   4.1892427e-04
   1.0173339e-01   8.8467768e-02   1.8175562e-01   1.9920903e-03  -1.1526086e-03   4.0622642e-04
   1.1311735e-01   3.9684013e-02   1.6892362e-01   2.6701888e-03  -1.0933405e-03   4.3186261e-04
   1.0405857e-01   4.7504956e-03   1.7567112e-01   3.0517328e-03  -8.2284628e-04   5.8741186e-04
   9.0187035e-02   9.7978694e-02   2.2403440e-01   2.8024621e-03  -1.1096295e-03   6.3568622e-04
   8.6951677e-02   2.6606060e-02   2.4262337e-01   2.6100235e-03  -8.0812329e-04   5.9274924e-04
   8.1452783e-02   3.5381672e-02   2.6282730e-01   3.0417474e-03  -9.9441581e-04   7.5712227e-04
   9.3537934e-02   8.8392582e-02   3.4149019e-01   2.7256399e-03  -6.5195291e-04   1.0272794e-03
   1.2307693e-01   5.6339081e-02   3.4408588e-01   3.0789368e-03  -9.8837992e-04   1.2458284e-03
   7.0606768e-02   6.2202711e-02   3.3517236e-01   3.7763459e-03  -1.4865848e-04   1.2953438e-03
   5.8542035e-02   8.0773765e-02   3.1405213e-01   4.4108360e-03   2.6087594e-04   1.2032167e-03
   3.6092081e-02   2.7354019e-02   2.8234313e-01   4.6043887e-03   6.4310943e-04   1.4921183e-03
   5.9652599e-02   1.4117539e-01   3.4301406e-01   4.3512862e-03   4.6460680e-04   1.6465582e-03
   6.8390115e-02   8.3990796e-02   3.9150493e-01   4.6358839e-03   7.0280403e-04   1.7688568e-03
   7.7517439e-02   1.0554552e-01   3.8637757e-01   5.0575381e-03   3.1139269e-04   1.6467227e-03
   7.5743241e-02   1.0489905e-01   4.2820352e-01   5.6337632e-03   2.3973960e-04   1.7683337e-03
   6.0790056e-02   9.8519635e-02   4.4364407e-01   5.9568127e-03   4.8636054e-04   1.7968576e-03
   7.2339778e-02   1.5486450e-01   4.2251319e-01   5.9937763e-03   5.4117565e-04   1.7127002e-03
   7.2086563e-02   7.8574861e-02   4.2016478e-01   6.1780323e-03   9.0823305e-04   1.8365836e-03
   8.1499098e-02   9.3112546e-02   4.0544603e-01   5.6104800e-03   8.0196650e-04   1.9537190e-03
   8.6117230e-02   8.0473410e-02   3.1116462e-01   7.5268815e-03   6.8126849e-04   1.7725136e-03
   1.1845295e-01   1.4314984e-01   2.7801598e-01   5.8035516e-03   4.3090406e-04   2.0665540e-03
   1.0878959e-01   8.7633804e-02   3.0024556e-01   4.7506270e-03   1.7347151e-04   2.3101306e-03
   1.1252549e-01   1.1211704e-01   2.6866755e-01   4.8797506e-03   8.2570071e-04   2.4563933e-03
   1.4658461e-01   1.0902237e-01   2.2582590e-01   5.7879404e-03   9.5575031e-04   2.6011773e-03
   1.5175037e-01   1.6261494e-01   2.2853259e-01   5.4543027e-03   9.6962380e-04   2.9743089e-03
   1.2777191e-01   8.3171667e-02   2.8221652e-01   5.0974848e-03   8.6123248e-04   2.5234266e-03
   6.0574412e-02   1.6102763e-01   6.8300309e-01   4.0193425e-03   7.2524122e-04   2.4039562e-03
  -1.2989121e-02   3.7652661e-02   1.1725849e+00   1.5419669e-03   9.2295287e-04   1.7504957e-03
  -2.3907201e-02   3.7806983e-02   1.2484608e+00   3.1896530e-03   2.1733435e-03   1.8266977e-03
  -5.7153371e-03   1.3947230e-02   1.2376844e+00   5.2899695e-03   2.7890373e-03   2.1949577e-03
  -2.9792815e-02   1.4526165e-02   1.3420685e+00   5.2995103e-03   2.7979238e-03   2.2953124e-03
  -4.3200527e-02   5.0101839e-03   1.3525092e+00   5.4422059e-03   3.4113214e-03   2.3277395e-03
  -2.8725650e-02   3.7718460e-03   1.2566926e+00   8.0140678e-03   3.3195844e-03   2.5022735e-03
  -5.1840045e-02   4.2173112e-02   1.2617425e+00   6.1772344e-03   3.5068589e-03   2.3308613e-03
  -1.2877001e-02   6.5539152e-02   1.2004199e+00   7.0540125e-03   3.5077273e-03   2.9084515e-03
  -1.8333157e-02   9.4472563e-02   1.2341802e+00   6.1533388e-03   3.3465937e-03   2.8345825e-03
  -5.1485835e-02   5.6009385e-03   1.3927141e+00   5.9456045e-03   2.7078550e-03   2.3877891e-03
  -4.7300830e-02  -9.0408859e-02   1.4401040e+00   6.4265328e-03   3.2675247e-03   2.7700674e-03
  -3.1667982e-02  -2.4454602e-02   1.4204967e+00   7.4451429e-03   3.4552696e-03   2.9017028e-03
  -1.3089898e-02   4.0742689e-02   1.4184450e+00   7.3702712e-03   3.8071332e-03   3.0730064e-03
   9.4213014e-03   4.1167254e-02   1.4294150e+00   8.6642513e-03   3.7127817e-03   3.1879567e-03
  -1.1792240e-03   2.8617495e-02   1.4491516e+00   7.8942941e-03   3.9072192e-03   3.2671856e-03
  -7.4540172e-03  -5.0753477e-02   1.4476249e+00   6.9593711e-03   4.2226849e-03   3.4645472e-03
   1.4686642e-02   4.5035034e-02   1.3480491e+00   7.7054030e-03   3.8425718e-03   3.2773657e-03
   2.5678843e-02   1.9436608e-02   1.3899037e+00   6.7712401e-03   4.4398726e-03   3.8675198e-03
   2.1731319e-02   4.0981284e-02   1.4203449e+00   7.1633594e-03   3.4481989e-03   3.5235674e-03
   4.5175075e-02   2.3670796e-01   1.7063062e+00   7.0677109e-03   3.7187626e-03   3.9225723e-03
  -5.0608704e-02  -2.7430415e-01   2.3353787e+00   3.9912647e-03   3.1418878e-03   3.1317659e-03
  -1.0909466e-01  -9.0700015e-02   2.6996945e+00   2.6136681e-03   2.6165013e-03   2.3852746e-03
  -6.8276423e-02  -1.2270200e-03   2.9966591e+00   1.6112944e-03   1.6454059e-03   3.6560471e-03
  -5.3578732e-03  -3.8940399e-01   2.6101606e+00  -1.4995435e-04   1.3962303e-03   3.3551532e-03
   2.2786193e-02  -2.0502156e-01   2.5409686e+00  -2.9579907e-04   1.7392003e-03   3.0108792e-03
   5.0485685e-02  -1.5244261e-01   2.5839079e+00   8.5313823e-04   1.4089500e-03   2.6636200e-03
   5.0173125e-02  -1.1417466e-01   2.6631909e+00   5.4491241e-04   1.4093398e-03   3.0602024e-03
   4.3788975e-02  -1.5622916e-01   2.6823302e+00   1.3493202e-03   2.1225633e-03   3.4458183e-03
   6.7385480e-02  -1.8530296e-01   2.8165606e+00   1.4790477e-03   2.3522537e-03   3.8847591e-03
   8.1557646e-02  -1.7142024e-01   2.8557652e+00   9.8277215e-04   2.1982957e-03   3.8927564e-03
   9.3344839e-02  -2.3907233e-01   2.8323631e+00   1.1543686e-03   2.2504409e-03   3.9384855e-03
   1.1719925e-01  -1.9820809e-01   2.7212264e+00   3.4870205e-03   2.0084377e-03   4.3290372e-03
   1.4025456e-01  -2.1828472e-01   2.6887822e+00   3.5718025e-03   2.6161672e-03   4.8793716e-03
   1.2803767e-01  -1.5774483e-01   2.7085673e+00   2.1330759e-03   3.2360089e-03   4.8571344e-03
   1.1506276e-01  -2.1760874e-01   2.6667762e+00   1.8529091e-03   3.5289797e-03   4.8588236e-03
   1.2086007e-01  -2.3074249e-01   2.6332723e+00   2.2660270e-03   3.6495650e-03   5.0285202e-03
   1.1719373e-01  -1.4994290e-01   2.6288814e+00   2.2408777e-03   3.5031344e-03   5.0480068e-03
   1.3458090e-01  -1.6273412e-01   2.5949635e+00   3.7816961e-03   3.3719142e-03   4.9484450e-03
   1.5552474e-01  -1.8552090e-01   2.5661688e+00   3.2829650e-03   3.7714888e-03   5.3431571e-03
   1.6747300e-01  -1.8013351e-01   2.5677648e+00   3.0093448e-03   3.7836000e-03   5.5414052e-03
   1.8361963e-01  -7.9610292e-02   2.4773557e+00   3.8962281e-03   3.7713832e-03   5.6129938e-03
   1.7261267e-01  -1.9190756e-01   2.5292493e+00   3.0403749e-03   3.8978083e-03   5.7154072e-03
   1.5814326e-01  -1.5627548e-01   2.5349173e+00   2.9939027e-03   4.1544916e-03   5.7091225e-03
   1.4954433e-01  -1.3423940e-01   2.4782007e+00   4.0788228e-03   4.5794173e-03   5.5749700e-03
   1.7489312e-01  -1.2246823e-01   2.4892943e+00   4.9886298e-03   4.2667751e-03   6.2309423e-03
   8.5654979e-02  -1.1555572e-01   2.7057808e+00   1.5708929e-03   3.3243861e-03   4.6457042e-03
  -8.2211267e-03  -2.0618347e-01   2.6394737e+00   1.4584221e-03   4.5187643e-03   4.5613734e-03
  -5.6583033e-02  -1.8038030e-01   2.5949554e+00   1.9273364e-03   5.5905171e-03   4.7129554e-03
  -4.6505190e-02  -2.2687048e-01   2.6919969e+00   1.6447619e-03   5.7455072e-03   4.2484513e-03
   2.3749960e-02  -2.4340542e-01   2.6769278e+00   2.1102858e-03   5.1008354e-03   4.3896794e-03
   4.4774827e-02  -1.4317235e-01   2.7355765e+00   2.3351907e-03   4.5761055e-03   4.7630189e-03
   3.8860376e-02  -2.3047702e-01   2.8171213e+00   1.4155218e-03   4.0307286e-03   4.8305068e-03
   1.6679298e-02  -2.5217281e-01   3.0014630e+00  -7.1925875e-04   3.7960104e-03   4.7528237e-03
   7.4417882e-03  -3.8594915e-01   2.9385400e+00   2.1675368e-03   4.1854973e-03   4.7251009e-03
  -7.5455276e-03  -1.3620536e-01   3.1299634e+00   3.3713458e-04   3.8581566e-03   4.6298308e-03
   1.1531123e-03  -3.7449810e-01   3.0378907e+00   1.6929242e-03   4.6989100e-03   4.6993821e-03
   3.6473363e-02  -1.8898532e-01   3.0342611e+00   1.4623307e-03   5.6905641e-03   5.6628714e-03
   5.3670160e-02  -2.7365128e-01   3.0193356e+00   1.4500248e-03   4.9511495e-03   5.7995658e-03
   5.6008408e-02  -2.6430056e-01   2.9706084e+00   2.1784636e-03   5.3748787e-03   6.0799816e-03
   6.2628265e-02  -2.4367829e-01   2.9642319e+00   1.3643812e-03   5.6712292e-03   5.9357203e-03
   6.8112198e-02  -2.2287274e-01   2.8857086e+00   2.3374782e-03   5.4568078e-03   5.7377138e-03
   6.1884229e-02  -2.3095427e-01   2.8786903e+00   1.8990416e-03   6.2061817e-03   6.0741371e-03
   8.0443370e-02  -1.8316882e-01   2.8537159e+00   1.7641716e-03   6.1557627e-03   6.0522596e-03
   8.0643452e-02  -1.8472741e-01   2.8401482e+00   1.5278311e-03   5.8688035e-03   6.1139958e-03
   8.9806657e-02  -1.4840009e-01   2.8038371e+00   2.5936087e-03   6.3461812e-03   6.3314189e-03
   1.1180122e-01  -1.9535879e-01   2.8100979e+00   2.2424645e-03   5.9682884e-03   6.4342265e-03
   1.0393399e-01  -1.4578374e-01   2.7258219e+00   3.0417222e-03   6.2458136e-03   6.2742412e-03
   1.3943115e-01  -1.1990583e-01   2.6453664e+00   2.7279061e-03   6.3977712e-03   6.4127011e-03
   1.1079811e-01  -1.5322934e-01   2.6942196e+00   2.0008395e-03   6.3991103e-03   6.5939322e-03
   1.0292908e-01  -1.4139985e-01   2.6981441e+00   1.9119275e-03   6.3228242e-03   6.5150477e-03
   6.6284879e-02  -1.4844352e-01   2.5528690e+00   3.4607215e-03   6.2457899e-03   6.2828315e-03
   5.7156638e-02  -6.9996190e-02   1.7027913e+00   7.1355446e-04   4.3673719e-03   3.0604903e-03
   4.5150426e-02  -4.7222530e-01   1.4720091e+00   2.5859848e-03   4.4111473e-03   3.5677110e-03
   5.5254132e-02  -1.0802408e-01   1.6267491e+00   1.3835702e-03   5.0320619e-03   3.7214225e-03
   7.4317205e-02  -1.1811614e-01   1.6768772e+00   2.2135998e-03   5.3449489e-03   4.1030211e-03
   7.8139134e-02  -6.2167308e-02   1.6386631e+00   2.3112258e-03   5.5845119e-03   4.1309374e-03
   1.0806090e-01  -1.1082244e-01   1.6231232e+00   2.7111750e-03   5.7630072e-03   4.4705679e-03
   1.2359730e-01  -3.6145076e-02   1.6450849e+00   2.6465923e-03   5.5937455e-03   4.5711770e-03
   1.5707790e-01  -6.4786976e-02   1.6386106e+00   3.8563263e-03   5.8341965e-03   4.9490701e-03
   1.6321356e-01  -9.9235020e-02   1.6064110e+00   2.9560778e-03   6.2076143e-03   5.1795221e-03
   1.7818913e-01  -8.0568909e-02   1.5600202e+00   3.6742202e-03   6.5146189e-03   5.4912866e-03
   1.8460107e-01  -2.0398389e-02   1.6097442e+00   3.2387910e-03   6.6467476e-03   5.6576628e-03
   1.9136034e-01  -6.6151732e-02   1.5989048e+00   4.3903840e-03   7.1699488e-03   6.0388384e-03
   2.0769833e-01  -2.2134038e-02   1.5343611e+00   4.3430737e-03   6.6779681e-03   6.4876712e-03
   2.1277023e-01  -3.4474849e-02   1.5690044e+00   3.2901598e-03   6.6195998e-03   6.5355212e-03
   2.3376362e-01  -3.8030080e-02   1.5440645e+00   4.5622136e-03   6.3598839e-03   6.6520663e-03
   2.5694881e-01  -4.0688009e-02   1.6083688e+00   3.5262369e-03   6.9110539e-03   6.8667218e-03
   2.3066610e-01   5.0651304e-02   1.6656785e+00   3.7814279e-03   7.2206398e-03   6.6462362e-03
   2.4636586e-01  -3.8676128e-02   1.6896766e+00   5.7865650e-03   7.2573401e-03   6.6699461e-03
   2.5797045e-01  -1.0186656e-02   1.7806253e+00   5.6231098e-03   7.2461563e-03   6.8119304e-03
   2.7020134e-01  -4.5088469e-02   1.9079528e+00   5.3916550e-03   7.2929219e-03   7.1825073e-03
   2.6694742e-01   2.0436855e-03   1.9210930e+00   5.7813878e-03   7.8843754e-03   7.3515234e-03
   2.6144852e-01  -7.0938436e-02   1.8914504e+00   5.4044657e-03   8.2212035e-03   7.4562065e-03
   2.3950924e-01  -8.8707269e-02   1.9455146e+00   5.2677862e-03   7.7635087e-03   7.5134964e-03
   2.3134063e-01  -8.8614998e-02   1.9400828e+00   4.7689397e-03   7.9307900e-03   7.3502953e-03
   2.4497868e-01  -1.5642003e-03   1.9263087e+00   6.1519500e-03   8.0558739e-03   7.4727631e-03
   2.5268677e-01  -7.5228851e-02   1.9250938e+00   5.4059103e-03   8.6161822e-03   7.7252991e-03
   2.3642334e-01  -3.5999789e-02   1.7660626e+00   6.1004091e-03   8.3480206e-03   7.4643571e-03
   1.8637408e-01   2.4725093e-01   1.7805973e+00   3.0307688e-03   6.9634716e-03   6.9562406e-03
   1.7144171e-01  -3.3619929e-01   1.9483875e+00   3.8533165e-03   7.7534935e-03   6.8176947e-03
   1.7905028e-01  -5.3986561e-02   1.9579017e+00   5.4415657e-03   8.3730650e-03   6.8771819e-03
   1.7102047e-01  -8.4966826e-02   1.9860075e+00   5.4586918e-03   9.1805014e-03   6.9430773e-03
   2.0903552e-01  -2.2015383e-02   1.9617096e+00   7.2096557e-03   9.0267119e-03   7.1171622e-03
   2.1849606e-01  -4.9259372e-02   1.9730667e+00   7.4285789e-03   9.5997338e-03   7.4634162e-03
   2.2071552e-01   4.3573157e-02   2.0186195e+00   7.2640308e-03   9.3814211e-03   7.4503323e-03
   2.3039273e-01  -6.1243597e-02   1.9727867e+00   7.7312104e-03   9.3989563e-03   7.9514559e-03
   2.2749929e-01  -7.6978157e-02   1.9795081e+00   6.5154896e-03   1.0052242e-02   7.6855318e-03
   2.2435172e-01  -5.1132623e-02   2.0041353e+00   6.9703510e-03   9.9137460e-03   7.6868401e-03
   2.1593744e-01  -4.8773987e-02   2.0309649e+00   6.6650521e-03   9.9227837e-03   7.4979075e-03
   1.8403487e-01  -5.7679985e-02   2.0877832e+00   6.9522164e-03   9.9496420e-03   7.6939266e-03
   1.7604499e-01  -1.2286254e-01   2.0197942e+00   6.6693150e-03   1.0183299e-02   7.1591342e-03
   1.9941961e-01   1.8763531e-02   2.1517394e+00   6.1707265e-03   9.6304008e-03   7.3074820e-03
   2.1608471e-01  -6.2895307e-02   2.0752396e+00   6.1827344e-03   9.6573934e-03   7.4367861e-03
   1.7509927e-01  -7.7853735e-02   2.0919063e+00   5.8246012e-03   9.9683648e-03   6.7943970e-03
   1.8223645e-01   1.4091231e-02   2.2523482e+00   4.8040082e-03   9.9560549e-03   7.2808218e-03
   1.3698395e-01  -1.2897874e-01   2.1644519e+00   5.7598058e-03   1.0071351e-02   6.4206442e-03
   1.2852433e-01  -6.6326308e-02   2.1531683e+00   5.1443234e-03   9.9154324e-03   6.3493958e-03
   1.2641186e-01  -2.0567712e-02   2.1876049e+00   5.4739483e-03   1.0207584e-02   6.2656644e-03
   1.3613641e-01  -1.3611456e-02   2.2286593e+00   6.5681076e-03   9.9834789e-03   6.5986170e-03
   1.5102837e-01  -8.6731496e-02   2.1626421e+00   6.9941409e-03   1.0343383e-02   6.7317956e-03
   1.7571429e-01  -2.3668911e-02   2.0693428e+00   6.5762912e-03   1.0314819e-02   6.8771083e-03
   1.9836178e-01   3.3844242e-03   1.9838329e+00   6.6049479e-03   1.0353229e-02   7.0843894e-03
   1.9229305e-01   1.1820760e-02   2.0661729e+00   6.4595802e-03   9.7375365e-03   7.4668100e-03
   1.6266899e-01   3.2759527e-01   2.1762440e+00   4.5949843e-03   8.3700132e-03   6.9980515e-03
   1.0676233e-01  -3.5558601e-01   2.4598471e+00   3.3290163e-03   7.9569819e-03   5.8790656e-03
   1.3597095e-01  -1.1720426e-01   2.5228834e+00   4.1449738e-03   8.5308586e-03   6.3716810e-03
   1.6773339e-01  -1.5955061e-01   2.4098724e+00   2.3117267e-03   8.5396091e-03   6.1685926e-03
   1.6914848e-01  -2.7723568e-01   1.3352613e+00   1.9017993e-03   7.9653315e-03   4.7561405e-03
   1.7845848e-01  -3.8971085e-02   1.3252399e+00   2.0332534e-03   7.7347124e-03   4.7931101e-03
   1.9886015e-01   4.9790344e-04   1.3324805e+00   3.4043621e-03   8.1782767e-03   4.8464165e-03
   2.2892143e-01   2.4975103e-02   1.3572309e+00   3.3785837e-03   8.6374469e-03   5.3816591e-03
   2.3085895e-01   7.1779756e-03   1.2913354e+00   4.3994694e-03   8.3794890e-03   5.5006182e-03
   1.9837776e-01   8.1676649e-03   1.2693438e+00   2.6748933e-03   8.3071678e-03   5.0017384e-03
   1.5659172e-01   1.4858110e-02   1.2089754e+00   4.0069179e-03   8.5026821e-03   4.9165653e-03
   1.4206718e-01   7.5687508e-02   1.2254685e+00   2.9818173e-03   8.0685156e-03   4.7669023e-03
   9.7095335e-02   1.0814962e-02   1.1039815e+00   6.0735463e-03   8.4677240e-03   4.7279782e-03
   1.1221866e-01   9.3458078e-02   1.0840949e+00   4.2727682e-03   8.1384711e-03   4.9914350e-03
   1.3891870e-01   6.2692945e-02   1.0789864e+00   3.5970212e-03   8.7451923e-03   4.6965821e-03
   1.5096767e-01   3.3224791e-02   1.0509083e+00   3.9236624e-03   8.7152784e-03   5.1629983e-03
   1.8944593e-01   1.5454372e-01   1.0483681e+00   3.6462292e-03   9.1068240e-03   5.4489524e-03
   1.5896060e-01   5.7104781e-02   1.1353533e+00   3.7008177e-03   8.8671052e-03   5.1990500e-03
   1.5442703e-01   8.4077290e-02   1.2122902e+00   5.3597170e-03   9.3550116e-03   5.0992017e-03
   1.5958996e-01   1.4350789e-01   1.2372439e+00   5.1440684e-03   9.0937617e-03   4.9244577e-03
   1.7577671e-01   7.5285091e-02   1.2386574e+00   5.9776329e-03   9.2656628e-03   5.2161426e-03
   2.0545812e-01   5.8809220e-02   1.0112738e+00   6.6740232e-03   9.9934201e-03   6.1327323e-03
   1.8079047e-01   9.6176971e-02   6.5532947e-01   3.9044645e-03   7.0964472e-03   5.7657833e-03
   1.7386746e-01   5.5150875e-02   3.0719766e-01   5.6340432e-04   6.3589394e-03   5.1965766e-03
   1.2967621e-01   2.6001996e-01   8.5930540e-01   1.3935932e-03   6.9379321e-03   4.8644908e-03
   1.2355547e-01   1.8826521e-01   1.1373156e+00   2.8062210e-03   7.1783322e-03   4.5542711e-03
   9.5119781e-02   1.5789084e-01   1.3144369e+00   5.5591727e-03   7.8708712e-03   4.4067816e-03
   9.7469243e-02   1.6142458e-01   1.5061171e+00   5.5427854e-03   6.7390646e-03   4.3249469e-03
   1.1921260e-01   1.1419775e-01   1.6038880e+00   7.1561843e-03   7.1835687e-03   4.3792027e-03
   1.4075665e-01   5.9165407e-02   1.6595450e+00   6.8972488e-03   7.4014362e-03   4.8315539e-03
   1.5735852e-01   6.2145492e-02   1.7231419e+00   7.4256312e-03   7.4827692e-03   5.1019005e-03
   1.6573915e-01   8.9268965e-03   1.7977396e+00   8.3538658e-03   7.8169091e-03   5.3734525e-03
   1.7917757e-01   7.6180796e-02   1.8080556e+00   8.7867996e-03   7.4740489e-03   5.5637002e-03
   1.8260042e-01   5.1478085e-02   1.8048859e+00   8.9902030e-03   7.4547817e-03   5.6041596e-03
   1.9198890e-01  -1.1724273e-02   1.8244944e+00   9.2417551e-03   7.5507545e-03   5.6837553e-03
   1.9448192e-01  -2.2850032e-02   1.8633952e+00   9.0973144e-03   7.6681659e-03   5.9144792e-03
   1.9218797e-01   3.1508137e-02   1.8785403e+00   9.3371063e-03   8.0950713e-03   5.9781577e-03
   2.0191345e-01   6.9150701e-02   1.8950380e+00   9.2999466e-03   8.2300194e-03   6.0659094e-03
   1.9140567e-01   2.6813769e-02   1.9134628e+00   9.2644417e-03   8.2449190e-03   6.0093984e-03
