   1.0440119e-14   0.0000000e+00  -1.4210855e-14   3.0838612e-52   9.6296497e-35   0.0000000e+00
   4.0167903e-02   8.2727278e-02  -4.1763670e-02   1.3234979e-03   6.6672958e-04   1.6943151e-03
   1.4160775e-01  -4.0984403e-02  -3.0606359e-01   3.1612104e-03   7.0787265e-04   5.1652546e-03
   2.4320753e-01  -2.9771289e-01  -7.0095834e-01   3.0600514e-03   6.9854419e-04   8.1861851e-03
   2.4466043e-01   1.5107575e-02  -3.6370555e-01   2.7679994e-03   1.3909114e-03   8.0715586e-03
   2.4523438e-01  -1.1247816e-02  -9.4384415e-02   2.5577167e-03   9.9131720e-04   8.3051475e-03
   2.6615751e-01  -5.5847201e-02  -2.2857752e-01   2.7363439e-03   9.9152379e-04   9.6399754e-03
   2.9042049e-01  -1.3543864e-01  -2.3115510e-01   2.0723542e-03   1.5785054e-05   9.5337518e-03
   2.5928733e-01  -3.4018792e-02  -3.3160682e-01   3.1029091e-03  -1.4346457e-04   1.0284873e-02
   2.7615152e-01  -1.4315625e-01  -3.0554900e-01   4.7954694e-03   8.2610481e-04   1.1626328e-02
   2.6491238e-01  -1.3810697e-01  -4.2625203e-01   4.5797132e-03   2.4041660e-03   1.1862914e-02
   2.6500179e-01  -1.3957205e-01  -3.4293273e-01   3.5901263e-03   2.4955988e-03   1.2558431e-02
   2.8628184e-01  -1.6546996e-01  -3.0782654e-01   2.8574064e-03   2.5794863e-03   1.2921230e-02
   3.0337867e-01  -1.5968144e-01  -2.8946524e-01   2.6938581e-03   2.5384916e-03   1.3382566e-02
   3.6444450e-01  -2.0605384e-01  -2.6140876e-01   3.2730177e-03   2.1553006e-03   1.5038385e-02
   3.6916067e-01  -1.6868154e-01  -2.2737509e-01   4.7951488e-03   1.7988643e-03   1.5856479e-02
   3.8038199e-01  -1.8324183e-01  -1.2983164e-01   4.5061012e-03   1.3960949e-03   1.7126220e-02
   4.2968534e-01  -2.7232605e-01  -1.8636824e-01   4.6943979e-03   1.6586020e-03   1.7538074e-02
   3.7148002e-01   2.3924398e-01  -1.0311193e-01   5.2945977e-03   1.9727220e-03   1.6675841e-02
   4.3718532e-01  -6.1285699e-01  -2.9353355e-01   4.4117233e-03   2.2185628e-03   1.7731720e-02
   4.7248641e-01  -3.1449148e-01  -2.4073559e-01   4.0947395e-03   2.2930877e-03   1.8176235e-02
   4.7423903e-01  -1.9216591e-01  -2.1941788e-01   4.0693563e-03   2.3501702e-03   1.7768628e-02
   4.7249788e-01  -2.4352603e-01  -2.0515243e-01   3.6608977e-03   2.5069817e-03   1.7742215e-02
   4.7366078e-01  -2.5337258e-01  -2.1975353e-01   3.8715462e-03   2.7500038e-03   1.7575145e-02
   5.0193175e-01  -2.3255940e-01  -2.2153537e-01   2.4691039e-03   2.9730593e-03   1.7540312e-02
   4.9927238e-01  -2.7070024e-01  -2.3189435e-01   2.6318894e-03   3.3640879e-03   1.7725634e-02
   4.7184984e-01  -2.1830642e-01  -2.6087343e-01   2.1236951e-03   3.1938247e-03   1.7379105e-02
   4.7070680e-01  -2.4676727e-01  -2.7535664e-01   8.7500352e-04   2.3707039e-03   1.7216169e-02
   4.6225930e-01  -2.6675315e-01  -2.1854376e-01   1.7913063e-03   2.1996770e-03   1.6701391e-02
   4.6254903e-01  -2.2661766e-01  -1.3654041e-01   1.8971948e-03   2.1472699e-03   1.6633282e-02
   4.6837489e-01  -2.0398612e-01  -1.1967428e-01   1.7544400e-03   2.4332271e-03   1.6705565e-02
   4.8184511e-01  -1.7758284e-01  -1.0939912e-01   1.4685042e-03   2.4061314e-03   1.7006961e-02
   4.6528228e-01  -1.9386627e-01  -1.2623824e-01   9.8301454e-04   2.5048212e-03   1.6952599e-02
   4.6332016e-01  -2.0879446e-01  -1.2982637e-01   8.9194582e-04   2.5769985e-03   1.6721805e-02
   4.5656809e-01  -2.2387538e-01  -1.3960304e-01   8.3459902e-04   2.6490960e-03   1.6555691e-02
   4.4816451e-01  -2.4906188e-01  -1.1639070e-01   8.9429249e-04   2.8845804e-03   1.6477055e-02
   4.5051479e-01  -2.0433960e-01  -1.1370023e-01   1.4325915e-03   2.7716743e-03   1.6432528e-02
   4.6786593e-01  -1.6560894e-01  -3.5629461e-02   6.6407478e-04   2.9210607e-03   1.6588427e-02
   4.6301639e-01  -1.9004534e-01   5.6550657e-02  -2.3528683e-04   3.2004890e-03   1.6365824e-02
   4.7080526e-01  -2.2865072e-01  -5.9623723e-03  -2.2145808e-04   3.3260434e-03   1.6329899e-02
   4.3885582e-01  -1.9628866e-01  -3.6459308e-02  -3.7026521e-05   2.4963827e-03   1.5495358e-02
   4.4552489e-01  -2.1519847e-01  -9.4411354e-03   3.3711419e-05   2.6565341e-03   1.5670412e-02
   4.7762066e-01  -2.2571476e-01   1.3802283e-02  -3.4736877e-04   2.6069146e-03   1.5031007e-02
   5.1695540e-01  -1.6400183e-01   4.7006091e-03   2.5180720e-04   2.7578634e-03   1.5307854e-02
   5.2746373e-01  -1.6620459e-01  -5.1460623e-02   1.5213602e-05   2.5586863e-03   1.5783267e-02
   5.0536045e-01  -1.8705573e-01  -4.1052861e-02   1.8010125e-04   2.4318553e-03   1.5751522e-02
   4.8633004e-01  -1.7262197e-01  -7.5389860e-02   2.9652002e-04   2.6867174e-03   1.5940962e-02
   4.8401904e-01  -1.9408410e-01  -5.4068427e-02  -9.3284732e-05   2.7110425e-03   1.5957042e-02
   4.8173119e-01  -2.4737360e-01  -6.4070549e-02  -1.2031090e-04   2.9079221e-03   1.5627012e-02
   4.8085570e-01  -1.8516748e-01  -1.5011811e-02  -8.8322991e-04   2.9347105e-03   1.5120036e-02
   4.8675746e-01  -1.9756207e-01  -1.8111080e-02  -1.0958552e-03   3.1229645e-03   1.5285520e-02
   4.8344683e-01  -1.9443389e-01  -2.0755049e-02  -1.5837852e-03   3.4215082e-03   1.5495456e-02
   5.0403915e-01  -2.1242983e-01  -2.7578253e-02  -2.0681673e-03   3.3051476e-03   1.5118533e-02
   5.1840349e-01  -2.0165292e-01  -4.9244288e-02  -2.2933405e-03   3.3667467e-03   1.5483712e-02
   4.9898976e-01  -4.1816384e-01  -3.8283960e-01   1.3743460e-03   3.4608515e-03   1.1652529e-02
   4.8705595e-01   1.8065992e-02  -2.7799234e-01   3.2472107e-03   6.1690887e-03   1.2949511e-02
   5.6770056e-01   4.8903433e-01  -1.2136658e-01  -8.2794344e-04   5.0387278e-03   1.7861662e-02
   6.3886064e-01  -3.0171972e-01  -2.1041590e-01  -8.6443211e-04   3.9987552e-03   1.9945527e-02
   6.0993060e-01  -5.9218835e-02  -1.6443204e-01  -2.4459946e-03   4.2181189e-03   1.9445240e-02
   6.1391998e-01  -3.4971989e-01  -1.4274227e-01  -3.8949943e-03   4.0220613e-03   1.9191453e-02
   6.4833868e-01  -2.6982439e-01  -5.1467839e-02  -4.7842448e-03   4.2706182e-03   1.9268478e-02
   6.4129359e-01  -3.0561278e-01  -6.0017929e-02  -5.6292713e-03   3.9959477e-03   1.8958105e-02
   6.2087337e-01  -2.6559107e-01  -6.7768085e-02  -5.3571186e-03   4.0975386e-03   1.8720956e-02
   6.1047467e-01  -3.1853049e-01  -6.3509213e-02  -5.9944920e-03   3.8095173e-03   1.8648586e-02
   6.1672280e-01  -2.7543286e-01  -5.1065238e-02  -6.6098261e-03   3.9972919e-03   1.8540929e-02
   6.3315012e-01  -2.7807898e-01  -6.7257201e-02  -6.4928331e-03   3.8827376e-03   1.8723470e-02
   6.1668967e-01  -2.4258762e-01  -2.5539198e-02  -7.7679484e-03   3.7653778e-03   1.8176486e-02
   6.0169569e-01  -3.3066383e-01  -2.1575548e-02  -8.2890763e-03   3.1956263e-03   1.7734366e-02
   6.4410516e-01  -3.0922862e-01  -3.7302006e-02  -8.5545318e-03   3.0584598e-03   1.7669863e-02
   6.3865464e-01  -2.8319566e-01  -2.3469728e-02  -8.2809155e-03   3.0814975e-03   1.7632148e-02
   6.5469752e-01  -2.8925571e-01  -1.4359771e-02  -7.9228118e-03   3.5488538e-03   1.8219809e-02
   6.6764597e-01  -2.5432252e-01   6.4847803e-03  -8.4758757e-03   3.5414149e-03   1.8092370e-02
   6.5986376e-01  -2.6854214e-01   2.6354872e-02  -8.4968735e-03   3.8813974e-03   1.7604052e-02
   6.5434352e-01  -2.6834797e-01   4.1015705e-02  -8.5896556e-03   3.9483958e-03   1.7620988e-02
   6.3590851e-01  -2.9119044e-01   5.8367911e-02  -9.1632274e-03   3.9093293e-03   1.7132052e-02
   6.2445556e-01  -2.8462018e-01   8.7310815e-02  -9.7288131e-03   4.1013915e-03   1.6207951e-02
   6.2800634e-01  -2.3862836e-01   1.2107628e-01  -9.6841565e-03   4.6949351e-03   1.6625825e-02
   6.3125432e-01  -2.6446513e-01   1.2321438e-01  -9.9426443e-03   4.4252483e-03   1.6833240e-02
   6.2450434e-01  -3.0908897e-01   1.0981824e-01  -9.9323106e-03   4.4296260e-03   1.6099174e-02
   6.6107182e-01  -3.1774955e-01   9.6451674e-02  -9.6974068e-03   4.6413762e-03   1.6868420e-02
   6.5101133e-01  -2.8751558e-01   1.0885246e-01  -9.7653334e-03   4.8055303e-03   1.6337821e-02
   6.7472652e-01  -2.5161122e-01   1.2992957e-01  -9.9527112e-03   5.0447983e-03   1.7097149e-02
   6.6741756e-01  -2.5361915e-01   1.3219608e-01  -9.6366319e-03   4.8148720e-03   1.7524687e-02
   7.0286853e-01  -2.8386604e-01   1.3840623e-01  -9.5457619e-03   5.2516054e-03   1.7655729e-02
   6.4097925e-01  -2.7331053e-01   1.1581082e-01  -8.4523456e-03   4.7573624e-03   1.8173881e-02
   6.1181214e-01  -2.9548932e-01   8.8432227e-02  -8.1553313e-03   4.7674662e-03   1.7875584e-02
   6.0060520e-01  -2.8619792e-01   8.6757316e-02  -8.9444428e-03   4.5879630e-03   1.7688566e-02
   5.7910619e-01  -2.7923585e-01   6.1494648e-02  -8.3725256e-03   4.6034684e-03   1.7266379e-02
   5.6940355e-01  -2.5996506e-01   7.2783332e-02  -8.7891540e-03   4.4088096e-03   1.7217277e-02
   5.5784722e-01  -2.5137231e-01   6.6520591e-02  -8.4519113e-03   4.2123752e-03   1.7260739e-02
   5.8539252e-01  -2.8345276e-01   5.2631855e-02  -8.5013572e-03   4.4082906e-03   1.7384796e-02
   5.9007831e-01  -2.5530499e-01   5.7620441e-02  -8.9823725e-03   4.4314862e-03   1.7266564e-02
   5.6462671e-01  -1.8035546e-01   7.2967624e-02  -9.6782175e-03   4.0656653e-03   1.7332926e-02
   5.8696499e-01   1.9106623e-02   4.7775345e-02  -9.3665427e-03   4.5237448e-03   1.7509022e-02
   6.8439716e-01  -7.4518468e-01  -8.4327910e-02  -8.2422990e-03   4.0241548e-03   1.8710872e-02
   6.8614452e-01  -3.3218976e-01   3.2135902e-02  -8.2799508e-03   4.0612226e-03   1.8822272e-02
   6.9118403e-01  -3.1259179e-01   3.8441723e-02  -8.8211661e-03   4.2642616e-03   1.8697993e-02
   6.7065128e-01  -3.2106437e-01   8.2996416e-02  -8.6767078e-03   4.3332888e-03   1.8781586e-02
   6.5472500e-01  -3.0206534e-01   7.0234979e-02  -9.1699580e-03   4.4139960e-03   1.8562315e-02
   6.4118124e-01  -2.7938502e-01   7.6617456e-02  -9.5491341e-03   4.3201188e-03   1.7961755e-02
   6.5401365e-01  -3.1648657e-01   6.3516122e-02  -9.6138126e-03   4.7192701e-03   1.8331356e-02
   6.5320215e-01  -3.1092111e-01   4.2816060e-02  -9.6772269e-03   5.0040516e-03   1.8047730e-02
   6.4926996e-01  -2.9305076e-01   3.6766402e-02  -9.8623366e-03   5.3080644e-03   1.7823530e-02
   6.5762913e-01  -3.0326927e-01   3.6950717e-02  -9.8532869e-03   5.2244836e-03   1.7954114e-02
   6.5158182e-01  -2.5825359e-01   7.6838658e-02  -1.0238325e-02   5.3339477e-03   1.7958403e-02
   6.3365375e-01  -2.5381247e-01   9.2026876e-02  -9.9943940e-03   5.3597830e-03   1.7821795e-02
   6.2802505e-01  -2.8193381e-01   7.7520106e-02  -1.0038127e-02   4.8953177e-03   1.7831060e-02
   6.1652124e-01  -2.3848869e-01   5.6564248e-02  -9.8787516e-03   4.5711020e-03   1.8160520e-02
   6.1141082e-01  -3.1110640e-01   2.8979914e-02  -9.0189223e-03   4.5468821e-03   1.8401682e-02
   6.0283104e-01  -2.8131604e-01   4.0271720e-02  -9.2365982e-03   4.0828496e-03   1.8358545e-02
   6.0336133e-01  -2.6393644e-01   5.7126716e-02  -9.4360669e-03   4.1160310e-03   1.8137259e-02
   6.0125352e-01  -3.2023642e-01   4.1447669e-02  -9.1163456e-03   4.1417663e-03   1.8113955e-02
   5.9246453e-01  -2.7117283e-01   5.7332520e-02  -9.3779763e-03   4.0865595e-03   1.7881899e-02
   6.0733267e-01  -3.2853739e-01   4.0587514e-02  -9.2004384e-03   4.2849104e-03   1.8027272e-02
   5.9658493e-01  -2.8509511e-01   4.9864077e-02  -9.3896880e-03   4.2379934e-03   1.8141146e-02
   6.5834557e-01  -2.6566338e-01  -1.1302851e-02  -8.9475431e-03   5.2709682e-03   1.9263261e-02
   6.4496277e-01  -3.0823003e-01   4.3662234e-02  -1.0208213e-02   5.0958612e-03   1.9130647e-02
   6.5219769e-01  -3.4516576e-01   1.6709581e-02  -9.9416415e-03   5.2777114e-03   1.9342162e-02
   6.3230636e-01  -3.0879954e-01   1.6731530e-02  -9.2333813e-03   4.8051571e-03   1.9080180e-02
   6.3392960e-01  -3.3054247e-01   3.1333695e-02  -9.4613739e-03   4.8965986e-03   1.9149327e-02
   6.2343109e-01  -3.7192428e-01   8.1433286e-03  -9.0619696e-03   5.2678270e-03   1.8109645e-02
   6.4374850e-01  -2.4344678e-01   4.7617357e-02  -9.1455816e-03   5.8664618e-03   1.8312158e-02
   6.2915807e-01  -2.6360764e-01   7.5724546e-02  -9.3432063e-03   5.8075996e-03   1.7840363e-02
   6.3221740e-01  -2.7204859e-01   2.9551820e-02  -8.6594733e-03   5.9681795e-03   1.8062010e-02
   6.4266043e-01  -2.9717388e-01   1.5459360e-02  -9.2692614e-03   6.0251488e-03   1.7920135e-02
   6.3086879e-01  -2.5284030e-01   1.3740543e-02  -8.6941072e-03   6.2428791e-03   1.7904976e-02
   6.2770287e-01  -2.5858244e-01   1.8285470e-02  -8.4452542e-03   6.4386823e-03   1.8032264e-02
   6.2976873e-01  -2.5168384e-01   2.2680413e-02  -7.8293789e-03   6.5178220e-03   1.8462911e-02
   6.2610959e-01  -2.0458125e-01   4.2526425e-02  -8.1937180e-03   6.4566025e-03   1.8766945e-02
   6.4354616e-01  -3.0779113e-01  -3.6877005e-04  -8.0426557e-03   6.4485739e-03   1.8860035e-02
   6.5803831e-01  -3.0107451e-01  -4.3240939e-03  -7.8616609e-03   6.7058645e-03   1.8350256e-02
   6.7635753e-01  -2.6913685e-01  -2.1661954e-02  -6.4354223e-03   6.8908677e-03   1.9019679e-02
   6.8020905e-01  -4.7372398e-02  -1.4333679e-01  -1.4701332e-03   7.4843887e-03   1.9159047e-02
   6.7141616e-01  -2.0697699e-01  -1.5207703e-01  -3.0334934e-03   7.1491520e-03   1.9142096e-02
   6.7592143e-01  -2.2690143e-01  -1.4260141e-01  -3.4280809e-03   6.9059233e-03   1.9080358e-02
   6.6580062e-01  -2.4047761e-01  -1.4375053e-01  -3.0835989e-03   6.9865755e-03   1.8872473e-02
   6.6996843e-01  -2.0067342e-01  -1.1291185e-01  -3.5692033e-03   7.2247613e-03   1.8643306e-02
   6.5738418e-01  -2.2413990e-01  -9.1952522e-02  -3.9579850e-03   7.0408922e-03   1.8096072e-02
   6.4808175e-01  -1.9466788e-01  -9.3533453e-02  -4.3935402e-03   7.3624060e-03   1.7787518e-02
   6.5606730e-01  -2.1557497e-01  -9.3058603e-02  -4.0617210e-03   7.5440004e-03   1.7318207e-02
   6.5640182e-01  -1.7845395e-01  -6.7570923e-02  -4.8498393e-03   7.5225619e-03   1.6795059e-02
   6.7001552e-01  -2.2846105e-01  -9.9263933e-02  -4.2999700e-03   7.8418028e-03   1.7437847e-02
   6.6856045e-01  -1.7892109e-01  -9.1696975e-02  -4.9157488e-03   7.7921471e-03   1.7072570e-02
   6.4972070e-01  -1.4604697e-01  -8.1367974e-02  -4.7467317e-03   7.9644637e-03   1.6451532e-02
   6.3239665e-01  -1.6015608e-01  -5.7350895e-02  -5.1140582e-03   7.1930778e-03   1.6614726e-02
   6.4653107e-01  -2.5268232e-01  -5.3884970e-02  -5.2146191e-03   7.1570127e-03   1.6270298e-02
   6.3059973e-01  -2.2489059e-01  -2.9025938e-02  -5.1960027e-03   6.9331710e-03   1.5268511e-02
   5.9302867e-01  -1.7142044e-01   2.8856407e-02  -4.9255376e-03   6.3940471e-03   1.3312013e-02
   4.6999351e-01  -1.4416766e-01   3.7770364e-02  -4.0029520e-03   4.6580193e-03   1.1189364e-02
   5.0894881e-01  -7.2561451e-02   7.9947449e-03  -4.0397643e-03   5.1828404e-03   1.2387895e-02
   5.2840770e-01  -6.7527602e-02  -2.2219112e-02  -5.1299300e-03   5.8223284e-03   1.3811501e-02
   5.4705048e-01  -8.6535863e-02  -4.8904564e-02  -4.7593556e-03   6.1001239e-03   1.4450066e-02
   5.5456626e-01  -1.1860259e-01  -5.3036476e-02  -4.1660762e-03   6.4641273e-03   1.4823359e-02
   5.5011597e-01  -1.5494598e-01  -4.4871233e-02  -4.4872411e-03   6.3071348e-03   1.5068507e-02
   5.7518177e-01  -1.6542535e-01  -4.7939680e-02  -4.2350878e-03   6.4550144e-03   1.5472728e-02
   5.8565062e-01  -1.5801501e-01  -4.6252654e-02  -4.5571935e-03   6.6853447e-03   1.5625230e-02
   5.9610247e-01  -1.5151722e-01  -5.8866751e-02  -4.2640156e-03   6.9878699e-03   1.5835645e-02
   6.1077022e-01  -1.4116221e-01  -6.4725610e-02  -4.7943045e-03   6.7654663e-03   1.6334602e-02
   5.9817124e-01  -1.7036840e-01  -8.7560624e-02  -5.1278126e-03   6.5108636e-03   1.6305379e-02
   5.9431786e-01  -2.0691926e-01  -9.4462710e-02  -5.4158777e-03   6.3853405e-03   1.6425646e-02
   6.3026271e-01  -2.0694954e-01  -1.1000476e-01  -4.5177088e-03   6.8345670e-03   1.6800220e-02
   6.5579446e-01  -2.0992505e-01  -1.0941999e-01  -4.7907197e-03   6.9645980e-03   1.6952797e-02
   6.5392949e-01  -2.0226541e-01  -1.1465501e-01  -4.8586269e-03   6.8538995e-03   1.7188040e-02
   6.6029838e-01  -1.5010502e-01  -8.4083781e-02  -5.0392415e-03   7.2380400e-03   1.7031113e-02
   6.4294426e-01  -1.6895555e-01  -1.1454073e-01  -4.8256842e-03   6.9872619e-03   1.6862210e-02
   6.3859284e-01  -1.9103676e-01  -1.3427767e-01  -4.6995647e-03   7.0957519e-03   1.7118732e-02
   6.2255348e-01  -1.9610929e-01  -1.3083256e-01  -4.7823602e-03   7.0317584e-03   1.6863000e-02
   6.2880071e-01  -1.8116265e-01  -1.3702831e-01  -4.4889841e-03   7.3909661e-03   1.6995260e-02
   6.0812469e-01  -2.1763083e-01  -1.3079407e-01  -4.8916940e-03   7.3076538e-03   1.6443106e-02
   6.2532166e-01  -2.0752977e-01  -1.0583157e-01  -4.7608360e-03   7.4973620e-03   1.6430868e-02
   6.2733659e-01  -1.4022295e-01   8.5231860e-03  -5.9110783e-03   6.9537965e-03   1.6050175e-02
   6.3332143e-01  -2.3185337e-01  -7.5518335e-02  -4.5475749e-03   6.8732350e-03   1.6267479e-02
   6.2339384e-01  -2.0865181e-01   1.0985042e-01  -4.3998275e-03   6.4514693e-03   1.5999833e-02
   6.3245967e-01  -2.0905277e-01  -2.6525612e-02  -3.5383425e-03   6.6943375e-03   1.6977264e-02
   6.1270744e-01  -1.5942771e-01  -5.8641897e-02  -3.2985765e-03   6.7187550e-03   1.6861039e-02
   6.0829835e-01  -1.7695380e-01  -7.5322811e-02  -3.1003220e-03   7.0826604e-03   1.6780728e-02
   6.0138079e-01  -1.8064087e-01  -1.0118852e-01  -3.5712082e-03   6.8390306e-03   1.6671548e-02
   5.8813006e-01  -1.2400895e-01  -9.0580811e-02  -4.1859141e-03   6.8275956e-03   1.6576873e-02
   6.0288251e-01  -2.0407048e-01  -1.0307633e-01  -3.8042921e-03   7.1969486e-03   1.6732652e-02
   6.1772537e-01  -1.8135438e-01  -8.3739211e-02  -4.3013046e-03   7.3828267e-03   1.6726065e-02
   6.0971496e-01  -2.0080377e-01  -8.5378108e-02  -4.5451491e-03   7.6811406e-03   1.6368034e-02
   6.1744053e-01  -1.9698330e-01  -6.8056411e-02  -5.0773401e-03   7.7631386e-03   1.6469929e-02
   6.1242107e-01  -2.2817967e-01  -4.8252100e-02  -5.5990092e-03   7.6981174e-03   1.6233407e-02
   5.8840881e-01  -1.6043342e-01   3.8542377e-03  -6.2684094e-03   6.9851214e-03   1.5336064e-02
   5.7772526e-01  -2.6852385e-01   5.0553592e-04  -6.5914968e-03   6.6288502e-03   1.5573321e-02
   5.7486608e-01  -2.9168630e-01   1.0889550e-02  -6.4472751e-03   6.4370779e-03   1.5123896e-02
   6.0593514e-01  -1.8501102e-01   1.1334293e-02  -6.1397132e-03   6.8312228e-03   1.5461289e-02
   6.3043397e-01  -1.8719985e-01   3.9523542e-03  -5.8063989e-03   7.1444419e-03   1.5998859e-02
   6.1795397e-01  -1.9512493e-01  -5.2115038e-03  -5.7307555e-03   7.2347809e-03   1.6001952e-02
   6.0969303e-01  -2.1068505e-01  -2.2880721e-02  -5.6204233e-03   7.3883709e-03   1.5990909e-02
   6.0873812e-01  -2.4388894e-01  -3.4705686e-02  -5.5125850e-03   7.4583996e-03   1.6253090e-02
   6.0970948e-01  -1.9748728e-01  -4.0045010e-02  -5.4434261e-03   7.5844925e-03   1.6020417e-02
   6.1989198e-01  -2.4918104e-01  -6.4601389e-02  -5.1451140e-03   7.6279200e-03   1.6322337e-02
   6.0801578e-01  -2.0115315e-01  -1.5553190e-02  -4.8117702e-03   7.6938982e-03   1.5474056e-02
   5.8390574e-01  -2.2174031e-01  -1.2960242e-02  -4.6247459e-03   7.9288652e-03   1.4845483e-02
   5.8812206e-01  -2.0215425e-01   1.9154457e-03  -4.4317676e-03   7.9097632e-03   1.4984985e-02
   5.9706077e-01  -1.4643547e-01  -2.4651318e-02  -4.4298266e-03   7.8977328e-03   1.5618491e-02
   6.1741007e-01  -2.0558187e-01  -1.9181703e-02  -5.3428371e-03   7.8700658e-03   1.5685212e-02
   5.7972297e-01  -1.9939186e-01   6.0459735e-03  -5.1896811e-03   7.8784775e-03   1.4513309e-02
   6.0937746e-01  -2.1066787e-01  -1.4801324e-02  -4.9572172e-03   8.1677673e-03   1.4971661e-02
   6.0216959e-01  -1.3597191e-01  -3.9481406e-03  -4.9603962e-03   8.1357429e-03   1.5276220e-02
   6.1288081e-01  -1.7456107e-01   4.0962131e-03  -5.0301954e-03   8.1894100e-03   1.5254888e-02
   5.9609963e-01  -2.3983898e-01   4.7412242e-03  -5.1437485e-03   8.1482025e-03   1.4585649e-02
   6.0813695e-01  -1.7486233e-01   1.1050054e-03  -5.3274836e-03   8.2217911e-03   1.4834698e-02
   5.8845193e-01  -2.4610334e-01  -2.0166006e-02  -4.8743105e-03   8.1124166e-03   1.4547664e-02
   5.9008639e-01  -1.5756775e-01  -8.2973429e-03  -4.4107984e-03   8.2009790e-03   1.5117444e-02
   6.0928887e-01  -1.4482141e-01  -8.6802764e-04  -4.8225178e-03   8.4736486e-03   1.5314564e-02
   5.6584105e-01  -1.7147787e-01   1.5715751e-02  -4.6471820e-03   7.9061289e-03   1.4204011e-02
   5.3378931e-01  -1.4859688e-01   2.2535396e-02  -4.1637487e-03   8.0156908e-03   1.3750692e-02
   5.6006784e-01  -1.3413362e-01  -3.0251878e-02  -4.1418096e-03   8.0892666e-03   1.4718245e-02
