   0.0000000e+00   0.0000000e+00   0.0000000e+00   0.0000000e+00   0.0000000e+00   0.0000000e+00
   9.4333600e-03   9.6591895e-02  -4.8663808e-02   3.9450825e-03  -4.1848020e-04  -3.7619404e-04
   2.7712949e-02   1.2095607e-01  -9.2194502e-02   6.2249199e-03  -4.6482756e-04   5.2889234e-04
   3.4306601e-02   2.1251662e-01  -8.1459800e-02   4.8638717e-03  -5.2682656e-04   3.9084443e-04
   5.2811608e-02   3.9252002e-02  -9.4677847e-02   5.0839053e-03  -4.0181846e-04   1.0829175e-03
   5.6319773e-02   9.6852354e-02  -8.4932192e-02   6.3255336e-03  -2.4878474e-04   1.2799052e-03
   5.9802038e-02   1.4390064e-01  -5.3583409e-02   6.3125564e-03  -3.5206394e-04   1.3047910e-03
   3.1286126e-02   2.0230406e-01  -1.8885945e-01   9.5016477e-03   7.3479392e-05   2.8132654e-04
   3.9573179e-02   3.5166700e-02  -2.1686842e-01   9.3062063e-03   2.0291556e-04   5.3086115e-04
   3.9185512e-02   6.1184614e-02  -1.8581649e-01   9.4013294e-03   3.3862856e-04   8.8599527e-04
   5.2121081e-02   1.1292441e-01  -1.2958830e-01   7.9939250e-03   8.8490013e-06   1.0652629e-03
   6.6333807e-02   1.1614359e-01  -1.3025713e-01   7.5030285e-03   7.4610605e-05   1.2061035e-03
   7.4967214e-02   4.1226970e-02  -1.3481754e-01   7.5643101e-03   7.4590652e-05   1.3719180e-03
   8.9146362e-02   3.2183047e-02  -1.2844857e-01   7.9533600e-03   1.9830820e-04   1.5946914e-03
   7.8809805e-02   1.1414751e-01  -8.5333282e-02   7.8381900e-03  -2.4663477e-04   1.5874919e-03
   7.6874970e-02   1.5427768e-01  -1.1646072e-01   8.6487329e-03   5.4094603e-05   1.5355217e-03
   7.1698433e-02   1.7240763e-01  -1.3583190e-01   8.5891396e-03   6.5782117e-05   1.2091107e-03
   9.1892443e-02   5.7633885e-02  -7.7614835e-02   8.0199428e-03   3.3262253e-04   2.4434029e-03
   9.7196310e-02   5.7495149e-02  -6.4646048e-02   8.5622872e-03   3.8690614e-04   2.7150021e-03
   8.8746592e-02   1.3323413e-01  -6.3793606e-02   8.0251963e-03   3.9573804e-04   2.6195561e-03
   8.5424318e-02   1.4610198e-01  -8.1984969e-02   7.6725814e-03   5.0334696e-04   2.5544953e-03
   8.8655239e-02   6.9587878e-02  -9.2301625e-02   7.9636492e-03   5.4834742e-04   2.5206144e-03
   8.9666298e-02   7.0750333e-02  -8.4773999e-02   8.3322999e-03   3.8003086e-04   2.6888202e-03
   8.9015041e-02   1.2935764e-01  -8.9926704e-02   7.5932756e-03   4.4998411e-04   2.8550373e-03
   7.9101009e-02   8.0498737e-02  -1.0075767e-01   8.3947858e-03   6.9820115e-04   2.8692914e-03
   7.8297199e-02   1.2125743e-01  -8.9055367e-02   8.0758456e-03   6.0062787e-04   2.8573149e-03
   8.0548928e-02   9.7615916e-02  -1.1881633e-01   8.0558518e-03   3.7766814e-04   2.7018931e-03
   8.5843658e-02   1.2322358e-01  -8.5640752e-02   8.0296154e-03   3.6107659e-04   2.4650578e-03
   9.9549096e-02   1.6195195e-01  -7.5950084e-02   8.4753093e-03   4.0148152e-04   2.6194809e-03
   1.0016729e-01   1.7429869e-01  -7.2715572e-02   9.3769034e-03   6.3205218e-04   2.4892372e-03
   8.2356305e-02   2.1319110e-01  -5.0300316e-02   8.8533047e-03   6.0690163e-04   2.4666939e-03
   3.8775789e-02   7.4144698e-02  -4.8015654e-02   6.4021795e-03   1.6836751e-03   4.8523553e-04
   5.6194707e-02   6.4545004e-02  -5.7313107e-02   7.0983502e-03   1.1386105e-03   1.4792878e-03
   8.2599647e-02   1.5061312e-01  -2.8118715e-02   6.7208558e-03   1.1042707e-03   2.2892403e-03
   8.7232327e-02   9.9882602e-02  -4.6248830e-02   6.4207560e-03   9.7370157e-04   2.6993284e-03
   9.2087593e-02   1.1345154e-01  -5.0363280e-02   6.6298912e-03   1.1134252e-03   2.9563127e-03
   1.0306534e-01   8.3675231e-02  -6.4380395e-02   7.5795622e-03   9.4278047e-04   3.3915403e-03
   9.9208312e-02   2.3268943e-01  -5.6209200e-02   7.0720907e-03   1.0563889e-03   3.1265664e-03
   9.7295732e-02   9.8514293e-02  -6.3876076e-02   7.1796584e-03   1.1884760e-03   3.2325753e-03
   9.4456499e-02   1.2281794e-01  -7.5810732e-02   7.3553977e-03   9.1889842e-04   3.0780111e-03
   9.5561119e-02   1.0288852e-01  -8.4899364e-02   7.3104715e-03   1.0201871e-03   3.0231055e-03
   1.1611157e-01   1.5509934e-01  -6.6242128e-02   9.0809154e-03   5.7806066e-04   3.0492672e-03
   1.1876160e-01   1.5908014e-01  -7.9204947e-02   8.6254672e-03   6.5318437e-04   3.4970305e-03
   1.1934615e-01   1.4954147e-01  -7.3703169e-02   1.0041090e-02   1.0863720e-03   3.7831682e-03
   1.3301569e-01   1.4041768e-01  -6.2706404e-02   1.0512448e-02   9.1340663e-04   3.7606355e-03
   1.2523134e-01   1.2743804e-01  -7.4153314e-02   1.0011059e-02   8.7699762e-04   3.7732908e-03
   1.3381808e-01   9.9146823e-02  -1.1838081e-01   1.0069823e-02   8.4892105e-04   3.9237216e-03
   1.2794913e-01   2.1307623e-01  -1.0992416e-01   1.0131821e-02   6.4837810e-04   3.4507848e-03
   1.3086130e-01   1.1234013e-01  -1.0891814e-01   1.0327249e-02   8.1486619e-04   3.7151987e-03
   1.3925059e-01   1.6064132e-01  -1.1004632e-01   1.0810221e-02   4.1875909e-04   3.6556319e-03
   1.4676547e-01   1.4006287e-01  -1.0061322e-01   1.0788613e-02   3.7954185e-04   3.8721841e-03
   1.3496279e-01   1.5224597e-01  -1.1994576e-01   1.1320705e-02   5.7601844e-04   3.5963763e-03
   1.3961671e-01   1.1576423e-01  -8.9785177e-02   1.1068531e-02   4.4284675e-04   3.6585577e-03
   1.4014276e-01   1.5066501e-01  -7.7046783e-02   1.0778914e-02   1.7775225e-04   3.5700633e-03
   1.4041935e-01   2.1437247e-01  -8.7273417e-02   1.0245358e-02   2.8916112e-04   3.9653084e-03
   1.5452271e-01   1.4341817e-01  -1.1037649e-01   1.0819472e-02   5.5790331e-04   4.3222875e-03
   1.6663665e-01   1.1461572e-01  -1.0171652e-01   1.1549446e-02   4.8316208e-04   4.6433539e-03
   1.6105737e-01   1.9148489e-01  -1.0460967e-01   1.1159698e-02   5.9812348e-04   4.6050007e-03
   1.6122583e-01   1.9274930e-01  -1.1013014e-01   1.0870491e-02   4.3313298e-04   4.5146977e-03
   1.6280355e-01   1.2504322e-01  -9.0198330e-02   1.0934854e-02   2.5441747e-04   4.3304872e-03
   1.5458054e-01   1.5989900e-01  -1.0527991e-01   1.0787976e-02   2.0255386e-04   4.3580702e-03
   1.5804901e-01   1.6895852e-01  -9.6091199e-02   1.0949229e-02   1.7681646e-04   4.3963952e-03
   1.4433998e-01   1.8137824e-01  -1.0917826e-01   1.0455691e-02   3.8602758e-04   4.2314907e-03
   1.4918655e-01   6.2672517e-03  -1.4370042e-01   1.1735698e-02  -3.9231558e-04   4.2165273e-03
   1.4432300e-01   2.1552658e-01  -8.7666360e-02   1.1020517e-02  -5.8768548e-04   3.7384865e-03
   1.4530682e-01   1.6800592e-01  -1.6803908e-01   1.1801441e-02  -2.9109306e-04   4.0880312e-03
   1.6064513e-01   1.8367263e-01  -1.5944394e-01   1.2196201e-02  -7.5817593e-04   4.4554924e-03
   1.5737220e-01   2.9234962e-01  -1.3945784e-01   1.2172166e-02  -7.0687903e-04   4.1211327e-03
   1.5281667e-01   1.7829599e-01  -1.9474890e-01   1.3717243e-02  -6.0789307e-04   4.7347908e-03
   1.5939819e-01   1.5635304e-01  -1.7882637e-01   1.4222099e-02  -6.0202663e-04   4.8563460e-03
   1.5542437e-01   1.8587694e-01  -1.8173429e-01   1.4205509e-02  -5.5667910e-04   4.5683313e-03
   1.5703997e-01   2.3057366e-01  -1.4467217e-01   1.3281020e-02  -6.2385593e-04   4.4919795e-03
   1.8131286e-01   1.7165910e-01  -1.6302797e-01   1.3458482e-02  -8.9816864e-04   4.7153356e-03
   1.6681597e-01   2.1433834e-01  -1.7146244e-01   1.3862982e-02  -1.6436876e-03   3.7897594e-03
   1.7658703e-01   7.3795863e-02  -1.7321721e-01   1.3930714e-02  -1.4205735e-03   4.0894856e-03
   1.7828358e-01   1.9965660e-01  -1.4942997e-01   1.3700049e-02  -1.1395710e-03   4.5924030e-03
   1.8926370e-01   1.4917650e-01  -1.8137412e-01   1.4522765e-02  -9.3760374e-04   4.7942650e-03
   1.8225006e-01   2.5240054e-01  -1.8163483e-01   1.3722302e-02  -1.0795017e-03   4.5735474e-03
   1.7922988e-01   1.1664347e-01  -1.6814219e-01   1.5025710e-02  -1.2094682e-03   4.7920517e-03
   1.3437512e-01   1.1993824e-01  -1.6480654e-01   1.4481052e-02  -8.8564646e-04   3.9316651e-03
   1.5267554e-01   8.1198678e-02  -8.1680018e-01   1.2868272e-02  -1.0067191e-03   6.3005611e-03
   2.3234802e-01   1.4162143e-02  -1.0923487e+00   1.4307007e-02  -1.9093535e-03   5.1793693e-03
   2.5041890e-01   9.2358466e-02  -6.5243613e-01   1.4693280e-02  -2.7933895e-03   5.4709242e-03
   2.4522211e-01   2.0652692e-01  -7.2819736e-01   1.3984881e-02  -2.6331220e-03   5.5824441e-03
   2.4823604e-01   1.0711629e-01  -6.8921958e-01   1.3862149e-02  -2.6815972e-03   5.7375297e-03
   2.5123685e-01   1.2439436e-01  -6.6593440e-01   1.4268431e-02  -2.7934180e-03   5.6604256e-03
   2.4377944e-01   1.2018470e-01  -6.7732489e-01   1.4550129e-02  -2.6698552e-03   5.7876708e-03
   2.4319636e-01   2.1224917e-01  -6.6960093e-01   1.4713724e-02  -2.6548227e-03   5.9285701e-03
   2.4656787e-01   1.7680292e-01  -6.6471370e-01   1.4026030e-02  -3.0745363e-03   6.1109815e-03
   2.5660241e-01   1.5043537e-01  -6.6640316e-01   1.5204086e-02  -3.0889577e-03   5.8910387e-03
   2.5410813e-01   1.5862733e-01  -6.7753312e-01   1.4915092e-02  -2.9063358e-03   6.1310794e-03
   2.4726132e-01   2.3401592e-01  -6.8138885e-01   1.4880801e-02  -2.7369227e-03   6.0155978e-03
   2.2797545e-01   1.6655250e-01  -7.0001396e-01   1.4177262e-02  -2.8615638e-03   5.9757735e-03
   2.5695703e-01   9.3254698e-02  -6.7638735e-01   1.3787773e-02  -3.0745595e-03   6.2100158e-03
   2.0026861e-01   1.8911043e-01  -6.1665449e-01   1.0744008e-02  -1.9880270e-03   4.3797250e-03
   2.0010710e-01   1.1749353e-01  -6.3145730e-01   1.1991110e-02  -2.2481508e-03   5.2734531e-03
   1.9963277e-01   2.2464349e-01  -5.9906376e-01   1.3907234e-02  -1.9421971e-03   5.9979363e-03
   2.5535029e-01   1.6952036e-01  -6.0131530e-01   1.3285547e-02  -2.9066125e-03   6.9109306e-03
   2.6094535e-01   3.7754400e-01  -5.6010626e-01   1.2997817e-02  -2.9031852e-03   6.7731573e-03
   2.6134161e-01   1.1970381e-01  -6.3460690e-01   1.3693088e-02  -2.7227544e-03   6.9298597e-03
   2.6628701e-01   1.7878572e-01  -6.1575955e-01   1.4154506e-02  -2.8686144e-03   6.9085465e-03
   2.7277564e-01   1.9124532e-01  -6.4284840e-01   1.4688556e-02  -2.7838011e-03   6.9637669e-03
   2.5116155e-01   2.5649912e-01  -6.1604286e-01   1.6739716e-02  -3.6306951e-03   6.4101488e-03
   2.4484425e-01   1.7643080e-01  -7.6264425e-01   1.2404862e-02  -4.3822930e-03   3.6326025e-03
   2.2543581e-01   2.7154044e-01  -7.8760532e-01   1.3810367e-02  -3.9108729e-03   3.3915834e-03
   2.4742548e-01   9.2736569e-02  -8.2593258e-01   1.3470817e-02  -3.9627278e-03   4.5021764e-03
   2.6037097e-01   1.2614827e-01  -8.2286845e-01   1.3607690e-02  -3.9564237e-03   4.6105053e-03
   2.7563944e-01   3.9257804e-01  -5.0596984e-01   1.4412550e-02  -3.3324026e-03   5.2627837e-03
   2.9980570e-01   1.8293218e-01  -4.5066184e-01   1.4933488e-02  -2.9522322e-03   6.1112069e-03
   3.1572895e-01   1.5052231e-01  -5.9584491e-01   1.6008862e-02  -3.3374520e-03   6.0355088e-03
   3.1690070e-01   1.3864599e-01  -6.9590633e-01   1.5500925e-02  -3.4906281e-03   5.6224727e-03
   3.0948245e-01   2.3503712e-01  -6.9851199e-01   1.5466288e-02  -3.3936166e-03   5.4420641e-03
   3.1391540e-01   1.7652145e-01  -6.7623503e-01   1.6244882e-02  -3.5716730e-03   5.3584784e-03
   3.1495236e-01   1.8512510e-01  -6.5092022e-01   1.6713406e-02  -3.8240490e-03   5.3159013e-03
   3.0473138e-01   1.6848401e-01  -7.1939323e-01   1.4637070e-02  -4.9759509e-03   4.7329199e-03
   3.1738452e-01   2.1450978e-01  -7.5755345e-01   1.6475833e-02  -4.9076155e-03   5.5736869e-03
   3.2294123e-01   1.2679026e-01  -7.7814988e-01   1.6382953e-02  -4.8498155e-03   5.4846958e-03
   3.0766818e-01   2.3721686e-01  -6.4190898e-01   1.6965898e-02  -4.7491594e-03   5.7282494e-03
   2.3623239e-01   7.6010840e-01  -9.4581855e-02   3.5193547e-02  -6.8409750e-03  -4.0087042e-03
   3.0623538e-01   4.7550346e-01  -1.5933871e-01   4.1021211e-02  -1.1556146e-02  -4.6876238e-03
   2.4052881e-01  -1.0842793e-01  -1.3395167e+00   2.7997087e-02  -1.5817615e-02  -4.6517923e-03
   2.4635164e-01   3.1732439e-01  -1.0882767e+00   2.4151484e-02  -1.3778494e-02  -3.8719264e-03
   2.4108524e-01   4.4252308e-01  -9.8454272e-01   2.3654334e-02  -1.4854519e-02  -2.9533966e-03
   2.7316384e-01   1.4239306e-01  -9.2314399e-01   2.3187998e-02  -1.5507553e-02  -2.4549532e-03
   2.7441536e-01   3.1681376e-01  -8.9635017e-01   2.3292940e-02  -1.5297611e-02  -2.1728702e-03
   2.6372016e-01   5.3430457e-01  -7.4350418e-01   2.5175613e-02  -1.4830759e-02  -2.3222680e-03
   2.3151701e-01   5.4820375e-03  -9.7397362e-01   2.2740253e-02  -1.3565721e-02  -1.3093252e-03
   2.4230477e-01   3.1513872e-01  -9.1575664e-01   2.2683211e-02  -1.3834406e-02  -1.2492241e-03
   2.4929382e-01   3.7052805e-01  -9.1160377e-01   2.5542589e-02  -1.4132655e-02  -1.5377503e-03
   2.5499574e-01   4.0012219e-01  -7.6748707e-01   2.4906647e-02  -1.4236491e-02  -3.7653056e-04
   2.1517822e-01   8.8491884e-01  -1.3705660e+00   3.6020610e-02  -1.0176003e-02  -3.3299346e-03
   1.1036678e-01  -1.4520903e-01  -2.1314537e+00   4.9761583e-02  -2.9938520e-04  -3.6399919e-05
   1.1709845e-01  -5.0297437e-01  -1.6185187e+00   4.1117116e-02  -4.0893567e-03   2.6158686e-03
  -1.7016356e-02  -8.7714097e-02  -1.6031377e+00   3.2027090e-02  -2.4172711e-03   5.8721416e-03
   1.0395887e-01   5.7950456e-01  -8.4063993e-01   3.2160954e-02  -4.7244313e-03   4.7251720e-03
   1.2888301e-01   2.3305492e-01  -8.1726829e-01   3.1561119e-02  -5.4632742e-03   5.1455212e-03
   9.9010006e-02   3.9663000e-01  -7.1480416e-01   3.3898988e-02  -6.6418716e-03   4.9711521e-03
   7.4677599e-02   4.4494051e-01  -6.7799259e-01   3.4604684e-02  -6.4395700e-03   5.2120992e-03
   9.0762225e-02   4.9582790e-01  -6.9612632e-01   3.6431574e-02  -7.5577720e-03   5.8889835e-03
   1.2560727e-01   4.1215719e-01  -7.3899636e-01   3.5442482e-02  -8.1433810e-03   5.7802396e-03
   1.2873996e-01   5.6324623e-01  -7.2927503e-01   3.5539043e-02  -8.4066562e-03   5.5843928e-03
   1.5468944e-01   4.0170155e-01  -8.0406748e-01   3.6955441e-02  -1.0275622e-02   6.3003771e-03
   1.4208075e-01   3.6910028e-01  -8.3227808e-01   3.7738377e-02  -8.8485237e-03   5.1456319e-03
   1.3399965e-01   5.2332366e-01  -8.0752253e-01   3.5035689e-02  -9.1311281e-03   5.2341760e-03
   1.7763867e-01   1.8692499e-01  -1.4889378e+00   4.1623361e-02  -1.0488789e-02   3.2617646e-03
   1.7416921e-01   2.6862165e-01  -1.1688821e+00   3.8239609e-02  -8.0752358e-03   3.1930990e-03
   1.6733957e-01   4.4536256e-01  -9.5432818e-01   3.7973849e-02  -7.9044555e-03   3.0857202e-03
   2.1340493e-01   3.9843039e-01  -9.5970482e-01   3.5747106e-02  -7.1680456e-03   4.7386715e-03
   2.4046256e-01   1.9574160e-01  -5.0207737e-01   1.1616247e-02  -1.0655852e-02   8.7167792e-03
   2.0289672e-01   2.7812665e-01  -5.3814949e-01   1.5193057e-02  -1.0375655e-02   8.7393484e-03
   2.1218899e-01   1.8987703e-01  -4.9232622e-01   1.4853441e-02  -1.0452839e-02   8.9903279e-03
   2.1999547e-01   3.6254849e-01  -5.4367963e-01   1.9256540e-02  -1.0928699e-02   9.4175310e-03
   2.8769352e-01   4.3613980e-01  -1.7499521e+00   5.1505360e-02  -1.7639016e-03   3.8422668e-03
   1.0647255e-01  -2.1060378e-01  -1.5134059e+00   3.3060527e-02   1.5815671e-03   2.0002125e-03
   1.4105283e-01  -3.5696908e-01  -8.9363514e-01   1.9752127e-02  -3.5523908e-03   3.6368682e-03
   1.5294237e-01   1.9631642e-01  -7.4248797e-01   1.8049339e-02  -4.6680264e-03   4.1156612e-03
   1.7336650e-01   1.0892012e-01  -6.6789934e-01   1.5760767e-02  -5.8336749e-03   5.1513220e-03
   1.7959410e-01  -9.6527026e-02  -1.3771915e+00   1.6589587e-02  -5.7326462e-03   4.8075002e-03
   1.9765695e-01   7.3042512e-01  -1.1996443e-01   1.1690053e-02  -3.4936942e-03   5.5493855e-03
   1.9377591e-01   1.6901000e-01   3.3068277e-01   8.7120277e-03  -5.0607193e-03   7.9181692e-03
   1.7485661e-01   4.8488237e-01   3.3534590e-01   1.4481284e-02  -5.2391453e-03   7.8713599e-03
   1.6529699e-01   3.3601267e-01   3.8566754e-01   1.4834503e-02  -4.2401569e-03   8.0735008e-03
   1.8749430e-01   4.4414984e-01   3.7992081e-01   1.5221153e-02  -4.6686013e-03   7.9318457e-03
   1.8022034e-01   2.5929809e-01  -4.1172938e-01   3.0865893e-02  -3.9291559e-03   6.2171446e-03
   2.1500101e-01   4.6923018e-01  -2.0746217e+00   8.0434323e-02   1.1690882e-02  -6.0425338e-03
   6.3257966e-02  -1.3203776e+00  -2.7376119e+00   3.3206961e-02   3.2953370e-03   2.1569079e-03
   1.6811184e-01  -2.2224204e-01  -9.0014026e-01   8.7087867e-03  -5.5292279e-03   5.1693500e-03
   1.7417650e-01   1.3460973e-01  -7.5067969e-01   1.1341030e-02  -5.7402673e-03   5.0650997e-03
   1.9136861e-01   9.0324175e-02  -6.7662571e-01   1.0741403e-02  -5.7481821e-03   6.1316020e-03
   1.7953478e-01   1.5200840e-01  -5.8145991e-01   1.1139380e-02  -5.7023705e-03   6.0946056e-03
   2.0487471e-01   3.0094472e-01  -4.4773433e-01   1.4151383e-02  -5.8557434e-03   5.3095372e-03
   2.0149799e-01   3.2926517e-01  -6.5457558e-01   1.1063725e-02  -6.0666872e-03   5.3720858e-03
   2.0313969e-01   6.8574480e-02  -6.3925163e-01   1.4512658e-02  -5.6557753e-03   5.7544677e-03
   2.0899147e-01   2.5008142e-01  -5.9022041e-01   1.4670606e-02  -6.5243702e-03   6.7504001e-03
   2.5375548e-01   1.1831324e-01  -5.3055085e-01   1.2563931e-02  -5.7782847e-03   7.5962263e-03
   2.6013628e-01   2.0998333e-01  -6.1539168e-01   1.8176460e-02  -5.7676010e-03   7.6984929e-03
   2.4746574e-01   3.1419636e-01  -6.3539004e-01   1.9085297e-02  -6.5932465e-03   7.0809792e-03
   2.4049029e-01   2.4199260e-01  -6.4482570e-01   1.7050092e-02  -6.1716712e-03   6.7701330e-03
   2.3124056e-01   4.3483791e-01  -1.0416925e+00   3.3640986e-02  -4.0371006e-03   6.5344788e-03
   3.3860713e-01   4.9628415e-01  -2.3193796e+00   8.3909325e-02   2.4526252e-03   3.8322259e-03
   2.3395606e-01  -4.7432986e-01  -2.4620210e+00   7.5888024e-02   6.7895589e-03   3.2486894e-03
   3.1371756e-01  -1.0731609e+00  -1.3745051e+00   2.3484407e-02  -1.9084551e-03   7.6077669e-03
   3.6805307e-01  -2.6470008e-01  -1.0623683e+00   2.1271689e-02  -2.7373329e-03   8.6828491e-03
   3.8934274e-01  -1.2107036e-02  -9.3897763e-01   1.9448560e-02  -4.2905042e-03   1.0251992e-02
   3.1919668e-01   1.6287869e-01  -1.0285502e+00   2.5795857e-02  -3.8668239e-03   6.9607621e-03
   3.4553610e-01   6.4413021e-01  -7.4822471e-01   3.3331692e-02  -4.1481504e-03   1.0412900e-02
   3.6539226e-01   1.7403081e-03  -7.1542480e-01   2.7402977e-02  -4.0653023e-03   1.1435604e-02
   3.6205123e-01   2.3936866e-01  -7.0528889e-01   2.6667666e-02  -4.0523148e-03   1.1613903e-02
   3.6294740e-01   1.2453302e-01  -6.1723749e-01   2.6418612e-02  -4.6595683e-03   1.2030422e-02
   3.6867087e-01   1.6174587e-01  -5.1910289e-01   2.6157028e-02  -4.5335895e-03   1.2516909e-02
   3.7012133e-01   1.6842674e-01  -5.3824780e-01   2.6258505e-02  -4.6861622e-03   1.2835268e-02
   3.5644062e-01   2.3593283e-01  -6.4637955e-01   2.3119372e-02  -4.8829680e-03   1.2193059e-02
   3.6342268e-01   7.6753457e-02  -6.2865206e-01   2.2741177e-02  -5.4715458e-03   1.2511123e-02
   3.6934780e-01   2.0329333e-01  -6.3174256e-01   2.4484194e-02  -5.9775814e-03   1.2205615e-02
   3.6920696e-01   2.5022116e-01  -6.4305023e-01   2.2385182e-02  -6.0475526e-03   1.1978843e-02
   3.5463049e-01   1.1529745e-01  -6.1715972e-01   2.0282315e-02  -5.7540951e-03   1.2004515e-02
   4.0727996e-01   9.9988584e-02  -8.9915196e-01   2.3119428e-02  -5.7665661e-03   1.0829139e-02
  -7.0680002e-02   2.0508320e-01  -2.1317676e+00   7.3925748e-02   3.8830638e-03   4.8832706e-03
  -7.3253665e-02  -3.7197544e-01  -2.2149792e+00   1.1831396e-01   6.6551167e-03   2.0733947e-03
   1.7295044e-01  -1.5919668e+00  -1.7498603e+00   6.9412936e-02   3.0796960e-03  -1.9778642e-03
   3.0765530e-02  -1.1943655e-01   6.2503571e-02   2.0167014e-02   5.3587207e-03   1.0149065e-02
  -5.4582933e-02  -6.2119510e-02   1.5647030e-01   1.9649477e-02   7.4121362e-03   1.1944085e-02
  -5.4100216e-02   8.5881423e-02  -2.2057235e-01   2.4770910e-02   6.9460966e-03   1.0574525e-02
   5.9606652e-02  -6.7398043e-02  -5.6504698e-01   2.9464014e-02   3.5934194e-03   8.7108139e-03
   1.7119847e-01   9.0248194e-02  -3.8830923e-01   2.7845144e-02   2.5824587e-03   8.8844719e-03
   1.8081902e-01   1.1359202e-01  -3.7725586e-01   3.0976316e-02   2.3910207e-03   9.5796654e-03
   7.6870928e-02   4.3715924e-01  -1.2641864e-01   3.3944431e-02   4.4917751e-03   1.1126066e-02
   5.9010950e-02   1.5059169e-01  -1.0414157e-01   3.2496210e-02   5.9459458e-03   1.3546565e-02
   6.9906750e-02   2.8834557e-01  -5.1404782e-02   3.6053840e-02   6.8828316e-03   1.3112003e-02
   6.9421809e-02   1.7360699e-01  -7.5253764e-02   3.2979903e-02   5.5346656e-03   1.2796469e-02
