   0.0000000e+00   0.0000000e+00   0.0000000e+00   0.0000000e+00   0.0000000e+00   0.0000000e+00
  -1.5448017e-02   9.3570461e-02  -3.2624518e-02  -2.8535067e-04   1.4154999e-04  -1.4753399e-04
  -1.0799062e-02   1.1549532e-01  -3.6305389e-02   3.3396956e-04   4.7414886e-04  -1.0921145e-04
  -2.5702958e-02  -1.8421783e-01  -1.5448791e-01   5.2318311e-03   2.8437396e-03  -9.2140668e-04
  -7.9304639e-02  -2.2917530e-02  -2.7469802e-01   3.4188597e-03   3.2611352e-03  -6.5517367e-04
  -1.0243827e-01  -4.1066829e-02  -2.4743204e-01   4.0635713e-03   3.7279469e-03  -7.5529964e-04
  -1.0424995e-01  -1.6464332e-02  -2.6337645e-01   4.7360432e-03   4.0623717e-03  -4.3296025e-04
  -8.6757282e-02  -5.4077693e-02  -2.4413793e-01   4.2806923e-03   4.0092802e-03  -2.0343128e-04
  -8.2888574e-02  -1.2053564e-02  -2.7975540e-01   4.6377243e-03   4.0371162e-03  -1.7965435e-04
  -7.5119862e-02   1.9677274e-03  -2.9312044e-01   4.4630087e-03   3.7869367e-03  -3.3881699e-04
  -6.8271561e-02  -3.8279184e-02  -2.5234180e-01   4.4725176e-03   3.6775937e-03  -1.9131092e-04
  -8.3018539e-02  -8.5687055e-03  -2.6579874e-01   4.6367015e-03   4.0067806e-03  -4.0387761e-04
  -8.4209114e-02  -5.0024626e-02  -2.5334596e-01   4.5593571e-03   3.9367567e-03  -3.7494716e-04
  -8.7585749e-02  -3.1716995e-02  -2.7226590e-01   4.5648768e-03   3.9863194e-03  -4.2010955e-04
  -8.6668642e-02  -4.4518826e-02  -2.7081893e-01   4.5935146e-03   4.0487369e-03  -4.4256774e-04
  -8.3715523e-02  -1.4736780e-02  -2.8177885e-01   4.6296505e-03   3.8243642e-03  -4.5554820e-04
  -9.5526748e-02  -1.3035185e-02  -2.7569088e-01   4.8403287e-03   3.8996738e-03  -5.9966759e-04
  -9.6200761e-02  -2.6871674e-03  -2.6487883e-01   4.8360289e-03   3.8695034e-03  -6.2809207e-04
  -9.1281509e-02  -7.6266969e-02  -2.6413508e-01   5.1352528e-03   4.0176260e-03  -4.0795416e-04
  -9.1374322e-02  -4.2142389e-03  -2.8412296e-01   4.5994496e-03   4.0237316e-03  -3.9365947e-04
  -9.3472644e-02  -2.2723107e-02  -2.6853819e-01   4.9341513e-03   4.0284409e-03  -4.0144061e-04
  -9.3578968e-02  -1.9400574e-02  -2.7929091e-01   4.7736913e-03   4.1238785e-03  -4.0333866e-04
  -9.0560848e-02  -4.5303584e-02  -2.7203745e-01   4.9804886e-03   4.2033436e-03  -4.2810947e-04
  -9.6658767e-02  -1.6022591e-02  -2.7423748e-01   4.9668315e-03   4.1396617e-03  -4.6422286e-04
  -1.0069144e-01  -6.8633754e-02  -2.7489361e-01   5.3441244e-03   4.2254053e-03  -3.9338584e-04
  -9.8012490e-02   1.4276948e-02  -2.9950375e-01   5.0772794e-03   4.1757846e-03  -3.9849745e-04
  -9.6099876e-02  -2.3969173e-02  -2.6787525e-01   5.3568567e-03   4.2476153e-03  -4.8156101e-04
  -1.0055601e-01  -7.0784066e-02  -2.4673688e-01   5.4416272e-03   4.3798004e-03  -4.3116753e-04
  -9.6051575e-02  -7.6274865e-02  -2.3720374e-01   5.8683851e-03   4.4432078e-03  -4.8462694e-04
  -9.7756928e-02  -2.9857130e-03  -2.6001507e-01   5.6955486e-03   4.4316581e-03  -5.3156225e-04
  -9.8643889e-02  -3.7510860e-02  -2.4014700e-01   5.7315937e-03   4.2709275e-03  -5.3625609e-04
  -1.0966131e-01  -4.8744498e-02  -2.4261915e-01   5.6200029e-03   4.4556718e-03  -4.7132133e-04
  -1.0578750e-01  -4.4423542e-02  -2.4260154e-01   5.4493447e-03   4.4474484e-03  -5.2838240e-04
  -1.0427961e-01  -5.8698855e-02  -2.4532374e-01   5.5063792e-03   4.5565979e-03  -3.6141610e-04
  -1.0591642e-01  -3.6903847e-02  -2.7872487e-01   5.7094465e-03   4.6378818e-03  -4.8839509e-04
  -8.5948215e-02   1.5371665e-02  -2.8199609e-01   5.7101185e-03   4.3135023e-03  -2.8050269e-04
  -1.0426983e-01  -1.1772929e-02  -2.6680512e-01   5.4937788e-03   4.6594756e-03  -4.7542273e-04
  -1.1077808e-01  -6.2294437e-02  -2.5521091e-01   5.6971863e-03   4.8681819e-03  -5.0185715e-04
  -1.2439862e-01  -4.1069059e-02  -2.5269459e-01   5.8268969e-03   5.0481089e-03  -5.3615627e-04
  -1.2482865e-01  -3.1701921e-04  -2.7063570e-01   6.1347647e-03   4.8787042e-03  -7.5839914e-04
  -1.2058227e-01  -3.2626569e-02  -2.5054230e-01   6.1034204e-03   4.9869885e-03  -5.2585398e-04
  -1.1747668e-01  -7.1072249e-02  -2.3966471e-01   6.4507475e-03   5.0446970e-03  -4.6347557e-04
  -1.1233289e-01  -3.4461464e-02  -2.5857268e-01   6.5504601e-03   4.8577603e-03  -6.0577776e-04
  -1.1841919e-01   2.3899275e-02  -2.6811024e-01   6.6559904e-03   4.8747950e-03  -7.9914828e-04
  -1.1942057e-01  -4.1139602e-02  -2.3483345e-01   6.2550137e-03   5.0972560e-03  -6.0669202e-04
  -1.2192666e-01  -6.2037461e-02  -2.3835694e-01   6.2219000e-03   5.0628403e-03  -5.8142957e-04
  -1.1664255e-01  -4.1967329e-02  -2.4502817e-01   6.4298360e-03   4.9644066e-03  -5.4948180e-04
  -1.2175677e-01  -3.0586328e-02  -2.6401267e-01   6.4759528e-03   4.9959317e-03  -8.0370788e-04
  -1.2185439e-01  -4.6980364e-03  -2.4226023e-01   6.5372887e-03   4.9648943e-03  -7.8492959e-04
  -1.2455982e-01  -1.4729228e-02  -2.5819303e-01   6.6972068e-03   5.2625081e-03  -7.9677085e-04
  -1.2139176e-01  -9.6004830e-02  -2.2854839e-01   6.8338281e-03   5.2432397e-03  -6.2697514e-04
  -1.2304775e-01  -2.2937871e-02  -2.6605739e-01   6.6578995e-03   5.0374346e-03  -8.2464806e-04
  -1.1823757e-01  -1.7016580e-02  -2.4852127e-01   7.0928542e-03   4.8990692e-03  -8.8946612e-04
  -1.1943358e-01  -3.0333520e-02  -2.4863476e-01   7.2203069e-03   5.0786989e-03  -8.2861304e-04
  -1.1806142e-01  -5.1408628e-02  -2.4679402e-01   7.1277672e-03   5.0700369e-03  -6.9335032e-04
  -1.1245484e-01  -3.8168611e-02  -2.5567580e-01   6.8836711e-03   5.0877554e-03  -6.6123842e-04
  -1.0600842e-01  -4.3689142e-02  -2.5656009e-01   7.4899583e-03   5.2577315e-03  -6.1674838e-04
  -1.0409893e-01  -5.8245529e-02  -2.6902357e-01   7.3302849e-03   5.0160291e-03  -6.5899782e-04
  -1.1062234e-01  -2.8468057e-02  -2.5392480e-01   7.0862873e-03   4.9161701e-03  -6.2506600e-04
  -1.2253216e-01  -5.9958439e-02  -2.5646236e-01   7.3412675e-03   5.0397763e-03  -7.7040319e-04
  -1.3095603e-01  -6.3547346e-02  -2.3871394e-01   7.2467077e-03   5.2515032e-03  -8.6376348e-04
  -1.2505795e-01  -9.3410680e-02  -2.3402326e-01   8.0662056e-03   5.1698575e-03  -8.1093998e-04
  -1.2725946e-01  -4.6999904e-02  -2.5267513e-01   7.8390439e-03   5.2064103e-03  -1.1092365e-03
  -1.2478083e-01  -4.3036749e-02  -2.3782203e-01   8.0727720e-03   5.2007635e-03  -1.0970795e-03
  -1.3375995e-01  -4.8193622e-02  -2.2604978e-01   7.8847232e-03   5.4206034e-03  -9.8956540e-04
  -1.3182590e-01  -1.2410038e-01  -2.0989348e-01   8.3453353e-03   5.5082273e-03  -8.9582429e-04
  -1.2223866e-01  -4.0796548e-02  -2.4557194e-01   7.7133873e-03   5.2506893e-03  -9.4966375e-04
  -1.2748510e-01  -3.1563309e-02  -2.4425074e-01   8.2340378e-03   5.3036687e-03  -9.0549508e-04
  -1.3215430e-01  -2.5352183e-02  -2.4883922e-01   8.2283037e-03   5.4497382e-03  -9.3752066e-04
  -1.2300581e-01  -8.0376216e-02  -2.3159430e-01   8.6969883e-03   5.3700235e-03  -9.7500487e-04
  -1.1942871e-01  -5.1874209e-02  -2.5636252e-01   8.4919807e-03   5.2916807e-03  -7.9426576e-04
  -1.1948952e-01  -3.3430773e-02  -2.6772263e-01   8.6495980e-03   5.3363243e-03  -6.3320767e-04
  -1.2395327e-01  -4.1703117e-02  -2.6034307e-01   8.8015227e-03   5.3592132e-03  -9.9103731e-04
  -1.2353267e-01  -9.4820892e-02  -2.3940170e-01   8.9854118e-03   5.3356982e-03  -9.4214439e-04
  -1.4179966e-01  -5.9840977e-02  -2.6011327e-01   9.1875325e-03   5.5441743e-03  -1.2301880e-03
  -1.4865198e-01  -9.5861496e-02  -2.5103222e-01   9.6998529e-03   5.6372530e-03  -1.3572493e-03
  -1.4779291e-01  -6.0044597e-02  -2.4982847e-01   9.2849627e-03   5.3861357e-03  -1.4336315e-03
  -1.4882522e-01  -6.7685020e-02  -2.3927832e-01   9.4817822e-03   5.3921203e-03  -1.4947861e-03
  -1.4765489e-01  -6.2627235e-02  -2.5013168e-01   9.6656746e-03   5.4629011e-03  -1.5607426e-03
  -1.4650429e-01  -2.8344191e-02  -2.6117935e-01   9.8106064e-03   5.5916874e-03  -1.5646982e-03
  -6.3557678e-02  -7.7797169e-02  -2.4970966e-01   1.2118749e-02   5.0871407e-03  -2.1930503e-03
  -1.3647930e-01  -1.7370015e-01  -3.1197509e-01   1.2303915e-02   5.9113106e-03  -1.9491561e-03
  -1.8035409e-01  -1.8190608e-01  -2.9344945e-01   1.2769193e-02   6.6391960e-03  -2.2387691e-03
  -1.8559815e-01  -1.3877438e-01  -2.7266016e-01   1.2422372e-02   6.9445833e-03  -2.2283961e-03
  -1.8320825e-01  -1.0835709e-01  -2.7032552e-01   1.2330561e-02   7.2219027e-03  -2.0176607e-03
  -1.7738537e-01  -7.8446228e-02  -2.8438466e-01   1.1873763e-02   7.0325679e-03  -2.1378876e-03
  -1.8878838e-01  -1.1151752e-01  -2.9539069e-01   1.2273932e-02   7.2067484e-03  -2.4171409e-03
  -1.9365812e-01  -1.3740733e-01  -3.0561054e-01   1.2552861e-02   7.0846566e-03  -2.5411243e-03
  -1.9823835e-01  -1.4022057e-01  -3.0258188e-01   1.2800773e-02   7.0523192e-03  -2.5950704e-03
  -1.9517002e-01  -8.1896393e-02  -3.0415443e-01   1.2644181e-02   7.1185105e-03  -2.5778011e-03
  -2.0066677e-01  -1.0818649e-01  -2.9088793e-01   1.2718716e-02   7.5153604e-03  -2.6288611e-03
  -2.0500093e-01  -1.0167177e-01  -2.9291670e-01   1.2452005e-02   7.6098204e-03  -2.5847701e-03
  -2.0165061e-01  -1.3653683e-01  -2.9126204e-01   1.2621546e-02   7.3777986e-03  -2.7208025e-03
  -1.9645958e-01  -1.6951743e-01  -2.8437680e-01   1.2704185e-02   7.2746593e-03  -2.6061010e-03
  -2.0070063e-01  -9.4294521e-02  -3.0483773e-01   1.2747201e-02   7.1257363e-03  -2.8949471e-03
  -1.9700571e-01  -1.2369349e-01  -2.9212240e-01   1.2814751e-02   6.9670131e-03  -2.8277527e-03
  -2.0156962e-01  -1.2843030e-01  -2.9757084e-01   1.2963301e-02   7.2357947e-03  -2.8518200e-03
  -1.9777268e-01  -1.2792370e-01  -3.1539091e-01   1.3349558e-02   7.1970955e-03  -2.6939585e-03
  -2.0039002e-01  -1.7153109e-01  -2.9811843e-01   1.2976709e-02   7.1697368e-03  -2.7980374e-03
  -1.9865426e-01  -6.2462090e-02  -3.1028483e-01   1.2870816e-02   7.1569854e-03  -2.8287431e-03
  -1.9536568e-01  -1.5321353e-01  -2.8811128e-01   1.2848371e-02   7.2208398e-03  -2.8424850e-03
  -1.9193932e-01  -1.5606908e-01  -2.7820025e-01   1.2790576e-02   7.2130404e-03  -2.8083595e-03
  -1.9843257e-01  -1.4440313e-01  -2.8398659e-01   1.2889740e-02   7.3215665e-03  -2.9518855e-03
  -2.0822052e-01  -7.3867914e-02  -2.9920946e-01   1.2941453e-02   7.3586711e-03  -3.0216912e-03
  -2.1349396e-01  -1.3387345e-01  -2.9376919e-01   1.2761362e-02   7.3865371e-03  -3.0374795e-03
  -2.1102110e-01  -1.3620448e-01  -3.0830186e-01   1.2805380e-02   7.3761412e-03  -2.9164274e-03
  -2.0261005e-01  -1.2319201e-01  -3.1289645e-01   1.3137883e-02   7.4951460e-03  -2.9003360e-03
  -1.9348176e-01  -1.0497989e-01  -3.0149610e-01   1.3287104e-02   7.4239363e-03  -2.7707914e-03
  -1.8633285e-01  -9.6963032e-02  -3.1271901e-01   1.2982905e-02   7.2884020e-03  -2.7772302e-03
  -1.8508792e-01  -1.4299660e-01  -3.1203228e-01   1.3002571e-02   7.3762134e-03  -2.6501366e-03
  -1.9249332e-01  -1.4299891e-01  -3.3190854e-01   1.2807894e-02   7.4597096e-03  -2.7437520e-03
  -1.8905789e-01  -1.5952173e-01  -3.1775907e-01   1.3345509e-02   7.3982772e-03  -2.7130748e-03
  -1.9811986e-01  -8.8959609e-02  -3.3174794e-01   1.3301991e-02   7.7124278e-03  -2.6669344e-03
  -1.8722251e-01  -1.1862834e-01  -3.1638101e-01   1.3200344e-02   7.3542903e-03  -2.6394656e-03
  -1.8804342e-01  -1.4195131e-01  -3.1433433e-01   1.2708589e-02   7.1652663e-03  -2.7242689e-03
  -1.9268517e-01  -1.2130311e-01  -3.3711442e-01   1.2895984e-02   7.3264824e-03  -2.7360068e-03
  -1.8866606e-01  -1.4687081e-01  -3.2344580e-01   1.3111306e-02   7.2656212e-03  -2.7048988e-03
  -1.8599003e-01  -9.7119309e-02  -3.2034585e-01   1.3011207e-02   7.3108893e-03  -2.6386945e-03
  -1.7996274e-01  -1.1067795e-01  -3.1809274e-01   1.3158520e-02   7.0320906e-03  -2.6566445e-03
  -1.7575930e-01  -1.4272619e-01  -3.2340970e-01   1.3184986e-02   7.2759738e-03  -2.6806892e-03
  -1.7324175e-01  -1.0418365e-01  -3.2847400e-01   1.3758927e-02   7.2034252e-03  -2.7380903e-03
  -1.7988746e-01  -1.3033871e-01  -3.1710721e-01   1.3913661e-02   7.1414576e-03  -2.7249081e-03
  -1.7473858e-01  -1.6133514e-01  -3.1086249e-01   1.3755360e-02   6.8834454e-03  -2.6369103e-03
  -1.7873158e-01  -1.2026952e-01  -3.1845451e-01   1.3535473e-02   6.9084845e-03  -2.5590540e-03
  -1.7407846e-01  -1.4200095e-01  -3.1848875e-01   1.3685747e-02   7.1151145e-03  -2.7274288e-03
  -1.7247166e-01  -1.8429350e-01  -3.0762304e-01   1.3927318e-02   7.1586517e-03  -2.6930974e-03
  -1.7238720e-01  -1.2934930e-01  -3.2454644e-01   1.3548374e-02   7.0558837e-03  -2.7913606e-03
  -1.7445829e-01  -1.4924297e-01  -3.2514583e-01   1.3944439e-02   7.0664997e-03  -2.7853558e-03
  -1.8236366e-01  -1.3355210e-01  -3.3413066e-01   1.3621641e-02   6.9693575e-03  -2.8977476e-03
  -1.8678620e-01  -1.4751012e-01  -3.3434355e-01   1.3664092e-02   7.0787275e-03  -2.9742516e-03
  -1.8151296e-01  -1.3793749e-01  -3.3877284e-01   1.3939101e-02   7.2022228e-03  -2.9454763e-03
  -1.8054612e-01  -1.4805486e-01  -3.4069345e-01   1.3873148e-02   7.1086490e-03  -2.8865015e-03
  -1.8023188e-01  -1.8834645e-01  -3.2304130e-01   1.4390214e-02   7.1403168e-03  -2.7399585e-03
  -1.6824220e-01  -1.2507234e-01  -3.3959998e-01   1.4294160e-02   7.0530511e-03  -2.8405450e-03
  -1.6718089e-01  -1.2472755e-01  -3.2820582e-01   1.4775233e-02   7.1255831e-03  -2.8123237e-03
  -1.7361379e-01  -1.3657846e-01  -3.1530070e-01   1.4375816e-02   7.2869886e-03  -2.7049886e-03
  -1.7196014e-01  -1.9121366e-01  -3.1450340e-01   1.4293829e-02   7.0156140e-03  -2.7325025e-03
  -1.7083223e-01  -1.2860415e-01  -3.4686849e-01   1.4146221e-02   6.9390789e-03  -2.7177570e-03
  -1.6743804e-01  -1.4646750e-01  -3.3681512e-01   1.4688666e-02   7.0444147e-03  -2.8633119e-03
  -1.7198619e-01  -1.8016803e-01  -3.0853182e-01   1.4460213e-02   7.1445042e-03  -2.8027420e-03
  -1.7404923e-01  -1.4487311e-01  -3.3248892e-01   1.4285736e-02   7.0665617e-03  -2.9061922e-03
  -1.7477934e-01  -1.4643512e-01  -3.3701002e-01   1.4753076e-02   7.0985355e-03  -2.9598402e-03
  -1.8155630e-01  -1.0166484e-01  -3.2666925e-01   1.4779536e-02   7.2016538e-03  -2.9347291e-03
  -1.7952925e-01  -1.4904448e-01  -3.1017894e-01   1.4856956e-02   7.1999543e-03  -2.9233821e-03
  -1.7851236e-01  -1.8392530e-01  -3.0096688e-01   1.5145344e-02   7.2421296e-03  -2.8865361e-03
  -1.8830630e-01  -1.2583636e-01  -2.8838560e-01   1.4470921e-02   7.6222270e-03  -3.1224856e-03
  -1.9703789e-01  -1.2715026e-01  -2.9952487e-01   1.4959706e-02   7.6648524e-03  -3.0875037e-03
  -1.9343434e-01  -1.2162558e-01  -3.1464848e-01   1.5317399e-02   7.7120340e-03  -3.0002453e-03
  -1.9255764e-01  -1.7523679e-01  -2.8784933e-01   1.5075387e-02   7.8183915e-03  -2.8616891e-03
  -1.9342681e-01  -1.6835210e-01  -3.0060298e-01   1.4892038e-02   7.7494490e-03  -2.8786835e-03
  -1.9176959e-01  -1.6146989e-01  -3.1145975e-01   1.4855653e-02   7.5525114e-03  -2.8546296e-03
  -2.0391044e-01  -1.5366536e-01  -3.2499769e-01   1.4462949e-02   7.6671268e-03  -2.9305928e-03
  -2.1028055e-01  -1.2735076e-01  -3.3905169e-01   1.4650790e-02   7.8634323e-03  -3.0945618e-03
  -2.1082144e-01  -1.5825395e-01  -3.2918604e-01   1.4991757e-02   8.0364744e-03  -3.0409301e-03
  -2.0964447e-01  -1.5245751e-01  -3.3523699e-01   1.5317140e-02   7.9123842e-03  -3.1071016e-03
  -2.1140063e-01  -1.6159307e-01  -3.2763110e-01   1.5244379e-02   7.9419298e-03  -3.0893427e-03
  -2.0866211e-01  -1.4350158e-01  -3.4357361e-01   1.4942754e-02   7.9202280e-03  -3.0128488e-03
  -2.1654877e-01   2.9650735e-02  -4.1119764e-01   1.5324610e-02   8.0506820e-03  -3.3020565e-03
  -1.6844171e-01  -2.9503431e-01  -3.2346324e-01   1.6606090e-02   8.5291591e-03  -2.9496934e-03
  -9.8194251e-02  -1.8086475e-01  -2.6569162e-01   1.5395408e-02   7.0158407e-03  -2.4921292e-03
  -9.2168051e-02  -2.4004678e-01  -2.2312440e-01   1.5398374e-02   7.3462676e-03  -2.2111118e-03
  -9.4110791e-02  -2.1017149e-01  -3.5712421e-01   1.6393548e-02   7.6705419e-03  -1.9793624e-03
  -1.1045095e-01  -3.1635632e-01  -3.7557765e-01   1.6556369e-02   8.2227219e-03  -1.9361004e-03
  -1.0576463e-01  -1.8000793e-01  -4.0649585e-01   1.6338058e-02   8.0967995e-03  -1.9148826e-03
  -1.0320872e-01  -2.1480643e-01  -4.1649836e-01   1.5816195e-02   7.9476445e-03  -2.0188740e-03
  -1.0794878e-01  -2.1296302e-01  -4.3452108e-01   1.5914332e-02   8.0815824e-03  -1.9789222e-03
  -1.1408028e-01  -2.2403146e-01  -4.6421635e-01   1.6307043e-02   8.4476811e-03  -2.0056019e-03
  -1.1660379e-01  -2.4084733e-01  -4.6122972e-01   1.6638914e-02   8.4659197e-03  -1.9099510e-03
  -1.2708655e-01  -1.7167005e-01  -4.4733132e-01   1.6008703e-02   8.6152368e-03  -1.9239400e-03
  -1.5153740e-01  -1.7294860e-01  -4.4966451e-01   1.6361119e-02   9.2876009e-03  -2.0667718e-03
  -1.6081893e-01  -2.2883238e-01  -4.4498785e-01   1.6639543e-02   9.4391473e-03  -2.1660885e-03
  -1.6040739e-01  -2.3669681e-01  -4.3548338e-01   1.6715580e-02   9.3694812e-03  -2.1837467e-03
  -1.6368481e-01  -1.7783736e-01  -4.5529785e-01   1.6576914e-02   9.4797760e-03  -2.1780743e-03
  -1.5444857e-01  -1.7791983e-01  -4.6947353e-01   1.6226011e-02   9.3218419e-03  -2.0880425e-03
  -1.5218213e-01  -2.1439236e-01  -4.7162839e-01   1.6539829e-02   9.6062479e-03  -1.9998672e-03
  -1.5792318e-01  -1.8520812e-01  -4.6732185e-01   1.6238351e-02   9.7471427e-03  -1.9862643e-03
  -1.5821482e-01  -2.0466818e-01  -4.5089788e-01   1.5967507e-02   9.6498178e-03  -2.0457976e-03
  -1.6611308e-01  -1.9903114e-01  -4.6567274e-01   1.5812211e-02   9.8012830e-03  -2.0283326e-03
  -1.5674454e-01  -1.8862996e-01  -4.6839490e-01   1.5594798e-02   9.7099180e-03  -2.0162662e-03
  -1.6146237e-01  -1.6803886e-01  -4.4625558e-01   1.5948983e-02   9.9591521e-03  -1.9791900e-03
  -1.6347202e-01  -2.0447547e-01  -4.3560843e-01   1.5805336e-02   1.0092684e-02  -1.8853191e-03
  -1.5808035e-01  -2.0448597e-01  -4.3539297e-01   1.5699923e-02   1.0055018e-02  -2.0087962e-03
  -1.6643080e-01  -1.8444819e-01  -4.5938060e-01   1.5813036e-02   1.0221366e-02  -2.1614024e-03
  -1.7738261e-01  -1.8238114e-01  -4.7277414e-01   1.6251322e-02   1.0489688e-02  -2.1249838e-03
  -1.7387739e-01  -2.3119466e-01  -4.5075269e-01   1.6186985e-02   1.0184245e-02  -2.0917675e-03
  -1.7173238e-01  -1.8579378e-01  -4.6606603e-01   1.6050450e-02   1.0160155e-02  -2.1933619e-03
  -1.6408871e-01  -1.8602985e-01  -4.9260786e-01   1.6375404e-02   1.0148821e-02  -2.2030594e-03
  -1.6485507e-01  -2.0576243e-01  -4.5795525e-01   1.6243459e-02   1.0353878e-02  -2.0726048e-03
  -1.6791817e-01  -1.9952717e-01  -4.5843652e-01   1.5926404e-02   1.0372641e-02  -2.2424605e-03
  -1.6778439e-01  -2.1557343e-01  -4.4269601e-01   1.5785559e-02   1.0350509e-02  -2.2329229e-03
  -1.7037957e-01  -1.9829226e-01  -4.4706793e-01   1.5467392e-02   1.0203717e-02  -2.4423722e-03
  -1.7446968e-01  -1.9619982e-01  -4.5593385e-01   1.5443994e-02   1.0265774e-02  -2.3334491e-03
  -1.7681630e-01  -1.6399701e-01  -4.5202203e-01   1.5135273e-02   1.0433024e-02  -2.3865674e-03
  -1.7953460e-01  -1.6812470e-01  -4.4941383e-01   1.5465415e-02   1.0539625e-02  -2.5442323e-03
  -1.8840205e-01  -1.7306052e-01  -4.6089971e-01   1.5548497e-02   1.0887166e-02  -2.6424782e-03
  -1.9532236e-01  -2.1319325e-01  -4.4057654e-01   1.5361928e-02   1.1084939e-02  -2.9055396e-03
  -1.9107938e-01  -1.9232183e-01  -4.5774678e-01   1.5453142e-02   1.0843552e-02  -2.6087228e-03
  -1.8901152e-01  -2.5053197e-01  -4.4131334e-01   1.5724442e-02   1.0808690e-02  -2.6223359e-03
  -1.8607836e-01  -2.0146969e-01  -4.6111647e-01   1.5637817e-02   1.0913226e-02  -2.6404142e-03
  -1.8828271e-01  -1.5294401e-01  -4.4633287e-01   1.5841049e-02   1.0942376e-02  -2.5072805e-03
  -1.9320090e-01  -1.9705759e-01  -4.2201697e-01   1.5474213e-02   1.0972709e-02  -2.5081771e-03
  -1.9150507e-01  -2.1073374e-01  -4.4507219e-01   1.5397090e-02   1.1149672e-02  -2.3867176e-03
  -1.9115454e-01  -2.0510076e-01  -4.5584227e-01   1.5452217e-02   1.1189132e-02  -2.4339556e-03
  -1.9433917e-01  -1.7129905e-01  -4.6299185e-01   1.5438809e-02   1.1193639e-02  -2.4303428e-03
  -2.0729329e-01  -1.8966954e-01  -4.5885215e-01   1.5688531e-02   1.1447713e-02  -2.4879087e-03
  -2.0237067e-01  -1.8799832e-01  -4.5888992e-01   1.5455962e-02   1.1479155e-02  -2.2967473e-03
  -2.0400028e-01  -1.7358885e-01  -4.7091596e-01   1.5219637e-02   1.1376084e-02  -2.3447605e-03
  -2.0076427e-01  -1.8991870e-01  -4.7464282e-01   1.5372267e-02   1.1379130e-02  -2.3577290e-03
  -2.0532372e-01  -1.8497099e-01  -4.6597355e-01   1.5623813e-02   1.1564235e-02  -2.4466275e-03
  -2.0778498e-01  -1.8450313e-01  -4.6487740e-01   1.5349061e-02   1.2065600e-02  -2.4110262e-03
