   0.0000000e+00  -1.0531011e-14   0.0000000e+00   0.0000000e+00   0.0000000e+00  -3.7615819e-37
  -1.2603987e-02   9.2390243e-02   5.1399260e-03  -9.2430976e-05   4.0713075e-04  -9.8615707e-05
  -1.2921074e-02   6.3912179e-02   2.5794296e-02   4.7622808e-04   3.7791216e-05   7.8551746e-06
  -2.7399729e-02   7.7634940e-02   1.9106134e-03   3.5216317e-04   1.1744290e-04   6.0514763e-05
  -3.6103651e-02   8.6842417e-02  -1.5569781e-02   1.0117957e-03  -5.3126378e-04  -2.8171025e-04
  -6.3084832e-02   1.1193665e-02  -4.9827866e-03   1.8430857e-03  -3.5616869e-04  -7.8195806e-04
  -6.5804391e-02  -1.2500969e-02  -5.5767591e-02   1.2275896e-03  -6.2861666e-04  -8.5952105e-04
  -3.9629125e-02  -7.8801827e-03  -2.3786252e-02   1.2700316e-03  -6.8939941e-04  -8.7652405e-04
  -4.0373815e-02   4.1754599e-03  -1.4219063e-02   1.1600723e-03  -7.7768511e-04  -1.0000647e-03
  -5.4779636e-02   1.8545525e-03   3.9319778e-03   8.0879702e-04  -8.4342131e-04  -1.2451584e-03
  -6.2679118e-02  -1.5112584e-02  -8.3058286e-04   1.0201262e-03  -9.4661891e-04  -1.4174729e-03
  -7.2038468e-02   2.1478792e-02  -1.5181881e-02   1.2586379e-03  -8.9236396e-04  -1.5558541e-03
  -6.7931975e-02  -1.9366177e-03  -6.9641094e-03   9.7132979e-04  -7.7421032e-04  -1.6282206e-03
  -5.0603202e-02  -2.0568549e-02  -2.1646702e-02   1.2031783e-03  -1.5858362e-03  -1.7311318e-03
  -5.8423008e-02   2.0724091e-02  -3.1090757e-02   1.1575927e-03  -1.6090464e-03  -1.8584572e-03
  -7.3653586e-02   6.5158251e-02  -4.1340778e-02   7.7497902e-04  -1.7117285e-03  -2.1292808e-03
  -6.3860236e-02   3.5059376e-02  -4.5980959e-02   8.6915928e-04  -2.1734085e-03  -2.0939938e-03
  -6.5559538e-02   9.3630232e-03  -4.8614224e-02   1.1627049e-03  -2.1893720e-03  -2.1097755e-03
  -7.3159932e-02  -1.5884856e-02  -2.7138776e-02   1.6739425e-03  -2.4286120e-03  -2.0552816e-03
  -7.3970790e-02   5.5866906e-02  -4.5012940e-02   3.4916557e-04  -2.5671561e-03  -2.3161079e-03
  -6.0085157e-02  -6.7542767e-02  -4.0809446e-02   8.8726961e-04  -2.9064767e-03  -2.2522560e-03
  -6.2413392e-02   5.7897209e-02  -7.0629984e-02   1.2845812e-03  -2.5374122e-03  -2.2123632e-03
  -6.5804081e-02  -2.3391228e-02  -4.3896113e-02   1.0389771e-03  -2.7102819e-03  -2.3841100e-03
  -6.6135483e-02  -2.3183133e-02  -4.6807630e-02   1.2469456e-03  -2.8070145e-03  -2.2924161e-03
  -6.6124996e-02   1.7015943e-02  -4.8149576e-02   1.1369778e-03  -2.9758768e-03  -2.4030927e-03
  -6.9970766e-02   3.0682459e-02  -4.6258441e-02   1.0461672e-03  -2.9215146e-03  -2.4507178e-03
  -6.3578461e-02   1.3072257e-02  -4.3100790e-02   8.4259397e-04  -3.1308542e-03  -2.2313191e-03
  -7.5662541e-02  -7.1746967e-03  -5.6293316e-02   9.1684875e-04  -3.1878570e-03  -2.4166244e-03
  -6.8756406e-02  -2.8568145e-02  -7.1962917e-02   1.6077986e-03  -3.2365575e-03  -2.3783476e-03
  -7.2268484e-02   1.9518495e-02  -7.0842642e-02   1.2893523e-03  -3.2725696e-03  -2.5814304e-03
  -7.8177558e-02   5.1169254e-02  -7.0583966e-02   1.2955758e-03  -3.3311528e-03  -2.5727152e-03
  -8.6406639e-02  -1.2410207e-02  -6.0416846e-02   1.1393369e-03  -3.4230108e-03  -2.6213062e-03
  -1.0671125e-01   2.9328609e-02  -5.5320085e-02   9.3058369e-04  -3.5978535e-03  -2.6853485e-03
  -8.9552812e-02  -3.4997554e-03  -7.7274290e-02   1.2580918e-03  -3.3227008e-03  -2.3917662e-03
  -8.4411509e-02  -2.7200904e-02  -7.9319220e-02   1.2878084e-03  -3.4989879e-03  -2.3743343e-03
  -9.8247367e-02  -1.7594252e-02  -7.7383899e-02   1.4423952e-03  -3.4067303e-03  -2.4117957e-03
  -1.0122686e-01   2.0158487e-02  -5.2867331e-02   1.0902866e-03  -3.3996233e-03  -2.5757258e-03
  -9.4596935e-02   1.4994871e-02  -5.9906525e-02   8.1774580e-04  -3.6224511e-03  -2.5810769e-03
  -9.5492791e-02   3.0490053e-02  -7.8812893e-02   8.8728711e-04  -3.6694324e-03  -2.5397071e-03
  -8.9838016e-02   1.0474926e-02  -5.8837101e-02   1.1718816e-03  -3.5713546e-03  -2.5376156e-03
  -8.8153030e-02   1.6382644e-02  -9.3947146e-02   1.1440904e-03  -3.6784857e-03  -2.5374476e-03
  -8.4346756e-02   6.3236349e-02  -9.3597015e-02   1.0165162e-03  -3.8834266e-03  -2.5464485e-03
  -7.9985700e-02   1.4490447e-02  -9.1816311e-02   1.1886665e-03  -3.8206520e-03  -2.4471204e-03
  -7.5392660e-02   2.2305965e-02  -9.8918109e-02   1.4362626e-03  -4.0303454e-03  -2.3494723e-03
  -6.8870431e-02   5.4514767e-02  -1.1470335e-01   1.5584911e-03  -4.1206501e-03  -2.0581870e-03
  -1.2119262e-01   1.3298149e-01  -8.8971789e-02   2.7524610e-03  -4.5053363e-03  -4.2328419e-03
  -1.0396360e-01  -6.1479587e-03   3.9188449e-02   1.1925848e-03  -5.1294725e-03  -4.9563876e-03
  -9.1214764e-02   1.2719108e-01  -2.1836267e-03   2.6022958e-04  -5.8760229e-03  -4.7125002e-03
  -8.2003824e-02  -5.8285839e-02  -5.7833751e-02   1.0341061e-03  -5.9679314e-03  -4.9046354e-03
  -9.1562033e-02   2.0269515e-03  -8.3636276e-02   1.6403886e-03  -5.7278565e-03  -5.0417018e-03
  -1.1388413e-01   2.0638006e-02  -1.0241811e-01   1.6844682e-03  -5.2834945e-03  -5.1899534e-03
  -1.1299447e-01   6.2449610e-02  -4.5554428e-02   1.8310637e-03  -5.0751996e-03  -5.0317612e-03
  -1.1576104e-01   1.3640035e-01   8.9575141e-02   1.8468163e-03  -3.7955596e-03  -4.2892604e-03
  -1.2843278e-01   3.3021811e-02   2.5729818e-02   1.1079179e-03  -3.3559945e-03  -4.1934841e-03
  -1.2369957e-01   1.5432751e-02   1.4956683e-02   1.1197946e-03  -3.5426682e-03  -4.1611335e-03
  -1.2065155e-01   1.9954923e-02   3.1291558e-02   1.4912144e-03  -3.7949237e-03  -3.9479423e-03
  -1.2041934e-01   3.8127871e-02   1.4289191e-02   1.5997083e-03  -3.7728164e-03  -3.7471765e-03
  -1.3361242e-01   5.3696359e-02   1.3268522e-02   1.2724705e-03  -3.7203638e-03  -3.9664478e-03
  -1.3798279e-01   5.8002691e-02   1.4202853e-02   1.2559252e-03  -3.8199615e-03  -3.9346979e-03
  -1.3897946e-01   2.5635878e-02   7.0257975e-03   1.3240446e-03  -3.6915706e-03  -4.1190040e-03
  -1.3620961e-01   3.5551107e-02  -2.3128386e-02   1.5478524e-03  -3.7429590e-03  -3.8810044e-03
  -1.4272032e-01   3.7514935e-02  -1.0085590e-02   2.2496254e-03  -3.4668492e-03  -4.0293275e-03
  -1.5344050e-01  -1.2620156e-02   6.3420743e-02   1.4654907e-03  -3.5933261e-03  -3.8188609e-03
  -1.6023521e-01   2.0840047e-02   3.9382326e-02   1.5117517e-03  -3.6251766e-03  -3.9384086e-03
  -1.5382313e-01   7.2287249e-02   1.0977881e-02   1.3508958e-03  -3.6524592e-03  -3.6074039e-03
  -1.6079060e-01   4.0075719e-02   9.3753154e-03   1.6839670e-03  -3.4062007e-03  -3.8915501e-03
  -1.5840941e-01   2.6387307e-02   3.8668018e-02   1.6481137e-03  -3.4952434e-03  -3.6713290e-03
  -1.7498528e-01   6.1883030e-02   3.5911115e-02   1.3313764e-03  -3.3349067e-03  -3.8090092e-03
  -1.6514351e-01   5.4996294e-02   1.4692779e-02   1.4086330e-03  -3.7143184e-03  -3.8494317e-03
  -1.6288456e-01   2.2781287e-02   1.2240517e-02   1.7245503e-03  -3.9520782e-03  -3.6446154e-03
  -1.6576297e-01   4.4621124e-02   1.1326375e-02   1.5435867e-03  -4.0363169e-03  -3.5900979e-03
  -1.7964710e-01   5.4535580e-02   2.3802499e-02   1.5823663e-03  -3.9937174e-03  -3.6796923e-03
  -2.0290882e-01   4.4112959e-02   5.6237793e-03   1.0213641e-03  -3.0956817e-03  -3.7537702e-03
  -1.7515334e-01   2.8789566e-02   5.0285326e-03   1.7196911e-03  -3.4815038e-03  -3.8735459e-03
  -1.6546475e-01   3.7690751e-02  -2.1283876e-03   1.6532405e-03  -3.6686822e-03  -3.7288914e-03
  -1.7278637e-01   4.6140239e-02  -4.5105064e-02   1.7166385e-03  -2.9157727e-03  -3.5594430e-03
  -1.6453685e-01  -5.0709282e-04   4.4416175e-03   2.0414361e-03  -3.5465998e-03  -3.2907767e-03
  -1.7804710e-01   2.8249501e-02  -1.3815111e-02   1.9646075e-03  -3.5339897e-03  -3.5551157e-03
  -1.9174244e-01   3.4863233e-02  -7.6500043e-03   2.1035877e-03  -3.2614580e-03  -3.5727856e-03
  -1.8645647e-01   6.7391196e-02   1.6418053e-02   1.5520489e-03  -3.2290007e-03  -3.5819469e-03
  -1.8901683e-01   5.3499702e-02   9.1708404e-03   1.3709629e-03  -3.2196593e-03  -3.5601040e-03
  -1.8947807e-01   9.0549916e-02  -3.3212839e-02   1.6403626e-03  -3.2610922e-03  -3.4695553e-03
  -1.8849889e-01   5.1899536e-02  -2.3923818e-02   1.6018690e-03  -3.2745527e-03  -3.4579789e-03
  -1.8798002e-01   3.7315072e-02  -8.6773388e-03   1.9539753e-03  -3.1401354e-03  -3.3359986e-03
  -1.8472985e-01   2.6176267e-02  -1.0688442e-02   1.9690556e-03  -3.1766265e-03  -3.1571869e-03
  -1.7931169e-01   2.4212603e-02  -1.0529383e-02   1.8776903e-03  -3.2837386e-03  -3.0941787e-03
  -1.7641436e-01   4.2797813e-02   5.4453625e-03   1.6797460e-03  -3.3810650e-03  -2.7202146e-03
  -1.7933974e-01   2.3712234e-02  -6.6974999e-03   1.6025275e-03  -3.3611164e-03  -2.8798229e-03
  -1.8078444e-01   3.2409597e-02  -1.8658029e-03   1.4385091e-03  -3.2968628e-03  -2.9174873e-03
  -1.7404018e-01   5.0461142e-02   2.3983538e-03   1.5024749e-03  -3.1689489e-03  -2.7213471e-03
  -1.7644917e-01   3.6039807e-02  -3.6633946e-03   1.3799241e-03  -3.3930195e-03  -2.7627069e-03
  -1.9050559e-01   1.2519281e-01  -2.2737194e-02   1.7534581e-03  -3.2286703e-03  -3.1450884e-03
  -1.9203682e-01   4.0145247e-02  -5.0765906e-02   1.1221120e-03  -3.0029804e-03  -3.2717774e-03
  -3.6907181e-01  -4.3994692e-02   4.5367011e-01   8.2605025e-03  -8.0725375e-03  -1.7712583e-03
  -3.4655841e-01  -1.2974882e-01   4.3667599e-01   2.0168538e-02  -1.5776528e-02   1.2785148e-02
  -2.1183170e-01  -2.9656545e-01   3.8514276e-01   1.8704754e-02  -1.5398374e-02   1.0976604e-02
  -2.1923427e-01   1.6595694e-01   3.4781990e-01   1.8186899e-02  -1.3039331e-02   9.3100436e-03
  -2.0163860e-01  -7.4223626e-02   4.2882780e-01   1.7073612e-02  -1.2693113e-02   8.3240618e-03
  -2.0882469e-01   4.6597536e-03   4.2095454e-01   1.5219973e-02  -1.2500768e-02   7.6945651e-03
  -2.2712851e-01  -2.5976181e-02   4.2084981e-01   1.5597263e-02  -1.2396074e-02   7.5817417e-03
  -2.4185292e-01  -6.8682964e-02   4.6578198e-01   1.5468554e-02  -1.2570050e-02   7.7606876e-03
  -2.4946878e-01  -6.7225825e-02   4.8940170e-01   1.4526658e-02  -1.2433722e-02   7.8336933e-03
  -2.5470135e-01  -7.2512172e-02   5.0843667e-01   1.4289203e-02  -1.2433249e-02   7.7565176e-03
  -2.8288735e-01  -5.9520994e-02   4.9532451e-01   1.4676307e-02  -1.2771562e-02   7.8716494e-03
  -2.9879066e-01  -1.5858262e-02   4.6770702e-01   1.4145553e-02  -1.2180872e-02   7.5754348e-03
  -3.0907519e-01  -6.6282358e-02   4.2956687e-01   1.4206955e-02  -1.2175418e-02   7.2221616e-03
  -3.1624494e-01  -5.4045384e-02   4.5081120e-01   1.4332206e-02  -1.1986305e-02   6.8250766e-03
  -2.6849187e-01  -4.4272507e-02   4.6061773e-01   1.4665856e-02  -1.1580784e-02   7.5502738e-03
  -2.2042613e-01   2.4816809e-02   4.9584242e-01   1.3843081e-02  -1.0940745e-02   9.0716803e-03
  -2.3739023e-01  -1.2331508e-02   5.0850067e-01   1.3720355e-02  -1.0801328e-02   8.1558108e-03
  -2.3469736e-01  -1.7445923e-02   4.6598479e-01   1.3125384e-02  -1.0563557e-02   7.8208032e-03
  -2.4343724e-01  -3.2655053e-02   4.9274736e-01   1.2627731e-02  -1.0402102e-02   7.6724989e-03
  -2.4802901e-01  -4.9734708e-02   5.0591331e-01   1.2450596e-02  -1.1039096e-02   7.6378399e-03
  -2.4174826e-01  -7.5968030e-02   4.7928183e-01   1.2505214e-02  -1.0854146e-02   7.7386216e-03
  -2.4937978e-01  -3.4003388e-02   5.1290584e-01   1.2134726e-02  -1.0504153e-02   7.8108236e-03
  -2.7446596e-01  -4.1941087e-02   5.5833789e-01   1.2405904e-02  -1.0129537e-02   7.8672018e-03
  -2.8166531e-01  -7.0603964e-02   5.4064561e-01   1.2497784e-02  -9.9384645e-03   8.0382012e-03
  -2.9260714e-01  -8.8184888e-03   4.9736841e-01   1.2297286e-02  -9.6287835e-03   8.1086411e-03
  -2.8085361e-01  -3.6026782e-02   5.0294081e-01   1.2198611e-02  -9.7697058e-03   7.8375442e-03
  -2.8469370e-01  -8.7349750e-02   4.8535721e-01   1.2358944e-02  -9.5300081e-03   7.8015773e-03
  -2.8644537e-01  -5.9306341e-02   4.9638757e-01   1.2221537e-02  -9.7738017e-03   7.9167169e-03
  -2.7649984e-01  -5.0702099e-02   5.2218472e-01   1.2163283e-02  -9.9134255e-03   7.2472428e-03
  -2.7981365e-01  -6.0103600e-02   5.2204622e-01   1.2650100e-02  -9.9244967e-03   7.5890727e-03
  -2.8533775e-01  -2.3449047e-02   5.1225081e-01   1.2730391e-02  -9.8812938e-03   7.3102592e-03
  -2.8891073e-01  -5.8210119e-03   5.0588130e-01   1.2520606e-02  -1.0074437e-02   7.6617225e-03
  -3.0098722e-01  -4.6893212e-02   5.2483065e-01   1.2517841e-02  -1.0007138e-02   7.5916156e-03
  -3.0405843e-01  -6.3380271e-02   5.2751141e-01   1.2814207e-02  -9.8812377e-03   7.5351455e-03
  -3.1061668e-01  -5.3797005e-02   5.3011728e-01   1.2689572e-02  -9.8599087e-03   7.5322692e-03
  -3.1558739e-01  -5.3621055e-02   5.4118460e-01   1.2807536e-02  -1.0139648e-02   7.4561699e-03
  -3.1478541e-01  -3.1295782e-02   5.3892223e-01   1.2452895e-02  -1.0228302e-02   7.4169809e-03
  -3.1741016e-01  -7.2808752e-03   5.2324948e-01   1.2425923e-02  -1.0101067e-02   7.3280947e-03
  -3.2889852e-01  -9.4006112e-03   5.5092076e-01   1.2038926e-02  -9.9502668e-03   7.2562571e-03
  -3.3501890e-01  -6.0116287e-03   5.7276640e-01   1.1872986e-02  -9.8767756e-03   7.0194930e-03
  -3.2957686e-01  -2.9962517e-02   5.6471636e-01   1.2180878e-02  -1.0059254e-02   6.9795281e-03
  -3.2986678e-01   8.8170155e-03   5.6727254e-01   1.1703612e-02  -1.0129809e-02   6.8744853e-03
  -3.2553504e-01  -3.7700863e-02   5.6373090e-01   1.1966583e-02  -1.0256501e-02   6.8556320e-03
  -3.4089172e-01  -4.4636888e-02   5.6531811e-01   1.1891690e-02  -1.0306278e-02   6.7100470e-03
  -3.4625359e-01  -3.8352210e-02   5.5200556e-01   1.2047819e-02  -1.0453729e-02   6.8338867e-03
  -3.4395228e-01   3.5349021e-02   5.5750851e-01   1.1663562e-02  -1.0502765e-02   6.9148499e-03
  -3.5791324e-01  -2.7665553e-02   5.6297865e-01   1.2124524e-02  -9.9219322e-03   6.7276126e-03
  -3.6093334e-01   1.7988781e-02   5.6457874e-01   1.1715877e-02  -1.0459465e-02   6.7523133e-03
  -3.5892752e-01  -2.4718961e-02   5.7498559e-01   1.2120347e-02  -1.0497524e-02   6.7831195e-03
  -3.5226060e-01  -4.8076299e-02   5.7811617e-01   1.2323390e-02  -1.0503093e-02   6.8639695e-03
  -3.6315309e-01  -5.9817193e-03   5.8487796e-01   1.2123391e-02  -1.0928787e-02   6.5932656e-03
  -3.6925585e-01   7.9471863e-03   5.9159477e-01   1.1685398e-02  -1.1098445e-02   6.5523549e-03
  -3.6731002e-01  -3.1086427e-02   5.9946612e-01   1.1544925e-02  -1.1045842e-02   6.5191478e-03
  -3.6104208e-01   1.3611683e-03   5.9698772e-01   1.1424924e-02  -1.1166888e-02   6.4127901e-03
  -3.7024607e-01  -4.5508259e-02   6.0167581e-01   1.1721468e-02  -1.1546908e-02   6.3960576e-03
  -3.7436707e-01  -5.5490659e-02   5.9716116e-01   1.1875558e-02  -1.1545816e-02   6.4446876e-03
  -3.6718038e-01  -3.5536923e-02   5.8323852e-01   1.1753271e-02  -1.1779598e-02   6.4393944e-03
  -3.6636543e-01  -2.1069858e-03   5.9066782e-01   1.1544988e-02  -1.2098957e-02   6.3862595e-03
  -3.7948809e-01  -3.4970322e-02   6.8445513e-01   1.1082987e-02  -1.2122126e-02   5.9623747e-03
  -3.8114611e-01  -2.9610811e-03   6.4471128e-01   1.0934779e-02  -1.2025497e-02   6.0765404e-03
  -3.7248570e-01  -2.8480382e-02   6.2113699e-01   1.0871167e-02  -1.1968325e-02   6.0940671e-03
  -3.7346606e-01   1.4487221e-02   6.1168251e-01   1.0634422e-02  -1.2111006e-02   6.0860171e-03
  -3.5550635e-01   2.1409883e-02   6.1056993e-01   1.0027287e-02  -1.2359132e-02   5.7023554e-03
  -3.7899122e-01   1.9033527e-02   6.3564906e-01   9.9188371e-03  -1.2345596e-02   5.4039143e-03
  -3.7791713e-01  -2.1475775e-02   6.4794362e-01   9.8154071e-03  -1.2476749e-02   5.3635609e-03
  -3.7985265e-01   2.4660170e-02   6.3002075e-01   9.7930155e-03  -1.2533410e-02   5.3131015e-03
  -3.8144477e-01  -1.3811529e-02   6.3647431e-01   1.0608674e-02  -1.2505962e-02   5.3107255e-03
  -3.7179058e-01   5.3269168e-02   6.3202602e-01   9.9317576e-03  -1.2722982e-02   5.4734015e-03
  -3.7157852e-01   3.3260817e-02   6.2250584e-01   9.5323437e-03  -1.3031346e-02   5.2617350e-03
  -3.7134453e-01   2.3244579e-02   6.2489381e-01   9.4661723e-03  -1.3219031e-02   5.2272063e-03
  -3.7577710e-01   2.9635967e-02   6.2951774e-01   9.6112492e-03  -1.3226114e-02   5.2191224e-03
  -3.7987258e-01   4.9091978e-02   6.1654129e-01   9.4037282e-03  -1.3341548e-02   5.0441279e-03
  -3.9140747e-01   9.1340562e-03   6.2728650e-01   9.3087988e-03  -1.3159446e-02   5.0354306e-03
  -3.9029453e-01  -2.6552195e-02   6.1445543e-01   9.8917297e-03  -1.2996015e-02   5.1504349e-03
  -3.8246236e-01   7.4439933e-03   6.2288436e-01   9.6900488e-03  -1.3451776e-02   5.3194831e-03
  -3.8790420e-01   5.4153010e-02   6.1856101e-01   9.8605014e-03  -1.3407665e-02   5.2445841e-03
  -3.8450872e-01   5.5630250e-02   6.1602231e-01   9.5626458e-03  -1.3279361e-02   5.1597684e-03
  -3.8229071e-01   3.5326939e-02   6.3005383e-01   9.5147746e-03  -1.3256494e-02   5.2093420e-03
  -3.9490174e-01   6.0511702e-02   6.2678940e-01   9.4153238e-03  -1.3372443e-02   5.0536241e-03
  -3.9746558e-01   2.9834732e-02   6.1557240e-01   9.7014011e-03  -1.3391072e-02   5.1223677e-03
  -3.8999805e-01   4.5952181e-02   6.0633838e-01   9.9562007e-03  -1.3293284e-02   5.2428952e-03
  -3.8200860e-01   2.2128469e-02   6.0969615e-01   9.9654660e-03  -1.3541430e-02   5.1980122e-03
  -3.8476901e-01   1.9521350e-02   6.6545069e-01   9.9099288e-03  -1.3460530e-02   5.1338880e-03
  -3.9351403e-01   2.4736301e-02   6.3968610e-01   9.3666266e-03  -1.3824069e-02   5.3611896e-03
  -3.9814747e-01   1.7049207e-02   6.2676821e-01   9.4719360e-03  -1.3881671e-02   5.0940620e-03
  -4.0261524e-01   8.0519432e-03   6.0469590e-01   1.0395048e-02  -1.3460324e-02   4.8950405e-03
  -3.9058189e-01  -3.4782029e-02   6.2071552e-01   9.9040542e-03  -1.4084633e-02   5.1690308e-03
  -3.9668180e-01   2.5588665e-02   5.8354991e-01   1.0051590e-02  -1.4207124e-02   5.2298524e-03
  -4.0420788e-01   4.5973206e-02   5.9156114e-01   9.8723321e-03  -1.3848533e-02   5.3390121e-03
  -4.0246606e-01   4.6971298e-02   6.2905699e-01   9.5677029e-03  -1.4164333e-02   5.0399913e-03
  -4.0901542e-01  -2.3001448e-02   6.1292928e-01   9.9723204e-03  -1.4235800e-02   5.2606969e-03
  -4.1320081e-01   4.1951315e-02   5.9670971e-01   1.0058052e-02  -1.4193919e-02   5.1930244e-03
  -4.1068816e-01  -3.1298016e-02   6.0914950e-01   9.8246793e-03  -1.4063628e-02   5.1227707e-03
  -4.0963803e-01   3.9130137e-03   6.1292153e-01   9.6262906e-03  -1.4364122e-02   4.9240118e-03
  -4.0713194e-01  -6.3328045e-03   5.8962998e-01   1.0179678e-02  -1.4473255e-02   5.0024654e-03
  -3.9416077e-01   6.5547694e-03   5.7732563e-01   9.9211722e-03  -1.4633615e-02   4.7731596e-03
  -3.9426356e-01   1.1827156e-02   5.8710555e-01   1.0007442e-02  -1.4809567e-02   4.7907996e-03
  -4.1604916e-01   1.0746204e-01   5.9746006e-01   9.9534899e-03  -1.4836051e-02   4.6283024e-03
  -3.9457077e-01  -2.6127684e-02   5.3017358e-01   1.1301311e-02  -1.4770292e-02   4.9524086e-03
  -3.7003017e-01  -4.5995703e-02   5.0870628e-01   1.1429025e-02  -1.4517527e-02   4.9943978e-03
  -3.7883250e-01  -3.0002568e-02   5.1463559e-01   1.1194328e-02  -1.4686814e-02   4.7373882e-03
  -3.8952956e-01   8.9960912e-03   5.2801801e-01   1.0884495e-02  -1.4606971e-02   4.8054179e-03
  -3.9483833e-01   2.3181106e-02   5.5081529e-01   1.0907310e-02  -1.4418643e-02   4.5476630e-03
  -3.8975510e-01  -1.0880984e-02   5.4708853e-01   1.0523461e-02  -1.4789720e-02   4.7391671e-03
  -3.9558022e-01   2.6174264e-02   5.2233573e-01   1.0745563e-02  -1.4744217e-02   4.6996059e-03
  -4.0194186e-01   3.2273895e-02   5.3408779e-01   1.0717681e-02  -1.4561357e-02   4.4398895e-03
  -3.7950716e-01   4.5139618e-02   5.9890571e-01   1.0164846e-02  -1.4986611e-02   4.5473996e-03
  -3.8640496e-01   6.0796288e-02   5.8257340e-01   9.6887140e-03  -1.5017414e-02   4.5202496e-03
  -3.9443149e-01   2.2433027e-02   5.6578202e-01   9.6358703e-03  -1.5101674e-02   4.4520607e-03
  -3.9865593e-01   7.1142299e-02   5.5342664e-01   9.7530338e-03  -1.5162136e-02   4.5855852e-03
  -4.0231548e-01   6.2855217e-02   5.4151696e-01   9.6792160e-03  -1.4987119e-02   4.5914597e-03
  -4.0047827e-01   5.6609988e-04   5.6131828e-01   9.7207446e-03  -1.5232199e-02   4.3136910e-03
  -4.0884985e-01   2.2062465e-02   5.5591897e-01   9.9376601e-03  -1.5170827e-02   4.4932556e-03
  -4.0460559e-01   1.2898143e-01   5.5130719e-01   9.1490869e-03  -1.5088257e-02   4.4327827e-03
  -4.1019063e-01  -1.5621130e-02   5.6329383e-01   9.4418806e-03  -1.4897849e-02   4.3731684e-03
  -4.1831978e-01   3.1085734e-02   5.5626579e-01   9.5928928e-03  -1.5018545e-02   4.4970610e-03
  -4.1398279e-01  -1.5453135e-02   5.5753880e-01   9.6627702e-03  -1.4919285e-02   4.4025773e-03
