   1.1006371e-14   0.0000000e+00   0.0000000e+00  -3.7036222e-51  -7.7037198e-34   3.8518599e-34
  -1.8940663e-02   6.2836237e-04   1.2440381e-02  -3.8300447e-03  -7.3302633e-04   4.3866335e-05
  -9.4827730e-02  -5.6241854e-02   1.0210598e-01  -2.6703731e-03  -4.2463235e-04  -1.5251853e-03
  -2.3802739e-02  -6.8525293e-02   4.0769349e-02   5.4498901e-04  -2.3315681e-04  -3.4634549e-04
  -5.5557454e-02   6.2124170e-02   1.2214011e-01  -2.4126443e-03  -3.6319776e-04  -8.6809491e-04
  -9.7856230e-02  -1.0492140e-01   5.2241841e-02  -2.1297175e-03  -4.6791013e-04  -1.7938538e-03
  -1.1778225e-01  -3.7796415e-04   1.5246500e-02  -3.3479497e-03  -5.2715009e-04  -2.0917497e-03
  -1.2331070e-01  -1.4435898e-01  -1.7094084e-02  -3.2906818e-03  -8.5434015e-04  -2.4480283e-03
  -1.5025094e-01  -1.5742056e-01  -5.0243012e-02  -2.9422646e-03  -1.3726175e-03  -3.2651235e-03
  -1.7429789e-01  -1.1444518e-01  -9.9315807e-02  -3.4876631e-03  -1.2393328e-03  -3.5005235e-03
  -1.6952113e-01   2.7071038e-02  -2.0509265e-01  -2.4579633e-03  -1.1198597e-03  -2.5510524e-03
  -1.7061837e-01  -1.1952770e-01  -1.6430473e-01  -2.9752464e-03  -1.8039166e-03  -2.8068815e-03
  -1.9680177e-01  -6.6388405e-02  -1.3988107e-01  -3.4650246e-03  -1.2910170e-03  -3.1708923e-03
  -2.0163300e-01  -4.9152723e-02  -1.1464587e-01  -3.8693802e-03  -1.2439708e-03  -3.4798077e-03
  -1.9207336e-01  -4.1690590e-02  -2.4894517e-01  -2.6004563e-04  -7.9943301e-04  -3.1354644e-03
  -2.2853556e-01  -1.4885342e-02  -1.0743008e-01  -4.5633831e-03  -6.5255919e-04  -3.7863656e-03
  -2.1854061e-01  -1.1336587e-01  -8.9753368e-02  -4.8887561e-03  -1.0978017e-03  -3.6439320e-03
  -2.1148205e-01  -1.0624095e-01  -5.8675703e-02  -4.8040749e-03  -1.2148602e-03  -3.7427017e-03
  -2.2025062e-01  -2.8650426e-02  -6.3596780e-02  -5.7953170e-03  -1.3095973e-03  -3.9926353e-03
  -2.3064876e-01  -1.6350432e-01  -6.8032952e-02  -6.3339666e-03  -9.2029180e-04  -4.1516722e-03
  -2.2274721e-01  -1.4311693e-01  -8.7029152e-02  -6.6353473e-03  -1.0437509e-03  -3.9709060e-03
  -2.2438431e-01  -1.7925438e-01  -8.5256258e-02  -6.0786261e-03  -1.2854925e-03  -4.0119764e-03
  -1.8783181e-01  -1.0876560e-01  -1.2314659e-02  -4.1731026e-03  -5.6749871e-04  -3.6212410e-03
  -2.2452419e-01  -1.0110655e-01   2.8302344e-02  -8.4741079e-03  -1.1260262e-03  -4.0069856e-03
  -2.2724744e-01  -1.8224642e-01  -2.1340820e-02  -8.4557435e-03  -1.0078437e-03  -4.3165125e-03
  -2.2447171e-01  -2.2758962e-01  -7.9396099e-02  -8.1253186e-03  -9.5313368e-04  -4.4405053e-03
  -2.3969852e-01  -2.0166978e-01  -1.1774152e-01  -8.5035962e-03  -3.9544468e-04  -4.7004872e-03
  -2.4904073e-01  -1.4569141e-01  -1.2379044e-01  -9.3078877e-03  -3.7802228e-04  -4.6445080e-03
  -2.8721694e-01  -1.9646482e-01  -1.3471905e-01  -9.7598965e-03   1.1954580e-04  -5.5292736e-03
  -2.7399858e-01  -2.3529582e-01  -1.0209185e-01  -9.7484902e-03  -5.4325674e-05  -5.6013270e-03
  -2.6276666e-01  -2.0505851e-01  -1.2401919e-01  -1.0177404e-02   1.3381687e-04  -5.4776661e-03
  -2.2102270e-01  -2.0052539e-01  -1.2826224e-01  -1.0107281e-02   1.9125285e-04  -4.7278832e-03
  -2.3422465e-01  -2.1990472e-01  -1.4521197e-01  -1.0502341e-02  -1.6368522e-04  -4.7103612e-03
  -2.4050552e-01  -2.5289807e-01  -1.3357938e-01  -1.0443893e-02   6.0539502e-05  -4.7471389e-03
  -2.1921512e-01  -2.0667909e-01  -1.3318033e-01  -1.0783467e-02   2.3544632e-05  -4.2412807e-03
  -1.8754820e-01  -2.5224121e-01  -1.1966165e-01  -1.1163333e-02  -4.2895754e-04  -3.6894817e-03
  -2.1388816e-01  -2.8161872e-01  -1.4195650e-01  -1.1673550e-02  -3.1089819e-04  -3.9657421e-03
  -2.3602347e-01  -2.4870405e-01  -1.1760333e-01  -1.2481995e-02  -2.4277047e-04  -4.1725647e-03
  -2.5445205e-01  -2.7339873e-01  -1.2664229e-01  -1.2809017e-02  -1.2129958e-04  -4.3155714e-03
  -2.5508156e-01  -2.9659254e-01  -1.3511203e-01  -1.3000608e-02   1.5456328e-04  -4.2849231e-03
  -2.3973018e-01  -2.2142736e-01  -1.6461046e-01  -1.2602780e-02   2.0843573e-04  -3.7880211e-03
  -2.0267666e-01  -3.2330162e-01  -1.8026605e-01  -1.1833826e-02  -3.1884093e-04  -3.4529824e-03
  -2.1809384e-01  -2.3309507e-01  -1.6086144e-01  -1.1912087e-02   1.0855271e-05  -3.7278179e-03
  -2.1757288e-01  -2.7668722e-01  -1.2773400e-01  -1.2249658e-02  -5.0133720e-05  -3.5488368e-03
  -2.0555447e-01  -2.7521635e-01  -1.5422242e-01  -1.2127020e-02   2.3168710e-04  -3.3619688e-03
  -1.9317925e-01  -2.7890901e-01  -1.7382442e-01  -1.2480388e-02   3.7440241e-04  -3.2529583e-03
  -1.5776009e-01  -2.8603468e-01  -1.8172192e-01  -1.2501772e-02   4.1534925e-04  -2.9170828e-03
  -1.4943816e-01  -2.8736619e-01  -2.1186335e-01  -1.2422360e-02   3.8679581e-04  -3.0202118e-03
  -1.3467079e-01  -3.0452059e-01  -2.4175096e-01  -1.2293574e-02   2.8212382e-04  -2.8911893e-03
  -1.5015626e-01  -3.2025856e-01  -2.4005826e-01  -1.1725581e-02   1.4282708e-04  -3.2375131e-03
  -1.6283497e-01  -2.6370651e-01  -2.4071758e-01  -1.2034427e-02   1.9610981e-04  -3.1762489e-03
  -1.5766009e-01  -2.8480243e-01  -2.3742669e-01  -1.2096493e-02   2.1848825e-04  -2.8898688e-03
  -1.6523364e-01  -2.6829690e-01  -2.6567140e-01  -1.2325770e-02   3.3286428e-04  -3.0757616e-03
  -1.0216401e-01   2.5801525e-01  -7.4643774e-01   4.2327637e-03   2.1425885e-03  -2.1815157e-03
  -8.8684917e-02   3.0536278e-01  -5.2008564e-01   1.0402323e-02   2.2776518e-03  -1.1613767e-03
  -7.0054391e-02   1.1870412e-01  -4.5491537e-01   3.3395792e-03   1.9664320e-03  -3.1380509e-04
  -3.0780871e-02   6.4788087e-02  -4.1816857e-01   2.5576235e-03   1.9734433e-03   2.1616008e-05
  -2.8257889e-02  -3.7131545e-02  -3.2991857e-01   6.8738258e-04   1.7790600e-03  -1.5579644e-04
  -5.7201886e-02  -4.3838434e-02  -3.1176977e-01  -2.4248228e-03   1.5817081e-03  -9.1230849e-04
  -3.8229784e-02  -8.7696237e-02  -3.2084495e-01  -5.4685524e-03   1.0520628e-03  -2.8404935e-04
  -3.5122516e-02  -9.5291735e-02  -3.7775861e-01  -5.5036779e-03   1.0529220e-03  -3.8832663e-04
  -3.5238684e-02  -1.0774790e-01  -4.0228408e-01  -5.3719122e-03   1.2807639e-03  -5.4349028e-04
  -5.0215203e-02  -9.7459867e-02  -4.1731264e-01  -5.3760125e-03   9.5969905e-04  -8.8006204e-04
  -5.3816701e-02  -1.0845025e-01  -4.1610358e-01  -5.8322433e-03   9.3677077e-04  -7.5467867e-04
  -5.7827275e-02  -1.3901224e-01  -4.0984681e-01  -5.8140661e-03   1.0624136e-03  -6.1433732e-04
  -8.1969480e-02  -1.3285148e-01  -4.1825864e-01  -5.7782709e-03   1.0980187e-03  -7.9370594e-04
  -1.6875174e-01   3.7900587e-01   3.3795016e-01  -4.1351563e-03   2.5153582e-03  -1.3994048e-03
  -2.0912314e-01   4.3004845e-01   1.9533720e+00   3.3071799e-03   1.5636343e-03  -3.8564497e-03
  -1.8210443e-01  -8.7886496e-01   1.4209143e+00  -6.3397112e-03   7.3344915e-04  -1.6911490e-03
  -1.3354882e-01  -3.4047279e-01   1.0364062e+00  -8.9290981e-03  -1.2809503e-03  -8.4612359e-04
  -1.7814271e-01  -3.3482801e-01   1.0568603e+00  -1.1912864e-02  -1.9589819e-03  -2.0792893e-03
  -1.8101046e-01  -2.9278548e-01   1.0632725e+00  -1.2531479e-02  -1.1856874e-03  -2.1439374e-03
  -1.7375339e-01  -2.8544212e-01   9.4857421e-01  -1.3641455e-02  -9.4528211e-04  -1.7987906e-03
  -1.5886923e-01  -4.0000437e-01   9.5577591e-01  -1.4578861e-02  -9.1100193e-04  -1.6480830e-03
  -1.7504799e-01  -4.2846816e-01   9.5912380e-01  -1.5655378e-02  -1.0586437e-03  -1.9824675e-03
  -1.7474438e-01  -4.4317349e-01   9.4508893e-01  -1.6778191e-02  -1.1918913e-03  -1.9322221e-03
  -1.8916991e-01  -2.7734790e-01   8.2631817e-01  -1.6994327e-02  -1.1572448e-03  -2.0357693e-03
  -1.5753798e-01  -2.3352402e-01   7.7046401e-01  -1.1668441e-02   4.4590589e-04  -2.2881859e-03
  -1.6990402e-01  -3.2888109e-01   8.2674034e-01  -1.5768652e-02  -5.2599699e-05  -1.9773535e-03
  -1.6788504e-01  -2.5039623e-01   7.1516908e-01  -1.5349275e-02  -7.0254552e-07  -1.8498655e-03
  -1.6988237e-01  -2.3637684e-01   7.0982588e-01  -1.5390540e-02  -2.3395047e-04  -1.8635773e-03
  -2.0858352e-01  -2.5626423e-01   6.0476455e-01  -1.5367568e-02  -5.8125136e-04  -2.6279662e-03
  -2.1015946e-01  -3.3665136e-01   2.0396580e-01  -1.1586571e-02  -1.6278341e-04  -2.5111774e-03
  -1.9180872e-01  -2.0749170e-01   2.7355580e-01  -1.1141694e-02  -3.7787458e-04  -2.8726833e-03
  -7.4177454e-02   1.6955930e-02   4.4211767e-02  -8.8052234e-04  -1.6610907e-03  -8.6590558e-04
  -4.4701793e-02   1.6559766e-01  -2.0271949e-01   6.6308165e-03   3.5699202e-04  -5.2219044e-04
  -5.8935290e-02   1.3472443e-02  -1.2014362e-01  -2.2680954e-04  -1.5714448e-04  -5.7210395e-04
  -6.4070006e-02  -1.0404301e-01   3.5364390e-03  -2.5600807e-03  -3.3086255e-04  -1.0322223e-03
  -7.8590301e-02  -1.0371892e-01  -2.6627554e-02  -2.7120910e-03  -2.7088894e-04  -1.2232502e-03
  -1.0649791e-01  -6.5925884e-02  -5.6967601e-02  -3.4789439e-03  -1.4018286e-04  -1.7773635e-03
  -1.2540560e-01  -6.5550778e-02  -7.7802030e-02  -4.2722046e-03  -5.1386064e-05  -1.9036318e-03
  -1.3525037e-01  -8.8001328e-02  -1.1181834e-01  -4.0676674e-03   1.8538374e-04  -2.1570287e-03
  -1.2366354e-01  -5.7637255e-02  -1.1044338e-01  -3.5124897e-03  -1.2808307e-04  -1.7737251e-03
  -1.2073099e-01  -1.2910210e-01  -6.9725257e-02  -4.0144186e-03  -5.0392072e-04  -2.0124343e-03
  -9.1277753e-02  -6.7671375e-02  -6.4747651e-02  -4.7881946e-03  -6.6921699e-04  -1.6042539e-03
  -1.4563531e-01  -9.9220931e-02  -1.8250743e-02  -6.1752279e-03  -1.6002747e-04  -2.8556278e-03
  -1.4947134e-01  -1.2252180e-01   2.9756980e-02  -6.8252475e-03   6.6362986e-05  -2.6652107e-03
  -1.2026480e-01  -1.0618966e-01   1.1555792e-02  -7.2716394e-03   3.8749981e-05  -1.9186115e-03
  -1.1005259e-01  -1.6132750e-01   3.6127365e-03  -7.8755281e-03  -1.3877928e-04  -1.4378599e-03
  -8.4641859e-02  -1.5498950e-01   5.1202499e-03  -7.6798377e-03  -5.5860167e-04  -1.1143501e-03
  -6.5245069e-02  -1.3249940e-01  -3.1320209e-02  -8.7586363e-03  -3.9638422e-04  -8.3410448e-04
  -4.3400346e-02  -1.6569434e-01  -4.0645064e-02  -8.7647909e-03  -7.6842124e-04  -7.4972912e-04
  -2.8190737e-02  -1.9607568e-01  -2.1867377e-02  -8.7507846e-03  -8.1387164e-04  -2.9188726e-04
  -4.0643838e-02  -1.7396947e-01  -1.0495976e-03  -9.5194557e-03  -6.1185730e-04  -5.2992735e-04
  -2.7064963e-02  -1.6102522e-01   2.1146793e-02  -1.0130281e-02  -7.3976095e-04  -3.8299885e-04
  -2.8598568e-02  -1.6340772e-01   1.6786358e-02  -1.0251014e-02  -7.5380504e-04  -3.4016419e-04
   1.2225233e-02  -1.7769371e-01   3.1680656e-02  -9.1077168e-03   1.8000061e-03  -6.8230438e-04
  -1.5732847e-03  -3.1706357e-01  -8.5198799e-01  -1.4319642e-02  -3.0129553e-04  -1.3915732e-03
   6.9448855e-02  -2.0984222e-01  -4.2216729e-01  -1.4051836e-02  -2.7777846e-04   8.5102608e-04
   8.1076301e-02  -3.3328850e-01  -3.3378700e-01  -1.2774417e-02  -4.4327672e-04   1.1935568e-03
   1.0668512e-01  -2.5107386e-01  -3.4282824e-01  -1.3670043e-02  -8.7079856e-04   1.8218802e-03
   1.0234031e-01  -3.7233484e-01  -3.8382948e-01  -1.4927083e-02  -1.4199600e-03   1.6617484e-03
   8.8146604e-02  -3.4913635e-01  -3.8630114e-01  -1.5788726e-02  -1.6020546e-03   1.6944383e-03
   4.4824876e-02  -2.9856935e-01  -3.9649974e-01  -1.5634032e-02  -1.4159447e-03   9.5460659e-04
   6.2537752e-02  -3.6545005e-01  -4.8233201e-01  -1.2011328e-02  -1.1508083e-03   1.1402304e-03
   5.0398581e-02  -1.8629444e-01  -4.3330443e-01  -1.2195472e-02  -7.5866957e-04   7.4004490e-04
   4.8555871e-02  -2.9819931e-01  -4.2466877e-01  -1.3429763e-02  -8.8806732e-04   7.6213089e-04
   3.6455533e-02  -2.8686965e-01  -4.0433782e-01  -1.3583119e-02  -6.8469100e-04   6.6404696e-04
  -1.0060301e-01   1.2845810e-01  -4.6315886e-03  -9.1192209e-03  -1.2332934e-04  -1.5752084e-03
  -2.5858681e-01   6.1923339e-01   6.7520462e-01   1.1142936e-02   1.7809907e-03  -4.5501622e-03
  -2.6288864e-01   8.4245043e-02   5.8435656e-01   2.6349257e-02   4.8246337e-03  -4.2739982e-03
  -2.1621143e-01   2.9054198e-01   3.9422205e-01   1.8679985e-02   3.3878984e-03  -3.4975228e-03
  -1.6467620e-01   2.4500374e-01   3.0374431e-01   1.6817085e-02   2.2492597e-03  -3.5600725e-03
  -1.1100180e-01   5.7101691e-02   3.9698991e-01   1.4190072e-02  -3.6944292e-05  -3.1980591e-03
  -1.2062803e-01   9.6722233e-02   3.2083801e-01   1.1477494e-02  -7.3506946e-04  -3.4729617e-03
  -1.6208257e-01   6.7192575e-02   2.7185314e-01   6.5130921e-03  -9.5243925e-04  -3.5433911e-03
  -1.7290692e-01   1.6368425e-02   2.9531834e-01   4.7156044e-03  -3.3233985e-04  -4.1047084e-03
  -1.9832942e-01   6.1720125e-02   1.7802197e-01   4.0861883e-03   8.8212241e-05  -4.5049512e-03
  -1.9638582e-01   2.0119112e-02   1.1935816e-01   2.6663914e-03  -3.0555085e-05  -4.4162458e-03
  -2.0012234e-01   6.5273232e-03   1.8728901e-01   1.5979646e-03  -4.6272800e-04  -4.5692443e-03
  -1.8991272e-01  -5.1206070e-02   1.4361201e-01   1.5598735e-03  -8.3928389e-04  -4.4729419e-03
  -1.6909883e-01   9.6813288e-02   6.2884353e-02   1.1465672e-03  -7.0754669e-04  -3.8933233e-03
  -1.6857601e-01   2.7792322e-03   1.6235754e-01   2.5617916e-04  -7.4037261e-04  -3.8052196e-03
  -1.7326205e-01  -5.1925968e-02   1.3487027e-01   1.8089036e-04  -1.0274083e-03  -4.0708278e-03
  -1.6974371e-01   2.1121422e-02   8.5542594e-02  -3.0048559e-04  -7.1636037e-04  -4.2497672e-03
  -1.6525292e-01  -3.9171003e-02   5.7760640e-02  -4.2565163e-04  -3.9989246e-04  -4.4210565e-03
  -1.6321135e-01  -5.5319016e-02   3.1205634e-02  -1.3321574e-03  -7.2689390e-04  -4.3422958e-03
  -1.8259936e-01   2.3681101e-02  -8.1026562e-03  -2.2231464e-03  -3.7206494e-04  -4.7528931e-03
  -1.7554728e-01  -2.8369525e-02  -2.3908994e-02  -2.2320837e-03  -9.2008336e-05  -4.8006219e-03
  -1.8164755e-01  -7.3917261e-02  -7.7579337e-02  -1.5668952e-03   6.5452450e-05  -4.6180822e-03
  -1.9216313e-01  -3.7686042e-02  -1.2156767e-01  -1.7833083e-03   2.2057664e-04  -4.5944929e-03
  -2.2086614e-01  -5.4885388e-02  -1.0857639e-01  -2.0247390e-03   1.0027229e-03  -5.2402719e-03
  -2.2643551e-01  -3.6048401e-02  -1.4280701e-01  -2.3337544e-03   1.5039439e-03  -5.3426804e-03
  -2.2126630e-01  -1.8736759e-02  -1.5194864e-01  -2.7485628e-03   1.9487959e-03  -4.9947737e-03
  -1.7290661e-01   4.2115010e-02  -2.6390995e-01  -9.3064672e-04   1.3848530e-03  -4.0917747e-03
  -1.4510835e-01  -1.6096652e-01  -4.1575077e-01  -7.3378537e-03   1.1263188e-03  -4.3206683e-03
  -1.4293930e-01  -1.4964795e-01  -3.8345202e-01  -9.7394938e-03   1.5093668e-03  -4.2719888e-03
  -1.1402453e-01  -1.5780045e-01  -3.2652531e-01  -1.0012518e-02   1.1598668e-03  -3.6238416e-03
   6.0823740e-03  -1.7623028e-01  -2.5502864e-01  -1.0139874e-02   8.6990674e-04  -8.5402544e-04
   4.6526606e-02  -2.2072124e-01  -2.6016504e-01  -1.0364527e-02   2.6193951e-04   8.9237721e-05
  -3.8853396e-02  -1.7818183e-01  -4.5659783e-01  -9.5539999e-03  -1.0696962e-03  -1.6887027e-03
   1.6995535e-02  -2.2448452e-01  -4.0513027e-01  -9.9615881e-03  -3.9819002e-04  -6.5952664e-04
   4.9568590e-02  -2.4827552e-01  -4.5830879e-01  -9.8178975e-03  -4.7041933e-05  -4.5554104e-04
   6.3141390e-02  -2.2474216e-01  -4.6699183e-01  -9.8360395e-03   2.0200442e-04  -1.6432300e-04
   7.3991558e-02  -2.2280244e-01  -4.5731527e-01  -1.0056327e-02   7.5399667e-05  -9.2221029e-05
   8.3913248e-02  -2.4122789e-01  -4.3061873e-01  -1.0195738e-02  -6.2223111e-05  -5.1273448e-05
   8.1233020e-02  -2.1182979e-01  -3.7336033e-01  -1.1550682e-02  -3.1046199e-04  -1.5870908e-04
   5.0572556e-02  -2.4958646e-01  -3.8225553e-01  -1.0727396e-02  -4.2593217e-04  -7.4534310e-04
   3.4870903e-02  -2.3089627e-01  -3.6503548e-01  -1.0227067e-02  -7.5544848e-04  -6.9327975e-04
   4.6378022e-02  -2.5285033e-01  -3.5888781e-01  -1.0070113e-02  -9.3780249e-04  -5.1053964e-04
   2.3036510e-02  -2.1356992e-01  -3.5109695e-01  -1.0367009e-02  -5.3488204e-04  -8.3516750e-04
   4.8917268e-02  -1.9767309e-01  -3.7674962e-01  -1.0418101e-02  -1.0117777e-03  -5.1142324e-04
   6.1718132e-02  -2.4643273e-01  -3.8181859e-01  -1.0712188e-02  -1.1536256e-03  -3.1725176e-04
   6.7322374e-02  -2.6269223e-01  -3.7889933e-01  -1.0038522e-02  -1.1561412e-03  -2.0341690e-04
   4.9325806e-02  -2.5290194e-01  -4.0100988e-01  -1.0473594e-02  -1.2682402e-03  -5.3557282e-04
   3.2843460e-02  -2.2566540e-01  -4.1055731e-01  -1.0259649e-02  -1.1120087e-03  -6.8423355e-04
   2.4318272e-02  -2.2146964e-01  -3.8665417e-01  -1.0249882e-02  -1.0675571e-03  -9.0823444e-04
  -1.2408855e-03  -2.3347876e-01  -4.0302965e-01  -1.0354659e-02  -7.2326780e-04  -1.3551971e-03
  -9.2815733e-03  -2.2567956e-01  -4.1724444e-01  -1.0551055e-02  -6.4561389e-04  -1.4784836e-03
  -2.6605567e-02  -2.2638915e-01  -4.5196119e-01  -9.7419415e-03  -1.0538536e-03  -1.6646519e-03
  -2.0365899e-03  -7.7708519e-02  -5.0521286e-01  -4.8979953e-03  -8.1127703e-04  -8.7095258e-04
  -2.9809018e-03  -1.9716487e-01  -3.7822860e-01  -6.5835575e-03  -5.3327521e-04  -6.8858631e-04
   2.3141109e-02  -1.6356892e-01  -3.3906703e-01  -8.5119557e-03  -3.8813687e-04  -4.8507644e-04
   4.9133520e-02  -2.4139265e-01  -3.1653025e-01  -9.0118519e-03  -2.4988326e-04  -6.6439681e-04
   1.9752454e-02  -2.1913769e-01  -3.0401703e-01  -9.3790199e-03   7.8105722e-05  -1.2148196e-03
   2.4155566e-02  -2.6816113e-01  -3.1112707e-01  -9.5046376e-03  -7.8783987e-05  -9.5281674e-04
  -6.5137855e-03  -2.5306284e-01  -3.6339563e-01  -9.6183727e-03   2.8874868e-04  -1.1648992e-03
  -1.8975805e-02  -2.2562940e-01  -3.6246418e-01  -9.5995957e-03   3.7424999e-04  -1.1805986e-03
  -2.0917496e-02  -2.0443024e-01  -3.6088293e-01  -9.8158774e-03   5.2972586e-04  -1.2562255e-03
  -2.2604523e-02  -2.0732272e-01  -3.5066242e-01  -1.0181009e-02   6.9638915e-04  -1.2164846e-03
  -2.1796746e-02  -2.3084346e-01  -3.2263426e-01  -1.0205269e-02   6.0760626e-04  -1.3656955e-03
  -2.5564514e-02  -2.5160609e-01  -3.2885869e-01  -1.0633313e-02   6.5586994e-04  -1.3871036e-03
  -1.2894971e-02  -2.7087851e-01  -3.5113445e-01  -1.0388660e-02   9.6983502e-04  -1.0033621e-03
  -1.7457370e-03   1.6339451e-01  -4.1737869e-01  -3.2216769e-03   1.1661374e-03  -4.8359176e-05
   2.0787255e-02  -2.7432263e-01  -1.9772052e-01  -1.0796295e-02   9.4526843e-04   8.0065030e-04
   6.8828541e-03  -2.2144485e-01  -1.7896682e-01  -8.6657671e-03   6.1894825e-04   8.5657686e-04
   1.3573437e-02  -1.9493544e-01  -1.5802566e-01  -8.8841146e-03   4.1654566e-04   5.6744707e-04
   1.0732738e-02  -2.1553572e-01  -1.3325252e-01  -9.7790684e-03   1.3053470e-03  -8.8146809e-05
   5.0425621e-03  -2.7989400e-01  -1.6232710e-01  -9.9943586e-03   1.1287218e-03  -2.8021954e-04
  -4.0870447e-03  -2.1461768e-01  -1.8184853e-01  -1.0521776e-02   1.1124405e-03  -1.4266578e-04
  -2.8107449e-03  -1.9161147e-01  -1.7336442e-01  -1.1521423e-02   1.0114709e-03  -1.8847123e-05
  -2.0355802e-02  -2.3544839e-01  -1.5628539e-01  -1.2235168e-02   5.4129524e-04  -3.1023404e-04
  -4.1846094e-02  -2.3918029e-01  -1.8523490e-01  -1.2464636e-02   6.2750235e-04  -6.2880068e-04
  -6.7124536e-02  -1.9585198e-01  -2.2282554e-01  -1.2534422e-02   7.6727941e-04  -1.0271219e-03
  -6.8628321e-02  -2.3131600e-01  -2.3460176e-01  -1.2351977e-02   7.8808099e-04  -1.1476593e-03
  -8.2058218e-02  -2.0038976e-01  -2.4963202e-01  -1.2860851e-02   1.1222386e-03  -1.5372297e-03
  -6.8345323e-02  -2.3403436e-01  -2.5997106e-01  -1.3039974e-02   1.1103222e-03  -1.3720078e-03
  -1.0078054e-01  -6.5132373e-02  -4.9628580e-01  -1.2884838e-03   2.0672276e-03  -1.4407704e-03
  -1.3258063e-01   8.9563595e-02  -5.0495701e-01  -2.7492455e-03   3.6935292e-03  -2.5277781e-03
  -3.6387706e-02  -2.4473750e-01  -4.7235248e-01  -1.0244938e-02   2.3234487e-03  -1.5699653e-03
  -2.7852738e-03  -2.3462681e-01  -3.3426921e-01  -1.0660002e-02   2.0844930e-03  -7.9185910e-04
   6.2845400e-03  -2.3647465e-01  -3.0977973e-01  -1.1418404e-02   1.9915751e-03  -7.1350901e-04
   2.7387257e-02  -2.4091840e-01  -3.0612438e-01  -1.2062643e-02   1.9328039e-03  -2.1832943e-04
   2.2018774e-02  -2.4415851e-01  -3.2801540e-01  -1.2950131e-02   1.3867665e-03  -2.9463703e-04
   1.6779415e-02  -2.7181740e-01  -3.4759452e-01  -1.2483842e-02   1.5761651e-03  -9.4111588e-05
  -8.8595536e-04  -2.2760241e-01  -3.3167316e-01  -1.2576097e-02   1.6012394e-03  -1.9411885e-04
   8.2022640e-03  -1.8742760e-01  -3.0337846e-01  -1.3013486e-02   1.6765399e-03   2.4658057e-05
   2.5130168e-02  -2.7060869e-01  -2.9359239e-01  -1.3460856e-02   1.7153189e-03   1.7881872e-04
   2.4903186e-02  -2.4549667e-01  -2.7361047e-01  -1.3704896e-02   1.7524664e-03  -6.7119749e-05
   1.8982205e-02  -2.5196536e-01  -2.8451679e-01  -1.3882154e-02   1.8495549e-03  -1.3783730e-04
