   0.0000000e+00   0.0000000e+00   1.4210855e-14   0.0000000e+00   0.0000000e+00   0.0000000e+00
  -5.2015304e-03   7.4556578e-02  -8.2385462e-03   9.7675769e-05  -3.4147152e-04  -1.3766948e-05
   9.2092745e-02   1.8888352e-01  -1.1576784e-01   1.5182353e-03   1.2507848e-03   3.2261943e-03
   9.3836596e-02  -2.4558373e-01  -5.8458291e-01   3.4766521e-03   2.1017963e-03  -4.2816133e-05
   8.1567953e-02   1.3890999e-01  -4.1208591e-01   4.2620628e-03   2.2557988e-03  -4.5977698e-04
   5.3898281e-02   6.8077906e-02  -3.9756876e-01   4.1549918e-03   2.5644288e-03  -5.7442844e-04
   4.6607609e-02   1.0006665e-01  -3.3959806e-01   3.6291157e-03   2.5792716e-03  -7.6649637e-04
   5.3159870e-02   3.8044879e-02  -3.3624802e-01   3.2111332e-03   2.8949526e-03  -5.2330577e-04
   5.7651143e-02   4.3343885e-03  -3.3050905e-01   3.2401970e-03   3.0939618e-03  -4.9769629e-04
   5.5384019e-02   7.5851762e-02  -3.2863320e-01   2.4282927e-03   3.1792533e-03  -5.5968191e-04
   5.2477685e-02   7.3405677e-02  -3.4752576e-01   2.7257976e-03   3.5125194e-03  -7.8570079e-04
   4.0714661e-02   9.4925917e-02  -3.3094324e-01   2.8261123e-03   3.3716008e-03  -9.5006302e-04
   3.9422028e-02   6.8545384e-02  -3.4017654e-01   2.9445651e-03   3.3694978e-03  -1.0165241e-03
   4.9284530e-02   6.6454227e-02  -3.4522860e-01   2.7511956e-03   3.4056716e-03  -7.3066720e-04
   5.7963131e-02   1.0829798e-01  -3.2779407e-01   1.8951149e-03   3.6334759e-03  -4.3851202e-04
   6.1295729e-02   1.1997635e-01  -3.5380903e-01   2.9329741e-03   3.5735613e-03  -5.6593227e-04
   3.3972013e-02   1.4874061e-01  -5.8156632e-01   6.6158622e-03   4.2524258e-03  -7.1995031e-04
   1.2473584e-01   1.3323860e-01  -4.9887893e-01   1.8998722e-03   4.4098163e-03   1.5985604e-03
   1.0027247e-01   6.9627831e-02  -4.5604707e-01   2.4745912e-03   4.6421026e-03   1.0996593e-03
   7.0560168e-02   1.6550070e-01  -4.1171204e-01   2.4782576e-03   4.0423049e-03   5.8429054e-04
   6.4440155e-02   1.1080033e-01  -4.3073389e-01   2.4939608e-03   3.9652973e-03   5.2963736e-04
   8.0597923e-02   1.0372989e-01  -4.2127988e-01   2.4788354e-03   4.3017730e-03   8.7931930e-04
   7.5514504e-02   8.9533400e-02  -4.3715706e-01   2.4751105e-03   4.6872169e-03   6.7128121e-04
   6.3031172e-02   1.5328336e-01  -4.1159253e-01   2.3779510e-03   4.1865055e-03   4.1996961e-04
   6.5644214e-02   1.0330677e-01  -4.3797049e-01   2.6098045e-03   4.4057919e-03   4.2041012e-04
   4.8590772e-02   1.3627914e-01  -4.2788464e-01   2.4775192e-03   4.1073807e-03   2.7567155e-04
   5.6413297e-02   1.4704299e-01  -4.4768491e-01   2.6839743e-03   4.0399377e-03   3.5790484e-04
   7.3631437e-02   1.7389759e-01  -4.2519469e-01   2.2934909e-03   4.1721238e-03   8.3419627e-04
   8.6161739e-02   1.4657518e-01  -4.4063420e-01   3.4510624e-03   4.2376582e-03   1.2015959e-03
   7.9537229e-02   1.4581408e-01  -4.1625150e-01   2.5917175e-03   4.2297236e-03   9.7629576e-04
   8.9141899e-02   1.1064201e-01  -4.2749340e-01   3.1525053e-03   4.4961462e-03   1.1914749e-03
   1.0309717e-01   1.0890601e-01  -4.2337273e-01   2.8870557e-03   4.7733239e-03   1.5306520e-03
   1.0873699e-01   1.2868213e-01  -4.0580746e-01   2.9343582e-03   4.7672525e-03   1.7613107e-03
   1.1801920e-01   1.2072897e-01  -4.2065783e-01   2.9820290e-03   5.0157310e-03   1.9714464e-03
   1.2600287e-01   8.5158763e-02  -4.1625772e-01   2.9107699e-03   4.5474575e-03   2.0901525e-03
   1.2080105e-01   1.2154791e-01  -4.1251909e-01   2.7470377e-03   4.5464427e-03   1.8497971e-03
   1.1394976e-01   1.1663456e-01  -4.1094601e-01   2.7982385e-03   4.2681713e-03   1.7589215e-03
   1.1790178e-01   1.5240753e-01  -4.2366651e-01   3.1113297e-03   4.3665783e-03   1.9701532e-03
   1.1247654e-01   1.3150834e-01  -4.5573080e-01   2.7542258e-03   4.5577219e-03   1.8269409e-03
   1.0501735e-01   1.3439272e-01  -4.6023299e-01   3.1792148e-03   4.2820193e-03   1.5196879e-03
   1.3655349e-01   1.6148255e-01  -4.0454833e-01   2.5893113e-03   3.9475933e-03   2.1504627e-03
   1.5314128e-01   2.0744290e-01  -4.3196611e-01   3.9959256e-03   3.8932189e-03   2.4100033e-03
   1.6230331e-01   1.2944355e-01  -4.0712783e-01   3.1159980e-03   4.0726083e-03   2.6210956e-03
   1.6156726e-01   1.7618647e-01  -3.8429935e-01   2.8902319e-03   4.1327776e-03   2.9371465e-03
   1.6204376e-01   9.4569554e-02  -4.1254425e-01   3.4379039e-03   4.3460189e-03   2.8481293e-03
   1.5063431e-01   2.2397217e-01  -3.9628875e-01   2.9778729e-03   4.0266931e-03   2.6679643e-03
   1.3913355e-01   1.3726613e-01  -4.2783643e-01   3.0362777e-03   3.7657952e-03   2.4643041e-03
   1.3020025e-01   1.6152803e-01  -4.2261085e-01   3.0361534e-03   3.8372844e-03   2.4109351e-03
   1.3455477e-01   1.0586340e-01  -4.2687494e-01   2.9703882e-03   3.8732262e-03   2.4265597e-03
   1.1615933e-01   1.4901470e-01  -4.5663740e-01   3.1692350e-03   4.0502724e-03   2.2245550e-03
   1.1608947e-01   1.7059135e-01  -4.4645331e-01   3.2497402e-03   3.9839298e-03   2.0167298e-03
   1.3206393e-01   1.4858785e-01  -4.3856952e-01   3.2158722e-03   4.0294442e-03   2.4310042e-03
   1.4600524e-01   1.8059776e-01  -4.4215889e-01   3.4754788e-03   4.3088861e-03   2.7117367e-03
   1.6846906e-01   1.5646782e-01  -4.5882371e-01   4.0220452e-03   4.5319659e-03   2.9221527e-03
   1.6555180e-01   1.3740681e-01  -4.6306219e-01   4.0569542e-03   4.6850701e-03   3.0387647e-03
   1.7132540e-01   2.2903526e-01  -4.5234497e-01   3.7843385e-03   4.8267083e-03   3.2697274e-03
   1.7303107e-01   1.3127246e-01  -4.4568536e-01   3.5826806e-03   4.7985417e-03   3.3521278e-03
   1.5614119e-01   1.9462315e-01  -4.5291085e-01   3.7392681e-03   4.6936750e-03   3.1970949e-03
   1.8066903e-01   1.4286677e-01  -6.9788024e-01   6.5759055e-03   5.0569960e-03   3.8269956e-03
   1.7817140e-01   2.5489049e-01  -4.8998234e-01   4.5663665e-03   3.5289667e-03   3.7901754e-03
   1.8668016e-01   1.4372987e-01  -4.5896063e-01   4.9892480e-03   3.3592119e-03   3.6564165e-03
   1.7902214e-01   1.6715821e-01  -4.5876334e-01   4.6223872e-03   3.7803083e-03   3.6466462e-03
   1.7627892e-01   1.8335568e-01  -4.4367992e-01   4.4349326e-03   3.5081963e-03   3.6888824e-03
   1.5549013e-01   2.0885012e-01  -4.4749903e-01   4.1252587e-03   3.4597959e-03   3.4248254e-03
   1.5334563e-01   1.8459023e-01  -4.6369735e-01   4.5284203e-03   3.6823009e-03   3.4119601e-03
   1.5614268e-01   2.1380455e-01  -4.8523696e-01   4.4555558e-03   3.6624132e-03   3.4480992e-03
   2.2711302e-01   2.2147853e-01  -4.6393822e-01   3.8856850e-03   2.9360775e-03   4.3078752e-03
   2.0791461e-01   1.7973647e-01  -4.4359338e-01   4.6293108e-03   3.5954183e-03   3.9061569e-03
   1.8668329e-01   2.4425276e-01  -3.8085757e-01   4.4179737e-03   3.5771305e-03   3.6025841e-03
   1.9852533e-01   1.9114423e-01  -3.7498830e-01   4.7255403e-03   3.6154577e-03   3.8874095e-03
   2.1475916e-01   1.8180634e-01  -3.8335581e-01   4.3967339e-03   4.2604580e-03   4.2564252e-03
   2.2892598e-01   1.9539925e-01  -3.5814098e-01   3.8759260e-03   3.9785215e-03   4.5869906e-03
   2.1782675e-01   1.3026967e-01  -4.0326294e-01   4.5543614e-03   4.0690791e-03   4.4537022e-03
   1.9458579e-01   1.9187627e-01  -4.1092284e-01   4.2609009e-03   3.7724986e-03   3.9606106e-03
   1.8402253e-01   1.9984047e-01  -3.9002750e-01   4.4379328e-03   3.1419503e-03   3.9619199e-03
   1.9503112e-01   1.7873173e-01  -4.2497697e-01   4.7503391e-03   3.7608907e-03   4.1568825e-03
   1.8603086e-01   1.6258714e-01  -4.2278485e-01   4.6218592e-03   3.6550649e-03   3.9279356e-03
   1.8293522e-01   2.2629566e-01  -3.9927391e-01   4.5113190e-03   3.6121212e-03   3.8345899e-03
   1.8464495e-01   2.1521818e-01  -4.0165138e-01   4.9082243e-03   3.4195896e-03   3.8068824e-03
   2.1073131e-01   1.8635151e-01  -4.1535763e-01   5.3701956e-03   3.5639229e-03   4.1718770e-03
   2.1894184e-01   2.4802414e-01  -3.9372073e-01   5.0024563e-03   3.6783863e-03   4.4059778e-03
   2.3781170e-01   2.1772035e-01  -4.0559151e-01   5.2936632e-03   4.0611925e-03   4.8755201e-03
   2.4508547e-01   1.6591476e-01  -3.9202401e-01   5.3814128e-03   4.2590254e-03   4.9523703e-03
   2.1919158e-01   2.3390923e-01  -4.0771390e-01   5.2336269e-03   4.3960901e-03   4.6020556e-03
   2.2900450e-01   2.4145833e-01  -3.9192709e-01   5.2502020e-03   4.1606806e-03   4.7516874e-03
   2.3616260e-01   2.2206629e-01  -4.2083916e-01   5.4736733e-03   3.9277766e-03   5.0591039e-03
   2.4464618e-01   1.8296103e-01  -4.2106162e-01   5.2679555e-03   4.3616901e-03   5.0636468e-03
   2.4024590e-01   2.1657053e-01  -4.1770986e-01   5.1011342e-03   4.3559595e-03   5.0300779e-03
   2.3806675e-01   2.2256858e-01  -4.1263328e-01   5.3368287e-03   4.2960660e-03   4.8803950e-03
   2.2815957e-01   1.9982087e-01  -3.9427695e-01   5.3873732e-03   4.0779865e-03   4.8754561e-03
   2.3582212e-01   1.9306032e-01  -4.0686962e-01   5.6182727e-03   4.1096725e-03   5.0500668e-03
   2.2288236e-01   2.3066607e-01  -4.1881958e-01   5.5932251e-03   4.2707159e-03   4.7880885e-03
   2.3140069e-01   2.2257570e-01  -4.0760414e-01   5.8240228e-03   3.9388810e-03   4.8097159e-03
   2.4965264e-01   2.1559550e-01  -3.9692679e-01   6.1253854e-03   3.8498016e-03   5.0798609e-03
   3.1751912e-01   2.5601230e-01  -4.4411073e-01   6.3853759e-03   2.6307570e-03   5.7081713e-03
   3.1606650e-01   2.3215460e-01  -4.3994660e-01   6.1802553e-03   3.1697568e-03   5.7241689e-03
   2.9438947e-01   2.6094021e-01  -4.1047015e-01   6.1650969e-03   3.2399155e-03   5.6649261e-03
   2.9731592e-01   2.3499853e-01  -4.3070436e-01   6.5840545e-03   3.6520143e-03   5.9316416e-03
   2.9172734e-01   2.3825272e-01  -4.4421440e-01   6.7612399e-03   3.7312184e-03   5.8945942e-03
   2.7266437e-01   2.2733216e-01  -4.3703084e-01   6.4655836e-03   3.6829721e-03   5.4351641e-03
   2.7828424e-01   2.0652637e-01  -4.4218786e-01   6.3719948e-03   3.8204716e-03   5.4244814e-03
   1.4686326e-01   2.6400285e-01  -6.5801016e-01   9.4545589e-03   2.3665129e-03   1.9280272e-04
   1.6620729e-01   3.2275280e-01  -5.4394925e-01   7.8203526e-03   2.8783366e-03   1.4318503e-03
   1.6536211e-01   3.1249060e-01  -5.2547897e-01   7.7105892e-03   2.6701776e-03   1.9841977e-03
   1.6014722e-01   2.9650277e-01  -5.2050176e-01   7.7866168e-03   2.3248580e-03   1.8330841e-03
   1.6972066e-01   3.1269338e-01  -5.5665679e-01   8.9511961e-03   2.9302666e-03   1.8727754e-03
   2.3079508e-01   4.0148139e-01  -5.8802818e-01   7.9867125e-03   1.3767983e-03   2.7444249e-03
   2.1249163e-01   3.4387601e-01  -5.4750221e-01   8.5558044e-03   1.7511840e-03   2.5608147e-03
   2.0408051e-01   3.4276206e-01  -5.1506229e-01   8.7823742e-03   1.3566767e-03   2.5846602e-03
   2.4693066e-01   3.2623029e-01  -4.9050063e-01   8.6201146e-03   2.5172811e-03   3.2524329e-03
   2.3846914e-01   2.8398940e-01  -4.8597834e-01   8.0614454e-03   2.3565069e-03   3.1310755e-03
   2.1775872e-01   3.4504751e-01  -4.9476517e-01   7.5494597e-03   2.5464743e-03   2.6896056e-03
   2.1785595e-01   3.3426040e-01  -4.9263135e-01   7.9433293e-03   1.9420630e-03   2.8834069e-03
   1.9960065e-01   3.1611725e-01  -5.0825705e-01   8.6653699e-03   1.8621231e-03   2.5069518e-03
   2.0715978e-01   3.0143204e-01  -4.9091764e-01   7.9540288e-03   1.9230609e-03   2.7010801e-03
   1.9982550e-01   3.5012577e-01  -4.8883911e-01   7.4726895e-03   1.8056531e-03   2.5253128e-03
   1.8866240e-01   3.0651461e-01  -4.8508030e-01   8.0212137e-03   1.8241719e-03   2.2826973e-03
   1.8945505e-01   3.4337816e-01  -5.0016181e-01   8.1260801e-03   1.7548081e-03   2.4622422e-03
   4.0131082e-01   2.7344720e-01  -8.2257766e-01   1.1703351e-02  -2.2020554e-03   7.7431536e-03
   4.0335376e-01  -5.2507923e-02  -1.3968853e+00   1.5221377e-02  -2.2848587e-03   7.7773450e-03
   4.4472510e-01   3.1227368e-01  -8.1575252e-01   9.1662732e-03  -1.8299856e-03   9.3443799e-03
   4.2404682e-01   3.0543660e-01  -7.3064600e-01   1.0838849e-02  -1.8894507e-03   8.7681438e-03
   4.4546153e-01   2.9651882e-01  -7.3244021e-01   1.0584032e-02  -1.2902718e-03   9.1242461e-03
   4.2837985e-01   3.3985360e-01  -6.6086173e-01   1.0444872e-02  -2.1041785e-03   9.3820982e-03
   4.2653555e-01   3.1469317e-01  -6.7178754e-01   1.0305471e-02  -2.5399222e-03   9.4796306e-03
   4.3605193e-01   2.5956919e-01  -7.0818941e-01   1.0670596e-02  -2.4734477e-03   9.5961628e-03
   4.3071401e-01   3.3858437e-01  -6.7825772e-01   1.0050854e-02  -3.1331326e-03   9.4440514e-03
   4.4284030e-01   2.7856623e-01  -7.1749972e-01   1.0872686e-02  -2.9355562e-03   9.6501783e-03
   4.4702129e-01   3.5879616e-01  -6.7736936e-01   1.0541974e-02  -2.8816770e-03   9.7569623e-03
   4.5916814e-01   2.9355550e-01  -7.1642534e-01   1.1205840e-02  -2.5976261e-03   9.7929049e-03
   4.3288802e-01   4.2005559e-01  -6.8150503e-01   1.1013194e-02  -3.2708816e-03   9.5089472e-03
   4.4940434e-01   2.8658176e-01  -6.9297220e-01   1.1421621e-02  -3.0068909e-03   9.7632564e-03
   4.4746340e-01   3.9272892e-01  -6.9073537e-01   1.1069707e-02  -2.6906018e-03   9.6643290e-03
   4.6166549e-01   3.3314673e-01  -6.7523214e-01   1.1133596e-02  -2.4941695e-03   1.0002299e-02
   4.7985918e-01   3.3653331e-01  -7.1438909e-01   1.2279312e-02  -1.6696910e-03   1.0448357e-02
   4.8427078e-01   3.8982151e-01  -6.7221376e-01   1.1108946e-02  -2.2586148e-03   1.0611284e-02
   4.9975973e-01   3.2848159e-01  -6.9542081e-01   1.1406741e-02  -2.1051018e-03   1.0864016e-02
   5.0204438e-01   3.7173659e-01  -7.1595121e-01   1.1274795e-02  -1.9979422e-03   1.0868750e-02
   5.1142288e-01   3.9198589e-01  -7.0644174e-01   1.1338753e-02  -2.2216280e-03   1.0981217e-02
   5.1374375e-01   3.6191417e-01  -7.0796569e-01   1.1493660e-02  -2.6346126e-03   1.1005434e-02
   5.0992994e-01   3.2665806e-01  -7.0382812e-01   1.1607111e-02  -2.7330892e-03   1.0966839e-02
   4.9320990e-01   3.8807521e-01  -7.2326087e-01   1.1674835e-02  -2.7973910e-03   1.0668912e-02
   4.8312335e-01   4.1507438e-01  -7.0061102e-01   1.1606151e-02  -2.9997673e-03   1.0568809e-02
   5.0492826e-01   3.7430346e-01  -7.0916801e-01   1.1603458e-02  -2.7377265e-03   1.0949399e-02
   5.1785423e-01   3.6316616e-01  -5.7362083e-01   1.0373560e-02  -2.7441629e-03   1.1592089e-02
   6.1771795e-01   2.9031876e-01  -6.1488788e-01   1.0297346e-02  -2.4933139e-03   1.1993593e-02
   5.4906697e-01   3.9210008e-01  -5.7629517e-01   1.0947391e-02  -2.5913495e-03   1.0537207e-02
   5.3712915e-01   4.2227839e-01  -5.4653572e-01   1.0775230e-02  -2.4907988e-03   1.0103532e-02
   5.7546157e-01   3.2630817e-01  -5.4449231e-01   1.0895692e-02  -1.8116059e-03   1.0629639e-02
   5.3903910e-01   3.8575105e-01  -5.3338016e-01   1.0116034e-02  -2.4104642e-03   1.0147289e-02
   5.5289733e-01   3.8379909e-01  -5.2438460e-01   9.9340951e-03  -2.1796786e-03   1.0554467e-02
   5.5240668e-01   3.5245126e-01  -5.1898381e-01   9.9718911e-03  -2.4167419e-03   1.0566591e-02
   5.4616071e-01   3.2250596e-01  -5.2697763e-01   1.0222729e-02  -2.0340939e-03   1.0335536e-02
   5.4844875e-01   3.4122111e-01  -5.3221306e-01   1.0232806e-02  -1.7121392e-03   1.0183440e-02
   5.4640369e-01   3.8528334e-01  -5.2970628e-01   1.0151782e-02  -1.6127417e-03   1.0264947e-02
   5.3353306e-01   3.9445893e-01  -5.2744134e-01   1.0282551e-02  -1.6485852e-03   1.0013034e-02
   5.3507838e-01   3.5715110e-01  -5.2907074e-01   1.0332115e-02  -1.6908598e-03   9.9487104e-03
   5.4324503e-01   3.6674137e-01  -5.6517274e-01   1.1328029e-02  -1.4431452e-03   9.9773068e-03
   5.3670289e-01   4.0781587e-01  -5.4416158e-01   1.0489906e-02  -1.4966071e-03   9.9194137e-03
   5.2923574e-01   4.2079467e-01  -5.6238745e-01   1.1688268e-02  -1.6633967e-03   9.8793173e-03
   5.6818575e-01   3.4954600e-01  -5.5780424e-01   1.1500911e-02  -1.3946163e-03   1.0372922e-02
   5.6550884e-01   4.7948942e-01  -5.3823512e-01   1.1284666e-02  -2.0795806e-03   1.0501377e-02
   5.6220306e-01   3.4209921e-01  -5.4593196e-01   1.1298412e-02  -2.0991512e-03   1.0588184e-02
   5.6644150e-01   3.5457055e-01  -5.4379511e-01   1.1785954e-02  -2.2771709e-03   1.0434798e-02
   5.3818567e-01   4.1504311e-01  -5.4138843e-01   1.1669639e-02  -2.4656709e-03   1.0039079e-02
   5.2508373e-01   4.1018062e-01  -5.3163964e-01   1.1910209e-02  -2.4819143e-03   9.7117846e-03
   5.1637179e-01   3.7894257e-01  -5.2203110e-01   1.1909121e-02  -2.5225409e-03   9.7562431e-03
   5.2397944e-01   3.7452794e-01  -5.2179747e-01   1.1987221e-02  -2.3581485e-03   9.7928510e-03
   5.2761455e-01   3.1964179e-01  -5.3402999e-01   1.2559700e-02  -2.0684292e-03   9.7743657e-03
   4.9962429e-01   4.1081616e-01  -5.2699187e-01   1.2216722e-02  -2.0109147e-03   9.4390392e-03
   5.1233343e-01   3.9840691e-01  -5.2793572e-01   1.2384515e-02  -2.0159196e-03   9.5262240e-03
   5.1436185e-01   3.9835395e-01  -5.3439877e-01   1.2568688e-02  -1.8853443e-03   9.7932904e-03
   5.1152811e-01   3.8646229e-01  -5.3973242e-01   1.2334068e-02  -1.8708927e-03   9.6143625e-03
   5.1933105e-01   4.1543289e-01  -5.3489190e-01   1.2720909e-02  -1.9558845e-03   9.9006908e-03
   5.3122959e-01   3.5188653e-01  -5.3575471e-01   1.2849066e-02  -1.7011477e-03   1.0151852e-02
   5.2946297e-01   4.5393662e-01  -5.3316868e-01   1.2615277e-02  -1.8852537e-03   1.0156236e-02
   5.2804893e-01   3.8266316e-01  -5.4644282e-01   1.2705443e-02  -2.0479501e-03   1.0147472e-02
   5.2433466e-01   3.1957105e-01  -5.4155725e-01   1.2906245e-02  -1.5601691e-03   1.0182442e-02
   5.2347592e-01   3.5221155e-01  -5.4660004e-01   1.3123894e-02  -1.3854206e-03   1.0024121e-02
   5.0547835e-01   4.5377361e-01  -5.1887297e-01   1.3208344e-02  -1.4517271e-03   9.8155470e-03
   4.9787765e-01   3.4108237e-01  -5.3924926e-01   1.2917247e-02  -1.5770437e-03   9.7273022e-03
   4.9333282e-01   3.5312378e-01  -5.4455714e-01   1.3843370e-02  -1.6487838e-03   9.4591522e-03
   4.5728467e-01   4.1532683e-01  -5.4637642e-01   1.3398234e-02  -1.5050349e-03   8.9355308e-03
   3.7268531e-01   4.1837483e-01   2.3210077e-01   1.2649948e-02  -2.6486771e-03   7.5910769e-03
   4.4590454e-01   3.8805754e-01  -6.2001020e-01   2.0491561e-02   5.3765630e-03   6.8883647e-03
   4.1399432e-01   6.7160889e-01  -8.5606678e-01   2.4214011e-02   6.3546866e-03   6.3854328e-03
   3.9746127e-01   6.9909179e-01  -7.2489948e-01   2.3975237e-02   6.1326134e-03   5.8056715e-03
   3.9025854e-01   6.9715175e-01  -6.9283075e-01   2.3109168e-02   6.6727168e-03   5.8530064e-03
   3.8795374e-01   6.5427443e-01  -5.9535733e-01   2.4560321e-02   4.8322039e-03   6.3876448e-03
   3.4619883e-01   6.9403337e-01  -7.0231870e-01   2.2621920e-02   6.4329635e-03   4.9447386e-03
   3.5275995e-01   6.6839695e-01  -6.8970762e-01   2.2669918e-02   7.2123530e-03   4.9695210e-03
   3.3990240e-01   7.3388001e-01  -6.4393996e-01   2.2841329e-02   6.6781953e-03   4.8973487e-03
   3.5166716e-01   7.1627802e-01  -6.3900324e-01   2.2872727e-02   6.4840740e-03   4.9396325e-03
   3.7053208e-01   6.7434564e-01  -6.4931481e-01   2.3113048e-02   6.8761163e-03   5.2173142e-03
   3.8474576e-01   7.1980255e-01  -6.5161300e-01   2.3193743e-02   7.2949627e-03   5.3369480e-03
   3.8668295e-01   7.3077195e-01  -6.6095976e-01   2.2949429e-02   7.3766077e-03   5.4791108e-03
   3.9179970e-01   7.0595563e-01  -6.5680907e-01   2.3410794e-02   7.3584077e-03   5.6920161e-03
   4.0309648e-01   6.6872936e-01  -6.5907483e-01   2.4014751e-02   7.3078647e-03   6.0658513e-03
   4.1525761e-01   7.2112707e-01  -5.7360007e-01   2.4653277e-02   7.2292717e-03   6.2984754e-03
   5.0514124e-01   5.4565349e-01  -1.7157258e-01   3.8857548e-02   7.8090011e-03   7.6594305e-03
   5.5919304e-01   9.1301738e-01  -3.2961367e-01   3.2120553e-02   9.5322340e-03   1.0569242e-02
   5.7389604e-01   7.9585478e-01  -4.4803001e-01   3.2149049e-02   1.2372487e-02   9.9024923e-03
   4.8714563e-01   8.8745409e-01  -3.6497137e-01   3.3098553e-02   1.2079720e-02   9.1504211e-03
   4.9268949e-01   8.0738543e-01  -3.5245456e-01   3.3532703e-02   1.1897530e-02   9.6171990e-03
   4.8655841e-01   8.9555499e-01  -3.2237624e-01   3.3259286e-02   1.2890261e-02   9.5536303e-03
   5.0641013e-01   8.1190810e-01  -3.2504601e-01   3.3005450e-02   1.3118151e-02   9.9381062e-03
   5.0231031e-01   8.2197782e-01  -3.4806764e-01   3.3624646e-02   1.3321633e-02   9.8490120e-03
   4.9504361e-01   8.6614637e-01  -3.4126930e-01   3.2969639e-02   1.2753458e-02   9.8917827e-03
   5.0018155e-01   7.9526874e-01  -3.6352802e-01   3.3507418e-02   1.2983018e-02   9.8537987e-03
   4.2692399e-01   8.2965282e-01  -9.4928889e-02   3.4092677e-02   1.2027694e-02   8.6137729e-03
