   0.0000000e+00   0.0000000e+00   0.0000000e+00   0.0000000e+00   0.0000000e+00   0.0000000e+00
   3.8817323e-02   4.5259280e-03  -5.7616520e-02   1.6285059e-03  -2.9405745e-04   3.9461413e-04
   1.9822511e-02   5.8537345e-02  -2.7705692e-03  -1.1833029e-03  -7.2473263e-04  -1.5049905e-04
  -4.6334966e-03   1.0365901e-01  -9.5973151e-03  -1.4304588e-03  -4.8465087e-04  -8.7894709e-04
  -5.2814720e-04  -3.5913445e-02   4.6586018e-02  -1.8534937e-03  -2.3568389e-04  -7.9179474e-04
  -8.4686818e-03   8.9823025e-07   7.9978669e-02  -6.5437280e-04   1.1809795e-04  -6.9139388e-04
  -3.9850745e-02   3.5435294e-02   2.1088526e-02  -1.3799068e-03  -2.8762904e-04  -1.0486397e-03
  -4.9636209e-02   2.8405354e-02  -5.1577161e-02  -1.7218914e-03   1.2396883e-05  -1.1704283e-03
  -5.1503859e-02  -3.9857793e-03  -7.3800057e-02  -1.1833015e-03   5.9929212e-04  -9.6998292e-04
  -4.5925147e-02  -2.0730852e-02  -7.5983522e-02  -1.0105195e-03   5.5470802e-04  -9.3633160e-04
  -5.4171868e-02   5.6425815e-02  -9.3754472e-02  -1.7820806e-03   4.3556396e-04  -9.0051170e-04
  -9.5289129e-02  -1.9848712e-02  -1.0447330e-01  -1.6692754e-03   9.0536990e-04  -1.3497866e-03
  -1.0405843e-01   6.1178554e-02  -8.4752827e-02  -1.3614035e-03   1.3922446e-03  -1.6084911e-03
  -1.1793843e-01  -2.8918008e-02  -6.7534009e-02  -9.3276188e-04   1.1942941e-03  -1.6660062e-03
  -7.0740027e-02   1.0437438e-01  -6.0934918e-02   2.4399408e-03   1.4424215e-03  -6.3470493e-04
  -4.5753909e-02   4.5001420e-02  -2.6577551e-02   7.2885058e-04   1.2736103e-03  -1.9220070e-04
  -6.1295509e-02   1.7709605e-02  -4.1082632e-02  -5.3572464e-04   1.5798613e-03  -9.5377151e-04
  -7.3890470e-02   1.6353659e-02  -3.5199098e-02  -6.4570142e-04   1.6336788e-03  -1.1193102e-03
  -6.1292352e-02   1.6853174e-01  -4.1570953e-02   1.0603813e-04   1.3305417e-03  -2.8786978e-04
  -4.6406006e-02  -6.5399311e-02  -1.3887206e-02   5.7521272e-04   1.0763421e-03  -2.2906855e-04
  -3.8405159e-02   8.2160151e-04  -5.0029662e-02  -1.0948817e-04   1.1422251e-03  -1.2295923e-04
  -5.4905217e-02   4.8951598e-02  -3.1744833e-02  -1.5912680e-03   1.1662918e-03   4.1361115e-05
  -3.9923019e-02   2.6260219e-02  -5.1914467e-02  -1.2940941e-03   1.1692488e-03   2.1732659e-04
  -2.3297444e-02   2.0066823e-02  -7.1452053e-02  -1.7087043e-04   9.2963977e-04   5.2708578e-04
  -2.7819995e-02   1.3650304e-02  -2.8746670e-02  -1.0377560e-03   8.2214677e-04   6.3816618e-04
  -4.5078904e-02   1.0966801e-02  -2.9083266e-02  -1.4804726e-03   8.9495730e-04   4.2183898e-04
  -3.2500899e-03   1.1064425e-02  -1.1809082e-01   1.5522238e-03   1.1393314e-03   7.6283504e-04
  -3.9445062e-02   1.6818514e-01  -2.8802693e-02  -1.6709099e-03   7.7755899e-04   6.4129708e-04
  -4.9590991e-02   2.6352495e-02  -4.9909587e-02  -1.5444331e-03   8.8748940e-04   5.1755229e-04
  -4.4710260e-02   6.5104469e-02  -3.7464306e-02  -1.9497034e-03   1.0378916e-03   5.4579664e-04
  -4.6693377e-02  -2.3365090e-02  -2.7133362e-02  -1.7597286e-03   7.4793712e-04   4.6371194e-04
  -4.5120294e-02   8.1791211e-02  -1.8703975e-02  -2.4812894e-03   6.9095353e-04   6.1936813e-04
  -6.5545448e-02  -6.7021412e-02  -3.2289388e-02  -3.1072410e-03   4.5093687e-04  -2.7446173e-05
  -7.9071422e-02  -5.0783223e-03  -8.8036195e-02  -2.6076950e-03   6.4667397e-04  -1.4813616e-04
  -6.2267130e-02   2.2658669e-01  -3.0757048e-01   9.1232606e-03   1.0602364e-04   4.3467642e-04
   1.4972527e-02   2.9927435e-01  -1.4828119e-01   8.0147231e-03   1.7066761e-04   1.6855897e-03
   1.3310969e-02   4.6104518e-02  -1.6515646e-01   4.3158154e-03  -9.9588244e-04   1.6121449e-03
   1.7304286e-02   1.0653863e-01  -1.7187960e-01   2.8639291e-03  -8.4363206e-04   1.7722246e-03
   1.0047869e-02   2.1613790e-02  -1.8541435e-01   3.1255370e-03  -7.1444657e-04   1.8966127e-03
  -8.0994009e-03   1.1351941e-01  -1.9644712e-01   2.2823670e-03  -7.0930357e-04   1.6721413e-03
   1.0669485e-01   4.5424728e-01  -6.7052945e-01   1.2046172e-02   1.3020865e-03   2.2268025e-03
   2.7278559e-01   1.0004349e+00  -1.0685953e+00   4.9359663e-02   5.1963031e-03  -5.2339004e-04
   1.2684907e-01   6.7467349e-01  -5.9671838e-01   3.0866581e-02   2.7016613e-03   2.7945587e-04
   8.0097802e-02   4.7710336e-01  -7.9123004e-01   2.4440670e-02   1.3902890e-03  -5.5968801e-04
   9.6403543e-02   4.0723787e-01  -7.4282947e-01   2.3388886e-02   7.1275731e-04  -2.7203451e-04
   6.2969193e-02   4.4088172e-01  -7.2143271e-01   2.0874428e-02   4.7057286e-04  -6.4140109e-04
   2.9603795e-02   4.2684650e-01  -8.1228399e-01   2.0336897e-02   1.1219879e-03  -1.5131744e-03
   1.8220793e-02   4.1299466e-01  -8.6851403e-01   2.0035764e-02   1.3336882e-03  -1.8235368e-03
   1.6220177e-02   4.3644954e-01  -8.7467492e-01   1.9781290e-02   1.5508182e-03  -1.7738181e-03
   2.5171234e-02   4.1763218e-01  -8.6984516e-01   1.9840210e-02   1.8363165e-03  -1.7114751e-03
   2.7323330e-02   3.8857692e-01  -8.7495906e-01   1.9662307e-02   1.3368483e-03  -1.5600004e-03
   3.0628982e-02   4.0303608e-01  -8.6937905e-01   1.8955208e-02   1.0363386e-03  -1.1927714e-03
   2.0165671e-02   4.0963626e-01  -8.7597410e-01   1.8244275e-02   8.9047352e-04  -1.1546044e-03
  -1.7895260e-02   6.0061098e-01  -9.5221131e-01   2.3363766e-02   3.3997986e-04   3.2708421e-04
  -6.4663864e-02   7.8105250e-01  -9.2110059e-01   2.9383816e-02   2.1690096e-03  -9.4383166e-04
  -1.0925348e-03   3.9607332e-01  -8.3166398e-01   2.1004590e-02   1.1833609e-03  -3.2947460e-04
   9.8741801e-03   4.0766563e-01  -6.2254792e-01   1.7617586e-02   4.9748884e-04  -3.0869952e-04
   4.4751172e-02   3.3475891e-01  -5.5081497e-01   1.6642318e-02   3.8421482e-05   3.7701987e-04
   3.6723315e-02   3.3732592e-01  -6.0103550e-01   1.6420995e-02   7.8765563e-05   2.9194321e-04
   2.0908556e-02   3.3418670e-01  -6.2086677e-01   1.6639739e-02   1.9219363e-04   3.0326816e-05
  -5.9930352e-03   3.7538168e-01  -6.0757423e-01   1.6045353e-02   1.8683976e-05  -3.7316762e-04
  -1.1469662e-02   3.1714634e-01  -6.2422570e-01   1.6097708e-02   8.4772923e-05  -6.6482393e-04
  -1.8694098e-02   3.5300699e-01  -6.4481071e-01   1.5758816e-02  -1.7496613e-05  -5.6604405e-04
   3.6912940e-02   3.6630637e-01  -7.1391906e-01   1.8675232e-02  -1.3384764e-03   2.8200662e-04
   2.6723779e-02   3.7484726e-01  -6.7657081e-01   1.7495589e-02  -1.4551244e-03   2.5758145e-04
   2.6207810e-02   3.5999648e-01  -6.5770558e-01   1.6694908e-02  -1.6531911e-03   6.6012848e-04
   5.4958702e-02   3.2600142e-01  -5.7848411e-01   1.5443238e-02  -2.1467408e-03   1.3243379e-03
   8.1028051e-02   2.7085918e-01  -5.5146928e-01   1.5354610e-02  -2.0411813e-03   1.8355699e-03
   1.3517090e-01   4.7586059e-01  -8.5445000e-01   2.4194879e-02  -1.5442696e-03   2.5088652e-03
   2.0891660e-01   4.9621022e-01  -8.1642053e-01   2.3554788e-02  -2.6104114e-03   3.9040781e-03
   1.6221366e-01   2.9678301e-01  -6.0571670e-01   1.7900539e-02  -3.1841316e-03   3.5380324e-03
   1.4328313e-01   3.5354742e-01  -5.6725776e-01   1.6787370e-02  -3.7417033e-03   3.0555140e-03
   1.4994152e-01   2.8877804e-01  -6.0337130e-01   1.5882062e-02  -3.5020427e-03   2.6803079e-03
   1.4595544e-01   3.3296253e-01  -6.3806016e-01   1.5516165e-02  -2.7460990e-03   3.2001071e-03
   1.4914957e-01   3.6368525e-01  -6.6071332e-01   1.4994960e-02  -3.0974414e-03   3.5111138e-03
   1.7165601e-01   2.8694612e-01  -6.4096373e-01   1.5248897e-02  -2.9781182e-03   3.7174900e-03
   1.9465675e-01   3.1718163e-01  -6.6532825e-01   1.4849986e-02  -3.1026882e-03   3.8133424e-03
   1.9744362e-01   2.8114138e-01  -6.8846967e-01   1.3842675e-02  -3.2750200e-03   3.9670205e-03
   1.9529985e-01   2.6169870e-01  -7.1015803e-01   1.3405398e-02  -3.3474709e-03   3.9752297e-03
   1.4778663e-01   3.2256556e-01  -7.3707334e-01   1.2296164e-02  -3.8271174e-03   3.0400820e-03
   1.9878428e-01   1.6032342e-01  -8.5090815e-01   1.0427104e-02  -3.4514361e-03   3.2279995e-03
   2.4456633e-01   2.4645099e-01  -7.3759677e-01   9.6665636e-03  -3.6038884e-03   4.8097904e-03
   2.5243286e-01   2.5629220e-01  -6.6075032e-01   1.2127908e-02  -3.9995117e-03   5.4148802e-03
   2.9477792e-01   1.9983122e-01  -6.5995109e-01   1.3676016e-02  -3.7824272e-03   5.9539722e-03
   3.0879747e-01   2.5414223e-01  -6.9537843e-01   1.3220172e-02  -3.5220184e-03   6.4262274e-03
   3.1001327e-01   2.3601550e-01  -7.3079075e-01   1.3350806e-02  -3.3515466e-03   6.6914882e-03
   3.2670562e-01   2.4278970e-01  -7.2823175e-01   1.3052271e-02  -3.4164888e-03   7.1449680e-03
   3.0842746e-01   2.3572670e-01  -7.4271837e-01   1.2708801e-02  -3.3976877e-03   6.8511919e-03
   3.1687363e-01   2.2753943e-01  -7.5152417e-01   1.1744224e-02  -3.7231544e-03   6.7961841e-03
   3.3493727e-01   1.9968929e-01  -7.5872517e-01   1.1767810e-02  -3.4757398e-03   7.1409047e-03
   3.2529320e-01   1.9216668e-01  -7.4304136e-01   1.1672486e-02  -3.3820022e-03   7.3040904e-03
   3.1840273e-01   2.2713442e-01  -7.4182662e-01   1.1177811e-02  -3.4858542e-03   7.3967850e-03
   3.2098289e-01   3.0731830e-01  -8.5935123e-01   1.3685191e-02  -3.5112094e-03   7.0768577e-03
   3.5374671e-01   1.3912533e-01  -6.4873330e-01   1.0008674e-02  -4.6964265e-03   7.4056739e-03
   3.4929169e-01   1.5593680e-01  -6.1229524e-01   1.0199791e-02  -4.3863291e-03   7.1915223e-03
   3.2457253e-01   2.0934938e-01  -6.0893153e-01   1.0412197e-02  -4.0532150e-03   6.7718927e-03
   3.1886219e-01   1.9115552e-01  -6.2093462e-01   1.0116421e-02  -3.6400426e-03   6.7567306e-03
   3.1860776e-01   1.7146459e-01  -6.5048827e-01   1.0150802e-02  -3.7189415e-03   6.8125571e-03
   3.1794339e-01   1.4976629e-01  -6.5812474e-01   9.4036670e-03  -3.6745240e-03   6.8614383e-03
   3.1249557e-01   1.4277648e-01  -6.8430283e-01   9.0283746e-03  -3.7337340e-03   6.7163935e-03
   3.2013438e-01   1.4687807e-01  -6.8365254e-01   8.6778929e-03  -3.8151719e-03   6.7055664e-03
   3.1011826e-01   1.7720873e-01  -6.8144978e-01   8.4556670e-03  -3.8302207e-03   6.8209284e-03
   3.0875308e-01   1.4036507e-01  -6.9792325e-01   8.0009490e-03  -3.9478481e-03   6.8489106e-03
   3.0458401e-01   1.6554040e-01  -7.3997941e-01   7.8241122e-03  -4.0812769e-03   6.8680603e-03
   3.2739830e-01   1.5624171e-01  -6.8803869e-01   8.3553288e-03  -4.0759200e-03   7.0738521e-03
   3.6302132e-01   3.4553199e-01  -1.0961738e+00   1.9635379e-02  -3.7774967e-03   6.3278912e-03
   3.3955292e-01   4.7226468e-01  -1.0189668e+00   2.6425381e-02  -1.7596214e-03   5.9700335e-03
   3.2052811e-01   4.5225439e-01  -1.0917132e+00   2.9266186e-02  -2.6054346e-03   6.7456567e-03
   3.3643087e-01   5.8761847e-01  -9.7295957e-01   2.9006334e-02  -2.8390449e-03   7.8405593e-03
   3.1386936e-01   6.9752644e-01  -6.3612615e-01   2.5493081e-02  -3.0485350e-03   6.7775015e-03
   3.2830569e-01   2.1221328e-01  -4.6016334e-01   2.2740659e-02  -2.4903961e-03   6.8196409e-03
   3.4930804e-01   1.7662617e-01  -4.4062625e-01   1.8584549e-02  -4.3002695e-03   7.8130059e-03
   3.4901853e-01   2.6929441e-01  -4.4831631e-01   1.8482074e-02  -4.8153355e-03   7.4980318e-03
   3.3694309e-01   3.1908687e-01  -4.7096263e-01   1.7233796e-02  -4.5869929e-03   7.3220382e-03
   3.2619819e-01   3.0055954e-01  -4.9080941e-01   1.5943965e-02  -4.6844893e-03   7.2113686e-03
   3.2923802e-01   2.7958356e-01  -4.6761029e-01   1.7421950e-02  -4.0857802e-03   6.8011154e-03
   3.2526704e-01   3.0074695e-01  -3.8996972e-01   1.3554984e-02  -4.5690714e-03   7.0076291e-03
   3.2397696e-01   1.6662535e-01  -3.8932213e-01   1.2974938e-02  -4.9279085e-03   6.9657603e-03
   3.0673337e-01   1.8950003e-01  -3.8567953e-01   1.1723386e-02  -4.3630368e-03   6.5175454e-03
   2.7994291e-01   2.0260971e-01  -3.7456085e-01   1.0063152e-02  -4.2499868e-03   6.1326426e-03
   2.9727568e-01   1.6701473e-01  -3.6593524e-01   8.9053430e-03  -3.8974777e-03   6.0693268e-03
   3.1133326e-01   9.4151341e-02  -3.8990912e-01   9.1653741e-03  -4.3632645e-03   6.0363287e-03
   3.1872897e-01   2.3230341e-01  -3.8405644e-01   9.2121182e-03  -4.4871930e-03   6.4528330e-03
   3.0774945e-01   1.7079312e-01  -3.5930149e-01   8.9647391e-03  -4.3472289e-03   6.0550146e-03
   2.9192017e-01   1.3690459e-01  -3.8388019e-01   9.0250366e-03  -4.4309100e-03   5.8225186e-03
   2.7234542e-01   1.2602837e-01  -4.1552908e-01   8.6171775e-03  -4.3994058e-03   5.5969853e-03
   2.6923807e-01   1.9565302e-01  -4.0010786e-01   8.1380200e-03  -4.1154251e-03   5.6712629e-03
   2.7900172e-01   1.5241148e-01  -4.0181636e-01   8.2078115e-03  -4.2528572e-03   5.7679512e-03
   2.7211710e-01   1.3838153e-01  -3.9548349e-01   8.0185484e-03  -4.1215579e-03   5.6568871e-03
   2.6459227e-01   1.4402777e-01  -4.0907760e-01   7.7717188e-03  -3.8181937e-03   5.6356444e-03
   2.5546093e-01   1.0708719e-01  -3.8390892e-01   7.8372906e-03  -3.8592813e-03   5.4721789e-03
   2.9197958e-01   1.9787344e-01  -4.5846796e-01   1.1210644e-02  -2.8723188e-03   6.2244338e-03
   2.9305672e-01   3.1383319e-01  -4.1054127e-01   1.1025959e-02  -3.1857526e-03   5.8598961e-03
   3.0935857e-01   1.2846872e-01  -3.8115527e-01   9.1254975e-03  -3.9386926e-03   6.1866450e-03
   3.1005320e-01   1.1766502e-01  -3.7411697e-01   9.5800601e-03  -3.7703334e-03   6.0946337e-03
   2.9564512e-01   1.9181031e-01  -3.7159259e-01   9.1460701e-03  -3.4267892e-03   5.8741654e-03
   2.8669353e-01   1.5034456e-01  -3.7749658e-01   8.5649500e-03  -3.5198641e-03   5.7046379e-03
   2.8182873e-01   1.0681908e-01  -4.2453135e-01   6.7852901e-03  -3.5054315e-03   5.7382251e-03
   2.9888637e-01   1.0673197e-01  -4.3896102e-01   7.5000394e-03  -3.5278110e-03   5.8609153e-03
   2.9470535e-01   1.2468050e-01  -4.2177574e-01   7.2599183e-03  -3.1528485e-03   6.0452654e-03
   2.7128948e-01   1.1955640e-01  -4.0174377e-01   7.3881460e-03  -3.1489215e-03   5.8012817e-03
   2.7218582e-01   1.2133584e-01  -4.3064094e-01   7.2555777e-03  -3.0496287e-03   5.7266057e-03
   2.8188550e-01   1.2320486e-01  -4.5755119e-01   7.2079119e-03  -3.1935613e-03   5.5823115e-03
   2.8022586e-01   9.9247272e-02  -4.3766575e-01   7.4226892e-03  -3.2977004e-03   5.5790361e-03
   2.6988316e-01   9.3449096e-02  -3.8723520e-01   7.5126448e-03  -3.1970119e-03   5.4869085e-03
   2.4168987e-01   2.1506397e-01  -4.4552554e-01   6.3536914e-03  -3.7966878e-03   5.3703251e-03
   2.5907544e-01   9.6259249e-03  -3.8317195e-01   6.4055781e-03  -3.8889567e-03   5.0746241e-03
   2.5952903e-01   6.0639865e-02  -3.4053154e-01   6.8051845e-03  -3.5049348e-03   5.0676705e-03
   2.5755736e-01   1.3255893e-01  -3.6004552e-01   6.6255159e-03  -3.3289089e-03   5.0531811e-03
   2.7056429e-01   8.9842868e-02  -3.5352257e-01   6.3138727e-03  -3.5801223e-03   5.0322011e-03
   2.8659677e-01   5.1631604e-02  -3.6502922e-01   6.4900825e-03  -3.7849458e-03   5.1158035e-03
   2.7683599e-01   9.5696496e-02  -4.0025970e-01   6.2298017e-03  -3.8235756e-03   5.0390415e-03
   2.7356460e-01   1.0171450e-01  -4.0153505e-01   6.2987992e-03  -3.6781223e-03   5.0484450e-03
   2.6383382e-01   9.9643300e-02  -3.7959958e-01   6.0659135e-03  -3.6117911e-03   4.8441700e-03
   2.6510148e-01   9.3186585e-02  -3.6896363e-01   5.7411815e-03  -3.6644404e-03   4.8603385e-03
   2.5717688e-01   5.7689726e-02  -3.8229533e-01   5.1462743e-03  -3.9411457e-03   4.8854202e-03
   2.6759738e-01   7.4286616e-02  -3.5656142e-01   4.4197732e-03  -3.9486017e-03   4.9095562e-03
   3.0055327e-01   9.3404122e-02  -5.2523213e-01   6.5054785e-03  -3.7506487e-03   6.2365540e-03
   3.4573207e-01   5.9625090e-01  -5.5903814e-01   2.8838077e-02  -3.7902039e-03   6.0472691e-03
   1.2291814e-01   4.3358884e-01  -1.0569675e-01   1.9385892e-02  -7.3865820e-03   5.3268979e-03
  -6.3300206e-02   9.9893741e-01   1.2949403e+00   3.6956813e-02  -6.8644495e-03   2.6698487e-04
  -7.6717920e-02   4.6283904e-01   9.8846723e-01   3.0807371e-02  -2.9683144e-03  -2.3096212e-04
   5.1104538e-02  -2.8384047e-01   4.1664992e-01   2.0006936e-02  -5.8971892e-03   2.6802119e-03
   4.3528998e-02   1.6203006e-01   4.5646821e-01   1.6875816e-02  -7.3548575e-03   2.4445543e-03
   5.6945280e-02   1.2908763e-01   4.1246898e-01   1.5752713e-02  -7.3090202e-03   2.3948405e-03
   5.7953733e-02   1.4090408e-01   4.3153063e-01   1.4070277e-02  -7.5443714e-03   2.2916042e-03
   6.7941924e-02   1.7926169e-01   3.8102958e-01   1.2778734e-02  -7.6801602e-03   2.6642671e-03
   6.4853733e-02   6.2503930e-02   3.7072389e-01   1.2954598e-02  -7.4231446e-03   2.3965932e-03
   2.7478246e-02   1.5020786e-01   2.9180979e-01   1.1731573e-02  -7.4266775e-03   1.5384909e-03
   1.3190624e-02   4.8047626e-02   2.3548385e-01   1.0808300e-02  -7.5280214e-03   1.3377561e-03
   2.1388034e-02   2.1962800e-01   4.6977599e-02   1.2874020e-02  -6.6273672e-03   1.7844414e-03
   7.6430758e-02   7.5343158e-02   4.4988089e-02   9.8820079e-03  -7.1575024e-03   3.1393988e-03
   6.3124929e-02   1.4735208e-01   6.8321649e-02   8.8949469e-03  -7.4171515e-03   2.6932875e-03
   6.1138229e-02   5.1739873e-02   8.3407942e-02   9.0816282e-03  -7.3359470e-03   2.0396608e-03
   3.8101704e-02   1.5293670e-01   5.6276133e-02   8.0983133e-03  -6.8833728e-03   1.3083193e-03
   2.5545029e-02   8.3163130e-02   2.9539625e-03   7.7632206e-03  -7.1190927e-03   1.0140080e-03
  -2.8821407e-03   6.4063841e-03  -1.2243272e-01   7.8507727e-03  -6.6570965e-03   4.9600909e-04
  -4.4706260e-02   6.6617505e-02  -1.8745177e-01   8.0776926e-03  -6.2249482e-03   3.5560703e-04
  -6.2019545e-02   1.0030752e-01  -2.1243399e-01   7.6239896e-03  -6.0924057e-03   3.1727262e-04
  -6.4940174e-02   7.4491768e-02  -2.4122235e-01   7.9476389e-03  -5.6492575e-03   2.2241901e-04
  -6.8077241e-02   8.7948259e-02  -2.3122656e-01   7.2344950e-03  -5.9618715e-03   7.9736151e-05
  -8.8829195e-02   5.8432073e-02  -2.5082396e-01   7.2389480e-03  -5.9241760e-03  -4.2463530e-04
  -6.0394735e-02   8.3082554e-02  -2.6388058e-01   7.3899699e-03  -6.2284224e-03  -4.2028911e-04
  -7.7260124e-02   8.1313366e-02  -2.3666703e-01   7.1108530e-03  -6.0637598e-03  -5.0247660e-04
  -8.8051476e-02   6.9535613e-02  -2.0770625e-01   6.3482147e-03  -5.8905971e-03  -7.8636593e-04
  -9.3932001e-02   1.0797122e-01  -2.2938064e-01   5.9610768e-03  -5.7704123e-03  -7.5799529e-04
  -9.9155265e-02   1.8218811e-02  -2.0540046e-01   5.9993734e-03  -5.5450392e-03  -1.1766457e-03
  -9.7853319e-02   5.8019837e-04  -2.0281562e-01   6.3111562e-03  -5.6988258e-03  -1.1262711e-03
  -1.1710227e-01   9.0365369e-02  -2.5098385e-01   5.6685255e-03  -5.8403002e-03  -1.3989996e-03
  -1.1904780e-01   3.0398165e-02  -2.6915790e-01   5.4333020e-03  -5.8248027e-03  -1.4304141e-03
  -1.2244228e-01   1.8777290e-02  -2.1526525e-01   5.6190034e-03  -5.7853835e-03  -1.5598235e-03
  -1.2716857e-01   5.9801517e-02  -2.1513795e-01   5.7541409e-03  -5.5888768e-03  -1.6384499e-03
  -1.4165552e-01   5.3440079e-02  -2.2285447e-01   5.1497776e-03  -5.3857415e-03  -1.8945944e-03
  -1.4702999e-01   3.2744797e-02  -2.3850300e-01   4.9344431e-03  -5.0619061e-03  -2.1426641e-03
  -1.3468868e-01   3.2696204e-02  -2.4749575e-01   5.2929137e-03  -4.8836204e-03  -1.9247592e-03
  -1.3938607e-01  -4.3298703e-02  -2.5031219e-01   5.7575183e-03  -5.0505702e-03  -2.1061977e-03
  -1.5267389e-01   1.0990750e-01  -2.4103483e-01   5.6495498e-03  -4.9678713e-03  -2.1880877e-03
  -1.5096203e-01   4.3106086e-02  -2.3742868e-01   5.6431060e-03  -5.1698857e-03  -2.2050041e-03
  -1.4555578e-01   6.1209221e-02  -1.8038589e-01   5.2502046e-03  -5.1417111e-03  -2.2530984e-03
  -1.3216581e-01   1.7277995e-02  -1.5132046e-01   5.2847267e-03  -4.9219222e-03  -2.1317289e-03
  -1.3755251e-01   1.0004716e-01  -1.7259012e-01   4.5152165e-03  -4.6245234e-03  -2.1814795e-03
  -1.1504678e-01   4.6392426e-02  -1.9924340e-01   4.2444437e-03  -4.7141360e-03  -2.1270249e-03
  -1.1080720e-01   3.4901508e-02  -2.0115505e-01   4.3362504e-03  -4.9166640e-03  -1.9787165e-03
  -1.0582491e-01   1.1647560e-02  -2.3372869e-01   4.6866755e-03  -5.1064411e-03  -1.6827804e-03
  -1.0681057e-01   3.6583130e-02  -2.3596141e-01   4.6850598e-03  -5.0303880e-03  -1.6664487e-03
  -1.0023693e-01   4.2536420e-02  -2.1873748e-01   4.7500730e-03  -4.8902513e-03  -1.7424113e-03
  -9.5467278e-02   4.9399828e-02  -2.1523690e-01   4.2982514e-03  -5.2334883e-03  -1.9554368e-03
  -1.2399068e-01   4.2161239e-02  -2.6030012e-01   4.4067593e-03  -5.1502294e-03  -2.0382020e-03
  -1.2676792e-01   4.1598238e-02  -2.1456402e-01   4.3524121e-03  -4.9773993e-03  -1.8672612e-03
  -1.1734322e-01   3.6073555e-01   2.2929518e-02   8.9543658e-03  -5.5669103e-03  -2.2388320e-03
