   1.1243030e-14   0.0000000e+00   7.1054274e-15   5.8229229e-53   0.0000000e+00   0.0000000e+00
   4.3586678e-04   3.9214324e-02   1.9154508e-02   3.1059891e-05   1.0076683e-04  -1.2475782e-04
   2.8852762e-03   6.1232639e-02   2.0730881e-02   2.8198747e-05   1.1212507e-04   3.9995495e-05
   1.8191981e-02  -3.9176213e-02   6.6862445e-03   6.7639820e-04   7.6231921e-04   2.0271290e-04
   4.4498345e-02   5.1062626e-02   5.8802819e-02  -3.6180376e-04   1.0374037e-03   5.6241844e-04
   3.7726661e-02  -2.5377664e-03   4.7137809e-02  -4.1949978e-04   9.5392087e-04   4.8578189e-04
   3.4506114e-02   3.1038261e-02   6.0921598e-02  -5.0984857e-04   9.4055259e-04   3.1728598e-04
   3.5821935e-02   3.4635348e-02   3.5104759e-02  -4.9013070e-04   9.9838019e-04   2.3943587e-04
   4.9477515e-02   2.5564462e-02   1.0063821e-02  -3.5733810e-04   9.4079435e-04   4.3746531e-04
   5.4250224e-02   1.0125443e-02  -2.4953078e-02  -1.0135133e-04   1.1182510e-03   6.5729940e-04
   5.7747189e-02   2.6297693e-02  -2.1278291e-02  -2.9738278e-04   1.2806981e-03   8.5212240e-04
   6.2717112e-02   4.4840110e-02  -1.4203306e-02  -2.6094144e-04   1.3119327e-03   8.4554242e-04
   6.5912227e-02   1.8351705e-02  -1.2452144e-02  -1.4827881e-04   1.4847265e-03   9.2176639e-04
   6.7732611e-02   3.9232917e-02  -1.3154828e-02  -3.0910165e-04   1.5011680e-03   9.7165593e-04
   6.7892059e-02   4.7014688e-02  -1.8232154e-02  -1.8763800e-04   1.3881558e-03   9.9188476e-04
   6.9489457e-02   1.9480086e-02  -5.4170911e-03   9.2836848e-05   1.4493389e-03   1.0365374e-03
   7.7677222e-02   6.8314303e-03  -8.9450033e-03   1.1558861e-04   1.5738463e-03   1.1501465e-03
   7.5035501e-02   4.6581094e-02  -7.1242283e-04  -2.0680480e-04   1.8966257e-03   1.1650465e-03
   7.1948220e-02   4.4598317e-02  -2.1827991e-02  -3.0005737e-04   1.8237582e-03   1.0528258e-03
   8.6406106e-02   1.5508506e-02  -1.6647411e-02  -3.1288549e-04   1.7902164e-03   1.2446125e-03
   8.9017968e-02   5.0259352e-02  -3.3751911e-02   5.4918032e-05   1.7316863e-03   1.4208413e-03
   9.0176840e-02   8.7411959e-03  -3.6162488e-02  -2.7793951e-04   2.0019412e-03   1.3728207e-03
   9.9224672e-02   2.2152805e-02  -4.2893111e-02  -1.9978692e-05   2.2983491e-03   1.5645250e-03
   9.9777270e-02   3.0857588e-02  -3.3152837e-02  -2.6223206e-05   2.4007400e-03   1.5916082e-03
   1.1315786e-01   2.1835307e-02  -3.0098761e-02  -9.1725837e-06   2.4466163e-03   1.6898014e-03
   1.2135097e-01   1.0987513e-02  -4.5084047e-02   2.3825735e-04   2.4340788e-03   1.8386483e-03
   1.2181006e-01   2.1744431e-02  -4.1813226e-02   1.4891332e-04   2.5371335e-03   1.8007185e-03
   1.0576792e-01   2.6824206e-02  -4.0580474e-02   3.5202420e-04   2.7686072e-03   1.7361493e-03
   1.0193774e-01   1.0131687e-02  -4.0951052e-02   3.2610449e-04   2.4203748e-03   1.6037518e-03
   9.9024964e-02   2.3809892e-02  -2.1049305e-02   1.7634095e-04   2.4765699e-03   1.5737317e-03
   9.7376770e-02   4.0140164e-02   1.0022288e-03   7.8156988e-05   2.3390571e-03   1.4587296e-03
   9.3138259e-02   2.3741211e-02   1.7060064e-03  -1.9585351e-04   2.3947535e-03   1.3722008e-03
   1.0556209e-01   1.5601680e-02   1.8135750e-03  -3.6138559e-04   2.3520039e-03   1.4495258e-03
   1.1219200e-01   7.1538971e-03   7.0217302e-03  -4.2818770e-04   2.3667113e-03   1.5141763e-03
   1.2029452e-01  -3.4851451e-03  -1.4887818e-02  -2.6363826e-04   2.5395702e-03   1.6761422e-03
   1.2066328e-01   1.4683061e-02  -1.8183472e-02  -3.0588663e-04   2.6347208e-03   1.6630551e-03
   1.3265869e-01  -1.9624223e-02  -2.8511410e-02  -8.7286231e-05   2.7161939e-03   1.7303394e-03
   1.4134520e-01  -1.9075534e-02  -2.2840554e-02   3.5496373e-06   2.9640696e-03   1.9164891e-03
   1.3903448e-01  -2.4059489e-02  -1.7213291e-02  -8.4156778e-05   3.0570301e-03   1.9301503e-03
   1.4626591e-01  -1.4568935e-02  -5.9168450e-03  -3.8643146e-05   3.0205088e-03   2.0314453e-03
   1.4867626e-01  -1.9069544e-02  -1.0567212e-02  -1.5693868e-04   3.0927277e-03   2.0648565e-03
   1.5349630e-01  -5.0731242e-02  -1.6469974e-02   2.6746613e-04   2.8838837e-03   2.0737374e-03
   1.5087840e-01  -2.2739941e-02   8.1906109e-03   1.3521143e-05   2.9449706e-03   1.7835665e-03
   1.6808802e-01  -6.2350397e-02  -9.9499664e-03   2.6884591e-04   3.0526893e-03   2.0794393e-03
   1.6351906e-01  -3.2252237e-02   1.9791733e-02   4.8085596e-05   2.8774529e-03   1.9266800e-03
   1.6177983e-01  -1.5269838e-02   2.0520855e-02  -3.5734676e-04   2.5916696e-03   2.0009513e-03
   1.6795929e-01   1.6580854e-03   1.9026994e-02  -2.1493059e-04   2.4685102e-03   1.9657680e-03
   1.6317123e-01   4.1877393e-04   4.9618735e-03  -2.4383124e-04   2.4064076e-03   1.8519419e-03
   1.4867976e-01   5.8426708e-03   2.8525763e-02  -2.5095401e-04   2.3812784e-03   1.6258443e-03
   1.4096508e-01   2.2015718e-03   2.5054208e-02  -3.6254233e-04   2.0291701e-03   1.3840499e-03
   1.3030070e-01  -1.3809916e-02   4.0785671e-02  -3.4185151e-04   1.9633922e-03   1.2558885e-03
   1.2612362e-01   6.5293438e-04   4.4505355e-02  -4.0683459e-04   1.7939147e-03   1.1775701e-03
   1.0776159e-01  -2.5188341e-02   2.2371799e-02  -3.1183570e-04   1.5783622e-03   9.5129142e-04
   1.0060301e-01   1.1668413e-03   3.2966812e-02  -2.6287809e-04   1.6115756e-03   9.5226131e-04
   7.8182190e-02   4.3477074e-05   6.1034836e-02  -3.0041829e-04   1.3296950e-03   7.5668699e-04
   8.2270152e-02  -2.3714003e-02   6.0969865e-02  -5.2252022e-04   1.3480007e-03   6.5660164e-04
   8.4008851e-02   3.0463139e-02   8.5250460e-02  -5.3408529e-04   1.3629463e-03   8.0832702e-04
   7.8886035e-02  -1.1258241e-02   7.7346275e-02  -5.4823799e-04   7.7063593e-04   6.8152306e-04
   8.4522822e-02  -4.6205759e-04   7.8277790e-02  -6.7537676e-04   1.1300975e-03   7.2845911e-04
   7.2386625e-02  -1.2480008e-02   7.8330433e-02  -7.0553372e-04   1.3434443e-03   6.4379609e-04
   6.3484384e-02   7.4827864e-03   7.5408429e-02  -7.1073144e-04   1.2443203e-03   5.4688898e-04
   5.8961756e-02   6.6441068e-03   7.1580111e-02  -6.0446276e-04   1.2124983e-03   4.8103244e-04
   5.6572568e-02   4.0835167e-03   7.9767837e-02  -7.0714398e-04   1.0158208e-03   3.3456430e-04
   5.6537961e-02  -3.1777069e-02   6.6007447e-02  -7.4272709e-04   1.0398824e-03   3.5500971e-04
   6.4246497e-02  -1.9702552e-03   7.2979023e-02  -5.4481393e-04   9.9373918e-04   4.6887590e-04
   5.7582011e-02  -1.9416414e-02   7.8436625e-02  -6.5896497e-04   1.1491089e-03   3.5553697e-04
   5.2141627e-02  -3.5329910e-02   7.6549020e-02  -6.5248358e-04   9.0954858e-04   2.4671622e-04
   5.9084692e-02  -2.2537752e-02   9.1387101e-02  -6.6849802e-04   9.7663679e-04   2.8392306e-04
   5.3375165e-02  -2.0013839e-02   1.0374401e-01  -7.7481131e-04   1.0002234e-03   2.0420640e-04
   5.4502806e-02  -2.7044194e-02   1.0418745e-01  -3.6873509e-04   7.5078050e-04   4.0079665e-04
   5.5551661e-02   4.9695696e-02   1.5006148e-01  -1.2901223e-03   5.3622071e-04   4.0228015e-04
   8.2266469e-02  -1.2154711e-01   1.0682374e-01  -6.3551550e-04   7.2055285e-05   8.3717145e-04
   7.7336227e-02  -3.3842613e-02   1.3000010e-01  -1.0703214e-03   2.0747739e-04   7.0556292e-04
   6.6088721e-02  -5.2735935e-02   1.3523050e-01  -1.1301767e-03   3.2031301e-04   4.3038854e-04
   7.2550967e-02  -3.7984395e-02   1.4235130e-01  -1.0670478e-03   4.9812350e-04   5.0374560e-04
   6.5951584e-02  -3.0421618e-02   1.4352704e-01  -1.2896566e-03   7.3218593e-04   4.3165221e-04
   6.2519293e-02  -3.7198346e-02   1.3293626e-01  -1.4477123e-03   5.9958993e-04   3.2306257e-04
   5.0088523e-02  -2.8971960e-02   1.3352978e-01  -1.3841306e-03   7.0750022e-04   9.5665172e-05
   4.8341197e-02  -3.8590744e-02   1.2633659e-01  -1.3941574e-03   5.5956511e-04   1.2784985e-04
   4.0312353e-02  -1.4193390e-02   1.2558213e-01  -1.3290761e-03   5.6476431e-04   6.6972585e-05
   3.4360209e-02  -6.7442851e-03   1.3428132e-01  -1.5427803e-03   5.6934377e-04  -6.7418542e-05
   2.9315228e-02  -1.0641747e-02   1.2209182e-01  -1.6173621e-03   6.8888293e-04  -8.2906100e-05
   3.7869918e-02  -1.6787397e-02   1.0383494e-01  -1.3646847e-03   6.0274447e-04  -2.5921098e-05
   6.6649384e-02   1.1263402e-01   1.3597743e-01  -1.8037539e-03   5.4053269e-04   3.6872592e-04
   4.7581568e-02  -1.0748052e-01   6.8349676e-02  -1.7534435e-03   5.5416564e-04   1.6812330e-04
   5.5145262e-02  -3.8861942e-02   6.4946625e-02  -1.5805584e-03   6.5625614e-04   2.1988548e-04
   5.9703599e-02  -3.9386707e-02   6.8431806e-02  -1.5584417e-03   6.0499917e-04   1.8264369e-04
   6.0808721e-02   1.3186688e-02   9.4209736e-02  -1.8616554e-03   6.7945707e-04   1.6847276e-04
   6.2655655e-02  -5.3153928e-02   1.0597351e-01  -1.7076650e-03   5.5629401e-04   3.0466797e-04
   6.4274877e-02  -5.2888627e-02   1.1130302e-01  -1.7566110e-03   6.8980293e-04   3.2456925e-04
   6.2271994e-02  -6.8727439e-02   1.1454408e-01  -1.6862384e-03   6.7598212e-04   2.1043993e-04
   7.1737804e-02  -5.9808811e-02   1.1934105e-01  -1.6502311e-03   6.4315047e-04   2.5906790e-04
   6.4056356e-02  -5.6696601e-02   1.4236151e-01  -1.3214643e-03   1.1770134e-03   3.3436939e-04
   4.4336524e-02   3.4348313e-02   2.1511532e-01  -2.2302186e-03   1.3172311e-03   2.8675019e-05
   9.9618585e-03  -5.9424839e-02   1.7385150e-01  -2.3581753e-03   1.3170873e-03  -3.4558458e-04
   2.4148110e-02  -4.6466391e-02   1.6689263e-01  -2.2666324e-03   1.3142858e-03  -2.3870765e-04
   1.6805591e-02  -2.0924997e-02   1.6676465e-01  -2.7955393e-03   1.4684358e-03  -4.4272635e-04
   2.9190338e-02  -4.0895660e-02   1.4197803e-01  -2.6340642e-03   1.4772267e-03  -2.9637798e-04
   2.8351394e-02  -4.8609809e-02   1.2109918e-01  -2.3639462e-03   1.5471788e-03  -2.0376627e-04
   3.0693082e-02  -1.9672689e-02   1.2586980e-01  -2.3896544e-03   1.5760065e-03  -1.9975100e-04
   2.9940388e-02  -1.5341069e-02   1.3831253e-01  -2.4131541e-03   1.5411299e-03  -3.1897447e-04
   3.7501913e-02  -2.0046027e-02   1.2685344e-01  -2.1071795e-03   1.6309132e-03  -1.6635851e-04
   3.2302358e-02  -1.1912398e-02   1.4519144e-01  -2.1617564e-03   1.8376714e-03  -2.1969082e-04
   3.0800622e-02  -2.4871782e-02   1.4306783e-01  -2.2163547e-03   1.7549307e-03  -2.9354836e-04
   2.9336230e-02  -1.8455211e-02   1.5893385e-01  -2.0018718e-03   1.6244977e-03  -2.6160738e-04
   3.9651211e-02  -2.6354135e-02   1.2679342e-01  -1.4285173e-03   1.0646949e-03   9.0682679e-05
   3.2383559e-02   8.4492885e-02   1.4156059e-01  -2.1547547e-03   1.5566892e-03  -1.8165823e-04
   5.4527572e-03  -1.6763230e-02   1.3700685e-01  -1.8461957e-03   1.2624322e-03  -5.0648771e-04
   8.3251538e-03  -3.3292443e-02   1.2159072e-01  -1.5370275e-03   1.3020336e-03  -3.2931952e-04
   5.7762022e-03  -1.1326676e-02   1.2132959e-01  -1.4161483e-03   1.2249779e-03  -2.0652720e-04
   4.6678703e-03   3.5114981e-02   1.5107438e-01  -2.0289849e-03   1.5566867e-03  -4.3413454e-04
   1.0484343e-02  -1.6233245e-02   1.4726969e-01  -1.7271261e-03   1.2448294e-03  -2.9358204e-04
   2.1560289e-02   7.3853354e-03   1.3245947e-01  -1.5669770e-03   1.0422890e-03  -3.8053023e-05
   7.1447145e-03   3.1768753e-02   1.3734180e-01  -1.4652656e-03   1.0376180e-03  -3.0152344e-04
   3.3542577e-03   3.6929373e-04   1.2592837e-01  -1.4924559e-03   9.7878302e-04  -3.8545871e-04
  -1.2633260e-04   8.5131545e-04   1.2908686e-01  -1.2874465e-03   7.2950227e-04  -4.0497583e-04
   6.7528693e-03  -2.1638701e-02   1.2521713e-01  -1.3312696e-03   8.4752131e-04  -3.2189608e-04
   1.8942408e-02  -2.0145027e-02   1.3473458e-01  -1.1657729e-03   9.5926413e-04  -2.0656643e-04
   3.5107676e-02  -1.1034013e-03   1.5129383e-01  -1.3046980e-03   9.3635316e-04  -9.8569212e-05
   2.6457266e-02  -6.2771042e-03   1.4463183e-01  -1.3222986e-03   1.0066306e-03  -1.2978369e-04
   1.1724029e-02  -3.0121224e-02   1.4771080e-01  -1.1087326e-03   8.8483838e-04  -2.7439539e-04
   2.4605120e-02   3.0269164e-03   1.3640751e-01  -5.0726490e-04   6.3383483e-04   3.4560359e-04
   1.3469881e-02  -4.7151241e-02   1.4896673e-01  -9.3471820e-04   3.7313645e-04   1.0280697e-04
   6.5850772e-05  -2.1419220e-02   1.4657897e-01  -1.0832334e-03   4.6593015e-04  -8.1230405e-06
  -4.7807264e-03  -3.2121637e-02   1.1913912e-01  -9.7055534e-04   5.1069024e-04  -2.3879163e-04
   1.8596180e-02  -3.3472359e-02   1.0163510e-01  -1.0145344e-03   3.6742387e-04   1.0931011e-04
   9.9735366e-04   1.8187151e-02   1.1991122e-01  -1.3339988e-03   2.7420376e-04  -2.4717151e-04
   2.9753647e-04  -1.0245157e-02   1.2908397e-01  -1.2375920e-03   2.7653885e-04  -3.2894887e-04
   4.0461944e-03   6.4161969e-03   1.1301843e-01  -1.1063337e-03   4.3514743e-04  -2.3626986e-04
   4.8947312e-03   2.0979983e-02   1.2579685e-01  -1.3321316e-03   6.1558496e-04  -2.2825866e-04
   1.2578990e-02   5.1342413e-02   1.3172128e-01  -1.2735931e-03   6.0775580e-04  -2.9892852e-04
   3.1054645e-02   1.6717520e-02   9.8156929e-02  -1.2038815e-03   6.5350713e-04  -9.0474302e-05
   3.7096091e-02   2.7702777e-02   1.3430192e-01  -1.1343083e-03   5.0806183e-04   1.2271877e-04
   4.1018208e-02  -3.5449024e-02   1.5097365e-01  -1.2113503e-03   1.6132425e-04   3.3796485e-05
   2.5536303e-02   3.3501518e-02   1.4810026e-01  -1.3960250e-03   3.2096250e-04  -1.8255880e-04
   1.9516388e-02   5.9703749e-02   1.5800567e-01  -1.5072207e-03   3.8120092e-04  -2.4262434e-04
   1.7528151e-02  -3.9634806e-02   1.3777381e-01  -1.6377665e-03   4.3329228e-04  -2.7865691e-04
   1.8411150e-02  -2.4067889e-02   1.3139606e-01  -1.3508542e-03   3.9021856e-04  -1.3667893e-04
   9.8497469e-03   1.8569661e-02   1.3780101e-01  -1.4303676e-03   3.8050453e-04  -3.2983740e-04
   6.8764507e-03   1.1294710e-02   1.3072320e-01  -1.3492822e-03   5.4056714e-04  -3.1033943e-04
   2.5162486e-02   3.5792800e-02   1.4837064e-01  -9.0290492e-04   2.8878631e-04  -2.2833840e-04
   3.8994689e-03   3.6901720e-02   1.7987968e-01  -2.1957320e-03   7.7502584e-04  -3.2625572e-04
   6.5124358e-03  -2.4194943e-02   1.4236941e-01  -1.7595879e-03   3.4484937e-04  -3.3865717e-04
   8.6001489e-03  -3.1283524e-04   1.4384818e-01  -1.8408952e-03   2.8578421e-04  -3.9489515e-04
  -9.5798980e-04   2.6705979e-02   1.5633108e-01  -1.8469089e-03   3.5297594e-04  -5.3835479e-04
   1.2833304e-03  -9.3227975e-03   1.5102785e-01  -1.8233778e-03   3.3567153e-04  -4.9364216e-04
   1.7649775e-03  -4.9427743e-03   1.4480516e-01  -1.4483463e-03   3.5534321e-04  -3.8543677e-04
  -6.0584355e-03   1.5763144e-02   1.4701117e-01  -1.6515690e-03   3.5612928e-04  -4.8821069e-04
  -8.0993531e-03   1.7051285e-02   1.4842496e-01  -1.5905174e-03   2.0761252e-04  -4.6587031e-04
   8.5559144e-03  -1.2351758e-02   1.3041188e-01  -1.4831722e-03   3.4340520e-04  -2.7207703e-04
   5.2109527e-03   4.4525507e-02   1.4597822e-01  -1.7737742e-03   4.1505178e-04  -4.0661061e-04
   6.6148193e-03   2.2555674e-02   1.0886488e-01  -1.6775774e-03   3.2040001e-04  -3.4555890e-04
   1.4379196e-02   1.4836051e-02   1.0328482e-01  -1.4970506e-03   1.1376538e-04  -2.5919742e-04
   8.9563308e-03   7.7582227e-02   1.2908680e-01  -1.7190814e-03   4.1602555e-04  -5.4406147e-04
   2.3051414e-02  -8.1139324e-03   1.1260685e-01  -1.3872574e-03   2.9270360e-04  -2.2679893e-04
   2.4352565e-02   1.0150753e-02   1.1384555e-01  -1.3066121e-03   2.0184104e-04  -2.3206006e-04
   2.5695972e-02  -1.5747452e-02   1.1394264e-01  -1.2323352e-03   1.5679429e-04  -1.9112475e-04
   1.8898713e-02   2.4773104e-02   1.2398880e-01  -1.3410124e-03   1.9514416e-04  -2.1665974e-04
   2.0082814e-02   1.6628287e-02   1.2457694e-01  -1.1941701e-03   9.2569545e-05  -1.3774081e-04
   1.6825147e-02   2.8969781e-03   1.1874580e-01  -8.9615798e-04   1.5180856e-04  -4.1808237e-05
   1.1553760e-02   1.1934818e-02   1.4647255e-01  -1.2999440e-03   2.6954321e-04  -1.8412664e-04
   1.0147447e-02  -5.6761187e-03   1.5163546e-01  -1.3192635e-03   7.3191472e-05  -3.1459954e-04
   2.3811862e-02  -1.7849052e-03   1.5347256e-01  -1.4988447e-03   9.4386655e-05  -2.1232734e-04
   3.1013675e-02   2.7133892e-02   1.4403853e-01  -1.5820852e-03  -2.5724676e-05  -9.9983896e-05
   2.9826431e-02   2.5564649e-02   1.3352864e-01  -1.8619934e-03   2.1840556e-04  -2.1527480e-04
   3.2585793e-02   4.5006464e-03   1.3832104e-01  -1.6364006e-03   1.7852406e-04  -1.2415795e-04
   3.3893005e-02   2.0730795e-02   1.3027357e-01  -1.4111326e-03   2.4934418e-04  -6.7272413e-05
   3.4616132e-02   1.2969443e-02   1.3884170e-01  -1.3652744e-03   2.5998246e-04  -1.0784045e-04
   3.4681216e-02   8.7104398e-03   1.4228855e-01  -1.5449390e-03   2.7370148e-04  -1.2809948e-04
   3.6920510e-02   1.2006910e-02   1.2657783e-01  -1.3923849e-03   5.1461944e-04  -3.3287576e-05
   3.4237518e-02   2.1812416e-02   1.2741622e-01  -9.9714232e-04   4.8483498e-04  -2.6056264e-05
   4.6364609e-02   1.3082676e-02   1.4920742e-01  -4.8720222e-04   2.3808058e-04   1.5384278e-04
   3.9028364e-02  -2.2982272e-02   1.1296531e-01  -5.1290509e-04   1.5770664e-04   2.4612667e-04
   2.7931062e-02  -1.7767129e-02   8.1961688e-02  -5.9702933e-04   3.7757236e-04  -3.3727145e-05
   2.4163949e-02   6.6294531e-03   7.3951817e-02  -6.5695885e-04   5.4961771e-04  -8.7180094e-05
   1.4885931e-02   1.1617542e-02   7.2508394e-02  -5.9470785e-04   7.9374761e-04  -2.6714856e-04
   4.2391458e-03   2.2667087e-02   6.1942121e-02  -9.4810257e-04   8.0475923e-04  -4.3905162e-04
  -8.0265406e-04   2.6017312e-02   5.1508067e-02  -1.0730482e-03   8.1525317e-04  -5.7695652e-04
  -4.6692544e-03   1.7179045e-02   4.4750218e-02  -8.3411776e-04   7.6781589e-04  -6.1367530e-04
  -9.8665475e-03   1.4663984e-02   5.0476257e-02  -8.5459892e-04   7.9250704e-04  -5.8034806e-04
  -1.7308284e-02   2.4211384e-02   5.5181507e-02  -6.6163862e-04   1.0182527e-03  -7.3521767e-04
  -1.8484248e-02   2.6858109e-03   6.0107998e-02  -5.1386918e-04   1.0276517e-03  -7.3366818e-04
  -1.5983500e-02   2.8972976e-03   6.5098551e-02  -5.0241900e-04   1.1837629e-03  -6.6291057e-04
  -1.5246514e-02  -3.5771312e-03   5.7179628e-02  -1.3155356e-04   1.2545835e-03  -5.8908159e-04
  -2.0226038e-02   7.5701858e-03   5.1568552e-02  -5.6683006e-04   1.2415529e-03  -9.9118373e-04
  -2.3197241e-02   4.3128248e-02   1.2255071e-02  -6.1896489e-04   1.9365306e-03  -1.4551511e-03
  -2.5495057e-02   2.8121069e-02   1.3883185e-02  -8.8538806e-04   1.4012599e-03  -1.1537927e-03
  -4.3941396e-02  -2.2630921e-03   1.0413371e-02  -1.0411157e-03   1.9339795e-03  -1.2489218e-03
  -5.7363660e-02   2.3334012e-02   2.4591337e-02  -9.2759807e-04   2.0244046e-03  -1.4140053e-03
  -5.1806673e-02   2.2348063e-03   6.6419373e-03  -7.7223431e-04   1.8287702e-03  -1.2596350e-03
  -4.7805141e-02   2.0922881e-02  -8.6691767e-03  -6.4009117e-04   1.8389852e-03  -1.2961556e-03
  -4.2591264e-02   4.7527568e-02   1.2238796e-03  -7.0296328e-04   1.9083759e-03  -1.2475862e-03
  -4.1435499e-02   2.6565653e-02   6.4433843e-03  -6.9406656e-04   2.0194501e-03  -1.2389385e-03
  -4.8622999e-02   2.5925796e-02   6.7381198e-03  -5.3106939e-04   2.1244533e-03  -1.3029393e-03
  -5.5963650e-02   1.9274391e-02   9.2997777e-03  -5.8672921e-04   2.3063418e-03  -1.4080634e-03
  -5.2316841e-02   9.0435856e-03  -1.7228612e-03  -6.2772687e-04   2.2675461e-03  -1.3353768e-03
  -5.4715960e-02   7.2342325e-03   1.2393144e-02  -3.8553654e-04   2.1424195e-03  -1.3281184e-03
  -5.6656595e-02   2.3136383e-03   5.1707218e-02  -5.8940840e-04   2.0102529e-03  -1.4931736e-03
  -6.5201575e-02  -2.1811144e-02   1.9485241e-02  -5.4322749e-04   2.2879794e-03  -1.4762148e-03
  -7.0060620e-02   3.6349176e-02   1.6410465e-02  -4.9200958e-04   2.3562682e-03  -1.4395505e-03
  -6.0579670e-02  -2.8400768e-02  -6.2199576e-03  -3.5757760e-04   2.7735389e-03  -1.1030511e-03
  -1.7335416e-02   3.7684939e-02   7.3925708e-02  -1.0362815e-03   2.9304571e-03  -1.6464695e-04
  -1.9741080e-02   1.1611804e-02   6.9074504e-02  -9.4369803e-04   2.8662970e-03  -5.1801755e-04
  -3.6366668e-02  -4.0297373e-02   6.3433139e-02  -1.0826865e-03   2.7710377e-03  -9.2070499e-04
  -4.1733414e-02  -1.2592779e-02   8.8880577e-02  -1.0278013e-03   2.8008790e-03  -9.9920284e-04
  -4.6018312e-02   2.1372825e-03   1.0736400e-01  -1.0956385e-03   2.9467202e-03  -9.9427610e-04
  -6.3362674e-02  -2.4294173e-02   1.2874386e-01  -9.6851902e-04   2.7475069e-03  -1.3113396e-03
  -6.3073112e-02  -3.2393705e-03   1.4066159e-01  -1.0241825e-03   2.6205567e-03  -1.4005356e-03
  -6.6820966e-02  -1.7430076e-02   1.4662507e-01  -8.8662968e-04   2.8547661e-03  -1.4223653e-03
  -6.8390785e-02  -1.7781074e-02   1.5667244e-01  -1.0454791e-03   3.1666080e-03  -1.1669555e-03
