   0.0000000e+00   0.0000000e+00   0.0000000e+00   0.0000000e+00   0.0000000e+00   0.0000000e+00
   3.1768959e-03   6.3772483e-02   3.0940545e-03   4.9269470e-04   5.6479665e-05   2.3803208e-04
  -3.2427299e-02   2.6289306e-02   3.5671903e-02   5.2878519e-04  -3.1923865e-04  -1.9983974e-04
  -4.0552136e-02   1.8037818e-02   4.3047548e-02   9.5559320e-04  -1.3785111e-04  -1.2283962e-04
  -3.9186946e-02  -2.6365530e-02   4.9219719e-02   2.6814265e-04   7.3002230e-06  -7.4615327e-05
  -8.6473668e-03  -3.7160846e-02   7.0490292e-02   1.2537992e-03   1.7599772e-04   3.6197885e-04
  -3.7334417e-02  -3.1192678e-03   1.2677810e-01   5.3743369e-04   3.9924838e-04   2.2667731e-04
  -4.8042848e-02  -4.2953521e-02   1.1224798e-01   6.8542408e-04   7.0783846e-04   5.8483446e-05
  -6.1826142e-02  -3.1700345e-03   1.3967341e-01   1.1307260e-03   1.0159106e-03  -3.2501935e-05
  -6.8515176e-02   2.0953482e-02   1.4143932e-01   7.5712532e-04   9.9152741e-04  -2.5961546e-04
  -8.7855559e-02  -9.4860409e-03   1.7590842e-01   8.7946380e-04   1.1924357e-03  -3.3949243e-04
  -8.6482146e-02   2.5586177e-02   1.5311022e-01   7.3903956e-06   1.0956438e-03  -3.5933673e-04
  -5.4933200e-02  -1.7358552e-02   1.4523739e-01   5.3381781e-04   1.5377872e-03   2.3392481e-04
  -5.2510087e-02  -1.2567793e-02   1.9678647e-01   5.2129149e-04   1.6556339e-03   5.2703351e-04
  -4.0861292e-02  -1.8450199e-02   1.6419024e-01   6.8991747e-04   1.5237018e-03   5.3025830e-04
  -2.8389585e-02  -8.9146804e-03   1.9046256e-01   4.6699677e-04   1.9282498e-03   5.9897883e-04
  -1.0266757e-02   4.7662023e-02   8.6790786e-02   1.0202592e-03   1.4993262e-03   8.4086536e-04
   2.9126885e-02  -8.7566143e-02  -1.7391592e-01   1.5455499e-03   4.5977634e-04   2.2633323e-03
   5.1033826e-02  -9.0120760e-02  -1.7834228e-01  -5.0889367e-05   5.5792250e-04   3.1256038e-03
   4.9412356e-02  -1.3269094e-01  -1.1395044e-01   6.9406761e-04   9.8028455e-04   3.8443329e-03
   4.0667812e-02  -6.4658339e-02  -7.6814575e-02   1.9447144e-03   8.8881807e-04   3.8368318e-03
   4.1478208e-02  -6.5764562e-02  -6.9256420e-02   2.0124286e-03   1.3404228e-03   3.2788718e-03
   3.4092507e-02  -4.1892628e-02  -6.5501444e-04   1.6524867e-03   1.8199027e-03   2.9965656e-03
   2.1552994e-02  -7.1462144e-02  -2.3931225e-03   1.3595539e-03   1.8697165e-03   2.7479678e-03
   1.1676090e-02  -7.0888995e-02  -1.4740059e-02   1.5702839e-03   2.1917574e-03   2.7394924e-03
   1.0079775e-02  -5.4373022e-02   6.2131438e-03   1.0856609e-03   2.4679263e-03   2.8352806e-03
   1.2400219e-02  -6.9414173e-02  -3.6825408e-03   1.2075470e-03   2.4281676e-03   2.9091204e-03
   4.5851705e-02  -2.3823498e-02   1.7690257e-02   1.6939742e-04   1.8577164e-03   2.7024949e-03
   1.0793072e-01  -1.0635855e-01  -3.5632181e-02  -5.8271836e-04   2.0346434e-03   3.0860113e-03
   1.2175465e-01  -8.9450272e-02  -1.8804757e-02   1.2371278e-04   2.0592724e-03   3.2832025e-03
   9.4148422e-02  -6.0985193e-02   2.7229571e-02   5.5594935e-05   2.1075435e-03   2.9581976e-03
   1.1245620e-01  -6.0253640e-02   2.5813639e-02   4.5334401e-05   2.3344266e-03   3.0708746e-03
   1.0285443e-01  -6.2378272e-02   5.5849170e-02  -3.7184241e-04   2.6322563e-03   2.8433265e-03
   9.6874760e-02  -9.3931424e-02   7.3889148e-02  -3.3646117e-04   3.1356508e-03   2.9262191e-03
   8.8370491e-02  -9.0496353e-02   6.2098155e-02  -7.0613732e-04   2.8902981e-03   2.9263216e-03
   1.1029249e-01  -4.8278176e-02   5.1030624e-02  -5.6944922e-04   2.7378799e-03   2.9928464e-03
   1.0755819e-01  -8.5951344e-02   5.0620988e-02  -8.1762371e-05   2.8810045e-03   3.3449259e-03
   9.7084403e-02  -7.1778088e-02   6.1538717e-02  -1.7387001e-05   2.9211665e-03   2.8702647e-03
   1.1813495e-01  -7.6499058e-02   7.8041941e-02  -6.8831002e-05   3.1753075e-03   3.1770427e-03
   1.1763247e-01  -5.2765675e-02   6.8780324e-02  -1.6413396e-04   2.9085892e-03   3.2168651e-03
   1.0085965e-01   7.4189601e-02   9.2286375e-02  -1.3481447e-03   2.4055478e-03   3.5397445e-03
   8.2329462e-02   1.5792743e-01   6.0047169e-02  -1.5730474e-03   2.0242002e-03   2.4205730e-03
   1.6242278e-01  -4.8999617e-01  -5.6870387e-02  -7.9032174e-04   1.2987828e-03   3.0132543e-03
   1.4174207e-01  -5.1033524e-02   1.9040673e-02  -7.4117486e-04   1.0600776e-03   3.1086582e-03
   1.0533531e-01  -3.6411146e-02   3.1664122e-02   1.3684603e-04   1.0282724e-03   2.8003278e-03
   7.0965842e-02  -2.4421593e-02   1.0652082e-01  -4.2801257e-04   1.1542792e-03   2.1870221e-03
   5.0739211e-02  -2.6873837e-02   1.4954343e-01  -3.4511859e-04   1.6693267e-03   1.6808541e-03
   6.8952879e-02  -5.9326782e-02   1.1987546e-01  -8.0252817e-04   1.8939764e-03   1.5142001e-03
   6.4893283e-02  -4.5808470e-02   1.4186019e-01  -5.3776106e-04   1.7135996e-03   1.1853262e-03
   6.4520997e-02  -4.3149448e-02   1.0715293e-01  -6.4646456e-04   1.8232785e-03   1.0913834e-03
   8.4303173e-02  -6.0382482e-02   9.4881746e-02  -4.7060826e-04   2.2629888e-03   1.5832247e-03
   6.5978590e-02  -5.8570088e-02   5.0088374e-02  -4.6108383e-04   1.9278972e-03   1.4924223e-03
   9.4612363e-02  -4.9733864e-02   3.5768205e-02  -7.0958970e-04   2.2079332e-03   1.6928824e-03
   9.4889453e-02   2.3221571e-02   3.8546276e-02  -1.4105855e-03   1.7004820e-03   1.6940551e-03
   1.0153939e-01  -1.1502648e-01   1.2489675e-02  -1.3859944e-03   1.4311575e-03   1.4963582e-03
   1.3656436e-01  -1.0656124e-01  -2.6981614e-02  -1.8082942e-03   1.4422964e-03   2.7590252e-03
   1.3506691e-01   4.0688953e-04   9.3238559e-03  -1.1397514e-03   1.7098467e-03   3.0979163e-03
   1.3796227e-01  -4.6607273e-02   4.5411458e-04  -1.1831041e-03   1.7167556e-03   3.3868080e-03
   1.2777748e-01  -5.3971771e-02   4.1577828e-02  -1.8134011e-03   1.7606524e-03   3.1380602e-03
   1.2250148e-01  -7.1968419e-02   5.1763519e-02  -1.9820975e-03   1.8909827e-03   2.7091447e-03
   1.3374103e-01  -6.9271927e-02   6.2012944e-03  -1.9382568e-03   2.1312551e-03   2.9069702e-03
   1.3835215e-01  -7.1635939e-02   4.0049007e-02  -2.0029277e-03   2.2072385e-03   3.0303423e-03
   1.5249374e-01  -1.0616247e-01  -8.9073283e-03  -1.7373286e-03   2.0963739e-03   3.0119308e-03
   1.5593423e-01  -5.3738117e-02   2.1697650e-02  -1.8419486e-03   2.5137625e-03   2.9422005e-03
   1.8126185e-01  -1.2859680e-01  -4.8772773e-03  -1.6172045e-03   2.6983105e-03   2.8687788e-03
   1.7776267e-01  -4.0967354e-02   2.7709656e-02  -1.8924948e-03   2.6938209e-03   2.8122955e-03
   1.8390226e-01  -5.5419009e-02   1.9809624e-02  -2.0879936e-03   2.2164239e-03   2.9663218e-03
   1.7289556e-01  -6.5039856e-02   2.2774045e-02  -2.2890615e-03   1.8439376e-03   2.7069927e-03
   2.0062431e-01  -6.1385896e-02   2.2614427e-02  -2.1457549e-03   2.2334209e-03   3.0428444e-03
   2.3841437e-01  -1.2439910e-02   3.0952899e-02  -2.0786286e-03   2.5500193e-03   3.5482573e-03
   2.1899185e-01  -6.9743276e-02   2.7501760e-02  -1.9507941e-03   2.3669463e-03   3.4736490e-03
   2.0406379e-01  -9.5513384e-02   1.9373838e-02  -1.8202174e-03   2.4510387e-03   3.3036720e-03
   2.0642222e-01  -5.9509378e-02   1.0214297e-02  -2.4612838e-03   2.5386161e-03   3.2864229e-03
   2.1280689e-01  -8.4312109e-02  -4.7275367e-03  -2.1513169e-03   2.6164818e-03   3.3128970e-03
   2.0442434e-01  -7.0407720e-02   8.1521113e-03  -2.1674484e-03   2.5215286e-03   3.2042287e-03
   1.9771965e-01  -1.0322836e-01  -7.6996367e-03  -1.4829941e-03   2.7690501e-03   3.3573979e-03
   1.9075943e-01  -6.3015748e-02  -1.3768812e-03  -1.5428693e-03   2.4892147e-03   3.2017140e-03
   1.8951136e-01  -6.0386701e-02  -1.9740573e-03  -1.3594953e-03   2.7812680e-03   3.1549028e-03
   2.1727771e-01  -1.0997838e-01  -5.8930323e-03  -1.3698148e-03   3.1221745e-03   3.4110104e-03
   2.5781753e-01  -3.1174614e-02   3.8567569e-02  -1.6715185e-03   2.8296548e-03   3.8564226e-03
   2.3003639e-01  -5.7525667e-02   3.1605923e-02  -1.7694588e-03   2.0992601e-03   3.6703920e-03
   2.4275061e-01  -9.6347524e-02   3.1342033e-02  -1.9144413e-03   1.9926612e-03   3.6469304e-03
   2.3214492e-01  -5.0140977e-02   5.1326551e-02  -1.6643771e-03   2.1351129e-03   3.5753181e-03
   2.0793431e-01  -7.0148138e-02   6.8646675e-02  -1.6651912e-03   2.1070353e-03   3.5587341e-03
   1.7322197e-01  -6.7772200e-02   8.4861519e-02  -1.6609119e-03   2.3165909e-03   3.0618190e-03
   1.5947551e-01  -7.6428974e-02   8.1139775e-02  -1.8839455e-03   2.3854709e-03   2.7051660e-03
   1.7454552e-01  -8.9319486e-02   5.6443874e-02  -1.6893038e-03   2.5470305e-03   2.7052830e-03
   1.9116514e-01  -9.1571733e-02   5.7058998e-02  -1.5325330e-03   2.8835739e-03   2.9400384e-03
   1.7322232e-01  -8.5645359e-02   5.8821265e-02  -1.5616576e-03   3.1869140e-03   2.8601636e-03
   1.8078684e-01  -1.0142035e-01   2.5359168e-02  -1.6125252e-03   3.1939160e-03   2.8723283e-03
   1.8199429e-01  -1.0760533e-01   4.8505988e-02  -1.6385755e-03   3.2026060e-03   2.8755830e-03
   1.6947199e-01  -1.0030683e-01   5.1705848e-02  -1.8340986e-03   3.0497546e-03   2.7049588e-03
   1.5578904e-01  -7.0074672e-03   9.1831767e-02  -2.9741783e-03   1.9073747e-03   3.0789544e-03
   1.7961889e-01  -1.3276226e-01   5.7264221e-02  -2.8034900e-03   2.1456178e-03   3.5801837e-03
   1.9396785e-01  -1.1225336e-01   3.0386732e-02  -2.2970433e-03   2.3354915e-03   3.1661843e-03
   1.7645768e-01  -8.8199722e-02   6.2318105e-02  -2.3628096e-03   2.5366593e-03   2.5985516e-03
   1.6222381e-01  -4.6991592e-02   5.8593127e-02  -1.6536268e-03   2.4181143e-03   2.8770741e-03
   1.4389850e-01  -1.3771519e-02   7.1106840e-02  -2.2853705e-03   2.5470058e-03   2.7353744e-03
   1.5360752e-01  -1.0136711e-01   4.3955729e-02  -1.5747356e-03   2.8747861e-03   2.7585790e-03
   1.8365112e-01  -9.4941089e-02   3.9036362e-02  -1.8121865e-03   3.1924153e-03   2.8978167e-03
   1.9408272e-01  -7.4660839e-02   4.7965230e-02  -1.3947516e-03   3.2503972e-03   3.3233464e-03
   1.9194721e-01  -7.4092322e-02   3.3971222e-02  -1.3894893e-03   3.1259934e-03   3.3379657e-03
   2.0999832e-01  -1.0764082e-01   2.1088684e-02  -1.1165951e-03   3.2599208e-03   3.5410371e-03
   2.0195226e-01  -7.3487489e-02   1.0983229e-02  -1.1856020e-03   3.4814075e-03   3.4595934e-03
   2.3381547e-01  -8.2475657e-02   4.5539483e-03  -9.6881251e-04   3.6873239e-03   3.8487924e-03
   2.3218768e-01  -9.1389401e-03   9.9046402e-02  -1.5172275e-03   3.5716988e-03   3.6909593e-03
   2.2722951e-01  -4.0910841e-02   1.2498153e-01  -2.4823561e-03   3.3205012e-03   3.6390310e-03
   2.5405655e-01  -1.4772205e-01   4.2755801e-02  -2.1987479e-03   3.0704511e-03   3.7563284e-03
   2.4239012e-01  -6.2359151e-02   6.6568135e-02  -2.5790001e-03   2.9926768e-03   3.5467123e-03
   2.3465205e-01  -3.7471036e-02   1.0487906e-01  -2.0145952e-03   3.0093420e-03   3.7901526e-03
   2.4263335e-01  -9.5584863e-02   9.8047466e-02  -2.0418760e-03   2.8409240e-03   3.6140744e-03
   2.4093941e-01  -6.3406316e-02   6.7425234e-02  -1.8190314e-03   2.9867934e-03   3.7347649e-03
   2.5451816e-01  -1.2806684e-01   5.0859931e-02  -1.7991372e-03   3.2364490e-03   4.1586372e-03
   2.6408993e-01  -9.7119854e-02   2.3724851e-02  -1.7618346e-03   3.2846320e-03   4.0394018e-03
   2.2836733e-01  -7.3840592e-02   3.8830734e-02  -1.5414756e-03   2.8365619e-03   3.8393597e-03
   2.0546506e-01  -2.3080660e-02   5.0920246e-02  -1.5538766e-03   2.6565864e-03   3.4214786e-03
   2.1356394e-01  -8.8847379e-02   1.7738067e-02  -1.1901634e-03   2.7810692e-03   3.6479286e-03
   1.8726281e-01  -7.6336084e-02   2.2327994e-02  -9.4554017e-04   2.8067831e-03   2.8469783e-03
   1.7634974e-01  -1.4652843e-02   4.1884483e-02  -1.5634041e-03   2.3312949e-03   3.0135673e-03
   1.8671031e-01  -8.5814451e-02   7.4018894e-02  -2.4717207e-03   2.1887548e-03   2.8353536e-03
   2.1336987e-01  -9.9879573e-02   8.2285753e-02  -1.9241174e-03   2.2572960e-03   2.8393442e-03
   2.4174182e-01  -8.8884217e-02   1.0335260e-01  -2.2782003e-03   2.2786291e-03   2.5384766e-03
   2.5039113e-01  -1.7370559e-03   1.2856876e-01  -2.4277165e-03   2.6743818e-03   2.8922439e-03
   2.5618645e-01  -2.8255318e-02   1.2311792e-01  -2.3056054e-03   2.6968164e-03   3.1789037e-03
   2.6029309e-01  -6.3926668e-02   1.2878439e-01  -2.4006451e-03   3.1343420e-03   3.1111623e-03
   2.7645064e-01  -5.8735809e-02   1.0872942e-01  -2.2357188e-03   3.5342766e-03   2.7107030e-03
   2.9710065e-01  -9.1770317e-02   1.3336567e-01  -2.5268460e-03   3.6907893e-03   2.5436769e-03
   3.3428732e-01  -7.7611840e-02   1.5039408e-01  -2.2617733e-03   4.1339890e-03   2.7848340e-03
   3.8348749e-01  -8.1640844e-02   1.7518075e-01  -2.6268963e-03   4.6359818e-03   2.8076663e-03
   4.0388175e-01  -8.0839226e-02   1.7581699e-01  -2.6531864e-03   5.1295694e-03   2.7202207e-03
   4.3606838e-01  -8.8423116e-02   1.6319550e-01  -2.8297662e-03   5.7277697e-03   2.5738258e-03
   4.4187637e-01  -9.5833386e-02   1.3752431e-01  -2.5587876e-03   5.0711968e-03   3.1795967e-03
   4.7101012e-01  -7.6854208e-02   9.7640501e-02  -2.4808912e-03   5.1392602e-03   3.3211938e-03
   5.0327857e-01  -6.3074275e-02   1.1108130e-01  -2.4687060e-03   5.3871652e-03   3.4269240e-03
   5.1936872e-01  -8.0567267e-02   1.2687398e-01  -2.1623062e-03   5.5897806e-03   3.4865914e-03
   5.5687214e-01  -9.1822808e-02   1.3042381e-01  -2.6972935e-03   5.8578405e-03   3.5777863e-03
   5.6974537e-01  -1.3509574e-01   1.2281818e-01  -2.0371881e-03   6.4027304e-03   3.6418766e-03
   6.3900982e-01  -1.5119139e-01   9.8268611e-02  -2.4663406e-03   7.4104173e-03   4.0213156e-03
   6.9434951e-01  -1.4064231e-01   8.1287053e-02  -2.5648759e-03   8.0993849e-03   4.6244837e-03
   7.3204293e-01  -1.7676839e-01   7.8891620e-02  -2.6354561e-03   8.3880277e-03   4.5858278e-03
   7.9320321e-01  -1.8137501e-01   9.1077205e-02  -3.4117410e-03   8.4181241e-03   4.6276486e-03
   8.5630830e-01  -1.4381139e-01   9.8903462e-02  -3.1299457e-03   8.6384575e-03   4.6125852e-03
   8.4414919e-01  -1.9128979e-01   7.7222842e-02  -3.1900764e-03   8.3096003e-03   4.6678138e-03
   8.6969421e-01  -2.2293183e-01   7.8993321e-02  -2.9660367e-03   8.8462274e-03   4.6828878e-03
   8.5335589e-01  -1.1983931e-01   9.1712510e-02  -3.8332480e-03   9.1392711e-03   5.1952828e-03
   8.5409545e-01  -2.0935611e-01   1.4075252e-01  -3.9208168e-03   9.4402515e-03   4.7344058e-03
   9.0042520e-01  -2.0415743e-01   1.5018512e-01  -4.1946708e-03   9.9739763e-03   4.3934873e-03
   8.8412660e-01  -1.8273405e-01   1.5306117e-01  -4.0978034e-03   1.0237872e-02   3.9914244e-03
   9.0157177e-01  -2.2128553e-01   1.5252575e-01  -3.8865985e-03   1.0751426e-02   4.1306940e-03
   9.2388487e-01  -1.6522454e-01   1.5993040e-01  -3.3600246e-03   1.0789515e-02   4.3733087e-03
   9.1069673e-01  -1.4413742e-01   1.3084309e-01  -2.7727493e-03   1.0612490e-02   4.7544891e-03
   8.9999697e-01  -1.6892906e-01   1.1801585e-01  -2.4552959e-03   1.0750502e-02   5.1087072e-03
   9.1953784e-01  -1.8227587e-01   1.2550002e-01  -2.4131868e-03   1.1317554e-02   5.3538679e-03
   9.3154398e-01  -2.0829324e-01   1.4351110e-01  -2.6070954e-03   1.1696582e-02   5.5388590e-03
   9.5211067e-01  -1.9373304e-01   1.1774594e-01  -2.7003508e-03   1.2071974e-02   5.9419587e-03
   9.3601037e-01  -1.9702735e-01   1.4512390e-01  -2.8410987e-03   1.2013544e-02   5.8168322e-03
   9.7025603e-01  -1.8147639e-01   1.6312730e-01  -2.6602842e-03   1.2445759e-02   6.1655006e-03
   9.7744123e-01  -2.1750766e-01   1.5638874e-01  -2.9861833e-03   1.2658555e-02   6.3481578e-03
   9.1791305e-01  -1.2781176e-01   1.8869974e-01  -3.4708365e-03   1.1561248e-02   5.9646579e-03
   9.1524612e-01  -2.4083113e-01   1.3176199e-01  -3.3443225e-03   1.1279639e-02   6.0975500e-03
   9.2865658e-01  -1.7123200e-01   1.1480190e-01  -2.9668149e-03   1.1360501e-02   6.3541306e-03
   9.2844490e-01  -1.4592904e-01   1.9657098e-01  -3.3415064e-03   1.1478966e-02   6.5823256e-03
   9.2777665e-01  -1.5497703e-01   1.7760935e-01  -3.1769996e-03   1.1508015e-02   6.2392695e-03
   9.2297517e-01  -1.2300270e-01   1.7808070e-01  -3.9092551e-03   1.1364795e-02   6.0384467e-03
   8.9668026e-01  -1.4287942e-01   1.9813175e-01  -3.9820054e-03   1.0785535e-02   5.6877837e-03
   8.8672132e-01  -1.4781034e-01   2.3091438e-01  -3.8974325e-03   1.0447537e-02   5.5009345e-03
   8.9619580e-01  -1.4732360e-01   2.4193707e-01  -3.6690430e-03   1.0486439e-02   5.3945244e-03
   8.7864619e-01  -1.8367858e-01   2.4464229e-01  -3.7855535e-03   1.0313932e-02   4.6190139e-03
   8.8614536e-01  -1.6469832e-01   2.2272275e-01  -3.7407601e-03   1.0615752e-02   5.0085924e-03
   8.8605797e-01  -1.7695772e-01   2.5518268e-01  -4.5632174e-03   1.1392957e-02   4.2039143e-03
   9.1030820e-01  -2.0822982e-01   2.1478035e-01  -3.6755627e-03   1.2188179e-02   4.6967267e-03
   8.9149136e-01  -1.3274977e-01   2.5623890e-01  -3.9924232e-03   1.2082014e-02   4.5478611e-03
   8.8151537e-01  -1.6797440e-01   2.4065091e-01  -4.2541184e-03   1.1799009e-02   4.4781315e-03
   8.9450043e-01  -1.7229350e-01   2.5875331e-01  -4.4673797e-03   1.2044241e-02   4.4214621e-03
   8.6846643e-01  -1.6358613e-01   2.9309967e-01  -4.1122497e-03   1.1707282e-02   3.9040465e-03
   8.7551688e-01  -9.9933069e-02   2.7858012e-01  -3.8344347e-03   1.1676992e-02   4.2226333e-03
   8.7531920e-01  -1.4550783e-01   2.6213750e-01  -4.2225602e-03   1.2038250e-02   4.1800767e-03
   8.7534631e-01  -1.5236046e-01   2.7961499e-01  -4.3954728e-03   1.2378648e-02   3.9249301e-03
   8.7076336e-01  -1.3757223e-01   3.0392318e-01  -4.3771525e-03   1.2316984e-02   4.0891323e-03
   8.9046029e-01  -1.5238543e-01   3.0126612e-01  -4.2542356e-03   1.2567461e-02   4.3350165e-03
   8.8501425e-01  -1.3549292e-01   3.1049966e-01  -4.2190409e-03   1.2096522e-02   4.2143226e-03
   9.0848186e-01  -1.9612798e-01   2.9780455e-01  -4.1757969e-03   1.2363717e-02   4.2847179e-03
   8.9456742e-01  -1.1752809e-01   2.9656113e-01  -4.0127656e-03   1.2279538e-02   4.3026445e-03
   7.9485740e-01  -8.1669366e-02   3.7051404e-01  -4.6199635e-03   1.1546576e-02   4.0555090e-03
   7.4337393e-01  -1.5546891e-01   4.0043498e-01  -5.4004556e-03   1.0525803e-02   3.4905272e-03
   7.6405600e-01  -1.8425248e-01   4.2026114e-01  -4.6321146e-03   1.0674127e-02   3.1615170e-03
   8.2968838e-01  -1.4264908e-01   4.0374571e-01  -4.5724281e-03   1.1047562e-02   3.5060818e-03
   8.3218124e-01  -8.0809254e-02   4.2693875e-01  -4.4703125e-03   1.1383978e-02   3.2712334e-03
   8.1753131e-01  -1.2038322e-01   3.9549004e-01  -3.9488547e-03   1.1423085e-02   3.3130865e-03
   8.1955967e-01  -1.6469788e-01   3.8087037e-01  -4.2350124e-03   1.1971901e-02   3.6412530e-03
   7.8858754e-01  -1.1924231e-01   3.9947004e-01  -3.9862619e-03   1.1721552e-02   3.3768427e-03
   7.9260482e-01  -1.3907406e-01   4.1415637e-01  -3.7260642e-03   1.1932357e-02   3.2811387e-03
   7.5551414e-01  -1.1614974e-01   4.4550404e-01  -4.1196939e-03   1.1726081e-02   2.5458709e-03
   7.5932875e-01  -1.2789425e-01   4.4754498e-01  -3.8062214e-03   1.1753330e-02   2.3733595e-03
   7.6800452e-01  -1.1752412e-01   4.4066135e-01  -4.0245717e-03   1.1892589e-02   2.7562340e-03
   7.8319712e-01  -1.7319430e-01   4.0634711e-01  -3.8822673e-03   1.2063032e-02   2.4603724e-03
   7.5702656e-01  -5.9899331e-02   4.4915366e-01  -4.1161608e-03   1.1657660e-02   2.8698748e-03
   7.7178854e-01  -1.9425832e-01   4.3425989e-01  -4.2215579e-03   1.2183542e-02   2.8287042e-03
   7.9763187e-01  -1.4239280e-01   4.3347525e-01  -3.8921543e-03   1.2245500e-02   2.9144259e-03
   7.8104832e-01  -9.0050269e-02   4.3038668e-01  -3.8523332e-03   1.2440075e-02   2.9759676e-03
   7.7792966e-01  -1.4207138e-01   4.9052400e-01  -4.4113389e-03   1.2382201e-02   3.1842185e-03
   7.9186996e-01  -1.0988718e-01   5.5345721e-01  -3.5202609e-03   1.2806767e-02   3.4423375e-03
   7.9798227e-01  -1.2338802e-01   4.9939516e-01  -2.9000851e-03   1.2965529e-02   3.8379818e-03
   7.9642014e-01  -1.6649722e-01   4.9478826e-01  -2.8282064e-03   1.2785220e-02   3.8668363e-03
   7.8622535e-01  -9.5167762e-02   5.1890380e-01  -2.8058556e-03   1.2633383e-02   3.8805973e-03
   7.9821395e-01  -1.8929766e-01   5.4933310e-01  -3.0980655e-03   1.2639374e-02   4.2663210e-03
   7.8833683e-01  -1.9540248e-01   5.8397957e-01  -3.2898624e-03   1.2682661e-02   4.4812583e-03
   8.1014694e-01  -1.7181938e-01   5.7435400e-01  -3.0497292e-03   1.3082177e-02   4.4517769e-03
   8.2011429e-01  -1.8728071e-01   5.7913119e-01  -3.4637360e-03   1.2889820e-02   4.6899283e-03
   7.2854325e-01  -1.2851481e-01   5.4445121e-01  -4.5724899e-03   1.1354066e-02   4.7944470e-03
