   0.0000000e+00   0.0000000e+00   0.0000000e+00   0.0000000e+00   0.0000000e+00   0.0000000e+00
   5.4262723e-03   5.8729190e-02   1.1641545e-01  -3.9875528e-03   5.8865396e-04  -4.4848456e-04
   6.2085022e-02   3.0258355e-02   1.0093615e-01  -4.1561505e-03   4.7587948e-04  -1.7022544e-04
   7.0757704e-02   1.2887237e-01  -7.7033105e-02  -3.0594087e-03  -3.7962619e-04  -5.1120739e-04
   6.5568164e-02   3.8095790e-02  -1.4095916e-01  -3.1119402e-03  -1.1087782e-03  -1.2258490e-03
   2.1508767e-01  -1.0620044e-01   2.6219235e-01  -8.9545998e-03  -1.4743533e-03   8.1516334e-04
   2.1585525e-01   1.5509222e-02   2.4753582e-01  -8.8233440e-03  -1.2283451e-03   1.0076046e-03
   2.1860277e-01   3.6929968e-02   2.6261533e-01  -9.1574172e-03  -1.0723744e-03   7.0450833e-04
   2.3901593e-01   2.4738884e-02   2.9909364e-01  -1.0170936e-02  -1.5295767e-03   1.3785869e-03
   2.5498199e-01   1.7729289e-02   2.8986098e-01  -1.0340507e-02  -1.7620356e-03   1.5940754e-03
   2.5452849e-01   1.1110055e-02   3.0415924e-01  -1.0651389e-02  -1.6543031e-03   1.6895091e-03
   2.5039204e-01   1.5176860e-03   3.1637211e-01  -1.0950689e-02  -1.6285113e-03   1.4804942e-03
   2.5664378e-01   1.1576993e-02   3.1915083e-01  -1.0983385e-02  -1.5378534e-03   1.5348576e-03
   2.5143162e-01   7.7840864e-03   3.1757331e-01  -1.1132142e-02  -1.5915512e-03   1.4717974e-03
   2.1698295e-01   1.1266210e-01   1.9067096e-01  -1.0583334e-02  -1.8652025e-03   6.3050622e-04
   2.2822737e-01  -7.0987483e-02   2.4379612e-01  -1.0823945e-02  -1.3120890e-03   2.9628240e-04
   2.3942975e-01   8.6826537e-02   2.7724925e-01  -1.1264612e-02  -1.1403478e-03   7.2483639e-04
   2.3555363e-01   3.1876788e-02   2.5627949e-01  -1.0304341e-02  -1.0076055e-03   7.4565902e-04
   1.9043294e-01   1.0990035e-01   1.5120190e-01  -9.4544123e-03  -1.4483019e-03   1.3891725e-05
   2.0247136e-01  -3.2496502e-02   2.4624117e-01  -1.0292469e-02  -1.2574084e-03  -9.7412106e-05
   1.9393282e-01   6.9133726e-02   2.6830973e-01  -1.0658359e-02  -1.2589968e-03  -1.7958419e-04
   8.4176808e-02   2.0464981e-01  -7.6482540e-02  -7.5537711e-03  -1.5210859e-03  -1.7122540e-03
   1.6300674e-01  -1.0782721e-01   3.7045980e-01  -1.2240234e-02  -3.7894719e-04  -4.2802245e-04
   1.4803164e-01   1.5609031e-02   3.2942463e-01  -1.2273422e-02  -2.9125229e-04  -2.2485811e-04
   1.3685528e-01  -5.2342241e-02   4.4301680e-01  -1.3419907e-02   3.7090175e-04  -5.4361365e-04
   1.3816383e-01   1.0550562e-01   4.2134855e-01  -1.3502023e-02   6.7979720e-04  -3.9941643e-04
   1.5717244e-01  -1.0128200e-01   3.9826924e-01  -1.3127005e-02   2.1867347e-04  -2.2604573e-04
   4.5370851e-02   1.4370358e-01  -2.0608860e-02  -3.3596458e-03  -3.3769021e-03  -2.3353404e-03
  -4.1425605e-02   2.1309723e-01   1.1034243e-01  -2.4034103e-04  -3.2589409e-03  -4.5805818e-03
   1.5122676e-01  -1.4169195e-01   2.7685434e-01  -9.4695769e-03  -1.8021500e-03  -1.1093263e-03
   1.8008373e-01   2.7117790e-02   3.0406155e-01  -9.4535681e-03  -1.9380314e-03  -7.9502401e-04
   1.8812551e-01  -2.4808778e-02   3.0256427e-01  -9.4063653e-03  -1.7253422e-03  -8.4316472e-04
   1.7705463e-01  -2.0369784e-03   3.1175003e-01  -9.6379713e-03  -1.2220954e-03  -1.0558280e-03
   1.7988301e-01   1.8218010e-02   3.1319924e-01  -9.8734777e-03  -1.2530816e-03  -8.4964277e-04
   1.8695922e-01  -3.1479311e-04   3.1972164e-01  -1.0001854e-02  -1.3797073e-03  -7.1368468e-04
   1.7919906e-01  -1.8010743e-02   3.3420684e-01  -1.0216709e-02  -1.2063096e-03  -7.4124036e-04
   1.7702012e-01  -8.7713518e-03   3.4444735e-01  -1.0453872e-02  -1.0878621e-03  -8.7728179e-04
   1.7791212e-01  -1.2502814e-02   3.3378171e-01  -1.0264496e-02  -1.0580493e-03  -9.8425725e-04
   1.6548736e-01   3.2297554e-02   3.3796418e-01  -1.0367417e-02  -1.1169110e-03  -1.2814636e-03
   9.3791505e-02   8.6478097e-02   3.3500111e-01  -9.8714908e-03  -6.3936518e-04  -2.8675630e-03
   1.2181581e-01  -4.1031677e-03   7.6142850e-01  -1.4466362e-02   8.3138959e-05  -2.1226837e-03
   1.5588045e-01  -5.1992171e-02   5.2642183e-01  -1.1917982e-02  -2.1042075e-04  -1.7115482e-03
   1.4634542e-01   1.6529855e-02   4.6688209e-01  -1.1817053e-02  -4.3452388e-04  -1.9736632e-03
   1.5729627e-01  -1.4481195e-01   1.8736118e-02  -5.4606327e-03  -8.1068533e-04  -2.2709008e-03
   1.6093039e-01  -7.5142911e-02   5.8739206e-02  -6.0976794e-03  -6.5101570e-05  -2.4306284e-03
   1.7213126e-01  -3.1623856e-02   9.9253457e-03  -6.0360487e-03   4.2643732e-04  -2.5121879e-03
   1.8490655e-01   3.1390905e-01   5.7896471e-02  -7.8830374e-03  -9.7258127e-05  -2.2657595e-03
   2.0361366e-01  -5.5673348e-02   3.4937264e-03  -6.0890345e-03  -1.5425239e-04  -2.4461135e-03
   2.1790457e-01   1.2857786e-01   6.7450517e-02  -7.4697517e-03  -2.2659858e-04  -2.0490795e-03
   2.2484781e-01   4.1538059e-02   9.6720752e-02  -7.6851931e-03  -4.4497456e-04  -2.3412441e-03
   2.2020141e-01   6.9165148e-02   1.1367291e-01  -7.7258207e-03  -1.1330797e-04  -2.1994833e-03
   2.2006864e-01   2.7160341e-02   1.2898158e-01  -7.8919840e-03  -2.0924142e-04  -2.3060129e-03
   9.5956282e-02   2.8224414e-01   1.8814230e-01  -5.9180908e-03  -1.2472862e-04  -4.2756055e-03
   1.0518649e-01   4.0599725e-02   3.6407395e-01  -5.2829256e-03   7.1527037e-05  -4.1014324e-03
   1.2154168e-01   5.0320889e-02   3.2412307e-01  -5.0899246e-03   8.4905606e-05  -3.6408193e-03
   1.2333422e-01   6.1946620e-02   2.7693971e-01  -4.5824911e-03   4.0130467e-05  -3.7155629e-03
   1.1579360e-01   5.8910432e-02   2.7568295e-01  -5.2517987e-03   7.5231308e-05  -3.8536183e-03
   2.1110747e-01  -2.8903675e-02  -4.6303562e-01   5.5457187e-03  -2.2379994e-03  -2.0461114e-03
   1.6553786e-01  -2.4535163e-01   6.7866770e-01  -7.1033317e-03  -1.0734845e-03  -9.9224447e-04
   1.6239625e-01  -2.6106557e-01   8.4366115e-01  -9.0454223e-03   6.3877592e-04  -9.8639500e-04
   1.2872218e-01  -2.4813114e-01   7.1796481e-01  -7.1896067e-03   1.2646594e-03  -1.1719391e-03
   1.4951493e-01  -3.5093149e-01   7.0714195e-01  -6.8623855e-03   1.7615677e-03  -1.0615175e-03
   1.5088720e-01  -3.0346659e-01   7.0738882e-01  -6.7215618e-03   1.5682759e-03  -1.1180881e-03
   1.4674567e-01  -3.2649122e-01   7.3920446e-01  -6.6973084e-03   1.7064140e-03  -1.0210990e-03
   1.1813312e-01  -1.8273810e-01   7.0286686e-01  -6.8264716e-03   1.3699977e-03  -1.4283192e-03
   1.2262386e-01  -3.4500220e-01   6.3832377e-01  -6.5150251e-03   1.1529671e-03  -1.8781922e-03
   2.3683576e-01  -3.9003965e-01  -1.4304127e+00   2.6392075e-02   3.6991050e-03   3.9502345e-03
   1.5338716e-01   4.0684919e-02  -1.0635939e+00   1.2857886e-02   4.2943965e-03  -1.4700625e-04
   1.7812099e-01   1.1713087e-01  -9.6934776e-01   1.1944196e-02   4.1602101e-03  -5.6386533e-04
   1.7471930e-01   1.2235657e-01  -9.5754826e-01   1.2009035e-02   4.3214260e-03  -7.1102565e-04
   1.8003716e-01   1.5096569e-01  -9.6799991e-01   1.2049167e-02   4.3308489e-03  -5.9312449e-04
   1.5967634e-01   1.8050048e-01  -9.7104838e-01   1.1419129e-02   4.2860954e-03  -8.6648158e-04
   1.7922454e-01   7.2440646e-02  -9.3844075e-01   1.1333298e-02   4.1930290e-03  -8.2500132e-04
   1.7254765e-01   1.9219403e-01  -9.4341744e-01   1.0227235e-02   4.0024093e-03  -9.1268492e-04
   1.7981504e-01   1.4267807e-01  -9.2215998e-01   1.0065016e-02   3.8625287e-03  -8.1872257e-04
   1.8405193e-01   1.1614320e-01  -8.9553183e-01   1.0143474e-02   3.8258271e-03  -1.0995344e-03
   1.8374976e-01   1.7947725e-01  -9.1547225e-01   9.8841928e-03   3.7576730e-03  -1.1301985e-03
   1.7254030e-01   1.8206168e-01  -8.9581492e-01   9.4096643e-03   3.7978126e-03  -1.2314761e-03
   1.8151581e-01   1.0284001e-01  -8.6638645e-01   9.7302142e-03   3.8241492e-03  -1.1578122e-03
   2.2071517e-01  -3.0351995e-04  -1.6752241e+00   1.1420011e-02   3.6470257e-03   8.4227845e-04
   2.2619437e-01   3.1590674e-01  -1.1529622e+00   8.6886025e-03   3.3140398e-03  -4.8800422e-05
   1.8968207e-01   2.0834583e-01  -1.2024419e+00   1.0851972e-02   3.6342615e-03  -1.2108141e-03
  -4.5562745e-02   6.0960183e-01  -1.3373903e+00   1.9385659e-02   2.4568414e-03  -4.4455068e-03
   1.0902906e-01   4.0216555e-02  -8.8954010e-01   9.5738126e-03   1.9248138e-03  -2.1119891e-03
   1.9434982e-01  -1.4466040e-02  -8.4119174e-01   7.9508722e-03   2.3076769e-03  -1.3761636e-03
   1.8868684e-01   1.0075305e-01  -8.4791243e-01   7.6147927e-03   2.3262904e-03  -1.2778949e-03
   1.8381623e-01   1.3966773e-01  -8.5398920e-01   7.5319464e-03   2.4004030e-03  -1.1814718e-03
   1.8314166e-01   1.1587178e-01  -8.4768438e-01   7.5407819e-03   2.5702997e-03  -9.2246929e-04
   1.8919476e-01   1.1376177e-01  -8.3927771e-01   7.3828770e-03   2.4555679e-03  -8.2785344e-04
   1.9196172e-01   9.8679469e-02  -8.4413910e-01   7.4552241e-03   2.4654162e-03  -8.0820415e-04
   1.9104565e-01   1.2444706e-01  -8.4990813e-01   7.3671822e-03   2.4924222e-03  -7.6179936e-04
   1.8408384e-01   1.4316298e-01  -8.4818309e-01   7.1743774e-03   2.5638462e-03  -8.3847909e-04
   1.8973045e-01   1.0882102e-01  -8.7011243e-01   7.8642943e-03   2.5904562e-03  -7.7405535e-04
   1.8817873e-01   1.7212276e-01  -8.3821843e-01   6.9924476e-03   2.4034847e-03  -9.5333809e-04
   1.5734744e-01   2.2656939e-01  -8.7686928e-01   7.0355340e-03   2.2040742e-03  -1.8079954e-03
   1.5682782e-01   1.5718678e-01  -7.8784465e-01   6.4832106e-03   2.0407269e-03  -2.0274280e-03
   1.6240765e-01   2.0826946e-01  -6.7293034e-01   5.1957920e-03   2.0657400e-03  -2.0224707e-03
   1.6814164e-01   1.3589496e-01  -5.6875733e-01   4.3077213e-03   2.5702254e-03  -2.1661401e-03
   1.4804684e-01   2.5086450e-01  -6.2789493e-01   4.4444312e-03   2.3909263e-03  -2.6155714e-03
   1.4570797e-01   1.3530530e-01  -6.1985473e-01   4.6523507e-03   2.2156215e-03  -2.7520131e-03
   1.6053510e-01   1.2751271e-01  -5.7664171e-01   4.5379279e-03   2.2990194e-03  -2.6502883e-03
   1.6247153e-01   1.1332160e-01  -5.5942935e-01   4.2420410e-03   2.3985661e-03  -2.5138448e-03
   1.5142906e-01   1.3502784e-01  -5.6883877e-01   4.2025152e-03   2.2787551e-03  -2.6073365e-03
   1.6155420e-01   9.3540164e-02  -5.6547593e-01   4.4166454e-03   2.4237467e-03  -2.6182881e-03
   1.6599455e-01   1.9836487e-01  -5.7040575e-01   4.0663763e-03   2.1905027e-03  -2.6405796e-03
   1.5665978e-01   1.3173967e-01  -5.4059740e-01   4.1236825e-03   2.3873889e-03  -2.7316393e-03
   1.7703441e-01   1.0596433e-01  -5.7118561e-01   4.5085897e-03   2.3798427e-03  -2.4814910e-03
   1.7043253e-01   1.7541715e-01  -5.8893539e-01   4.0158744e-03   2.0937750e-03  -2.6450078e-03
   1.5441489e-01   1.5930275e-01  -4.6677399e-01   2.9108602e-03   2.8350205e-03  -2.8612218e-03
   1.5988113e-01   1.1398359e-01  -4.9689193e-01   3.0999508e-03   2.5996147e-03  -2.7458162e-03
   1.4863777e-01   1.8182471e-01  -5.0040246e-01   2.8445003e-03   2.5215000e-03  -2.9360418e-03
   1.5049518e-01   1.3944877e-01  -4.7792532e-01   2.9376572e-03   2.5231051e-03  -2.9773752e-03
   1.5642610e-01   8.5482790e-02  -4.4667118e-01   3.1187306e-03   2.4847125e-03  -2.9713273e-03
   1.5086343e-01   1.7087137e-01  -4.5886485e-01   2.8137513e-03   2.3708139e-03  -3.0881466e-03
   1.3893931e-01   1.2741575e-01  -4.4421029e-01   2.8494517e-03   2.5422016e-03  -3.1463097e-03
   1.4382666e-01   9.0325145e-02  -4.4461961e-01   3.0733169e-03   2.4532645e-03  -3.1418263e-03
   1.3930281e-01   1.7458911e-01  -4.5783185e-01   2.7574534e-03   2.1365558e-03  -3.2826144e-03
   6.9654846e-02   1.8898298e-01  -3.4639493e-01   3.0025416e-03   1.5049515e-03  -4.3215039e-03
   3.5920582e-03   4.7355088e-01   9.4943163e-01  -4.0779883e-03   4.5792984e-04  -5.1049918e-03
   1.3896195e-01  -1.5572241e-01   1.3934297e-01  -3.1719232e-03  -6.4385160e-04  -3.2602918e-03
   1.6005346e-01   1.0641503e-01   9.7337544e-03  -1.9096574e-03  -8.9081062e-04  -2.7461111e-03
   1.1998608e-01   1.5362572e-02  -1.7175754e-01  -1.0224171e-03  -6.3613716e-04  -3.7210461e-03
   1.4158833e-01   1.0437591e-01  -2.1005605e-01  -6.2292629e-04  -7.4681030e-04  -3.4553053e-03
   1.4838205e-01   5.4739758e-02  -2.1508558e-01  -1.1450064e-04  -6.9752295e-04  -3.4681783e-03
   1.4737391e-01   1.2544568e-01  -2.0854131e-01  -3.7029036e-04  -1.0807368e-03  -3.7047682e-03
   1.4604979e-01   7.7460373e-02  -1.8476933e-01  -2.4089513e-04  -8.5242777e-04  -3.9124126e-03
   1.3717213e-01   9.2191080e-02  -1.5285310e-01  -8.9204482e-04  -9.5039655e-04  -4.0055873e-03
   1.3542638e-01   6.3318425e-02  -1.4241676e-01  -8.3169275e-04  -8.4719599e-04  -3.9376868e-03
   1.4654177e-01   4.6264728e-02  -1.3158133e-01  -8.5922191e-04  -8.5970876e-04  -3.9909219e-03
   1.3935192e-01   1.1361721e-01  -1.1345777e-01  -1.3221609e-03  -8.9503924e-04  -4.2448652e-03
   1.2362196e-01   1.0088730e-01  -1.0645338e-01  -1.5141522e-03  -8.7868824e-04  -4.4223465e-03
   1.3776839e-01   3.5720375e-02  -1.5459171e-01  -3.9502926e-04  -7.1457029e-04  -4.0513139e-03
   1.2686805e-01   1.3891956e-01  -1.3251636e-01  -1.3763754e-03  -7.0843928e-04  -4.2990794e-03
   1.3823573e-01   4.3518429e-02  -1.0718935e-01  -1.1834641e-03  -7.2091454e-04  -4.0892210e-03
   1.3099838e-01   1.4669799e-01  -1.0692949e-01  -1.7838164e-03  -8.7337837e-04  -4.1914408e-03
   1.2839607e-01   6.7960478e-02  -8.2166468e-02  -1.5565216e-03  -7.7229652e-04  -4.1975839e-03
   1.3780571e-01   2.8185075e-02  -8.8498548e-02  -1.9470639e-03  -7.6410822e-04  -4.1492798e-03
   1.3031694e-01   1.0456332e-01  -9.8652543e-02  -2.4561326e-03  -9.1074483e-04  -4.3543459e-03
   1.2002095e-01   9.0664824e-02  -8.7234585e-02  -2.6587055e-03  -8.3640081e-04  -4.5836952e-03
  -2.3043604e-03   3.5863344e-01  -5.2661652e-02  -7.1511573e-04  -3.0644178e-03  -6.3621601e-03
   1.9677195e-01  -1.0363608e-01  -2.0734595e-01  -1.5279041e-03  -1.6244295e-03  -3.5008729e-03
   2.0583636e-01   1.3406978e-01  -1.4858179e-01  -1.9243828e-03  -1.2723435e-03  -3.6691007e-03
   1.7953859e-01   1.0809831e-01  -1.3906174e-01  -1.8196486e-03  -1.1999075e-03  -4.3578876e-03
   1.7067576e-01   1.1794756e-01  -1.3081112e-01  -1.9607901e-03  -9.4056356e-04  -4.2450924e-03
   1.7518790e-01   6.0965958e-02  -9.7340294e-02  -1.9304469e-03  -1.0137834e-03  -4.1601610e-03
   1.7865906e-01   9.5228362e-02  -9.4900353e-02  -2.2533860e-03  -1.2709484e-03  -4.2269142e-03
   1.7468994e-01   7.1182467e-02  -8.4109790e-02  -2.1085877e-03  -1.1814792e-03  -4.3293632e-03
   1.6316856e-01   1.0055291e-01  -1.1587630e-01  -2.3513701e-03  -1.2301541e-03  -4.5128034e-03
   1.6049392e-01   8.1556122e-02  -1.0784360e-01  -2.3518624e-03  -1.1511774e-03  -4.4493566e-03
   1.7876557e-01   5.7177366e-02  -9.8670049e-02  -2.2663922e-03  -1.2637899e-03  -4.2503420e-03
   1.6224460e-01   9.6075623e-02  -2.2575034e-01  -2.0397259e-03  -1.4695820e-03  -4.3729630e-03
   1.5274308e-01  -2.4709291e-02  -4.6047249e-01  -7.6002736e-04  -1.2060642e-03  -3.8174416e-03
   1.7235139e-01   1.1690046e-01  -3.2480484e-01  -1.4579249e-03  -1.0442240e-03  -3.7982409e-03
   1.6057396e-01   1.0853348e-01  -3.2143645e-01  -1.5982064e-03  -1.1051020e-03  -4.0487191e-03
   1.4970747e-01   9.9718348e-02  -2.9499279e-01  -1.7704692e-03  -9.5209269e-04  -4.1871730e-03
   1.4709236e-01   9.5802193e-02  -2.8786466e-01  -1.6672915e-03  -9.6611303e-04  -4.4198458e-03
   1.5529161e-01   8.5155470e-02  -2.7887354e-01  -1.4079425e-03  -1.0607960e-03  -4.3839123e-03
   1.4667864e-01   1.1588526e-01  -3.1124413e-01  -1.1263531e-03  -1.0738188e-03  -4.3820812e-03
   1.5372596e-01   9.7044740e-02  -2.8474720e-01  -1.6054366e-03  -1.0502347e-03  -4.4412580e-03
   1.6996581e-01   2.8140971e-01  -2.4736164e-01  -1.1478185e-03  -5.5966192e-04  -3.5096680e-03
   1.7911785e-01   1.2565776e-01  -2.7147819e-01  -2.0833912e-03  -1.0350735e-03  -3.7904280e-03
   1.7849907e-01   1.1594451e-01  -2.5311341e-01  -1.8383417e-03  -9.9447405e-04  -3.8832219e-03
   1.6470360e-01   1.2788197e-01  -2.3683232e-01  -2.5388289e-03  -8.7230057e-04  -4.0954165e-03
   1.7609162e-01   1.0506127e-01  -2.4700386e-01  -2.4206140e-03  -9.5492489e-04  -3.7732685e-03
   1.5478471e-01   2.0429011e-01  -2.8546829e-01  -2.3173152e-03  -9.8520327e-04  -4.2729493e-03
   1.1085902e-01   1.9720328e-01  -2.9021129e-01  -1.8890322e-03  -1.3653063e-03  -4.8688897e-03
  -2.7976811e-01   5.1770918e-01  -5.3332660e-01   9.9587689e-03  -7.1814814e-03  -9.6600172e-03
   8.0546815e-02  -2.5252476e-01  -5.6804895e-01  -5.7184597e-04  -2.2238972e-03  -5.5186411e-03
   1.5415325e-01   3.1530615e-02  -4.4139908e-01  -1.6664782e-03  -2.3092253e-03  -4.3298619e-03
   1.3466489e-01   1.1189275e-01  -4.6796491e-01  -8.8819649e-04  -1.8542672e-03  -4.1966292e-03
   1.4097543e-01   1.1917080e-01  -4.8522748e-01  -6.3686925e-04  -1.9374476e-03  -4.2539572e-03
   1.5170718e-01   7.2115375e-02  -4.5397770e-01  -9.0565191e-04  -1.9218350e-03  -4.0885455e-03
   1.4450859e-01   8.4874194e-02  -4.3380083e-01  -1.2578782e-03  -1.8220037e-03  -4.0633524e-03
   1.3836760e-01   3.4337631e-02  -4.3413145e-01  -1.1118417e-03  -1.7818307e-03  -4.1650028e-03
   1.3810741e-01   4.3064881e-02  -4.2907569e-01  -1.3352204e-03  -1.7098196e-03  -4.2482009e-03
   1.1850643e-01   1.2483374e-01  -3.8810398e-01  -2.0741649e-03  -1.7657722e-03  -4.6493101e-03
   1.2055521e-01   3.2888762e-02  -3.5578624e-01  -1.9769060e-03  -1.8634283e-03  -4.8651953e-03
   1.1048158e-01   1.1878121e-01  -3.7723403e-01  -2.1296982e-03  -1.7655456e-03  -5.0307353e-03
   1.1414159e-01   9.2287825e-02  -3.6452751e-01  -2.1777297e-03  -1.6796917e-03  -4.8399594e-03
   1.2756210e-01   6.5643505e-02  -3.6468716e-01  -2.1043715e-03  -1.8964499e-03  -4.6428216e-03
   1.2469674e-01   8.0134367e-02  -3.7005861e-01  -1.9931233e-03  -1.9028775e-03  -4.6542077e-03
   1.2864870e-01   1.1360224e-01  -3.8120781e-01  -2.1766190e-03  -2.0622314e-03  -4.5307056e-03
   1.2242073e-01   9.8954317e-02  -3.7099225e-01  -2.3180842e-03  -2.0315048e-03  -4.6304297e-03
   1.3169256e-01   6.0566705e-02  -3.9125961e-01  -1.4446172e-03  -2.0190713e-03  -4.5074496e-03
   1.2027659e-01   1.6680986e-01  -3.7690691e-01  -2.2338627e-03  -2.0051564e-03  -4.7347712e-03
   1.1423897e-01   1.3909228e-01  -3.4646708e-01  -2.3471519e-03  -2.0585690e-03  -4.9369320e-03
   1.1703001e-01   8.7995531e-02  -3.3913409e-01  -2.1444095e-03  -2.0289965e-03  -5.0496270e-03
   6.7433934e-02   1.7630762e-01  -2.6920766e-01  -2.1293954e-03  -1.5454117e-03  -5.8576297e-03
   3.1396634e-02   1.5081315e-01  -1.1536262e-01  -4.1266743e-03  -1.6057073e-03  -6.7327161e-03
   8.2823881e-02   1.1584310e-01  -4.8856375e-02  -4.9290532e-03  -1.6814920e-03  -5.4539371e-03
   1.7654368e-01   8.0647247e-02  -5.6983277e-03  -6.0017254e-03  -2.9086633e-03  -4.1471498e-03
   1.9647259e-01   1.5551458e-01  -1.4152099e-01  -5.7583415e-03  -3.6006722e-03  -3.6426626e-03
   1.9236884e-01   1.0015699e-01  -1.3467004e-01  -5.6344157e-03  -3.6881498e-03  -3.7390478e-03
   1.9368436e-01   1.0608054e-01  -9.3994189e-02  -5.6800132e-03  -3.8792323e-03  -4.1486083e-03
   1.8808178e-01   1.5121284e-01  -8.5506999e-02  -6.0013650e-03  -3.8932270e-03  -4.4268901e-03
   2.0031269e-01  -9.9638795e-02  -2.6131529e-01  -2.0409547e-03  -3.7874289e-03  -4.1789655e-03
   1.9226788e-01   3.5150579e-01  -6.9433564e-02  -4.7260924e-03  -3.4028700e-03  -3.8993960e-03
   1.6463889e-01   1.1599262e-01   5.0244860e-02  -6.2727803e-03  -2.9116930e-03  -4.6616508e-03
   1.8842846e-01   2.8553467e-02   5.4404910e-02  -6.3013329e-03  -2.4179587e-03  -4.4968019e-03
   1.8204895e-01  -1.8980417e-02   9.4946788e-03  -4.9759006e-03  -2.5680552e-03  -4.9019717e-03
   2.8991237e-02   4.0666786e-01   3.4784011e-02  -4.8289556e-03  -4.5889008e-03  -6.1700943e-03
  -7.3367753e-02  -1.9407184e-03  -3.8200671e-02  -1.3591634e-03  -5.2192367e-03  -8.4041215e-03
   8.0450782e-02   8.6410538e-02   2.8982163e-01  -5.9838391e-03  -4.7649080e-03  -6.1779042e-03
   8.4624860e-02   1.1617384e-01   2.9692052e-01  -6.0026883e-03  -5.3057272e-03  -6.2962474e-03
   1.3165559e-01   5.9741452e-02   3.3471967e-01  -6.1907914e-03  -5.6205818e-03  -5.7383712e-03
   1.1236388e-01   6.2450274e-02   3.0509816e-01  -6.2957997e-03  -5.5231739e-03  -5.6480973e-03
   1.3283956e-01  -6.9993059e-03   3.5910867e-01  -6.8505356e-03  -5.4717754e-03  -5.3835143e-03
   1.2390766e-01   6.1157077e-02   2.9985245e-01  -6.2911787e-03  -5.0436809e-03  -5.3841838e-03
   1.3059835e-01   1.1719619e-01   2.5190845e-01  -6.3774949e-03  -4.4657522e-03  -5.2468727e-03
   1.0453894e-01   2.0154296e-02   3.4304656e-01  -5.8039067e-03  -4.8441657e-03  -5.9980361e-03
