   0.0000000e+00   0.0000000e+00   0.0000000e+00   0.0000000e+00   0.0000000e+00   0.0000000e+00
  -5.1111167e-02   3.3979993e-02  -4.2995291e-01   2.7910799e-03  -1.4399319e-03  -1.0419745e-03
  -1.2605834e-01   3.4021927e-01  -1.0517747e-01   2.2702537e-03   1.1044334e-03   7.9047665e-04
  -1.3934016e-01   5.6409942e-02  -4.5251740e-01   5.7691174e-03   5.8113768e-04  -1.2846102e-04
  -8.6606198e-02   6.6413167e-01  -9.2859661e-02   6.9996017e-03   3.4103035e-03  -5.8359536e-04
  -7.6628676e-02  -3.2619792e-01  -4.6504176e-01   5.0610477e-03   2.0065288e-04  -7.7642794e-04
  -6.5075120e-02   2.9648577e-01  -1.5210664e-01   4.4338477e-03   2.1306145e-03   3.9230379e-04
  -6.2472823e-02   4.6118365e-01  -2.8167213e-01   9.4883458e-03   4.3137251e-03  -5.6544024e-04
  -5.7447231e-02   6.8326423e-03  -1.0725789e-01   6.3568291e-03   4.0171273e-03  -6.2286465e-04
  -6.0280224e-02   4.7900522e-02  -3.6276200e-01   6.5462429e-03   2.4651685e-03  -8.0019333e-04
  -5.1159657e-02   2.8708350e-01  -2.1764693e-01   6.1422133e-03   3.1612689e-03  -5.7787790e-04
  -7.4837377e-02   7.2632325e-02  -3.7251886e-01   6.8159356e-03   2.7168845e-03  -3.9372039e-04
  -1.9445477e-02   1.9297569e-01  -1.9061907e-01   6.8229810e-03   3.8266550e-03   7.3494062e-04
  -2.7207244e-02   1.3076297e-01  -3.1982981e-01   6.5717619e-03   2.6236401e-03   1.8618021e-04
  -4.0527512e-02   4.2425302e-01   1.8814338e-02   4.2705360e-03   3.4389527e-03   1.7191547e-04
  -5.4993650e-02   6.1548542e-02  -2.6876921e-01   7.4014982e-03   3.7493701e-03   9.8416927e-05
  -1.5792728e-02   3.1672346e-01  -3.5828345e-01   5.6544469e-03   2.1082042e-03   7.2499969e-04
   7.8930806e-02   2.6804849e-01  -3.9271866e-01   3.5051958e-03  -4.6066174e-04   1.7453564e-03
   3.4319838e-02  -3.9075482e-02  -4.1832017e-01   4.8998803e-03   3.6567470e-04   1.4707311e-03
   4.5790504e-02   1.6788565e-01  -1.4947155e-01   4.3603519e-03   2.4165687e-03   1.7572566e-03
   5.0975002e-02   2.4734721e-01  -7.3905661e-02   1.7147126e-03   1.4064801e-03   2.4553804e-03
   4.9942451e-02  -3.1976218e-02  -3.7530369e-01   6.6998255e-03   2.0944432e-03   2.3751487e-03
   5.3848726e-02   3.2787697e-01  -4.7151977e-02   4.3402999e-03   2.9509589e-03   3.1771518e-03
   2.4890706e-02   1.2049962e-01  -6.3059443e-01   1.4145454e-02   5.3660103e-03   2.7318379e-03
   9.8494774e-02   1.4534697e-01  -9.6604445e-01   1.9309550e-02   5.7709885e-03   5.1003279e-03
   2.9693813e-01  -8.7959634e-02  -1.6819595e+00   3.1879181e-02   6.6851712e-03   6.5639049e-03
   6.5939784e-01  -3.4017130e-01  -2.3992061e+00   4.9295295e-02   1.6290118e-02   5.8590362e-03
   1.7033841e-01  -1.0072198e+00  -2.4177292e+00   7.3794037e-02   2.3812866e-02  -1.0972567e-02
   8.0018927e-02  -2.0306852e+00  -1.4710018e+00   1.7578171e-02   4.4464329e-03  -9.2902872e-03
   8.0262870e-02  -5.0260761e-01  -6.7703330e-01   3.6674322e-03  -1.9325123e-04  -4.8021755e-03
   9.7982012e-02  -3.3029659e-01  -5.3580994e-01   4.1128347e-03   1.2170920e-03  -4.2841085e-03
   7.0611603e-02  -1.3078315e-01  -6.0881301e-01   3.6640286e-03   6.9950831e-05  -3.9352963e-03
   4.5991495e-02  -6.8726980e-03  -5.6769408e-01   4.3786159e-03   5.6439988e-04  -4.6023954e-03
   5.5525034e-02  -1.8938398e-01  -6.3924780e-01   4.3541022e-03   8.8320722e-05  -4.5690863e-03
   8.0120920e-02   1.1215839e-01  -3.1994992e-01   2.9081973e-03   1.4808373e-03  -4.1682091e-03
   1.0360330e-01  -3.2427934e-01  -7.2144560e-01   5.1286929e-03  -2.4806442e-04  -5.7221921e-03
   6.4744897e-02   4.0003957e-02  -4.7046036e-01   4.3560133e-03   1.0035040e-03  -3.5906081e-03
   7.9287287e-02  -1.0251343e-01  -6.5110527e-01   5.2017507e-03   3.3895500e-04  -3.0297983e-03
   7.9295801e-02   1.0294004e-01  -6.7888248e-01   5.7240635e-03   7.5203255e-04  -3.9036680e-03
   1.4284216e-01   1.9679404e-01  -3.8573003e-01   5.0235051e-03   2.2196000e-03  -3.6048588e-03
   1.0317960e-01  -1.3520176e-01  -4.3892647e-01   3.7631681e-03   2.0987153e-03  -3.1408387e-03
   8.8196343e-02   5.3572821e-01  -5.6188966e-01   1.4267357e-02   5.0355266e-03  -9.9085145e-03
  -2.2211329e-02  -1.3992624e-02  -9.1867334e-01   2.1524825e-02   6.9283480e-03  -8.6000289e-03
  -4.2950347e-02   1.7623295e-03  -6.1656275e-01   8.3532923e-03   4.0657754e-03  -2.7701273e-03
  -3.7867997e-02   2.5646139e-01  -4.9140130e-01   8.2019283e-03   5.4314705e-03  -2.6996577e-03
  -3.7943097e-02   4.4769452e-01   3.7223520e-03   5.4919533e-03   7.1669491e-03  -1.7564290e-03
  -9.3972082e-02  -2.0684777e-01  -6.8443338e-01   9.1086214e-03   4.0133484e-03  -3.0427464e-03
  -1.0569983e-01   4.1891586e-01  -3.1173266e-01   7.9275136e-03   6.3969941e-03  -1.2734289e-03
  -1.2585599e-01   8.3265746e-02  -6.5609310e-01   1.1197212e-02   6.9106702e-03   1.8878718e-03
  -1.1307354e-02  -8.1079891e-02  -1.1833500e+00   1.9303710e-02   5.9720543e-03   1.9542646e-03
  -1.4378459e-01  -4.3765772e-02  -2.5910197e+00   6.0534520e-02   1.6808716e-02  -4.9985854e-03
  -4.8380409e-02  -8.7025658e-01  -1.7358341e+00   2.8269730e-02   1.0824575e-02  -3.8871301e-03
   6.0754024e-03  -3.6514903e-01  -6.0011465e-01   1.2135963e-02   8.2587220e-03  -3.5770986e-03
  -1.9297917e-02  -5.1899382e-01  -1.1803735e+00   1.4413461e-02   5.5251274e-03  -4.0218639e-03
  -7.4862185e-03   2.7140466e-01  -8.2979150e-01   9.5227744e-03   5.2786848e-03  -4.2964833e-03
   6.8646435e-03   7.2134777e-02  -7.1542276e-01   9.3297704e-03   4.8817058e-03  -4.2462769e-03
  -4.9579207e-03  -7.6557085e-04  -6.7606976e-01   8.9429169e-03   4.6286587e-03  -4.1057122e-03
  -9.0353273e-03   2.5304558e-02  -6.5180184e-01   9.5359342e-03   5.7823528e-03  -2.9859413e-03
   7.1351692e-04   1.3759654e-02  -6.8610009e-01   9.8245604e-03   5.2512219e-03  -3.8918072e-03
  -2.1275513e-02   1.8018651e-01  -7.2202765e-01   9.8258154e-03   4.8796368e-03  -4.5201817e-03
  -4.0000533e-02  -1.2958779e-01  -8.1315982e-01   1.1003557e-02   5.2372523e-03  -4.8851947e-03
  -4.0876600e-02   9.9743058e-02  -8.5168728e-01   1.1828730e-02   5.3576015e-03  -4.4580144e-03
  -3.9644116e-02   1.1809801e-01  -8.3058176e-01   1.1236400e-02   5.5136149e-03  -4.2556573e-03
  -4.8660519e-02   1.0180732e-01  -8.6343390e-01   1.1559757e-02   5.3653796e-03  -4.3514910e-03
  -4.9433779e-02   4.9786761e-02  -8.5379949e-01   1.1271377e-02   5.2260506e-03  -4.5915948e-03
  -5.4624747e-02   1.9765764e-01  -8.8308792e-01   1.1866882e-02   5.5169832e-03  -4.3976555e-03
  -6.5385753e-02   8.7337287e-02  -8.5700780e-01   1.1205962e-02   5.5178896e-03  -4.2789481e-03
  -1.1786800e-01   3.1199339e-01  -7.4948021e-01   1.3471448e-02   6.1831690e-03  -8.5764852e-03
  -6.1780240e-02  -1.4593458e-01  -7.0610300e-01   3.3606385e-03  -3.3646442e-03  -3.6761135e-03
  -7.7041306e-02   2.6856180e-01  -7.2522280e-01   2.9025310e-03  -2.5993741e-03  -2.8427162e-03
  -3.4686595e-02  -2.6891941e-01  -6.7412847e-01   2.5102426e-03  -1.5616021e-03  -2.5345721e-03
  -1.4067793e-02   1.3006275e-01  -5.3686113e-01   2.0765885e-03  -7.7023270e-04  -2.4175011e-03
   2.4554117e-02  -8.2756007e-02  -5.0357066e-01   2.2874946e-03   1.2258447e-04  -2.0215783e-03
   5.5296813e-02  -1.4020337e-01  -6.0312872e-01   2.9684277e-03  -2.9418676e-04  -1.8370338e-03
   4.8238308e-02   1.1520949e-01  -5.7145671e-01   2.6072375e-03  -2.1001604e-05  -1.6140491e-03
   9.3855572e-02  -1.0279233e-01  -4.9738824e-01   9.8243404e-04   1.4540698e-05  -9.2140461e-04
   1.0818819e-01   5.7972390e-02  -4.9183715e-01   1.4701288e-03   4.2591897e-04  -6.6300392e-04
   8.6122657e-02  -1.5064898e-03  -5.6640269e-01   2.9501898e-03   9.9087407e-04  -7.2697322e-04
   1.3818893e-01   6.8941275e-02  -6.4555277e-01   5.2294786e-03   1.8951385e-03  -2.1821483e-04
   1.1377706e-01   1.6124176e-01  -6.3810910e-01   5.3439258e-03   2.4510267e-03   1.5088226e-03
   4.4941417e-02   9.2470248e-02  -7.5509109e-01   6.4951763e-03   2.5692777e-03   6.9657817e-04
   7.8128435e-02   2.1737906e-01  -1.3088352e+00   1.6828454e-02   4.7600178e-03  -1.7705648e-03
   1.1198468e-01   1.0480753e-01  -2.6851887e+00   6.5098100e-02   2.1060815e-02  -5.5214580e-03
  -2.2180024e-01  -1.8297342e+00  -3.1371215e+00   4.6009630e-02   1.4065716e-02  -8.6807057e-03
  -1.9767849e-03  -1.3704407e+00  -2.1427729e+00   1.9704159e-02   1.2185285e-03  -5.3583524e-03
   4.5202175e-02  -3.9056357e-02  -1.1905862e+00   1.0852350e-02   7.3548317e-04  -3.5090339e-03
   1.0944475e-02   1.5021746e-01  -9.2576233e-01   8.8552773e-03   1.7385646e-03  -3.3359682e-03
  -1.5865621e-02  -1.5692379e-01  -1.0810371e+00   9.8552833e-03   1.1418711e-03  -4.4703669e-03
  -2.0065099e-03   2.6984570e-02  -8.4460402e-01   9.8795485e-03   3.5462372e-03  -3.7021113e-03
   9.8034302e-04  -1.2360924e-01  -9.8876759e-01   1.0794189e-02   3.1340705e-03  -3.4539906e-03
  -8.4154362e-03   2.0292666e-01  -4.9202135e-01   6.7755293e-03   3.9455632e-03  -1.4218051e-03
  -6.1129346e-02  -1.2777454e-01  -7.9835978e-01   9.1553905e-03   3.6561751e-03  -1.6130783e-03
  -6.4719270e-02   1.8968943e-01  -7.7230409e-01   1.0199997e-02   3.7203142e-03  -2.9251550e-03
  -7.4072561e-02   2.2453566e-01  -5.2830601e-01   7.6733244e-03   5.1388355e-03  -1.8136791e-03
   4.7546628e-02   6.7841799e-01   9.2280342e-01  -2.2899928e-03   1.0575938e-02   8.4943434e-04
   5.6058780e-02   2.6108853e-02   4.7862688e-01  -9.2021166e-05   9.4525831e-03   3.4815196e-04
  -1.4602418e-02  -7.6051413e-02  -4.4220020e-01   5.6454270e-03   4.8956704e-03  -1.6859389e-03
  -6.5092259e-03  -1.2459972e-01  -7.4835454e-01   8.6153523e-03   3.0538808e-03  -2.6395300e-03
  -4.1806821e-02   5.2779287e-03  -8.0543359e-01   9.5273560e-03   3.6752190e-03  -2.8717272e-03
  -5.1385555e-02   1.9114340e-01  -8.5762981e-01   1.1278765e-02   3.4234967e-03  -3.5869170e-03
  -2.9507454e-02   1.1774094e-01  -6.2285751e-01   1.0349714e-02   4.9929684e-03  -2.9535651e-03
  -6.7655223e-02   4.2566289e-01  -6.0202588e-01   1.0569277e-02   4.8803170e-03  -2.8381298e-03
  -1.1635116e-01   1.2192212e-02  -8.6722120e-01   1.3101627e-02   5.2847174e-03  -1.6197284e-03
  -1.1995657e-01   1.6502777e-01  -9.9909854e-01   1.6775224e-02   5.8813558e-03  -2.4365949e-03
  -9.7893305e-02   1.2652044e-01  -1.0382027e+00   1.6892265e-02   6.0299494e-03  -5.8027621e-04
  -1.1276247e-01   1.9858421e-01  -1.2552668e+00   2.0098682e-02   6.6639660e-03  -2.7687114e-03
  -1.0982847e-01   2.1131674e-01  -1.4236564e+00   2.4324400e-02   9.8237337e-03  -1.5723989e-03
   1.8961368e-01  -3.5814578e-01  -2.5047381e+00   5.6128628e-02   1.3371300e-02   5.5240997e-03
   1.8070623e-02  -1.2326447e+00  -3.1298346e+00   5.9503739e-02   1.5514713e-02  -4.6990679e-03
  -6.7220327e-02  -1.6287574e+00  -2.6369047e+00   3.1457705e-02   1.5829363e-03  -7.0576319e-03
   1.1516263e-03   2.0005941e-01  -8.8331961e-01   1.4551048e-02   4.8644163e-03  -3.7437375e-03
   4.4407943e-04  -9.9781297e-03  -7.1082071e-01   1.1000330e-02   3.8803446e-03  -2.7319341e-03
  -6.5409274e-03  -4.5358661e-02  -8.2016535e-01   1.1762473e-02   3.3238667e-03  -2.6241346e-03
  -1.4194079e-03  -1.0621892e-02  -7.9673018e-01   1.2043062e-02   3.2906815e-03  -2.6046093e-03
   1.6811017e-02  -1.6096612e-02  -7.7906143e-01   1.1730825e-02   3.4947472e-03  -2.0771666e-03
   3.2475085e-02  -8.4821709e-02  -7.2525356e-01   1.1107207e-02   3.6495247e-03  -1.7667466e-03
   2.9102573e-02  -3.8160021e-02  -7.4116966e-01   1.1440376e-02   3.8682591e-03  -1.6978262e-03
  -4.7027046e-02   2.1353628e-01  -8.7099837e-01   1.5090257e-02   4.3870159e-03  -2.3857583e-03
  -2.1698942e-02  -1.3571930e-04  -9.8012353e-01   1.5142384e-02   3.3035328e-03  -1.6486034e-03
   1.4101952e-03  -2.4547505e-01  -1.4011760e+00   1.6869890e-02   8.9842365e-04  -2.6961755e-03
   1.1033559e-01   7.0424913e-01  -3.8803674e-01   7.1068876e-03   3.2927040e-03  -1.4529024e-03
   4.5217664e-02  -2.8968355e-01  -5.9237421e-01   6.8081385e-03   2.7396305e-03   7.1998545e-04
   5.2879547e-02  -1.5584906e-02  -5.1596975e-01   6.0245675e-03   2.4513398e-03   1.0524875e-03
   5.7909411e-02   2.3149895e-01  -3.8876910e-01   5.2517260e-03   2.6005459e-03   6.8303927e-04
   9.3630335e-02  -8.6006946e-02  -3.6297437e-01   5.1575462e-03   2.9623415e-03   1.0510597e-03
   8.1041604e-02   2.9184508e-01  -3.2943305e-01   5.3318004e-03   3.4046502e-03   2.2094605e-03
  -2.8939486e-02  -6.5907126e-01  -1.7152826e+00   1.4980134e-02   8.2763190e-04   3.1248665e-03
   2.4059228e-01   3.5008437e-01  -1.2913159e+00   1.4158208e-02   1.6643295e-03   1.2144791e-03
   8.2419716e-02  -1.5002581e-02  -1.1388245e+00   1.0255264e-02   1.6050555e-04  -1.2635138e-03
   7.8815199e-02  -1.2456433e-01  -1.1854726e+00   1.0084751e-02   4.8647365e-04  -7.2526925e-04
   3.6349816e-02   1.9898387e-01  -1.1295822e+00   1.0609323e-02   1.2706846e-03  -7.8019303e-04
   4.6297231e-02   7.3786845e-02  -1.1276733e+00   1.3043922e-02   3.1299350e-03   6.5995747e-04
   5.5912553e-02   8.9767344e-02  -1.1998082e+00   1.3808309e-02   3.0076423e-03   2.2569769e-03
   7.0517274e-02   3.3586692e-01  -1.7993238e+00   2.4253022e-02   6.2530024e-03   2.6838136e-04
   1.6685278e-01   1.5651074e-01  -2.9496206e+00   5.6709810e-02   1.2578846e-02   1.5657300e-03
  -2.3268349e-02  -7.9269271e-01  -3.3396741e+00   7.4452741e-02   2.8434335e-02  -1.0611018e-02
  -5.3121632e-03  -1.5626924e+00  -2.1555388e+00   2.3913470e-02   4.3741035e-03  -5.8200910e-03
   2.6650510e-03  -5.0627345e-01  -1.6030526e+00   1.6658953e-02   3.7372026e-03  -4.9940428e-03
  -2.8682094e-02  -1.7910793e-01  -1.4876965e+00   1.5810037e-02   4.6079019e-03  -4.6943864e-03
  -4.4370514e-02  -2.9360889e-02  -1.4189148e+00   1.4642656e-02   4.5893797e-03  -4.7173047e-03
  -6.3647635e-02   2.2486283e-02  -1.3430169e+00   1.4641504e-02   5.7323047e-03  -3.6488321e-03
  -1.0322546e-01   5.2793361e-01  -1.3379940e+00   1.8054063e-02   5.4476430e-03  -4.6344703e-03
  -2.5217569e-02  -2.5450552e-01  -1.3245480e+00   1.4731895e-02   4.4258801e-03  -3.7703109e-03
  -6.7097081e-02   1.8864481e-01  -1.3028327e+00   1.5332894e-02   4.4436569e-03  -4.2228491e-03
  -6.3416251e-02   8.5217495e-02  -1.2589411e+00   1.4030815e-02   2.8744470e-03  -6.5586979e-04
  -1.3000240e-01   8.9996883e-01  -1.3907011e+00   2.3242398e-02   5.5652236e-03  -5.1780596e-03
  -7.2299644e-02   6.7310867e-01  -1.1381842e+00   2.7463781e-02   9.8761090e-03  -8.9888421e-03
  -1.0096003e-01   2.0905829e-01  -1.3999106e+00   2.3436829e-02   8.1182697e-03  -6.5325517e-03
  -5.2244347e-02   1.5796576e-01  -1.2345269e+00   1.8208818e-02   6.0163327e-03  -5.5387450e-03
  -7.5453086e-02   1.7448404e-01  -1.3308328e+00   1.9342622e-02   6.2320909e-03  -4.9459166e-03
  -7.2812217e-02   2.5232753e-01  -1.3193207e+00   1.9338741e-02   5.9332095e-03  -4.9436828e-03
  -1.1863639e-01   2.3784964e-01  -1.3168860e+00   1.9506469e-02   3.9231689e-03  -6.2200882e-03
  -8.3461561e-02   2.2155159e-02  -1.2551002e+00   1.5845750e-02   1.0947733e-03  -5.2157861e-03
  -1.7939668e-01   3.2623842e-01  -1.1335346e+00   1.5270725e-02   3.7031042e-03  -2.9412184e-03
  -2.6588656e-01  -1.8284884e-01  -2.5096410e+00   2.7829406e-02   1.1269461e-03  -5.1762472e-03
  -7.5704600e-02   6.6937933e-01  -1.5868478e+00   2.5554294e-02   5.1948745e-03  -3.8216990e-03
   3.3590557e-02   1.0406571e+00  -5.2950021e-01   2.0308026e-02   1.2976178e-02  -1.9669884e-03
   6.1738045e-02   9.1268510e-01  -2.6723670e-01   2.9892403e-02   2.1953303e-02   1.5054945e-03
   6.0323168e-02  -8.5264625e-01  -1.7451819e+00   5.9163815e-02   3.9868984e-02   1.3421376e-03
   1.8856347e-01  -1.0489407e-01  -1.3572225e+00   1.2247918e-01   5.0990998e-02  -1.9110655e-02
   1.9771352e-02  -2.1936827e+00  -8.1395165e-01   3.8974826e-02   2.7500608e-02  -1.7940834e-02
   4.4724239e-02  -1.2520143e-01  -1.5181595e-01   2.9096274e-02   2.6837947e-02  -1.5654533e-02
   9.0391258e-02  -1.3896527e-01  -5.1519608e-02   2.6020808e-02   2.6338066e-02  -1.3910028e-02
   8.2154367e-02   1.2404058e-01  -7.0736930e-02   2.5972456e-02   2.6444771e-02  -1.2875025e-02
   6.3936667e-02   1.7573840e-01  -2.1741974e-02   2.5814316e-02   2.6381863e-02  -1.2878859e-02
   9.9933437e-02   2.9736486e-01   1.0841410e-01   2.5379456e-02   2.5109071e-02  -1.0637938e-02
   5.9839002e-02   1.7687537e-01  -2.8653756e-02   2.6204038e-02   2.4655098e-02  -1.1627723e-02
   1.1663316e-02   2.2672723e-01  -1.1310529e-01   2.0698623e-02   2.1504857e-02  -9.0883275e-03
   1.3603659e-02   1.7482237e-01  -1.2232893e-01   2.2666886e-02   2.3081830e-02  -8.0313267e-03
   2.3971717e-02   2.4688106e-01  -4.5613515e-02   2.1303966e-02   2.2245643e-02  -6.7998788e-03
  -1.4118378e-03   4.8126517e-01   6.9308046e-03   2.2413264e-02   2.2645215e-02  -8.7302505e-03
  -1.3422835e-01   1.1900239e+00   3.2334552e-01   3.8265046e-02   2.1037168e-02  -1.3941343e-02
  -6.2352535e-02   2.9600082e-01  -4.7075316e-02   3.7142931e-02   2.2075486e-02  -1.2789430e-02
  -3.2972048e-02   3.0872221e-02  -1.6752223e-01   3.2508885e-02   1.9999389e-02  -1.4981584e-02
   5.8483561e-01  -6.2429617e-01  -4.8775711e-01   3.7133739e-02   1.5901269e-02  -1.6080383e-02
   3.5947339e-01   1.4620185e-01  -2.5975891e-01   2.6960606e-02   2.0449046e-02  -5.0578340e-03
   1.2529522e-01   1.6799774e-01  -5.2691604e-02   1.8990900e-02   2.0715450e-02  -3.5416121e-03
   3.7319529e-02   3.7323870e-01   8.5607311e-03   1.7973120e-02   2.1598735e-02  -2.6412533e-03
   5.1529983e-02   8.6500328e-02  -4.3019001e-01   2.4008286e-02   2.1145378e-02  -1.0862099e-04
   1.1655080e-02   1.1391100e-01  -7.5011687e-01   2.6922311e-02   2.2914938e-02   9.2795815e-04
   6.2782948e-02   3.1177363e-02  -1.3684884e+00   3.2490125e-02   2.1066339e-02   5.4888624e-05
   1.1893660e-01  -1.0158164e-01  -1.4192270e+00   2.7981331e-02   1.9419405e-02  -1.6443274e-03
   1.4570213e-02  -7.3872640e-02  -9.2491610e-01   2.1153125e-02   1.8905463e-02  -4.6978817e-03
   6.3907400e-03   2.0320555e-01  -4.7440084e-01   1.9725408e-02   2.0088365e-02  -3.8215454e-03
  -4.7568058e-02   3.0770666e-01  -5.0045126e-01   1.4428997e-02   1.7033599e-02  -3.0908322e-03
  -9.7816648e-02   1.5554362e-01  -2.7498397e-01   1.3686085e-02   1.8274123e-02  -1.5409400e-03
  -2.7206878e-01   6.5398088e-01  -2.0179121e-01   1.5331322e-02   1.9494570e-02  -1.9763596e-03
  -3.7614575e-01   3.4883181e-01  -2.8787225e-01   1.7102268e-02   2.0431399e-02  -4.3051439e-03
  -3.2269044e-01   1.3045600e-01  -4.2839125e-01   1.6136215e-02   1.8733081e-02  -4.2769147e-03
  -2.9174814e-01   2.6144456e-01  -4.5961630e-01   1.6146653e-02   1.8355099e-02  -3.5958521e-03
  -2.4513459e-01   4.1975108e-01  -2.2218429e-01   1.5637065e-02   2.0074163e-02  -1.6948967e-03
  -2.6898083e-01   4.9515737e-01  -2.3553164e-01   1.6471126e-02   2.1059815e-02   7.5742210e-04
  -1.3012009e-01   2.9978234e-01  -2.9641943e-01   1.7336798e-02   1.8202130e-02  -5.9321310e-04
  -2.4088811e-01   8.1392958e-01  -1.1413506e-02   1.7449925e-02   1.9749147e-02  -2.6148393e-03
  -2.4635888e-01   1.9177843e-01  -4.0411982e-01   1.9246536e-02   1.8520029e-02  -2.7555322e-03
  -2.5943035e-01   4.2802199e-01  -2.5453380e-01   1.9060814e-02   2.0108047e-02   1.1815742e-04
  -2.9273182e-01   7.8537065e-01   5.0796108e-02   1.9109162e-02   2.1842649e-02  -1.0712168e-03
  -2.9223783e-01   3.2639142e-01  -3.4709018e-01   1.6429445e-02   1.6976125e-02  -4.2179744e-03
  -2.8443520e-01   4.8449627e-01  -3.0427602e-01   1.5635905e-02   1.7362172e-02  -4.1733686e-03
  -2.4324680e-01   2.9563485e-01  -2.9800706e-01   1.5761810e-02   1.7383096e-02  -3.4813774e-03
  -2.2003099e-01   5.7075432e-01  -7.0575760e-02   1.6596855e-02   2.0015400e-02  -5.6854442e-04
  -2.2333173e-01   5.3058218e-01  -7.0962849e-02   1.7619956e-02   1.9078103e-02  -1.9435549e-03
  -2.1066541e-01   3.2506191e-01  -1.9859660e-01   1.7653693e-02   1.8669355e-02  -1.9028358e-03
  -2.1821259e-01   5.6739448e-01  -1.1908022e-01   1.8604246e-02   1.9852853e-02  -1.2135273e-03
  -2.7641322e-01   3.4595501e-01  -1.9332427e-01   2.1556181e-02   2.1339830e-02  -1.7741779e-03
  -2.3090026e-01   4.1499485e-01  -2.0795235e-01   1.8867997e-02   2.0210084e-02  -1.2288411e-03
  -2.4603316e-01   5.3593370e-01  -1.6190859e-01   1.8266787e-02   1.9955730e-02  -1.4980200e-03
  -2.4188656e-01   4.8452368e-01  -1.6903202e-01   1.9916905e-02   2.0797014e-02  -1.4303434e-03
  -2.8194759e-01   7.0414480e-01   2.1277058e-01   1.7711042e-02   2.2526924e-02   1.9290032e-04
  -2.3186064e-01   1.6021304e-01  -3.9599812e-01   2.1540481e-02   1.9521188e-02  -2.5416919e-03
