   0.0000000e+00   0.0000000e+00   0.0000000e+00   0.0000000e+00   0.0000000e+00   0.0000000e+00
   3.2849788e-03   2.0623558e-02  -7.1035074e-02   1.9161787e-03   6.5978777e-06  -1.1507554e-04
   6.5112006e-03   1.0311250e-01  -6.0421712e-02   1.2101461e-03  -2.1263109e-04  -1.5874066e-04
   1.1806169e-02   3.5266635e-02  -7.4594902e-02   2.0169747e-03   2.9083546e-05  -1.9615609e-04
   2.9513310e-03   1.0045725e-02  -3.5688637e-02   1.2359765e-03  -2.5457456e-06  -3.4956442e-04
  -1.2285467e-03  -2.8890516e-02  -4.8538455e-02   1.0534341e-03   1.4318254e-04  -3.7892477e-04
   2.7427137e-03   3.6027487e-04  -5.9738473e-02   9.1172221e-04   1.0625408e-04  -3.4599390e-04
   1.5426627e-03   5.3226484e-03  -3.9138882e-02   1.0926226e-03   7.7647300e-05  -3.6158631e-04
   1.8692038e-03  -1.3438094e-02  -5.3468807e-02   1.3864341e-03   2.3027239e-04  -4.1433619e-04
   6.5516350e-03   5.9717700e-03  -3.9323447e-02   1.0085477e-03   2.3451699e-04  -3.7601687e-04
   2.6061870e-02   1.0515458e-02  -4.0816433e-02   1.0820070e-03   4.3226953e-04  -2.3793628e-04
   2.5799893e-02  -5.2617573e-02  -4.5948896e-02   1.3237373e-03   3.7862957e-04  -4.0991701e-04
   2.0382594e-02   3.2555553e-02  -1.4957309e-02   1.1489363e-03   4.1211154e-04  -3.2830954e-04
   1.6733145e-02   3.4366687e-02  -1.5246681e-03   8.3410234e-04   4.3768058e-04  -2.9925309e-04
   2.7386134e-02  -2.7439054e-02  -1.2484817e-02   1.0501651e-03   7.0063861e-04  -4.7331817e-04
   8.6718957e-02   8.6088280e-02  -3.7830254e-03   6.7432877e-04   8.7821764e-04   1.6767299e-04
   6.7265361e-02  -6.9025974e-02  -6.4757548e-02   1.3656422e-03   8.2035644e-04  -1.2089409e-04
   6.1631592e-02   1.1740455e-02  -3.1093651e-02   8.7859853e-04   9.0012443e-04  -2.7269000e-04
   6.8675424e-02   2.2397148e-02  -4.4706864e-02   1.1863346e-03   1.0960118e-03  -1.8153888e-04
   7.2548591e-02  -1.8169381e-02  -3.5593534e-02   8.5865639e-04   8.8667383e-04   2.9846233e-05
   7.5077565e-02   6.3079253e-05  -4.9278945e-02   9.7906093e-04   9.6709826e-04  -4.4799106e-06
   7.4374031e-02   2.4561418e-02  -3.7474415e-02   9.7920098e-04   9.9614156e-04   3.5136541e-05
   7.8515027e-02   3.0861506e-03  -1.7915620e-02   7.3983604e-04   1.0250746e-03   8.0577150e-05
   6.8561113e-02  -5.2164935e-03  -3.0899204e-02   7.4698280e-04   9.0295182e-04  -8.2474601e-05
   6.3962054e-02  -1.2807776e-02  -2.7578660e-02   6.7856496e-04   9.0097067e-04  -1.0769423e-04
   6.3534587e-02   1.3635392e-02  -2.2485912e-02   7.0092990e-04   8.4102304e-04  -1.0388948e-04
   6.2919991e-02   4.7208733e-02  -1.5493839e-02   5.3735486e-04   8.4139968e-04  -1.1127270e-04
   7.0568688e-02  -5.8693013e-02  -2.8513111e-02   8.9731510e-04   8.2697514e-04  -1.3356172e-04
   6.6603927e-02   9.0917747e-02  -4.4572827e-02   8.6819781e-04   9.9544805e-04  -3.2326124e-05
   5.8620865e-02   2.7909239e-02  -4.0060783e-02   6.1530961e-04   9.1073037e-04  -9.3720632e-05
   8.4555142e-02   4.2222756e-02  -3.8137647e-02   1.1652180e-03   8.9366407e-04   2.6207578e-04
   7.4945679e-02   2.1457197e-02  -2.0569517e-02   3.1012177e-04   9.7916490e-04   1.2141620e-04
   7.9089736e-02  -1.6538369e-02  -2.1844513e-02   4.9198809e-04   8.0750098e-04   2.5094909e-04
   8.3180959e-02   1.2768372e-02  -2.9478808e-02   6.5395386e-04   9.3567775e-04   9.7526352e-05
   7.5177408e-02   7.6011840e-03  -3.5536765e-02   5.3724319e-04   7.2529280e-04   1.6332189e-04
   7.9393034e-02   1.8720412e-02  -1.8800880e-02   5.3373055e-04   7.0235889e-04   1.7858214e-04
   7.2544508e-02  -7.1594881e-03  -4.0487342e-02   5.0608370e-04   6.3434396e-04   2.2366430e-04
   7.7026524e-02   1.5671343e-02  -1.9455751e-02   5.9196992e-04   7.3677985e-04   2.4793557e-04
   8.5571225e-02   8.0310004e-03  -4.7378296e-02   4.5150791e-04   8.0064333e-04   2.6931806e-04
   7.7790320e-02   2.1104067e-02  -5.7870341e-02   4.5610044e-04   8.4532865e-04   2.6311833e-04
   8.4114121e-02   4.2554272e-02  -5.1293277e-02   6.4414800e-04   7.5295745e-04   3.1785555e-04
   9.3091421e-02   6.0814737e-02  -4.0729217e-02   1.2688005e-03   9.7125637e-04   3.9247683e-04
   8.7160157e-02  -1.7062378e-02  -6.3421781e-02   7.2302439e-04   7.6341337e-04   2.7229787e-04
   7.4275031e-02   1.0344471e-01  -8.2714507e-02   6.3038016e-04   8.4408509e-04   2.8567432e-04
   7.6501963e-02   6.2676782e-02  -7.8444616e-02   2.3759054e-04   7.4200403e-04   3.0888003e-04
   7.2493678e-02  -5.4197837e-02  -1.0363402e-01   5.7574764e-05   7.6122421e-04   4.1139989e-04
   7.4050475e-02   1.1370087e-01  -7.2556792e-02   4.5965996e-04   8.0080642e-04   1.9581520e-04
   8.7497533e-02   6.4252064e-02  -7.9226015e-02   5.2822048e-04   8.1876962e-04   3.2336933e-04
   9.1340080e-02   1.6818624e-02  -6.4906843e-02   3.3308891e-04   9.3351051e-04   4.5539785e-04
   1.0180855e-01   6.7028947e-02  -4.5447939e-02   1.2798501e-04   9.7955123e-04   5.0151303e-04
   8.8181788e-02  -9.8116236e-04  -8.4709749e-02   1.6861263e-04   7.9121105e-04   5.1634832e-04
   1.0656291e-01   2.7089661e-02  -5.6145893e-02   1.8806612e-04   8.4674746e-04   6.4545126e-04
   1.0661706e-01   4.2428825e-02  -4.0015402e-02   2.4156195e-04   9.6206236e-04   6.0454615e-04
   9.5464605e-02   3.9765654e-02  -6.3780695e-02   3.4865570e-04   9.0946710e-04   4.9566860e-04
   9.8966931e-02   4.9417750e-02  -2.9500774e-02   3.2343805e-04   8.7545038e-04   5.4389266e-04
   9.6158263e-02   2.4470611e-02  -4.2177227e-02   4.8338771e-04   1.0892062e-03   3.2360948e-04
   9.7584611e-02   3.4905055e-02  -1.8418446e-02   1.3881221e-04   9.9295067e-04   3.4822248e-04
   1.0461405e-01   2.2694809e-02  -3.5335023e-02   7.5824999e-04   8.8597307e-04   4.9570944e-04
   9.0797217e-02   2.3672288e-02  -3.5309848e-02   1.2861954e-04   7.6798513e-04   3.5891631e-04
   7.1981447e-02   4.7517461e-02  -3.1986487e-02  -1.0620162e-05   6.1285596e-04   3.1443916e-04
   7.6720500e-02   2.4749575e-03  -4.1721300e-02   1.3810585e-04   6.2156707e-04   4.5125351e-04
   7.4328487e-02   5.4184581e-02  -5.1987965e-02   1.3523189e-04   6.2773634e-04   3.7611959e-04
   7.8050046e-02   4.5268522e-02  -6.5882028e-02   4.7360725e-04   8.0861405e-04   2.5059207e-04
   7.5325609e-02   8.3190202e-02  -5.7968606e-02   1.9726010e-04   7.0544821e-04   3.1662191e-04
   7.6993121e-02   4.8817303e-02  -6.0410472e-02   3.5160300e-04   6.4287750e-04   3.0012031e-04
   7.7199669e-02   3.5637090e-02  -7.1630136e-02   4.3882642e-04   6.9341203e-04   2.5562219e-04
   8.0643607e-02   5.8811611e-03  -6.8628188e-02   7.1902298e-04   5.5104204e-04   1.6594724e-04
   1.0054153e-01   9.7076725e-02  -9.7646566e-02   7.0398406e-04   7.3295021e-04   5.6954869e-04
   1.0212033e-01   8.8149972e-02  -5.7684893e-02   1.0665395e-03   4.1710413e-04   6.9620580e-04
   1.0211931e-01   9.1122968e-02  -4.7301455e-02   8.4800678e-04   6.2388617e-04   8.2876922e-04
   9.0975480e-02   1.0628126e-01  -3.8714979e-02   8.6650883e-04   6.2727229e-04   7.3086296e-04
   1.2455444e-01   9.6866362e-02  -3.0376226e-02   7.0517996e-04   7.7570847e-04   1.0602008e-03
   1.2751601e-01   7.1993618e-02  -3.5721672e-02   7.2169311e-04   7.7533813e-04   1.1636931e-03
   1.3291334e-01   5.8049547e-02  -3.3254717e-02   5.8377941e-04   8.5344593e-04   1.2054666e-03
   1.4282786e-01   4.8645213e-02  -2.7330590e-02   6.4027449e-04   9.8497361e-04   1.1971667e-03
   1.3718007e-01   6.4907159e-02  -3.0625732e-02   6.4417739e-04   1.0181317e-03   1.1830933e-03
   1.3905901e-01   8.4070522e-02  -2.4371749e-02   5.0334018e-04   9.2943716e-04   1.1748813e-03
   1.3636611e-01   6.8447913e-02  -4.0186280e-02   5.7230517e-04   8.4797882e-04   1.2253114e-03
   1.3677525e-01   9.8276345e-02  -4.4013202e-02   5.8822654e-04   8.8831026e-04   1.0731136e-03
   1.5777078e-01   1.4992151e-01  -2.4017108e-02   7.8283479e-04   8.7474202e-04   1.2938547e-03
   1.5504265e-01   2.4323435e-02  -1.0512154e-01   1.1709462e-03   5.7873873e-04   1.5467007e-03
   1.5041016e-01   9.9046830e-02  -7.0229815e-02   8.4946103e-04   6.8814368e-04   1.5451414e-03
   1.5368730e-01   9.9335857e-02  -6.9846472e-02   6.3848469e-04   7.7372506e-04   1.5327242e-03
   1.4701353e-01   7.5620313e-02  -6.5562622e-02   6.5548697e-04   7.2787563e-04   1.3941072e-03
   1.6244228e-01   9.0579884e-02  -5.9834531e-02   5.0627051e-04   7.9416875e-04   1.5074138e-03
   1.7165994e-01   1.3935757e-01  -1.2280865e-02   2.2259786e-04   7.5046076e-04   1.6814604e-03
   1.5730770e-01   1.5796393e-02  -1.2072794e-01   1.7986495e-04   7.1102133e-04   1.5616959e-03
   1.6669387e-01   1.5282848e-01  -6.6149927e-02   5.8830808e-04   7.8805879e-04   1.4655239e-03
   1.6623352e-01   8.1104373e-02  -4.9711687e-02   6.4200797e-04   6.6136630e-04   1.5488558e-03
   1.7097578e-01   1.1032479e-01  -2.9205182e-02   6.1897099e-04   6.7293503e-04   1.6444911e-03
   1.6737735e-01   9.1229503e-02  -2.2517408e-02   5.0217673e-04   6.1416063e-04   1.6480958e-03
   1.6605447e-01   9.3534653e-02  -1.5234126e-02   5.6722576e-04   7.4842048e-04   1.5771790e-03
   1.6707922e-01   1.2354661e-01  -1.0094718e-02   7.5979675e-04   6.5951569e-04   1.6933831e-03
   1.6861007e-01   4.9332700e-02   1.6518215e-02   1.9382474e-04   5.8894960e-04   1.7390486e-03
   1.5722463e-01   7.7612267e-02  -2.6933008e-02   4.9750867e-04   5.5327666e-04   1.5807606e-03
   1.6495253e-01   9.8750046e-02  -2.0873942e-02   4.8392524e-04   5.6481123e-04   1.6945781e-03
   1.6291910e-01   8.5670569e-02  -3.4310952e-02   7.5010990e-04   5.1769285e-04   1.6309476e-03
   1.6246682e-01   1.2371993e-01   1.4676697e-03   5.6429339e-04   4.9023431e-04   1.7175454e-03
   1.7001863e-01   8.4615354e-02   4.3389602e-03   7.1914953e-04   4.7595495e-04   1.7820489e-03
   1.7883223e-01   8.1783287e-02   3.4790614e-03   6.5038117e-04   5.3934176e-04   1.8420861e-03
   1.7297777e-01   4.5592082e-02  -6.4800748e-03   6.7860592e-04   5.3369173e-04   1.9131523e-03
   1.6965576e-01   6.8082752e-02   3.6253970e-03   6.7369485e-04   6.3771544e-04   1.8011143e-03
   1.6573903e-01   8.6109932e-02   8.4793195e-03   4.2750811e-04   6.6074758e-04   1.8068862e-03
   1.7842011e-01   7.3897059e-02  -2.7974914e-02   6.1558832e-04   8.9516195e-04   1.8984894e-03
   1.7623539e-01   8.0927635e-02  -6.7719377e-03   5.2294806e-04   7.3232258e-04   1.9209879e-03
   1.8116500e-01   6.2761593e-02  -5.6116183e-03   1.2792545e-03   6.3968283e-04   1.9082016e-03
   1.6698339e-01   9.9856498e-02   1.0748824e-02   4.5227987e-04   5.8561405e-04   1.9076135e-03
   1.9541046e-01   1.3366320e-01   7.1506287e-02   5.2814805e-04   7.0919611e-04   2.1833066e-03
   1.7927507e-01   2.6661569e-02   3.6396360e-03   6.4955767e-04   3.2674418e-04   2.2050081e-03
   1.7908825e-01   5.8213142e-02  -1.4657191e-03   5.3870049e-04   4.2734078e-04   2.1676975e-03
   1.9293233e-01   6.4901453e-02   1.0001621e-02   5.8598391e-04   4.2567526e-04   2.2914740e-03
   1.8933592e-01   6.2932759e-02   1.1561815e-02   6.1841200e-04   2.8574835e-04   2.2332935e-03
   2.0194152e-01   6.9437879e-02   1.5756489e-02   3.9583408e-04   3.2020125e-04   2.3082244e-03
   1.9906526e-01   4.0661099e-02   7.1001477e-03   5.4596033e-04   4.0553439e-04   2.2195398e-03
   1.9613033e-01   6.4490685e-02   1.0629958e-02   5.8067853e-04   3.3204503e-04   2.1549174e-03
   1.8434490e-01   7.5325796e-02   3.8010872e-03   4.8338319e-04   3.1041410e-04   2.0598694e-03
   1.8428568e-01   9.0852114e-02   3.8108136e-04   5.4375957e-04   3.7911448e-04   2.0339086e-03
   1.8833686e-01   1.1302814e-01   1.0776223e-02   6.0211032e-04   3.0296326e-04   2.1054858e-03
   1.8174725e-01   9.8512759e-02   1.6487262e-03   5.8528413e-04   3.0709405e-04   2.0349545e-03
   2.7447577e-01   3.9796059e-01   4.0191801e-01   1.1077535e-03   6.6844584e-04   2.5308732e-03
   2.7581029e-01   5.5045968e-02   1.4707434e-02   3.6525590e-03   3.2068515e-04   2.3946620e-03
   2.6996387e-01   2.1156654e-01   9.7476198e-02   3.1399434e-03   2.0297117e-04   2.2135245e-03
   2.4745653e-01   2.6647511e-01   1.3067675e-01   2.9223692e-03   4.9344330e-05   1.9832948e-03
   2.4457989e-01   2.1825577e-01   1.3533126e-01   2.8700954e-03  -5.4060251e-05   2.0126913e-03
   2.1878885e-01   1.9020025e-01   1.2480055e-01   2.1269229e-03  -4.3635561e-04   1.9291024e-03
   2.2569077e-01   2.6751570e-01   1.6584499e-01   2.4944499e-03  -4.5313047e-04   1.8145295e-03
   2.3152125e-01   2.2390643e-01   1.7007922e-01   2.4452087e-03  -2.6578989e-04   1.8671950e-03
   2.3144560e-01   2.1955696e-01   1.8960462e-01   2.1581246e-03  -2.2094586e-04   1.7930910e-03
   2.2300812e-01   1.7020966e-01   1.7676283e-01   1.9918055e-03  -2.4329047e-04   1.9341872e-03
   2.0539930e-01   2.1355434e-01   1.6784603e-01   2.0922515e-03  -1.6390823e-04   1.6222289e-03
   1.9695090e-01   2.3928155e-01   1.8468498e-01   2.0893114e-03  -2.8752224e-04   1.5835656e-03
   1.8714186e-01   2.7260223e-01   1.8757327e-01   2.1568809e-03  -3.0424203e-04   1.4607986e-03
   1.8661364e-01   2.1693687e-01   1.8320892e-01   2.1257930e-03  -1.7478714e-04   1.2930587e-03
   1.9754527e-01   2.7722831e-01   1.9912519e-01   2.3682390e-03  -1.0446504e-04   1.4797988e-03
   2.0930771e-01   2.8629078e-01   2.1708782e-01   1.8195177e-03  -3.0775767e-04   1.7565807e-03
   2.0688676e-01   2.2418575e-01   2.2195113e-01   2.1978112e-03  -3.5189032e-04   1.8113476e-03
   2.1141676e-01   2.1576089e-01   2.0243197e-01   1.8762541e-03  -3.1517659e-04   1.8579590e-03
   2.1044789e-01   2.4748977e-01   2.2038928e-01   1.9697518e-03  -4.3329151e-04   1.9944414e-03
   2.1895367e-01   2.5695002e-01   1.9685790e-01   1.9179164e-03  -2.9481913e-04   1.9774733e-03
   2.1659147e-01   2.5067497e-01   1.9012882e-01   1.9386929e-03  -2.9720786e-04   1.8968125e-03
   2.0390521e-01   2.7072508e-01   2.0461231e-01   2.2659861e-03  -3.6549617e-04   1.7774289e-03
   2.0790829e-01   2.5229109e-01   2.2423415e-01   2.1168146e-03  -3.3521764e-04   1.8153639e-03
   2.0598316e-01   2.5035194e-01   2.2921107e-01   1.9914580e-03  -3.8254281e-04   1.8059718e-03
   1.9860425e-01   2.3100009e-01   2.2697739e-01   1.9729132e-03  -3.8646015e-04   1.8307420e-03
   2.0458970e-01   2.5358143e-01   2.4371265e-01   1.8383301e-03  -4.5086375e-04   1.8369376e-03
   1.9684196e-01   1.7332003e-01   2.3160156e-01   3.0118577e-03  -3.3916810e-04   1.6576177e-03
   2.0303211e-01   2.8071277e-01   2.3954170e-01   1.9505813e-03  -2.0783775e-04   1.8763036e-03
   1.9043337e-01   2.6558994e-01   2.1133330e-01   1.8131619e-03  -2.7364605e-04   1.7884325e-03
   1.9497323e-01   2.6592384e-01   2.1476998e-01   1.8143857e-03  -2.3883083e-04   1.7357560e-03
   2.0853361e-01   2.1322538e-01   2.2150092e-01   2.0304466e-03  -1.6800186e-04   1.8378186e-03
   2.1948146e-01   2.6810022e-01   2.5051544e-01   1.6356282e-03  -3.1090933e-04   2.0065700e-03
   2.1988114e-01   2.0444210e-01   2.3052046e-01   1.6561372e-03  -3.4969596e-04   2.0953933e-03
   2.2460167e-01   2.1256755e-01   2.3591677e-01   1.7065730e-03  -2.3958893e-04   2.1278715e-03
   2.2184793e-01   2.0669087e-01   2.0996984e-01   1.8154756e-03  -2.3848834e-04   2.0188263e-03
   2.2355424e-01   2.2913720e-01   2.1389993e-01   2.0404536e-03  -2.1892958e-04   2.1304073e-03
   2.2617815e-01   2.6695936e-01   2.3058098e-01   1.9165947e-03  -2.0931369e-04   2.1075847e-03
   2.2342279e-01   2.3128539e-01   2.1497911e-01   2.0279600e-03  -1.6378606e-04   2.0959120e-03
   2.2920104e-01   2.2558216e-01   2.0214593e-01   2.2751257e-03  -3.6231720e-04   2.0521457e-03
   2.1559716e-01   2.8459671e-01   2.1060343e-01   2.1452220e-03  -4.9534487e-05   1.7986439e-03
   2.2727077e-01   2.3864285e-01   2.1122085e-01   2.1053736e-03  -6.7779140e-05   1.9366550e-03
   2.2955317e-01   2.2397142e-01   2.3238418e-01   1.9773418e-03  -3.4286453e-05   1.7752693e-03
   2.2406695e-01   2.2262679e-01   2.3111706e-01   1.8782013e-03  -1.2079230e-04   1.6993360e-03
   2.5350341e-01   6.1980524e-03   1.4241662e-01   2.8639789e-03   1.5174193e-04   2.0510005e-03
   2.5176699e-01   3.5821097e-01   3.0246278e-01   1.9384343e-03  -1.3294849e-04   2.0121269e-03
   2.4064532e-01   2.6505066e-01   2.5224454e-01   1.8628610e-03  -3.2820413e-04   1.9470691e-03
   2.3322873e-01   2.1453996e-01   2.6693698e-01   1.9701887e-03  -4.0447911e-04   1.8128401e-03
   2.3069659e-01   2.2927791e-01   2.9297412e-01   1.9343242e-03  -4.0384223e-04   1.9146578e-03
   2.3727380e-01   2.2116131e-01   2.9657152e-01   1.9388905e-03  -4.0880963e-04   2.0992115e-03
   2.3585877e-01   2.1333373e-01   3.0665578e-01   1.9400601e-03  -2.5847419e-04   2.0884927e-03
   2.3222765e-01   2.0561211e-01   3.3243712e-01   1.7631425e-03  -3.7159721e-04   1.9674791e-03
   2.0725163e-01   2.6520840e-01   3.9821740e-01   1.6853636e-03  -7.6455205e-04   1.9093446e-03
   2.1141646e-01   1.4078638e-01   3.5209879e-01   1.9699169e-03  -4.2142489e-04   1.7892181e-03
   2.1328943e-01   1.9799867e-01   3.7826182e-01   1.9815623e-03  -3.9602510e-04   1.9030323e-03
   2.1679769e-01   1.8926898e-01   3.7136346e-01   1.8365588e-03  -4.8860413e-04   1.8578621e-03
   2.2471499e-01   1.7019806e-01   3.9363067e-01   1.8042476e-03  -4.7626445e-04   1.9888800e-03
   2.1643597e-01   1.7937061e-01   3.8861934e-01   2.0997826e-03  -6.0014049e-04   1.9051114e-03
   2.1108029e-01   1.7182819e-01   3.8926101e-01   1.9623116e-03  -6.2953379e-04   1.9216452e-03
   2.1121001e-01   2.2315736e-01   4.0516428e-01   1.8556937e-03  -7.1481107e-04   2.0531973e-03
   2.0828052e-01   2.0654553e-01   3.9467109e-01   1.9736028e-03  -6.7200880e-04   1.9769081e-03
   2.0831133e-01   2.0071062e-01   4.0071978e-01   1.8164103e-03  -6.7533506e-04   2.0922697e-03
   2.0877060e-01   1.9637841e-01   3.9659690e-01   1.6155652e-03  -7.0084412e-04   2.0467107e-03
   2.1527347e-01   1.8680371e-01   3.9482021e-01   1.7761644e-03  -6.6734775e-04   2.2463817e-03
   2.2174668e-01   1.9787269e-01   3.8365623e-01   1.7621196e-03  -5.6867735e-04   2.2306406e-03
   2.2069381e-01   1.9122689e-01   3.8059632e-01   2.4337002e-03  -5.8572118e-04   2.1755404e-03
   2.1856436e-01   1.6060561e-01   4.0774862e-01   1.7421936e-03  -6.5526530e-04   2.2544832e-03
   2.2485540e-01   1.9557589e-01   4.4008945e-01   1.9200985e-03  -5.9356280e-04   2.2399074e-03
   2.2863595e-01   1.7443234e-01   4.5336709e-01   1.5069787e-03  -6.6146156e-04   2.2664891e-03
   2.2802095e-01   1.5204610e-01   4.5135887e-01   1.3926646e-03  -6.4696265e-04   2.3667066e-03
   2.2844513e-01   1.8160016e-01   4.5528734e-01   1.2632177e-03  -6.8600498e-04   2.3305246e-03
   2.2675176e-01   1.5154087e-01   4.5705920e-01   1.1832701e-03  -6.7261814e-04   2.4901850e-03
   2.0922608e-01   1.5985865e-01   4.4204168e-01   1.2747979e-03  -7.9432441e-04   2.3021499e-03
   2.2063119e-01   1.3174624e-01   4.3806234e-01   1.4898387e-03  -8.7420980e-04   2.4605537e-03
   2.2168137e-01   1.5153493e-01   4.7111989e-01   1.5203826e-03  -8.0303877e-04   2.3668297e-03
   2.2116470e-01   1.3555147e-01   4.6839897e-01   1.5118992e-03  -8.5945201e-04   2.3465160e-03
   2.1029589e-01   1.6475430e-01   4.6167012e-01   1.4644004e-03  -9.4442209e-04   2.2785751e-03
   1.9879250e-01   2.0358840e-01   4.5619976e-01   1.5610285e-03  -8.4069574e-04   2.1858812e-03
   2.2523057e-01   2.3281469e-01   4.3918195e-01   2.0734574e-03  -6.0236059e-04   2.3013714e-03
   2.2809616e-01   1.2768981e-01   4.5826292e-01   1.5611034e-03  -8.0811860e-04   2.3674000e-03
   2.3556656e-01   1.9566755e-01   4.6214303e-01   1.7138633e-03  -9.2285282e-04   2.4539668e-03
   2.5025015e-01   1.7956817e-01   4.4215664e-01   1.6395259e-03  -8.0349136e-04   2.6142581e-03
   2.7213314e-01   1.9529002e-01   4.4722325e-01   1.2112591e-03  -7.4442559e-04   2.8915386e-03
   2.6766598e-01   1.5113331e-01   4.2612814e-01   1.5984792e-03  -8.7130015e-04   2.9673127e-03
   2.7551802e-01   1.9512482e-01   4.2957413e-01   1.8078053e-03  -6.6065339e-04   3.0612440e-03
   2.7569358e-01   2.0758727e-01   4.4142935e-01   1.7800119e-03  -9.4914014e-04   3.1871161e-03
   2.8187504e-01   1.7431586e-01   4.3957771e-01   1.8712186e-03  -9.6110355e-04   3.2583233e-03
   2.9729517e-01   1.6524371e-01   4.3806776e-01   1.8477209e-03  -1.0089389e-03   3.3440584e-03
   3.0704212e-01   1.8380403e-01   4.4936608e-01   1.8837044e-03  -7.4433643e-04   3.4239182e-03
   3.0166724e-01   1.8216009e-01   4.5013958e-01   1.6547119e-03  -1.0883853e-03   3.5736493e-03
   3.0310446e-01   1.5541887e-01   3.9434196e-01   2.0335206e-03  -1.0290069e-03   3.5380340e-03
   3.0033171e-01   2.2446922e-01   4.5147823e-01   1.8708157e-03  -1.1132382e-03   3.5400833e-03
