   0.0000000e+00   0.0000000e+00   1.4210855e-14   0.0000000e+00   0.0000000e+00   0.0000000e+00
  -9.6083245e-04  -1.1460925e-03   6.3530898e-02   1.6451269e-04   3.8007181e-05   1.4957147e-04
   2.0214602e-02   3.2549290e-02   2.2276447e-02   8.2635448e-05   3.2190081e-04   2.1256838e-04
   1.2950963e-03   4.5443113e-02   3.7094219e-02  -1.9302710e-04   2.2631020e-04   2.0987640e-04
   1.0153663e-02  -1.0283952e-02   6.7137987e-03   2.8672753e-04   1.4487373e-04   2.5237505e-04
  -1.1299208e-02   9.3949975e-02   1.8291675e-02  -6.4306457e-04   3.5017081e-04  -1.4094850e-04
   3.2193356e-03   1.6731120e-02  -1.8647956e-02  -4.1872470e-04  -4.5644070e-04   2.7129976e-04
   2.7268457e-02   3.3117920e-02  -3.1769621e-02   2.3367202e-05  -3.1406205e-04   6.2839506e-04
   3.0020981e-02   1.2373632e-01  -2.3494431e-02  -6.7855539e-04   8.9971411e-04   5.6817500e-04
   5.5033523e-02   2.0361013e-01   7.0007601e-02  -6.8270429e-04   2.4090954e-03   7.6196672e-05
   2.4812842e-02   4.4584545e-02   1.0989669e-02  -5.6092771e-04   1.7050049e-03  -3.6340513e-04
  -6.2614529e-03   1.2644311e-01  -1.1835828e-02  -1.6082071e-03   1.2343441e-03  -5.9549022e-04
  -4.1600429e-03   1.2038122e-01   2.0058156e-02  -1.5438891e-03   2.3602337e-03  -4.2350957e-04
   3.1086808e-02   6.8851172e-02   1.7412522e-02  -1.1649191e-03   2.3937144e-03   3.4139900e-04
   3.0976441e-04   9.3231830e-02   1.7595977e-02  -1.2168527e-03   1.4358221e-03  -1.7549684e-04
   2.6939842e-02   1.2082478e-01   3.6256825e-02  -1.3618299e-03   2.2197610e-03   5.7134941e-04
  -5.2162778e-02   9.7730738e-02   3.0202177e-02  -1.6507464e-03   8.7616579e-04  -2.6909454e-04
  -4.0518708e-02   1.7470480e-02   3.4207829e-02  -1.2140522e-03   3.8019712e-04  -3.4326185e-04
  -4.6015941e-02   1.2263851e-01   3.8851990e-02  -1.6574754e-03   3.7904325e-04  -1.9341556e-04
  -2.8090838e-02   3.8045060e-02   3.6777247e-02  -1.4295258e-03   7.9108534e-05   1.2211943e-04
  -8.8020567e-03   3.8232119e-02   5.7078028e-02  -1.2729073e-03   3.2595085e-04  -1.0021080e-04
   1.0244400e-02   9.1024425e-02   5.3365551e-02  -1.0633393e-03   2.7038678e-03  -1.3564407e-03
   6.1349762e-03   1.1963104e-01   3.4381281e-02  -2.1484401e-03   1.5906946e-03  -1.3265821e-03
  -1.9518177e-02   9.2814847e-02   5.6591919e-02  -2.1945562e-03   1.1517827e-03  -1.3804630e-03
  -2.3655830e-02   1.0871442e-01   5.9074234e-02  -1.9973110e-03   1.7587925e-03  -1.3639254e-03
  -4.6403893e-05   8.3286806e-02   2.8601306e-02  -1.9565154e-03   9.0837650e-04  -8.7590884e-04
  -1.0582541e-02   1.4874209e-01   4.7377887e-02  -2.3286752e-03   9.4422037e-04  -1.3112407e-03
  -4.2066369e-02   1.1984195e-01   7.0624467e-02  -2.5830580e-03   1.0549535e-03  -1.3647615e-03
  -1.7684586e-02   2.6181495e-02   5.4705491e-02  -1.7977535e-03   8.8945964e-04  -1.0762112e-03
  -4.8576246e-02   1.2525086e-01   9.6797717e-02  -2.3711685e-03   7.1409105e-04  -1.5201731e-03
  -5.9725210e-02   6.2717316e-02   1.1525782e-01  -2.3584264e-03   4.3457629e-04  -1.2832851e-03
  -2.9218392e-02   5.0273732e-02   8.7093055e-02  -2.2065714e-03   6.0039830e-04  -1.2176716e-03
  -2.2000033e-02   1.1140339e-01   1.0027200e-01  -3.3783002e-03   5.9105191e-04  -1.1635044e-03
  -1.7651013e-02   4.7552292e-02   1.2909544e-01  -2.7881683e-03   6.1344562e-04  -9.4901014e-04
  -2.4317592e-02   1.0214094e-01   4.4542613e-02  -2.8144151e-03   3.9180794e-04  -1.1005176e-03
  -4.1582740e-02   1.1033106e-01   7.9084284e-02  -2.9790828e-03   2.5224673e-04  -1.2021927e-03
  -9.8363217e-02   9.8384153e-02   7.9334680e-02  -3.1014784e-03  -1.1777021e-05  -1.8813355e-03
  -3.6619491e-02   7.3249929e-02   8.2353664e-02  -2.5293945e-03   1.1310307e-03  -8.2121975e-04
  -2.2050373e-02   1.0904772e-01   8.1858588e-02  -2.6531676e-03   6.9159440e-04  -1.1429764e-03
  -3.9697296e-02   1.3933641e-01   7.6241987e-02  -3.3212838e-03   5.2441101e-04  -1.2798628e-03
  -2.4206948e-02   9.1290038e-02   1.1705343e-01  -3.3880451e-03   3.9353500e-04  -1.1855548e-03
  -4.8033305e-02   1.2301915e-01   1.5342799e-02  -3.1884258e-03   9.6367164e-06  -1.8430077e-03
  -1.1238755e-01   1.4361840e-01   9.3441737e-02  -3.5094643e-03  -1.3001417e-04  -2.3251091e-03
  -1.0155929e-01   4.5755599e-02   1.1575698e-01  -3.1229012e-03   5.1086746e-05  -1.8053535e-03
  -1.0081382e-01   1.5835323e-01   9.6324467e-02  -3.7377316e-03  -3.0180568e-05  -1.8842697e-03
  -9.5695231e-02   7.6510282e-02   9.1537195e-02  -3.8559302e-03   9.7582542e-04  -2.0036857e-03
  -1.0053944e-01   8.6666100e-02   9.2132540e-02  -3.9380322e-03  -1.7714306e-04  -2.1106052e-03
  -8.9874409e-02   1.0656271e-01   8.2545446e-02  -3.7404548e-03   3.4533038e-04  -2.0065901e-03
  -1.4186772e-01   1.4899375e-01   9.0425744e-02  -4.3517809e-03  -4.1064375e-04  -2.5324395e-03
  -1.2919377e-01   9.0119229e-02   1.0277000e-01  -4.1517039e-03   8.7463833e-04  -2.5184788e-03
  -1.0430451e-01   9.9357904e-02   1.0024636e-01  -4.2188471e-03   8.1003544e-04  -2.0048200e-03
  -5.8343554e-02   1.4253975e-01   8.9741712e-02  -3.9759702e-03   1.9673303e-03  -1.3013341e-03
  -5.1857060e-02   1.1793886e-01   8.9851651e-02  -3.9246855e-03   1.9931729e-03  -1.0229465e-03
  -4.4094574e-02   7.8654890e-02   1.3444219e-01  -3.6107688e-03   1.0802168e-03  -7.4735782e-04
  -7.2539510e-02   1.6022157e-01   9.9715007e-02  -3.8012475e-03   7.4375350e-04  -1.1297371e-03
  -9.0681321e-02   1.1351446e-01   1.5452749e-01  -3.9243502e-03   6.5285322e-04  -1.3011558e-03
  -1.0908788e-01   7.1764611e-02   1.2270062e-01  -3.5178069e-03   2.2977289e-04  -2.0248647e-03
  -1.1635665e-01   1.9287702e-01   1.0290649e-01  -4.0631032e-03  -2.0416751e-05  -2.1083491e-03
  -7.8195600e-02   3.5613791e-02   8.2507016e-02  -3.8222670e-03   6.4946774e-04  -1.5999310e-03
  -9.8912747e-02   1.4248078e-01   1.0899885e-01  -4.4395207e-03   3.4274818e-04  -1.5936535e-03
  -5.8899454e-02   8.5449626e-02   1.2122927e-01  -4.0911917e-03   5.4055584e-04  -9.6541808e-04
  -6.3747711e-02   8.8952050e-02   1.0148033e-01  -4.1036020e-03   6.2694239e-04  -9.4516605e-04
  -4.8515947e-02   1.3324983e-01   1.1256360e-01  -4.6040039e-03   4.9688694e-04  -5.5627796e-04
  -1.2574614e-02   1.3876084e-01   9.0025197e-02  -4.4207951e-03   7.0634579e-04  -2.4329348e-04
  -2.7550079e-02   9.3243042e-02   1.2594109e-01  -3.8861231e-03   6.7240644e-04  -5.6389494e-04
  -1.1558708e-01   1.6530295e-01   1.0811029e-01  -4.3912696e-03   1.1097704e-03  -3.0680745e-04
  -7.6009982e-02   1.2322621e-01   1.1237665e-01  -4.2394573e-03   6.9887903e-04  -2.7176176e-04
  -5.2795631e-02   8.7623204e-02   1.4414035e-01  -3.8880297e-03   2.9645850e-04   4.7340429e-05
  -3.1862141e-02   1.2032630e-01   1.0454091e-01  -3.7794159e-03   9.1178461e-05   5.6287372e-05
  -4.7723124e-02   1.2936647e-01   1.3174123e-01  -4.0832470e-03   2.5240775e-04  -2.5554424e-04
  -6.5491982e-03   1.0540651e-01   1.1688469e-01  -3.9480948e-03   1.9910274e-04   6.8471029e-05
   9.0919153e-02   1.2617659e-01   1.2158059e-01  -3.8980370e-03   2.8724529e-04   1.7318034e-03
   4.5897863e-02   1.5386805e-01   1.0659280e-01  -3.8445954e-03   7.5736557e-04   6.4108365e-04
   2.0080910e-02   1.5831744e-01   1.0679777e-01  -4.4151998e-03   1.8132620e-04   4.2375484e-04
   6.1288348e-03   1.5991421e-01   1.1367801e-01  -4.4905141e-03   3.3085367e-05   2.8240261e-04
   6.6152888e-02   1.4017190e-01   1.1633819e-01  -3.9105258e-03   6.7637697e-04   7.5952722e-04
   7.9301860e-02   1.0508944e-01   1.0194182e-01  -3.8308457e-03   8.2324514e-04   1.1396277e-03
   2.7721061e-01   1.9244995e-01   1.1631947e-01  -4.1886093e-03   2.3716294e-03   4.5051520e-03
   1.5356333e-01   1.8060755e-01   8.7348769e-02  -4.3930187e-03   6.3448960e-04   2.3647282e-03
   1.6056305e-01   1.5566570e-01   1.2463159e-01  -4.2145009e-03   3.7208910e-04   2.7010942e-03
   1.4862583e-01   2.0420792e-01   2.4610410e-02  -3.9790107e-03  -7.9052269e-04   2.3025867e-03
   1.1556645e-01   1.2141882e-01   1.1729696e-01  -3.4505035e-03  -7.9807713e-04   1.7691649e-03
   2.5677354e-02   1.7907806e-01   1.0184490e-01  -3.5504057e-03  -1.5396450e-03   5.0555270e-04
   7.8914287e-02   1.3093011e-01   1.2422784e-01  -3.5485066e-03  -1.6792611e-03   1.5736245e-03
   8.7392037e-02   1.3441327e-01   1.2488994e-01  -3.1546629e-03  -1.1955022e-03   1.6335979e-03
   5.8959028e-02   1.0768845e-01   1.4720463e-01  -3.1188224e-03  -1.6800831e-03   1.5300336e-03
   4.1244635e-02   1.6587953e-01   7.4817155e-02  -2.9005113e-03  -1.7905218e-03   1.0561544e-03
   1.0846751e-01   1.4176557e-01   1.0189653e-01  -2.9953964e-03  -1.2842780e-03   2.4627960e-03
   1.1027187e-01   1.4222651e-01   1.9194188e-02  -2.3296942e-03  -2.3402984e-05   1.5280510e-03
   5.0692037e-02   1.2640983e-01   1.2778589e-02  -1.6421242e-03   5.1065355e-04   7.2791341e-04
   6.7888404e-02   1.7517189e-01   6.6660893e-03  -1.9826512e-03   2.3284809e-04   1.3467865e-03
   8.5175306e-02   1.2133313e-01   6.5959103e-03  -1.7806075e-03   3.9018284e-04   1.4208484e-03
   8.4766082e-02   2.1209025e-01  -3.1732886e-03  -1.5325102e-03  -4.7322283e-04   1.4516976e-03
   6.4221336e-02   1.1957055e-01   5.0077772e-02  -1.6462899e-03  -2.6157104e-04   1.1582449e-03
   6.3141035e-02   2.2763049e-01   2.6488797e-02  -1.8762282e-03  -5.4442417e-04   1.3940045e-03
   1.2183062e-01   1.3383639e-01   2.9330241e-02  -1.8163902e-03  -1.1440237e-04   2.7251343e-03
   1.6779833e-01   1.7731444e-01  -4.5303250e-03  -2.0198883e-03  -7.9428066e-05   3.9289511e-03
   1.2376699e-01   1.7282662e-01   5.2088062e-02  -2.6552398e-03  -9.3276231e-04   3.2329027e-03
   1.0995406e-01   1.3447156e-01   3.1119514e-02  -2.9948630e-03  -9.6510684e-04   2.9673805e-03
   1.1271733e-01   1.6243198e-01   3.4576352e-02  -2.7806282e-03  -1.0338446e-03   3.0356226e-03
   1.2104305e-01   1.8901055e-01   5.9689643e-02  -2.9626539e-03  -7.6865375e-04   3.1528159e-03
   1.5625957e-01   1.1366501e-01   7.5498089e-02  -3.3298959e-03  -6.5980657e-04   3.7008071e-03
   1.4159829e-01   1.4951687e-01   7.8750790e-02  -3.3019523e-03  -8.8101883e-04   3.3517602e-03
   1.2352401e-01   1.6760699e-01   9.5197070e-02  -3.8556153e-03  -1.1856480e-03   3.1911413e-03
   1.1863378e-01   9.8681757e-02   1.3686207e-01  -3.7844891e-03  -9.1437957e-04   2.9912046e-03
   2.7716387e-02   1.8587521e-01   1.4180408e-01  -5.0662822e-03  -7.5307070e-04   1.9616570e-03
  -3.0190454e-02   8.8931818e-02   1.9331657e-01  -4.3724380e-03  -8.0127189e-04   9.3183140e-04
  -6.3422990e-02   1.5669353e-01   1.6494940e-01  -4.7369312e-03  -1.0235244e-03  -2.9199998e-04
  -4.7851984e-02   1.0402539e-01   2.3994527e-01  -4.4250317e-03  -9.3369261e-04   1.1482795e-04
  -3.7036330e-02   2.0658005e-01   1.7607156e-01  -5.0079609e-03  -6.1871598e-04   6.4075820e-04
   8.4047658e-03   5.3969401e-02   1.4292392e-01  -4.6123755e-03  -9.2552342e-04   9.7180772e-04
  -1.6833829e-02   1.4482858e-01   1.7073793e-01  -4.6135972e-03  -6.3103406e-04   6.8238695e-04
   7.0439859e-03   9.9610341e-02   2.0126462e-01  -4.7554323e-03  -1.5597780e-04   1.0076515e-03
   5.7984596e-02   1.0468335e-01   1.6949745e-01  -4.6098132e-03   2.2373988e-04   1.4327868e-03
   5.9917518e-02   1.5411560e-01   1.5615697e-01  -4.6562505e-03  -2.7780245e-04   1.8180520e-03
   8.1303811e-02   1.4766452e-01   1.6323391e-01  -4.7657822e-03   3.6512087e-04   2.1700984e-03
   1.7085187e-01   1.4247581e-01   1.5656396e-01  -4.5423654e-03   1.3501284e-03   3.4413768e-03
   1.6068120e-01   1.5810142e-01   1.4238213e-01  -4.6115270e-03   1.1705881e-03   3.1115541e-03
   1.0522435e-01   1.9782358e-01   1.7392285e-01  -4.7472522e-03   3.9083670e-04   2.4512823e-03
   8.1687601e-02   1.3903855e-01   2.0133426e-01  -4.7220894e-03  -9.4100853e-05   2.1016631e-03
   9.3042224e-02   1.0681157e-01   1.9187542e-01  -4.2410875e-03  -2.0941598e-04   2.1674773e-03
   7.6914500e-02   1.5662224e-01   2.0963683e-01  -4.6897428e-03  -3.2439544e-04   2.1808863e-03
   9.0888769e-02   1.3590977e-01   1.8940498e-01  -4.8247265e-03  -1.0873386e-04   2.4530922e-03
   1.7839732e-01   9.3966727e-02   1.7420740e-01  -4.5206558e-03   5.4088928e-04   3.0276205e-03
   1.5988318e-01   1.9393821e-01   1.8202132e-01  -5.0785834e-03  -1.9227887e-04   3.1522568e-03
   9.4341364e-02   1.4554422e-01   2.1161209e-01  -5.2678820e-03  -2.7343143e-04   1.7334366e-03
   1.1167187e-01   1.3056926e-01   1.8740707e-01  -5.0195962e-03  -6.4391833e-04   2.3661127e-03
   1.1635157e-01   1.6380166e-01   1.9668415e-01  -4.8952554e-03  -8.3610233e-04   2.5131172e-03
   9.5499167e-02   2.0602450e-01   2.2718597e-01  -5.2254048e-03  -1.0111633e-03   2.3905502e-03
   1.0999714e-01   9.8164500e-02   2.1475371e-01  -4.8913818e-03  -1.1040888e-03   2.0054029e-03
   9.9078596e-02   2.0400743e-01   2.3326895e-01  -5.0975965e-03  -1.0537628e-03   2.1647819e-03
   1.2607175e-01   1.0000708e-01   2.6744345e-01  -4.7248292e-03  -9.6090915e-04   2.5027203e-03
   8.7658037e-02   3.3779705e-01   2.8199559e-01  -5.7782370e-03  -1.0608282e-03   1.9142000e-03
  -3.1552728e-02   3.3821586e-02   1.9503065e-01  -4.9497154e-03  -5.1855528e-04  -8.9444362e-04
   6.9617716e-02   7.0944572e-02   2.9139672e-01  -4.5027615e-03  -2.9802444e-04   8.5833345e-04
   8.0373914e-02   1.7054540e-01   2.3823076e-01  -5.1586575e-03  -9.3064899e-04   5.9586784e-04
   7.5923349e-02   1.0949167e-01   2.3820695e-01  -5.2575846e-03  -1.5891594e-03   6.6486960e-04
   1.0090206e-01   9.0436588e-02   2.6081636e-01  -4.5876660e-03  -1.5819657e-03   8.9461338e-04
   1.1261441e-01   1.5134747e-01   2.5167646e-01  -5.2093941e-03  -1.2147572e-03   1.0914093e-03
   1.5299871e-01   9.2889836e-02   2.7900821e-01  -4.6910377e-03  -1.5958188e-03   1.8907630e-03
   1.6192465e-01   1.2966308e-01   2.4561440e-01  -4.8157549e-03  -1.7808627e-03   2.0165631e-03
   1.7824635e-01   9.6107110e-02   2.6027748e-01  -4.6736923e-03  -1.8915704e-03   2.3550999e-03
   1.8951853e-01   9.8110808e-02   2.9779067e-01  -4.5376463e-03  -1.7786342e-03   2.6361737e-03
   1.9101441e-01   1.1152057e-01   2.3619662e-01  -4.7485241e-03  -1.9317905e-03   2.4708848e-03
   1.2314744e-01   2.2714975e-01   3.0489107e-01  -4.8945195e-03  -1.9659639e-03   1.8800898e-03
   4.0242628e-02   1.4583473e-01   1.7975264e-01  -4.6008209e-03  -2.7033890e-03   3.8140961e-04
   5.1917560e-02   1.0444673e-01   2.8841212e-01  -4.2046089e-03  -2.0431470e-03   4.7156829e-04
   3.8973865e-02   1.3499227e-01   2.7444994e-01  -4.3250272e-03  -2.1791713e-03   3.9185206e-04
   3.5130626e-02   1.3458835e-01   2.9507469e-01  -4.6137982e-03  -1.7256592e-03   7.6819245e-04
   7.1069930e-02   9.3611917e-02   2.3855623e-01  -5.3404082e-03  -1.6795562e-03   3.6275771e-04
  -1.1580454e-02   1.8534591e-01   2.3996106e-01  -5.3042598e-03  -1.4677314e-03  -6.0813069e-04
   4.4737700e-02   1.0183387e-01   2.5489639e-01  -4.9041735e-03  -1.6783385e-03   3.9079257e-04
   3.2832345e-02   1.4441245e-01   2.4263335e-01  -5.2243173e-03  -2.4800554e-04  -3.6721585e-04
   4.4775860e-02   1.8024957e-01   2.4685178e-01  -5.3530042e-03  -1.1311956e-03  -9.1900110e-05
   5.6214994e-02   1.5274715e-01   2.3881081e-01  -5.2348172e-03  -2.8806457e-04   1.2968976e-04
   9.4891462e-02   1.3393568e-01   1.8271983e-01  -5.2487757e-03   1.2931840e-04   6.1861960e-04
   1.0554214e-01   1.9430191e-01   2.3860048e-01  -5.0955965e-03  -6.3289420e-04   1.0809734e-03
   9.2432789e-02   1.5664334e-01   2.6081869e-01  -4.9468411e-03  -1.2949375e-03   9.8621673e-04
   7.0639739e-02   1.2404533e-01   2.6496899e-01  -4.6742175e-03  -1.2332724e-03   5.6103927e-04
   1.6279177e-02   1.9187834e-01   2.8920145e-01  -4.9083280e-03  -1.4479795e-03   2.8942939e-04
   2.2844530e-02   1.0671709e-01   3.0928212e-01  -4.9949956e-03  -1.4120211e-03  -1.8678532e-04
   4.3975218e-02   1.3352666e-01   2.7292884e-01  -4.9241752e-03  -1.5798927e-03   2.9347374e-04
   2.9109281e-02   1.5012921e-01   2.6596946e-01  -5.4849547e-03  -1.6820307e-03   4.3079981e-04
   2.4207470e-02   1.3535231e-01   2.4999904e-01  -5.7182554e-03  -1.7733104e-03   1.6500061e-04
   4.4890345e-02   1.1936353e-01   2.2396087e-01  -5.3282192e-03  -1.4041991e-03   8.1036329e-05
   1.4446926e-02   1.9250795e-01   2.7169509e-01  -5.3887975e-03  -1.4274711e-03   1.2003082e-04
   6.1591818e-02   1.3230816e-01   2.7536025e-01  -5.1415392e-03  -1.1781931e-03   7.5759735e-04
   1.0275550e-01   1.3349615e-01   2.5191269e-01  -4.9100634e-03  -1.0145088e-03   1.1030095e-03
   8.3215657e-02   1.7347492e-01   2.7212354e-01  -5.3800426e-03  -1.4126788e-03   1.2032358e-03
   7.6125019e-02   1.1005669e-01   3.0033706e-01  -5.2450704e-03  -1.4205025e-03   1.1726687e-03
   6.0969175e-02   1.1246571e-01   2.9378014e-01  -5.0471355e-03  -1.7689881e-03   9.1882430e-04
   3.7237643e-02   1.5151104e-01   2.9234094e-01  -5.3934365e-03  -1.8668547e-03   7.6677716e-04
   6.2840793e-02   1.1374156e-01   3.0097855e-01  -5.0083431e-03  -1.8728752e-03   1.0269422e-03
   5.8252030e-02   1.4822754e-01   2.7895771e-01  -5.0802565e-03  -1.9962103e-03   9.2701141e-04
   6.3152946e-02   1.4200106e-01   2.6169943e-01  -5.5707005e-03  -1.9141639e-03   9.2569165e-04
   8.2275114e-02   7.6850088e-02   2.4554963e-01  -5.1235388e-03  -1.7132430e-03   1.0658613e-03
   4.4215543e-02   1.8597677e-01   2.6072083e-01  -5.3872230e-03  -1.6561619e-03   4.7605212e-04
   1.0148673e-01   8.0533439e-02   2.8540545e-01  -5.1736845e-03  -1.3165808e-03   1.4625570e-03
   1.1524904e-01   1.1746791e-01   2.7776884e-01  -5.2925513e-03  -1.5297175e-03   1.3641076e-03
   1.7005341e-01   1.6424485e-01   2.8808094e-01  -5.4754820e-03  -1.5233943e-03   2.6793234e-03
   1.9318225e-01   7.9908024e-02   2.9206212e-01  -5.0807198e-03  -1.4708644e-03   2.9450719e-03
   1.3591683e-01   1.6321266e-01   2.8866768e-01  -5.3794337e-03  -1.2482036e-03   1.8928662e-03
   1.3630721e-01   1.4101001e-01   3.2801952e-01  -5.2790547e-03  -1.7594739e-03   2.3826674e-03
   1.3468955e-01   1.2201181e-01   3.3278466e-01  -4.9915408e-03  -1.6192114e-03   2.3447683e-03
   8.8471533e-02   1.6027891e-01   3.0025660e-01  -4.8010071e-03  -1.8352583e-03   1.7379826e-03
   8.6411361e-02   1.7165165e-01   3.3667755e-01  -5.3926092e-03  -1.5228015e-03   1.6548925e-03
   9.2438902e-02   7.8669341e-02   3.1538481e-01  -4.9774852e-03  -1.5079574e-03   1.2260569e-03
   5.1244041e-02   1.8211838e-01   3.3421549e-01  -5.6897134e-03  -1.8374680e-03   1.1308314e-03
   5.1989001e-02   6.7367874e-02   3.3163025e-01  -5.2633924e-03  -2.0336543e-03   5.6087936e-04
   7.8804186e-02   1.5884639e-01   2.9227964e-01  -5.4829190e-03  -1.9380807e-03   9.9008989e-04
   1.1735789e-01   1.7068676e-01   3.0568995e-01  -5.3502927e-03  -8.5913923e-04   1.3427722e-03
   1.7668641e-01   1.3625053e-01   2.9290915e-01  -4.9996088e-03   4.5373686e-04   1.9657167e-03
   2.1894247e-01   1.5746403e-01   2.7693482e-01  -4.6824478e-03   6.2768814e-04   2.7318629e-03
   2.1814779e-01   1.7820871e-01   2.8399154e-01  -4.9005365e-03   1.9640052e-04   2.8110210e-03
   2.3670056e-01   1.6768831e-01   2.7905105e-01  -4.8821702e-03   9.0323762e-04   3.2586358e-03
   2.6014374e-01   1.5348682e-01   2.8876106e-01  -4.6743931e-03   5.0637357e-04   3.4083929e-03
   2.3729693e-01   1.5465505e-01   2.6596404e-01  -4.5530918e-03  -1.5125265e-04   2.7526815e-03
   2.4516120e-01   1.8905764e-01   3.2811486e-01  -4.3417764e-03  -2.3430835e-04   3.1347834e-03
   1.8334573e-01   1.5772653e-01   3.0054906e-01  -4.3019500e-03  -1.0591357e-03   2.2724909e-03
   1.7891556e-01   1.4761715e-01   3.5362766e-01  -4.2349245e-03  -1.0559206e-03   2.4094019e-03
   1.7406319e-01   2.2519243e-01   2.4717062e-01  -4.6043122e-03  -1.3572008e-03   1.9809811e-03
   1.8380232e-01   1.0970095e-01   2.7157782e-01  -4.3117000e-03  -1.0224548e-03   2.1079138e-03
   2.0695638e-01   1.7322393e-01   2.3527527e-01  -4.5519728e-03  -9.1311682e-04   2.2552987e-03
   2.1334736e-01   1.6924677e-01   2.6813191e-01  -4.7987417e-03  -1.1541226e-03   2.4109843e-03
   2.4714367e-01   1.4594826e-01   3.1264251e-01  -4.3412031e-03  -5.6258191e-04   2.5257013e-03
   1.7486758e-01   1.6242617e-01   3.2469124e-01  -4.7313820e-03  -8.7742546e-04   1.8769108e-03
   2.2797202e-01   1.2411452e-01   3.3035672e-01  -4.7081304e-03  -6.1934073e-04   2.8760271e-03
   2.3202739e-01   1.3102388e-01   3.2613581e-01  -4.3772321e-03  -5.2725970e-04   2.6509973e-03
   2.3349659e-01   1.5738133e-01   3.1318408e-01  -4.5889067e-03  -7.3958289e-04   2.9412494e-03
   2.4757602e-01   1.6746168e-01   2.4102122e-01  -5.1861456e-03   2.6988443e-04   2.8123349e-03
