   0.0000000e+00   0.0000000e+00   0.0000000e+00   0.0000000e+00   0.0000000e+00   0.0000000e+00
   5.9096929e-03   3.1685216e-02   7.5243672e-04  -1.0585383e-04   8.5205555e-05  -2.4283527e-04
  -2.6032358e-03   1.1341287e-02  -1.3820641e-02  -2.5377979e-04   1.7665290e-04  -3.6210271e-04
  -1.6157018e-02   3.4503674e-02  -2.7206603e-02  -4.1016054e-04  -1.6476754e-04  -3.9194328e-04
  -1.8531908e-02   6.1246073e-02  -8.3866160e-03  -2.0478614e-04   4.8799151e-05  -6.5872902e-04
  -2.1875500e-02   2.3532296e-02   1.3439770e-02  -4.4759087e-04   8.6071520e-05  -5.4583182e-04
  -3.3945984e-02  -2.2392235e-02   8.9264588e-03  -5.1678655e-04   2.1326426e-04  -8.0713782e-04
  -3.2420915e-02  -2.1188404e-03  -1.6519640e-02  -3.5435603e-04  -2.0502247e-05  -3.4325797e-04
  -3.0857629e-02  -3.5450724e-03  -2.4494024e-02  -5.2462399e-04  -3.3135657e-04  -3.1966290e-04
  -3.0067788e-02   3.9243895e-02  -2.1887924e-02  -3.0345488e-04  -4.3743286e-04  -2.7059773e-04
  -2.5402165e-02   4.1467769e-02   3.7152202e-03  -1.7880784e-04  -3.9791096e-04  -4.2601993e-04
  -2.4331654e-02  -2.8933033e-02   1.7786501e-02  -1.9377979e-04  -2.5930516e-04  -3.4656031e-04
  -2.7636351e-02  -1.7235835e-02  -4.1935291e-04   2.5231282e-04  -3.9077213e-04  -2.7150125e-04
  -3.1594258e-02   3.2945740e-02   5.3911056e-03  -1.3305413e-04  -5.5219400e-04  -3.4906368e-04
  -2.8638961e-02   1.0390439e-02  -1.7796126e-02   2.9839011e-04  -6.0095373e-04  -2.8428849e-04
  -2.5503867e-02  -7.1886188e-03   1.0966634e-03  -5.0581867e-05  -3.0093989e-04  -4.2215801e-04
  -1.5330065e-02  -3.2604972e-02   1.7080599e-02  -6.1388204e-06  -3.1316372e-04  -2.1506192e-04
   6.4214926e-03   1.4509493e-02   1.5673891e-02  -1.3964489e-04  -6.5996398e-04   1.1301303e-04
   4.0953371e-03  -2.2781126e-02   2.6775441e-02  -1.8848160e-05  -2.8393144e-04   8.7526833e-05
  -1.2578213e-02  -3.7172991e-02   2.2409823e-02   1.8199234e-05  -2.0503507e-04  -5.1323495e-05
  -1.7386508e-02   1.8663208e-02   4.0411261e-03   1.2496692e-05  -2.8333446e-04   5.8054493e-05
  -2.9730239e-02   2.1732034e-02   1.3161288e-02  -4.7631541e-04  -2.0339993e-04  -2.4995009e-04
  -3.3360427e-02   3.6981932e-02   1.6009236e-02  -3.9310613e-04  -2.0058027e-04  -2.4785303e-04
  -3.2284432e-02   1.6823313e-03  -9.9215655e-04   2.4132697e-06  -3.4686684e-04  -8.9411077e-05
  -4.1895207e-02   1.6465454e-02  -8.6315459e-03   8.8295139e-05  -3.3909787e-04  -2.5197798e-04
  -3.6520555e-02   2.1191266e-02   1.8632032e-02  -6.0200568e-05  -6.1246176e-04  -2.6026882e-04
  -3.5015591e-02   3.0289653e-02   1.6678007e-02   2.6510168e-04  -2.6744927e-04  -4.1279326e-04
  -2.2904182e-02   1.2856736e-04   6.5155760e-03   4.0629811e-04  -2.5944373e-04  -3.5670814e-04
  -1.9986158e-02   6.9054583e-03   1.0164824e-02   5.9784700e-04  -2.6471548e-04  -4.0374085e-04
  -1.0318126e-02   4.6432336e-02   3.4616295e-03   6.2904495e-04  -6.7423883e-04  -2.1237461e-04
  -5.2858904e-03   3.1295076e-03   1.2642743e-02   3.2913970e-04  -2.4627595e-04  -2.7766775e-04
   7.8994764e-03  -3.0766429e-03   8.5239236e-03   3.0700156e-04  -2.5200272e-04  -4.5785745e-05
  -8.1986873e-03  -1.7899216e-02  -1.2136547e-02   7.2694773e-04  -2.5699196e-04  -4.5740585e-05
  -4.8560299e-03   4.2791008e-02   1.5497671e-02   3.0517453e-06  -7.3050284e-05  -1.2098179e-04
  -1.3245626e-02   2.1263435e-02   4.0490224e-03   2.7397538e-04  -1.4571229e-04  -1.4688265e-04
  -4.0191484e-02   2.9942118e-02  -1.0390748e-02   3.8067007e-04  -3.2734010e-04  -4.7121586e-04
  -5.5167095e-02   6.1387565e-02  -1.4474279e-02   1.0970577e-03  -2.0128492e-04  -7.4077726e-04
  -3.4928092e-02   2.8821230e-02   1.2817343e-03   5.9054773e-04   7.2249300e-05  -6.8790363e-04
  -3.4573822e-02   2.9509798e-02  -2.2724981e-02   1.6357606e-03  -2.0488463e-04  -4.2023465e-04
  -4.4582304e-02   6.2280967e-03  -6.9654035e-03   9.8250847e-04  -1.3056259e-04  -5.9192693e-04
  -3.9048862e-02   3.8466032e-02  -1.6552549e-02   6.0930416e-04  -2.7480380e-04  -5.8298656e-04
  -3.6594816e-02  -8.4918663e-03  -8.1014019e-02   3.1040560e-03  -7.8521477e-05  -1.1443389e-04
  -6.0858694e-03  -2.4938901e-02  -4.0099980e-02   1.5280244e-03  -4.4874555e-04   6.7593705e-04
  -3.5182186e-02   1.9951166e-02  -1.8164441e-03   1.2980810e-03  -7.5345606e-04  -1.7055806e-04
  -5.8688576e-02  -1.6646395e-02   5.5830144e-02   8.2390872e-04  -2.1230592e-04  -6.7884982e-04
  -4.2419488e-02   3.5227099e-02   4.5652807e-02   5.6379442e-04  -7.9087561e-05  -5.5014436e-04
  -3.3616807e-02   4.5170590e-02   3.0737231e-02   9.5352703e-04  -6.9657956e-04  -5.2870464e-04
  -4.3711900e-02   1.1445093e-02   4.2235286e-02   3.6272222e-04  -5.5282716e-04  -6.8192485e-04
  -2.9375084e-02  -2.9497932e-02   7.3939036e-03   1.1953971e-03  -7.1263220e-04  -2.8214872e-04
  -3.6821742e-02   3.1544265e-02   1.5595470e-02   8.5332576e-04  -6.8152075e-04  -3.6396625e-04
  -5.0534778e-02   2.1084880e-02   4.2163112e-02   7.7653191e-04  -5.9433538e-04  -5.5404609e-04
  -4.8619106e-02   1.0906151e-02   4.3262495e-02   7.4241899e-04  -6.4567291e-04  -5.7641504e-04
  -4.1106776e-02  -3.2652168e-02   3.1614515e-02   1.1669655e-03  -6.2461227e-04  -4.4354650e-04
  -3.5419788e-02   3.9227848e-02   1.3740342e-02   7.2277883e-04  -8.0585474e-04  -4.1228580e-04
  -2.6296243e-02  -2.3117746e-02   3.1968554e-02   7.8731518e-04  -6.6212920e-04  -4.4494826e-04
  -3.9855866e-02  -4.2296787e-02   2.4462913e-02   9.0206005e-04  -5.6742725e-04  -5.0158361e-04
  -3.2883392e-02   1.7154967e-02   1.9759163e-02   6.4594443e-04  -8.9696466e-04  -3.3160035e-04
  -2.6590035e-02  -2.6781605e-02   2.9723410e-02   6.3578492e-04  -7.2693269e-04  -3.5922112e-04
  -3.8360666e-02   1.1478493e-02   5.4000261e-02   4.5546553e-04  -6.6745108e-04  -3.5092813e-04
  -3.1618790e-02  -2.1881792e-02   2.9332520e-02   1.2293232e-03  -7.8766420e-04  -2.6002964e-04
  -1.5811408e-02   5.3484400e-02   3.3592570e-02   1.0326476e-03  -1.2645914e-03  -1.6967488e-04
  -2.2408009e-02   2.0670444e-02   4.0724748e-02   6.2998421e-04  -1.0349659e-03  -4.4136537e-04
  -2.5702313e-02   6.2894950e-03   2.4840504e-02   5.0808474e-04  -1.1291455e-03  -4.6106723e-04
  -1.8063241e-02   2.1347563e-02   3.1431940e-02   7.1443893e-04  -1.0598581e-03  -3.6532244e-04
  -1.1637746e-02  -5.0158082e-02   2.8730074e-02   1.0037050e-03  -1.1222809e-03  -1.9141325e-04
  -1.8715505e-02  -2.4718252e-02   3.9798737e-02   1.1012769e-03  -1.0031127e-03  -2.2807249e-04
  -1.0125506e-02   5.4871559e-02   3.7134068e-02   8.6579517e-04  -1.2338580e-03  -2.2485417e-04
  -1.7747175e-02  -9.1140863e-03   1.9693918e-02   1.7538157e-03  -9.0992971e-04  -2.7764295e-04
  -1.0071888e-02  -2.8114540e-02  -5.7523760e-03   2.1336281e-03  -1.1248735e-03   2.3634730e-04
  -2.5474446e-02   6.1164408e-02   2.3180554e-02   8.5135076e-04  -1.3299620e-03  -2.5080149e-04
  -3.4275910e-02  -1.0175888e-02   2.7707664e-02   8.1497582e-04  -1.1903166e-03  -2.7479389e-04
  -3.0886666e-02  -4.9760289e-02   9.9732655e-03   1.0619612e-03  -1.1518247e-03  -2.1514946e-04
  -3.7748144e-02   6.4604718e-03   1.8698128e-02   8.6078521e-04  -1.2099915e-03  -3.4646978e-04
  -3.1759779e-02   6.8933601e-02  -1.3726896e-02   6.0514486e-04  -1.4645344e-03  -3.2276232e-04
  -4.8145999e-02  -3.5376943e-02   2.4638688e-03   7.5566477e-04  -1.2707816e-03  -4.8724430e-04
  -4.7816871e-02   9.9939867e-03   5.1150083e-04   9.0224604e-04  -1.4259364e-03  -4.2863308e-04
  -4.7660374e-02   2.5348119e-02  -1.5808650e-02   1.4700904e-03  -1.4354066e-03  -2.1601008e-04
  -4.5720835e-02   3.2182566e-02  -8.7909929e-03   8.1194424e-04  -1.5744768e-03  -3.3494797e-04
  -3.7529664e-02  -7.8477124e-03   2.5111051e-02   1.0078664e-03  -1.3666945e-03  -3.7386316e-04
  -3.1309627e-02   1.3466195e-02   1.3453990e-02   9.3579276e-04  -1.8171307e-03  -3.6585652e-04
  -3.7204733e-02  -5.0393039e-02   2.5028722e-02   1.2093350e-03  -1.7253957e-03  -5.1558536e-04
  -3.9815417e-02   1.6305041e-02   3.1905528e-02   1.0035530e-03  -1.8552684e-03  -5.1431811e-04
  -3.1441850e-02  -3.6813643e-02   4.3671375e-02   9.3817341e-04  -1.5594185e-03  -6.5258643e-04
  -4.8925916e-02  -5.4705177e-02   3.0206794e-02   6.7602931e-04  -1.8621898e-03  -5.8641289e-04
  -4.0784881e-02  -2.9067407e-02   7.2743454e-03   7.8155611e-04  -1.5117001e-03  -3.0886547e-04
  -4.3991558e-02   5.3453605e-02   2.3963106e-02   2.9377537e-04  -1.4258808e-03  -5.0816468e-04
  -4.3770141e-02   4.2271157e-02   1.3515640e-02   8.7304797e-04  -1.3354313e-03  -6.2732834e-04
  -3.9143537e-02   1.6618446e-02   1.0105381e-02   9.1137179e-04  -1.4645768e-03  -5.4156902e-04
  -4.7956907e-02  -1.0977305e-03   5.5619365e-03   9.7963665e-04  -1.5748521e-03  -6.9926271e-04
  -2.7403662e-02   4.8839411e-02   3.2606371e-02   5.7282234e-04  -1.8140553e-03  -4.9770972e-04
  -2.9585817e-02  -5.0338013e-02   1.5677998e-02   8.4204726e-04  -1.3806634e-03  -6.0365550e-04
  -3.7849020e-02  -3.1212857e-02   7.2418591e-04   9.9695808e-04  -1.3094336e-03  -5.8838562e-04
  -5.1774245e-02  -2.6615252e-03  -8.2201475e-04   1.3491627e-03  -1.3285468e-03  -8.0980778e-04
  -5.1102434e-02   4.4032780e-02   1.9463822e-02   1.0715751e-03  -1.4989578e-03  -9.7379035e-04
  -4.6046557e-02  -2.6379395e-02   1.7925630e-02   1.3105353e-03  -1.3420561e-03  -8.5320983e-04
  -5.8140864e-02  -4.6495198e-02   2.2221497e-02   1.2145906e-03  -1.3672263e-03  -8.9449598e-04
  -5.2428001e-02  -6.5905756e-03   3.0060741e-02   1.2636903e-03  -1.3068650e-03  -7.9350434e-04
  -4.4251165e-02  -2.5946870e-02   3.7602423e-02   1.0779627e-03  -1.0913071e-03  -7.3971048e-04
  -3.7858611e-02  -1.2855169e-03   4.5925624e-02   9.8194636e-04  -9.2209356e-04  -6.8560603e-04
  -4.6571871e-02   8.7792446e-03   2.6010092e-02   8.9672404e-04  -1.0154831e-03  -6.2925688e-04
  -4.4125424e-02   1.6999816e-03   1.3247202e-02   1.1451700e-03  -1.1872600e-03  -6.4739529e-04
  -3.6425637e-02   8.1719729e-02  -7.9998371e-03   5.6275888e-04  -1.7153962e-03  -6.5114044e-04
  -2.9296730e-02  -4.3034769e-02   3.2964147e-02   1.0249835e-03  -1.2595083e-03  -5.0451119e-04
  -3.5185997e-02  -3.1836519e-02  -1.6374744e-03   1.6472969e-03  -1.5007720e-03  -3.7438364e-04
  -3.5610546e-02   4.7896856e-02   3.9825965e-02   4.9594044e-04  -1.5234497e-03  -6.4130819e-04
  -4.5254461e-02  -8.6537043e-02  -1.2490743e-01   2.3032117e-03  -1.7274312e-03  -3.0195465e-04
  -5.5099364e-02   1.9746962e-02   3.3796474e-03   1.0081342e-03  -1.6207923e-03  -3.8309541e-04
  -7.9668021e-02   1.9293196e-02   4.0883108e-02   5.7472115e-04  -1.5320074e-03  -1.4093795e-03
  -6.2583720e-02   2.2269488e-02  -7.2732558e-03   1.8151466e-03  -1.9444918e-03  -1.2065805e-03
  -4.4904571e-02   3.5286849e-02   4.1954464e-02   1.0832341e-03  -1.8983334e-03  -1.2424315e-03
  -2.8514502e-02  -3.5387875e-03   4.8945562e-02   1.0330581e-03  -1.7728500e-03  -1.1629871e-03
  -2.5271373e-02  -1.6858499e-02   3.9652549e-02   1.5634972e-03  -1.7849595e-03  -1.0220891e-03
  -3.8927089e-02   1.4691013e-02   4.2882646e-02   1.0731861e-03  -2.0752167e-03  -1.1521088e-03
  -2.7792372e-02   2.3577257e-02   2.7580481e-02   1.2685218e-03  -2.0690479e-03  -9.8424623e-04
  -2.6282955e-02   2.0200739e-02   4.7252561e-02   1.0238247e-03  -1.6346781e-03  -1.0720906e-03
  -9.4811241e-03  -2.9498321e-03   4.1767198e-02   8.6831020e-04  -1.6627796e-03  -8.7108257e-04
  -1.4553552e-02  -3.8354903e-02   5.4517191e-02   1.0528631e-03  -1.7869361e-03  -7.1890645e-04
  -2.0803064e-02  -2.7922767e-02   5.7719354e-02   1.1262918e-03  -1.8900124e-03  -8.9339234e-04
  -1.9970838e-02   1.5372794e-02   1.9207535e-03   9.9232934e-04  -1.9540011e-03  -9.2621114e-04
  -2.6661591e-02  -3.8969273e-02   6.5824257e-02   8.6668000e-04  -1.8415047e-03  -1.0056110e-03
  -1.3818627e-02  -3.3440859e-02   5.7370404e-02   8.7263346e-04  -1.4985889e-03  -8.6480633e-04
  -2.6345671e-02  -3.4850289e-02   3.1105234e-02   1.0165547e-03  -1.5092898e-03  -1.0700780e-03
  -3.6870357e-04   3.9485024e-02  -3.9570758e-04   5.5822264e-04  -1.9162808e-03  -7.5024266e-04
  -1.7993555e-02  -3.1779498e-02   4.0917935e-02   6.3032916e-04  -1.7065532e-03  -9.4619003e-04
  -3.6161945e-02  -5.5172352e-02   3.8151464e-02   8.9262107e-04  -1.7200992e-03  -1.0844902e-03
  -3.8689701e-02  -6.0855187e-03   2.5171953e-02   8.9987536e-04  -1.8633053e-03  -1.1147891e-03
  -3.8365469e-02   3.2173943e-03   5.9844713e-02   9.7863107e-04  -1.7396411e-03  -1.1993535e-03
  -3.8740386e-02  -2.6550985e-02   5.5949255e-02   6.6401767e-04  -1.7333154e-03  -1.0998328e-03
  -2.9395040e-02  -1.9271266e-02   4.3894455e-02   1.1061241e-03  -1.7306586e-03  -9.8648307e-04
  -3.4424962e-02   2.2020325e-02   2.1744752e-02   1.0619550e-03  -2.0623491e-03  -1.0074944e-03
  -2.5463669e-02   3.5262243e-02   7.9132095e-02   9.7830855e-04  -1.7799378e-03  -1.0101616e-03
  -3.7282489e-02  -2.8169635e-02   4.5399183e-02   9.2997996e-04  -1.8802570e-03  -1.1194879e-03
  -2.7736572e-02   6.3074769e-03   1.6279374e-02   1.2750985e-03  -1.9439018e-03  -9.9815592e-04
  -2.9555670e-02   1.7773424e-02   2.9223438e-02   1.1146193e-03  -1.8273950e-03  -9.6183492e-04
  -2.6534430e-02   3.2271471e-03   3.3243513e-03   1.1745328e-03  -1.5975242e-03  -9.3799386e-04
  -4.1081141e-02   1.5599999e-03  -4.4762481e-03   1.1432311e-03  -1.8634612e-03  -9.4381868e-04
  -4.7037541e-02   1.2725937e-01  -2.4331542e-03   1.3945288e-03  -2.1147905e-03  -9.3188237e-04
  -4.7632930e-02   6.4683233e-02   4.2285439e-02   1.0955020e-03  -1.7813647e-03  -1.1653864e-03
  -4.3585728e-02   3.3595740e-02   2.7953071e-02   9.5598530e-04  -1.8315803e-03  -1.1132601e-03
  -4.9750799e-02  -2.4101982e-02   2.2170028e-02   1.4728437e-03  -1.8583190e-03  -1.1532430e-03
  -3.8139139e-02   4.9402437e-02   1.2181795e-02   1.7460402e-03  -2.0101218e-03  -1.0702305e-03
  -5.0095751e-02  -7.7662347e-03   4.7279101e-02   1.4334882e-03  -1.6708293e-03  -1.2839742e-03
  -4.4301387e-02  -7.0251429e-03   5.7256363e-02   1.2673926e-03  -1.6151260e-03  -1.2139299e-03
  -4.8475999e-02  -4.1992268e-02   3.4608589e-02   1.5401016e-03  -1.5882958e-03  -1.3048829e-03
  -4.9552798e-02   4.6200253e-02   4.0806506e-02   1.1256082e-03  -1.7876152e-03  -1.3675653e-03
  -5.5053572e-02   1.5681470e-02   5.4226947e-02   1.4856636e-03  -1.5809053e-03  -1.3743946e-03
  -6.2046842e-02   2.2181458e-02   4.5014141e-02   1.0785619e-03  -1.8563067e-03  -1.5351444e-03
  -7.5957815e-02  -1.0818742e-02   2.5912260e-02   1.4545697e-03  -1.7445160e-03  -1.7547713e-03
  -7.4558653e-02   2.8013382e-02   4.4206058e-02   7.3879957e-04  -1.9499357e-03  -1.6893344e-03
  -7.2443422e-02  -3.7254791e-02   6.2096558e-02   1.1241462e-03  -1.4349195e-03  -1.6129155e-03
  -7.0559307e-02   2.1083359e-03   6.0005237e-02   1.3387157e-03  -1.5758583e-03  -1.4557406e-03
  -7.6593090e-02  -1.0116364e-02   6.3623899e-02   1.3154375e-03  -1.6834521e-03  -1.5462995e-03
  -9.4722365e-02   1.2758558e-02   5.8634074e-02   1.0898089e-03  -1.6276886e-03  -1.8118959e-03
  -7.7671878e-02   3.3610840e-03   8.4571416e-02   8.9810373e-04  -1.4609719e-03  -1.6080054e-03
  -8.4616630e-02   2.9758023e-02   7.7235643e-02   7.1500086e-04  -1.5324261e-03  -1.7501852e-03
  -1.0212851e-01  -2.5309941e-02   7.3181714e-02   1.0262947e-03  -1.3373592e-03  -1.8554624e-03
  -1.0084899e-01  -4.2635250e-03   7.1848146e-02   1.1336819e-03  -1.3467622e-03  -1.8654260e-03
  -9.0833645e-02   2.1768604e-02   8.4558349e-02   9.0163541e-04  -1.3879043e-03  -1.8090905e-03
  -1.0998887e-01   1.3302722e-02   8.8125665e-02   8.3449320e-04  -1.3611963e-03  -2.0491413e-03
  -1.1672568e-01  -4.9294814e-02   3.4437010e-02   1.4760225e-03  -1.4007770e-03  -2.0054470e-03
  -9.5896980e-02   2.5806547e-02   6.4933666e-02   1.8847893e-03  -1.1146381e-03  -1.1570306e-03
  -8.7885063e-02   1.2176252e-01   1.7585621e-01   4.7193711e-04  -9.0152687e-04  -1.2244391e-03
  -9.9199811e-02  -6.0444085e-02   1.2522825e-01   7.1004851e-04  -1.1542976e-03  -1.3692534e-03
  -1.0522504e-01   5.7066372e-04   9.2488972e-02   1.4924468e-03  -1.2230810e-03  -1.4976082e-03
  -1.1549843e-01  -1.7045312e-02   1.3748777e-01   7.6926465e-04  -1.2810979e-03  -1.7560733e-03
  -9.9988141e-02  -5.9151994e-02   1.3247067e-01   1.1232633e-03  -1.2400615e-03  -1.4717601e-03
  -9.9864580e-02  -5.2546405e-02   1.4244844e-01   1.2441100e-03  -1.0268537e-03  -1.5098426e-03
  -1.0074112e-01  -9.7267174e-03   1.0731835e-01   9.6271674e-04  -1.2969838e-03  -1.4571299e-03
  -9.0234079e-02   7.5357073e-03   1.4521808e-01   8.8992827e-04  -9.9168632e-04  -1.4201393e-03
  -1.0080447e-01  -2.3636348e-02   1.2119213e-01   8.5745795e-04  -1.0295165e-03  -1.5660828e-03
  -1.0933394e-01  -2.6219209e-02   9.9976535e-02   1.3437066e-03  -1.1002422e-03  -1.6730788e-03
  -1.3019948e-01   5.4826928e-02   1.1781842e-01   2.7503904e-04  -1.3675294e-03  -2.0369086e-03
  -1.1024877e-01  -4.1711769e-02   6.3651118e-02   5.7791373e-04  -1.5962405e-03  -1.9226282e-03
  -1.1240242e-01  -3.2835765e-02   1.0879205e-01   6.5597107e-04  -1.6563795e-03  -1.8419600e-03
  -1.1683063e-01  -2.5788770e-03   9.3178704e-02   7.0069913e-04  -1.6290595e-03  -1.8179486e-03
  -1.1789868e-01   5.8082472e-02   9.8056499e-02   1.5275732e-03  -1.6283485e-03  -1.7855606e-03
  -1.1275305e-01   8.3181416e-03   5.2200790e-02   1.2364479e-03  -1.7675793e-03  -1.8598997e-03
  -1.2802068e-01   5.0696064e-02   9.7421602e-02   9.2306950e-04  -1.6358371e-03  -2.0892770e-03
  -1.2781944e-01  -6.2993114e-03   1.0691636e-01   1.1389476e-03  -1.6053099e-03  -2.1194015e-03
  -1.1853344e-01  -1.9520332e-02   1.1800435e-01   1.1698129e-03  -1.4002535e-03  -1.9716159e-03
  -1.1595078e-01  -1.7293153e-02   1.0510434e-01   1.2311049e-03  -1.8374165e-03  -1.9518128e-03
  -1.0935215e-01  -5.6467142e-03   9.7421733e-02   1.0408847e-03  -1.5879724e-03  -1.8067897e-03
  -1.1720450e-01  -2.1549660e-02   9.9698922e-02   1.1491074e-03  -1.5582597e-03  -1.8895022e-03
  -1.0960417e-01   1.5486898e-02   7.6778044e-02   1.7878836e-03  -1.6767003e-03  -1.7753348e-03
  -1.1726825e-01  -3.3293859e-02   8.7382451e-02   1.2068185e-03  -1.6557123e-03  -2.1757054e-03
  -9.0609972e-02   2.9730632e-02   6.5744791e-02   1.3666216e-03  -1.9468665e-03  -1.7975575e-03
  -8.4208040e-02  -1.8072387e-02   1.0925500e-01   8.4629125e-04  -1.6418230e-03  -1.6528786e-03
  -9.3043248e-02  -2.7080243e-02   1.1180986e-01   1.0157852e-03  -1.5315246e-03  -1.7671232e-03
  -9.9121710e-02  -2.2765375e-02   9.7957674e-02   7.9887309e-04  -1.5122755e-03  -1.7740921e-03
  -9.0164429e-02  -1.4556746e-02   1.0192286e-01   5.8065332e-04  -1.8103935e-03  -1.5339115e-03
  -8.5701175e-02  -3.7239188e-03   7.6734453e-02   5.5346508e-04  -1.8225858e-03  -1.4111859e-03
  -7.5254790e-02  -2.7145163e-03   3.8179136e-02   1.0414148e-03  -2.0519551e-03  -1.4179472e-03
  -7.7577917e-02   2.6834178e-02   4.5784642e-02   1.3459051e-03  -2.0581934e-03  -1.3276842e-03
  -7.4301793e-02   2.1845007e-02   7.4124215e-02   1.0518602e-03  -1.7186566e-03  -1.4369518e-03
  -6.5500846e-02  -5.1044847e-04   6.6358883e-02   1.5717327e-03  -1.4907969e-03  -1.3714770e-03
  -6.0584372e-02  -4.4478494e-04   7.4386854e-02   1.3315148e-03  -1.5703208e-03  -1.1516338e-03
  -6.3636520e-02  -1.6013890e-02   1.7072731e-02   1.8728307e-03  -1.5854364e-03  -1.3453751e-03
  -7.3720243e-02   6.9676331e-02   3.4781102e-02   7.5079529e-04  -2.3743146e-03  -1.4163579e-03
  -6.2116159e-02  -4.2503291e-02   9.0622648e-02   1.0832650e-03  -1.7346014e-03  -1.3152423e-03
  -5.0291974e-02  -1.9378733e-02   4.7806083e-02   1.0819356e-03  -2.1076341e-03  -1.1881979e-03
  -5.6655499e-02  -8.3327599e-03   8.1578569e-02   6.7769962e-04  -1.8880224e-03  -1.2116961e-03
  -5.1230003e-02  -5.1468714e-02   3.7035957e-02   1.5175374e-03  -2.1346029e-03  -9.6629096e-04
  -5.4244342e-02  -5.4099854e-03   2.9475692e-02   1.3837816e-03  -2.1664156e-03  -1.0141687e-03
  -6.4623650e-02   4.7749276e-02   3.8937160e-02   6.4074727e-04  -2.3994225e-03  -1.1817443e-03
  -7.3064551e-02  -7.4854234e-02   8.0856454e-02   9.8115485e-04  -1.8872216e-03  -1.4175309e-03
  -5.4762634e-02  -3.5485433e-02   2.3496729e-02   1.3553022e-03  -2.0972691e-03  -1.3390494e-03
  -4.9891979e-02  -2.2753552e-02   2.5317714e-02   1.5003644e-03  -2.2386911e-03  -1.0343267e-03
  -3.9921222e-02   6.6420978e-02  -5.5847145e-02   1.7488049e-03  -2.6815788e-03  -1.1573069e-03
  -1.2718026e-01  -1.1007491e-01  -1.9336009e-01   3.1845611e-03  -2.3786481e-03  -1.9547591e-03
  -1.0415914e-01   9.2016665e-02  -1.1837643e-01   2.9903650e-03  -2.3899390e-03  -1.3246410e-03
