   0.0000000e+00   0.0000000e+00  -7.1054274e-15   0.0000000e+00   0.0000000e+00   0.0000000e+00
  -6.2332123e-03   6.8779480e-02   7.5778991e-03   5.5615511e-05   4.9765038e-06   1.7065797e-05
  -8.0227530e-03  -1.7029142e-02   4.1517389e-03   1.4963412e-04  -1.8201954e-06  -1.2861671e-04
  -2.5327717e-02   9.1811934e-02  -5.5009531e-03   9.7800377e-05   5.6777010e-05  -1.2979728e-04
  -2.7951838e-02   4.7712378e-02   1.0058644e-02  -9.1190308e-05   4.4470326e-05  -7.1839519e-05
  -2.1359326e-02   4.7262374e-02   8.7520053e-03  -2.2869608e-04  -2.8325707e-05  -2.4372276e-04
  -3.6707479e-02   1.5076830e-04   1.5561170e-02  -1.1164729e-04   5.9640866e-05  -1.5986600e-04
  -3.8005883e-02   1.7907435e-02   2.2312580e-02  -2.8067568e-04   8.2308964e-06  -2.3548981e-04
  -4.1076172e-02  -1.6006849e-02   1.9033912e-02  -2.5045392e-04   3.7036339e-05  -2.7005779e-04
  -5.3817455e-02  -4.0892215e-03   2.3440230e-02   2.2665217e-05   2.6008833e-05  -2.4443431e-04
  -5.5498752e-02   2.6847062e-02   3.6130637e-02  -1.3017549e-04  -6.6089834e-05  -2.5418910e-04
  -5.8308444e-02   9.3853316e-02   4.9823645e-02  -4.6507086e-04   2.7749177e-05  -3.2258954e-04
  -5.7471224e-02  -2.4963611e-02   7.0980844e-02  -3.4621424e-04   2.8694068e-05  -2.9000712e-04
  -5.6741642e-02  -1.7590641e-03   6.3014069e-02  -6.3792219e-04  -1.0128604e-04  -1.1198894e-04
  -6.3866503e-02   1.6351093e-02   5.0193608e-02  -5.2639435e-04   9.2836586e-05  -3.7740583e-04
  -6.7073244e-02  -1.0451723e-02   5.7613429e-02  -1.8484020e-04   1.8329062e-04  -4.1145393e-04
  -6.4224985e-02   2.4155375e-02   5.5663834e-02  -1.0005219e-04   1.1499226e-04  -3.3984873e-04
  -7.1906966e-02   9.3096066e-02   6.0448073e-02   6.1224174e-05   8.7261467e-05  -4.0255741e-04
  -7.8522781e-02   5.3270847e-04   6.8464726e-02  -2.1925655e-04   2.0161591e-04  -6.5339083e-04
  -8.7990368e-02   4.5456974e-02   6.6960586e-02  -3.9312112e-04   2.8325145e-04  -6.6870678e-04
  -9.2641989e-02   3.0697955e-02   5.9608284e-02  -5.8120941e-04   1.8552992e-04  -7.0342421e-04
  -9.2506201e-02  -1.4296286e-02   6.4023610e-02  -3.4400840e-04   2.9149883e-04  -5.6165795e-04
  -9.1522105e-02   2.6533282e-02   7.0313811e-02  -1.5710926e-04   2.9824197e-04  -5.4411186e-04
  -9.9339453e-02  -1.7979898e-02   7.7958162e-02  -4.2553999e-04   2.5528464e-04  -5.5243235e-04
  -9.9864300e-02   2.0026579e-02   5.8853870e-02  -4.6125266e-04   3.3950248e-04  -6.1522677e-04
  -1.0385739e-01   5.1174502e-02   6.8663887e-02  -5.8567550e-04   4.2189088e-04  -6.3851186e-04
  -1.1282191e-01   3.7123029e-02   7.0849744e-02  -4.3212298e-04   4.1322047e-04  -5.7194530e-04
  -1.1908939e-01   6.6175549e-02   6.7156966e-02  -3.7704328e-04   6.7101774e-04  -5.4731445e-04
  -1.2384459e-01   3.3602754e-03   9.6601487e-02  -4.6951756e-04   5.6457758e-04  -6.9377387e-04
  -1.2828465e-01   3.2328600e-03   8.8733615e-02  -6.3586041e-04   6.0628847e-04  -7.3998935e-04
  -1.2972234e-01   1.2247089e-01   8.7182311e-02  -7.2302449e-04   6.1740022e-04  -7.2996353e-04
  -1.2769075e-01  -4.1735042e-03   1.0585800e-01  -7.4566157e-04   6.4311759e-04  -7.2045709e-04
  -1.2133768e-01   4.4041913e-02   1.0961226e-01  -7.7594424e-04   6.0002287e-04  -7.4530441e-04
  -1.2286646e-01   2.3216934e-02   9.7373072e-02  -4.8352153e-04   6.8754062e-04  -6.9835154e-04
  -1.2341762e-01   3.7403440e-02   1.0440327e-01  -7.9148620e-04   6.7010711e-04  -6.7737131e-04
  -1.2791508e-01   4.6568402e-02   1.0276682e-01  -8.0057687e-04   6.3857947e-04  -7.7913393e-04
  -1.3215931e-01   4.3630213e-02   1.0643398e-01  -9.3960908e-04   7.3320563e-04  -7.5025372e-04
  -1.2775081e-01   2.1283846e-02   1.0021400e-01  -9.3745179e-04   7.2518268e-04  -7.5371883e-04
  -1.2865672e-01   3.1204507e-02   1.1689275e-01  -7.6352545e-04   8.3207682e-04  -7.5123744e-04
  -1.2353167e-01   5.4908352e-02   1.0515647e-01  -7.7416031e-04   8.7632520e-04  -6.4362839e-04
  -1.2432436e-01   7.6178772e-02   1.0593515e-01  -1.0267111e-03   8.3485118e-04  -7.2160620e-04
  -1.2379969e-01   4.0804546e-02   9.5288205e-02  -8.1630775e-04   7.3752517e-04  -7.6549583e-04
  -1.2733596e-01   9.9341232e-03   1.0923336e-01  -9.9501648e-04   7.2598845e-04  -7.6970615e-04
  -1.2331428e-01   2.3260015e-02   1.0277370e-01  -9.3165511e-04   7.7517551e-04  -9.0581535e-04
  -1.1930298e-01   6.0824231e-02   9.5136769e-02  -1.0750361e-03   6.7736123e-04  -8.2619331e-04
  -1.1139791e-01   6.1060661e-02   9.6799599e-02  -9.9763439e-04   6.9379662e-04  -7.5459144e-04
  -1.2035571e-01   4.9792220e-02   9.2949822e-02  -1.0633586e-03   7.7187445e-04  -8.2227684e-04
  -1.3241785e-01  -5.6081549e-03   1.1165488e-01  -9.7051176e-04   8.5114502e-04  -9.2623086e-04
  -1.3269897e-01   4.2133518e-02   1.2406659e-01  -9.1433029e-04   8.8229462e-04  -9.1467032e-04
  -1.3684936e-01  -2.8882609e-02   1.3257247e-01  -1.0632685e-03   9.5389183e-04  -9.1927003e-04
  -1.3732548e-01   3.8484227e-02   1.3701708e-01  -1.2312816e-03   8.7192852e-04  -8.0580424e-04
  -1.3704146e-01   8.1527038e-02   1.3387706e-01  -1.4098066e-03   7.6363421e-04  -9.5731863e-04
  -1.3644781e-01   3.2995919e-02   1.4029635e-01  -1.2994448e-03   8.8201741e-04  -9.1746457e-04
  -1.4264817e-01   3.7293335e-02   1.4073983e-01  -1.4138923e-03   8.8043267e-04  -8.1000657e-04
  -1.5242386e-01   3.1825701e-03   1.5138266e-01  -1.3272174e-03   9.6681317e-04  -1.0929319e-03
  -1.5500241e-01   1.1027511e-02   1.4529659e-01  -9.8415895e-04   1.0318853e-03  -1.0807292e-03
  -1.6070177e-01   1.5875685e-01   1.1611536e-01  -1.0122597e-03   1.0301716e-03  -1.0950632e-03
  -1.7274498e-01  -5.8382717e-02   1.3842830e-01  -7.4122593e-04   1.2562348e-03  -1.1303063e-03
  -1.7364389e-01   4.2651456e-02   1.3578554e-01  -7.3066468e-04   1.2480502e-03  -1.0532574e-03
  -1.8252297e-01   2.5982439e-02   1.4533747e-01  -8.1307122e-04   1.2703596e-03  -1.2992022e-03
  -1.9879288e-01   5.1952933e-02   1.4061146e-01  -5.9174364e-04   1.5393547e-03  -1.4891288e-03
  -2.0246521e-01   3.0766567e-03   1.5849005e-01  -5.4934529e-04   1.5918887e-03  -1.3812643e-03
  -2.2259225e-01  -1.8378956e-02   2.0598417e-01  -9.2683604e-04   1.8058089e-03  -1.4121724e-03
  -2.2491920e-01  -7.6253306e-03   2.2365043e-01  -1.0335693e-03   1.7698803e-03  -1.3462255e-03
  -2.3186076e-01   4.4410695e-02   2.1833247e-01  -1.2799828e-03   1.8324141e-03  -1.4010510e-03
  -2.3705667e-01   5.9281329e-02   2.1323102e-01  -1.1107780e-03   2.0230371e-03  -1.3786264e-03
  -2.4047298e-01   3.1942772e-02   2.1054473e-01  -1.0727475e-03   2.0999120e-03  -1.4562324e-03
  -2.4304802e-01   2.0818213e-02   2.1371710e-01  -8.0551545e-04   2.2214232e-03  -1.4413731e-03
  -2.5724450e-01   3.5372593e-01   1.7065485e-01  -6.9096777e-04   2.8400954e-03  -1.9139654e-03
  -2.9619673e-01  -1.0563023e-01   2.1631609e-01   2.8924299e-04   4.2595933e-03  -3.4136447e-03
  -3.4274100e-01  -2.3391603e-01   2.7365034e-01   4.1887868e-04   4.2862590e-03  -2.9455695e-03
  -3.5632738e-01   8.6124056e-03   2.5523210e-01   6.3429828e-04   4.4213562e-03  -2.8282002e-03
  -3.6651867e-01  -6.4232804e-02   2.7284671e-01   9.1019812e-04   4.4590911e-03  -2.8863226e-03
  -3.6615222e-01   5.7042474e-02   2.7386872e-01   9.3776187e-04   4.4891388e-03  -2.9514896e-03
  -3.7906873e-01  -8.3296726e-02   3.1248375e-01   8.9023984e-04   4.6367434e-03  -3.0761655e-03
  -3.7370792e-01  -2.2429784e-03   2.9625289e-01   8.9605152e-04   4.3863366e-03  -3.0652994e-03
  -3.7788553e-01  -3.1655343e-02   3.1110663e-01   2.9220490e-04   4.5548126e-03  -3.1815155e-03
  -3.8602608e-01  -4.2813102e-02   3.1154947e-01   7.9142361e-04   4.3822715e-03  -3.1233006e-03
  -3.8624985e-01  -2.6798161e-02   3.1055725e-01   6.7273041e-04   4.5467706e-03  -3.1175950e-03
  -3.9193221e-01   2.5192775e-03   2.9057636e-01   4.7272695e-04   4.6423342e-03  -3.1696845e-03
  -3.9126208e-01   5.5960330e-02   2.9847725e-01   9.2293055e-04   5.1221311e-03  -2.8100175e-03
  -3.7107560e-01   7.2170592e-02   2.8994228e-01   5.3722994e-04   4.9405812e-03  -2.3372102e-03
  -3.8397954e-01   3.0580610e-02   2.9179263e-01   4.5975110e-04   5.2086912e-03  -2.4081859e-03
  -3.8504910e-01  -4.4472554e-02   3.0057263e-01   7.6114257e-04   5.3183652e-03  -2.6023930e-03
  -3.8835234e-01   2.1270630e-02   3.1840901e-01   6.5275510e-04   5.2818968e-03  -2.5409751e-03
  -3.8621466e-01   2.2208206e-03   3.2719282e-01   4.5702572e-04   5.2554480e-03  -2.4986258e-03
  -3.8612728e-01   2.8447154e-02   3.1766259e-01   6.5852072e-04   5.2159343e-03  -2.4675277e-03
  -3.8953841e-01   2.3709904e-02   3.2838086e-01   5.6817745e-04   5.4041171e-03  -2.6180986e-03
  -3.9051798e-01   1.7025556e-02   3.3418224e-01   7.0583013e-04   5.2916268e-03  -2.6709243e-03
  -3.9384961e-01   2.0800297e-02   3.3409403e-01   5.6527037e-04   5.2654866e-03  -2.7078014e-03
  -3.8512162e-01   1.6883521e-02   3.2843999e-01   3.5324729e-04   5.1687704e-03  -2.8164007e-03
  -3.8272310e-01   2.9916940e-02   3.2227884e-01   4.6860383e-04   5.1307579e-03  -2.9045811e-03
  -3.8971595e-01  -1.9557460e-02   3.3330899e-01   6.4153102e-04   5.3038156e-03  -2.7380990e-03
  -3.9942145e-01  -5.9749318e-03   3.4607924e-01   6.2792636e-04   5.3611087e-03  -2.7175282e-03
  -4.0835718e-01   1.5143323e-02   3.4811307e-01   1.0009363e-03   5.4259892e-03  -2.8134973e-03
  -4.0949273e-01   2.4251248e-02   3.3985096e-01   9.3258019e-04   5.3439398e-03  -2.9223295e-03
  -4.1308425e-01   5.4365437e-02   3.4130298e-01   1.5427918e-03   5.3915143e-03  -2.8875512e-03
  -4.1318685e-01   3.2009545e-02   3.4847063e-01   8.6220826e-04   5.2267674e-03  -2.9304009e-03
  -4.1550922e-01   2.5237976e-02   3.4122128e-01   7.2610714e-04   5.3669794e-03  -2.9197026e-03
  -4.1304491e-01  -8.0559347e-03   3.5417876e-01   8.4539819e-04   5.4196408e-03  -2.9599302e-03
  -4.1606335e-01  -1.5867740e-02   3.5753798e-01   1.0652767e-03   5.5277575e-03  -3.0594855e-03
  -4.0886928e-01   1.0139143e-02   3.5370221e-01   9.3426297e-04   5.2848831e-03  -3.1566318e-03
  -4.1289797e-01   7.0930462e-03   3.6685511e-01   8.9824809e-04   5.4093338e-03  -3.0805768e-03
  -4.1140699e-01   2.2590138e-02   3.6635538e-01   7.6901576e-04   5.3957472e-03  -2.9889628e-03
  -4.1024284e-01  -4.0846095e-02   3.6437233e-01   9.8839264e-04   5.3305034e-03  -2.9781337e-03
  -4.1621215e-01   6.0297627e-03   3.7142315e-01   1.4379170e-03   5.4651678e-03  -2.9068877e-03
  -4.2639965e-01  -7.1438854e-02   3.7199098e-01   1.1659380e-03   5.5315946e-03  -3.1813129e-03
  -4.2581364e-01   1.8503338e-02   3.7238429e-01   1.6061160e-03   5.4535654e-03  -3.2202264e-03
  -4.1882133e-01   1.2058539e-02   3.8252943e-01   1.5042667e-03   5.4896285e-03  -3.3058611e-03
  -4.2631316e-01  -4.4650839e-02   3.6676270e-01   1.2709050e-03   5.6166898e-03  -3.4396902e-03
  -4.1184157e-01   2.9802855e-02   3.5689471e-01   8.0160681e-04   5.3087128e-03  -3.3308326e-03
  -4.1642517e-01  -3.4186424e-02   3.5265004e-01   1.3772985e-03   5.3130336e-03  -3.2714617e-03
  -4.1520743e-01  -1.2379567e-02   3.5045264e-01   1.3693689e-03   5.2944426e-03  -3.3532062e-03
  -4.1869072e-01  -4.9313862e-03   3.6793231e-01   1.2402496e-03   5.3092654e-03  -3.4704553e-03
  -4.2067293e-01  -8.9380094e-03   3.8456403e-01   1.4894077e-03   5.2451666e-03  -3.3754248e-03
  -4.2023594e-01   1.5214226e-03   3.7402819e-01   9.2585190e-04   5.2635812e-03  -3.4662826e-03
  -4.1739362e-01  -1.1126292e-02   3.7742554e-01   8.1877109e-04   5.2017188e-03  -3.3700306e-03
  -4.1420910e-01  -3.9870940e-02   3.8257128e-01   7.9888103e-04   5.2048739e-03  -3.2747693e-03
  -4.1649457e-01  -8.4243204e-03   3.6226951e-01   1.5416756e-03   5.2463250e-03  -3.2713409e-03
  -4.2867838e-01  -6.9694179e-02   3.5304710e-01   1.4709721e-03   5.3665241e-03  -3.3967180e-03
  -4.2905927e-01   8.3376302e-02   3.5172653e-01   1.5140336e-03   5.3155508e-03  -3.3535405e-03
  -4.3205741e-01  -6.2245879e-02   3.7591103e-01   2.0496073e-03   5.3912440e-03  -3.3621180e-03
  -4.3547265e-01  -4.6427837e-02   3.7103060e-01   1.7407531e-03   5.5261337e-03  -3.4711382e-03
  -4.2958059e-01   2.7155613e-02   3.7208154e-01   1.5882183e-03   5.2157923e-03  -3.4388096e-03
  -4.2649803e-01  -3.6373475e-02   3.7500251e-01   1.1238717e-03   5.3498038e-03  -3.5540045e-03
  -4.3449909e-01   1.0314387e-02   3.8171560e-01   1.0866739e-03   5.3814493e-03  -3.5364436e-03
  -4.3073219e-01  -3.7374966e-02   3.8432113e-01   1.7737922e-03   5.3126307e-03  -3.4755589e-03
  -4.3097617e-01  -1.7579545e-02   3.8123297e-01   1.1800783e-03   5.4338622e-03  -3.5454666e-03
  -4.3155919e-01  -5.5233107e-03   3.8681635e-01   1.4755210e-03   5.2960097e-03  -3.4705345e-03
  -4.2194897e-01   4.1323124e-02   3.8789201e-01   1.0059356e-03   5.2202376e-03  -3.5348930e-03
  -4.2466896e-01  -2.6919476e-02   4.0111078e-01   9.7493984e-04   5.1828729e-03  -3.4463042e-03
  -4.3086217e-01   6.9342878e-02   3.7597645e-01   1.1508908e-03   5.3377656e-03  -3.4506094e-03
  -4.4456803e-01  -5.5981884e-02   3.6988007e-01   1.1195225e-03   5.4984987e-03  -3.8033508e-03
  -4.4433066e-01  -6.8306049e-03   3.8188759e-01   1.4257689e-03   5.4295032e-03  -3.6943677e-03
  -4.4479467e-01  -1.8935068e-02   3.9321843e-01   1.4432629e-03   5.4222807e-03  -3.6612407e-03
  -4.3902357e-01  -5.0082081e-02   3.5934971e-01   1.2619735e-03   5.3720643e-03  -3.6611718e-03
  -4.5759619e-01  -1.2458261e-03   3.5982665e-01   1.3731644e-03   5.5702428e-03  -3.7464854e-03
  -4.4242504e-01   2.4811200e-02   3.8069064e-01   1.3854387e-03   5.3608216e-03  -3.7200520e-03
  -4.4163617e-01  -6.8087116e-02   4.0486231e-01   1.5355160e-03   5.4053686e-03  -3.7186509e-03
  -4.4363030e-01  -2.0181774e-02   4.0235026e-01   1.5756637e-03   5.2468203e-03  -3.7738282e-03
  -4.4455348e-01  -3.1956504e-02   4.1233941e-01   1.7174547e-03   5.1420355e-03  -3.6494742e-03
  -4.4027692e-01  -2.1987658e-02   4.1336945e-01   1.0934204e-03   5.3057780e-03  -3.7770030e-03
  -4.4147447e-01  -1.6475288e-02   4.1334088e-01   1.2506835e-03   5.2717922e-03  -3.8069789e-03
  -4.3937870e-01   3.6905089e-02   4.1631459e-01   1.5898773e-03   5.1665522e-03  -3.7660496e-03
  -4.6144271e-01  -1.7653953e-02   4.2823922e-01   1.0375510e-03   5.6232042e-03  -3.7511017e-03
  -4.6996000e-01   5.5801189e-03   4.2819665e-01   1.6786000e-03   5.8864247e-03  -3.7068160e-03
  -4.4861945e-01  -1.2891147e-01   3.3768646e-01   1.3532063e-03   6.0168124e-03  -3.5805711e-03
  -4.8776890e-01  -7.1917062e-03   2.2673120e-01   1.9264679e-03   7.1410370e-03  -3.7120779e-03
  -4.5540375e-01   7.3992683e-03   1.8427007e-01   2.6699579e-03   6.2743114e-03  -3.0478104e-03
  -4.8534122e-01   5.5742482e-02   2.8745026e-01   1.0575585e-03   6.7897335e-03  -3.4680417e-03
  -4.8624775e-01   4.7376969e-02   2.9216463e-01   2.2245291e-03   6.8166191e-03  -3.7767646e-03
  -4.7977511e-01   3.5810952e-02   2.8443907e-01   1.7459294e-03   6.7091117e-03  -3.9010763e-03
  -4.5235237e-01   3.7692274e-01   3.2599278e-01   1.0905689e-03   6.4267489e-03  -4.1898293e-03
  -4.7824601e-01  -1.9602363e-01   2.5866915e-01   2.8106999e-03   6.5412192e-03  -4.2173307e-03
  -4.9519051e-01  -2.0032484e-03   3.0413332e-01   2.4666142e-03   6.8020790e-03  -4.1982958e-03
  -4.8878462e-01   2.9989262e-02   3.3038398e-01   2.4582662e-03   6.6280712e-03  -4.1236049e-03
  -5.0098355e-01   1.9360158e-02   3.4639964e-01   2.1367275e-03   6.6220776e-03  -4.2059624e-03
  -4.9737727e-01   8.2022847e-02   3.2047429e-01   2.3479662e-03   6.5631090e-03  -4.2702515e-03
  -4.9450010e-01   3.3516035e-02   3.3930847e-01   2.6496263e-03   6.5990406e-03  -4.2356794e-03
  -5.0097841e-01  -2.3759599e-02   3.7165651e-01   2.6905072e-03   6.5843937e-03  -4.3739822e-03
  -4.9944904e-01   8.3905374e-02   3.5584887e-01   2.7646253e-03   6.5972138e-03  -4.2843561e-03
  -4.9980014e-01   4.5053038e-02   3.6079993e-01   2.1315668e-03   6.5207400e-03  -4.2858741e-03
  -5.0709129e-01   1.4019839e-02   3.5667189e-01   2.5895553e-03   6.6026712e-03  -4.3249524e-03
  -5.1481283e-01   1.7680065e-03   3.4632091e-01   2.3589946e-03   6.7017589e-03  -4.3253292e-03
  -5.1645929e-01   4.6055783e-02   3.4134421e-01   2.3602757e-03   6.5205057e-03  -4.4220336e-03
  -5.1596818e-01   8.6046673e-02   3.4006818e-01   2.1658496e-03   6.6185169e-03  -4.4799652e-03
  -5.1656821e-01   8.4628600e-02   3.5018050e-01   2.3620820e-03   6.7020854e-03  -4.4809938e-03
  -5.2590619e-01   8.0123144e-04   3.6293403e-01   2.6353634e-03   6.7307194e-03  -4.4566831e-03
  -5.2535778e-01   5.3596170e-02   3.4711741e-01   2.8870882e-03   6.5873351e-03  -4.5404627e-03
  -5.1457315e-01   7.3408252e-02   3.4278665e-01   2.5458416e-03   6.4417816e-03  -4.5394572e-03
  -5.1383276e-01   1.3854779e-02   3.4137351e-01   2.6643469e-03   6.4487736e-03  -4.5381068e-03
  -5.1574531e-01   6.7736963e-03   3.4506190e-01   2.7057719e-03   6.4090866e-03  -4.6027201e-03
  -5.1823813e-01   1.2721296e-02   3.6351800e-01   3.1359460e-03   6.5203275e-03  -4.4386802e-03
  -5.2632957e-01  -1.2438134e-02   3.6217282e-01   2.8996173e-03   6.5166849e-03  -4.6529956e-03
  -5.3702822e-01   4.0672886e-02   3.4288590e-01   2.5881597e-03   6.7283540e-03  -5.0281017e-03
  -5.4576838e-01   2.9796172e-02   3.5485431e-01   2.3333536e-03   6.8309674e-03  -5.1721985e-03
  -5.5075996e-01   1.5112896e-02   3.5544977e-01   2.1166013e-03   6.8197771e-03  -5.2211212e-03
  -5.4544218e-01   4.3659435e-02   3.5251968e-01   2.8324478e-03   6.8289854e-03  -5.1404961e-03
  -5.4382811e-01   2.9194304e-02   3.7355208e-01   2.6599600e-03   6.7703996e-03  -5.1293882e-03
  -5.3806791e-01  -1.9241692e-02   3.7775974e-01   2.6110797e-03   6.5119569e-03  -5.0912704e-03
  -5.3628260e-01   4.0558004e-02   3.7593984e-01   2.5503983e-03   6.4860896e-03  -5.0762016e-03
  -5.3925333e-01   3.9660763e-02   3.7256373e-01   2.2412833e-03   6.5964801e-03  -5.0470645e-03
  -5.3650969e-01   5.4325950e-02   3.6335131e-01   2.2487364e-03   6.6435301e-03  -5.1402349e-03
  -5.4174840e-01  -2.4550144e-03   3.6382186e-01   2.3039208e-03   6.8143843e-03  -5.2253396e-03
  -5.4663264e-01  -2.4236798e-03   3.5825987e-01   2.2966718e-03   6.7893151e-03  -5.3109794e-03
  -5.5811461e-01   2.9786207e-04   3.5851953e-01   2.8811914e-03   6.9503767e-03  -5.1747123e-03
  -5.6371655e-01   5.6129847e-02   3.5986709e-01   2.7587275e-03   6.6885129e-03  -5.3194357e-03
  -5.6109157e-01   6.4521584e-02   3.7252437e-01   2.4443201e-03   6.8092015e-03  -5.3978231e-03
  -5.6917263e-01  -1.1798305e-02   3.7385948e-01   2.2513240e-03   6.7597330e-03  -5.3345246e-03
  -5.5458366e-01   7.2726623e-02   3.5773134e-01   2.5586832e-03   6.8395790e-03  -5.2311341e-03
  -5.5617054e-01  -6.9984223e-03   3.5149074e-01   2.4218873e-03   6.8441286e-03  -5.3164863e-03
  -5.5150765e-01   8.3698308e-02   3.5015173e-01   2.0479632e-03   6.7107510e-03  -5.3807938e-03
  -5.6102939e-01   1.5173275e-02   3.6813048e-01   2.5070503e-03   6.7576880e-03  -5.2947041e-03
  -5.5237768e-01  -9.7507694e-03   3.6082341e-01   2.0706867e-03   6.6657473e-03  -5.4031995e-03
  -5.4266034e-01  -1.6810224e-02   3.4958851e-01   2.7422146e-03   6.5590431e-03  -5.3758109e-03
  -5.4560955e-01   4.1749174e-03   3.4716254e-01   2.5576897e-03   6.4143097e-03  -5.4003343e-03
  -5.4588306e-01   8.6322680e-02   3.3090668e-01   2.3311770e-03   6.0946675e-03  -5.4035895e-03
  -5.3368810e-01   6.4238259e-02   3.4529870e-01   2.9869657e-03   6.7808969e-03  -5.0571317e-03
  -5.5661403e-01  -3.5867935e-02   3.4571694e-01   3.4481549e-03   6.6912277e-03  -5.3247414e-03
  -5.2653402e-01   3.2625807e-01   2.9479717e-01   1.8086399e-03   6.2319144e-03  -5.2698225e-03
  -5.8031390e-01  -2.4107315e-01   3.3200040e-01   3.1207039e-03   6.7700989e-03  -5.7892274e-03
  -5.7410899e-01   4.9108119e-02   3.4172174e-01   3.4373347e-03   6.5764663e-03  -5.7478240e-03
  -5.7228759e-01  -2.1744046e-02   3.5747792e-01   3.4003483e-03   6.6957151e-03  -5.8286094e-03
  -5.7713496e-01   6.3699432e-03   3.5126739e-01   3.4974335e-03   6.6501230e-03  -5.8763117e-03
  -5.7938583e-01  -4.0242269e-02   3.5862125e-01   3.6501611e-03   6.6238623e-03  -5.8808742e-03
  -5.6521270e-01   7.4292771e-02   3.5569998e-01   3.2437542e-03   6.5850449e-03  -5.9698370e-03
  -5.6709412e-01  -3.0252445e-02   3.3818901e-01   3.6733960e-03   6.6556501e-03  -5.9924178e-03
  -5.1469447e-01   4.3345555e-02   3.0674349e-01   2.4823694e-03   6.2756475e-03  -6.2055115e-03
  -5.2805678e-01  -3.6064936e-03   3.2065610e-01   1.7854058e-03   5.8640549e-03  -6.9947590e-03
  -5.2448182e-01   8.4207417e-02   3.4786715e-01   1.7106433e-03   5.9441221e-03  -6.7401051e-03
