   0.0000000e+00   0.0000000e+00   0.0000000e+00   0.0000000e+00   0.0000000e+00   0.0000000e+00
   1.0080211e-02   9.0656026e-02   1.0803931e-02  -6.5704515e-04  -5.0615016e-04   2.3287163e-04
   1.9177014e-02   6.6189654e-02   5.5138704e-03  -1.0436464e-03  -4.3477962e-04   2.9827362e-04
  -6.4980258e-02   7.7683075e-02   1.0643733e-02  -1.1150238e-03   8.1073268e-04  -2.2098193e-03
  -1.0096640e-01   4.1776932e-02   7.8496764e-03  -4.4746318e-04   1.4638426e-03  -3.7367923e-03
  -9.2236812e-02   3.7781977e-02  -7.7906924e-03  -4.4223569e-04   1.0903393e-03  -3.3751421e-03
  -8.2578992e-02   6.6178274e-02   1.7827127e-02  -1.5596539e-03   1.1073135e-03  -3.0293019e-03
  -9.6439491e-02   4.9693635e-02   1.4223947e-02  -1.8654295e-03   1.5070034e-03  -3.0531732e-03
  -8.8187341e-02   1.8083465e-03   2.8948220e-02  -2.3013502e-03   1.1876684e-03  -2.9965789e-03
  -9.3810718e-02   4.8794981e-02   3.8552274e-02  -2.5901279e-03   1.7025061e-03  -3.1233338e-03
  -8.8398479e-02   9.8186464e-03   5.2423116e-02  -2.4681529e-03   1.5034390e-03  -3.0352699e-03
  -8.6084460e-02   8.5933157e-03   7.1382103e-02  -2.5977767e-03   1.5713428e-03  -3.0686681e-03
  -8.5287357e-02   3.2826215e-02   9.1769111e-02  -3.3547519e-03   1.3940560e-03  -3.0727193e-03
  -8.1561629e-02   4.9679560e-02   9.0450113e-02  -3.5134704e-03   1.3973273e-03  -3.0199664e-03
  -7.2105818e-02   6.8184332e-02   5.9466272e-02  -2.8403609e-03   1.3048555e-03  -2.7703970e-03
  -6.7282130e-02   7.7117672e-02   5.0181965e-02  -3.2649524e-03   1.1911743e-03  -2.7677772e-03
  -6.3360459e-02   5.3380827e-02   6.8216106e-02  -2.8949699e-03   1.2386673e-03  -2.7253686e-03
  -5.6978352e-02   2.5093714e-02   5.9970761e-02  -2.6130336e-03   9.7077444e-04  -2.6138683e-03
  -5.0155976e-02   1.1878641e-01   1.0366333e-02  -2.1943143e-03   8.7409641e-04  -2.2394454e-03
  -6.6347759e-02  -4.7315335e-02   2.4660263e-02  -2.3213899e-03   1.0409061e-03  -2.5848520e-03
  -5.4546815e-02   3.2757752e-03   4.6852868e-02  -2.3776727e-03   8.8736109e-04  -2.5347183e-03
  -5.6587906e-02   2.2389861e-02   4.9368436e-02  -2.1534944e-03   8.5057298e-04  -2.5682757e-03
  -4.5477222e-02   2.9787529e-02   5.5715165e-02  -2.8536206e-03   6.4210904e-04  -2.2804726e-03
  -4.7612575e-02   4.3046219e-02   6.2956947e-02  -3.1274378e-03   7.0151318e-04  -2.1549008e-03
  -4.5699035e-02   3.4061586e-02   8.6612181e-02  -3.9354326e-03   4.8261266e-04  -2.1508830e-03
  -3.9078269e-02   7.8615588e-02   1.0542089e-01  -4.7432271e-03   1.7024596e-04  -2.0081051e-03
  -3.3279603e-02   5.1148150e-02   1.0645695e-01  -5.0859756e-03   2.0353828e-04  -1.9385177e-03
  -2.6735921e-02   8.3225367e-02   7.2492011e-02  -4.6714010e-03   2.9594820e-04  -1.8994048e-03
  -1.8640529e-02   1.2491052e-01   4.8285281e-02  -5.1649650e-03  -8.1015987e-05  -1.8062855e-03
  -1.8421844e-02  -5.3919547e-02   7.4182754e-02  -4.7329726e-03   1.6549453e-04  -1.8505189e-03
  -3.0244721e-02   6.8770622e-02   1.1780397e-01  -4.5630103e-03   1.5908801e-04  -1.7823745e-03
  -2.5035890e-02   4.0799041e-03   1.2309111e-01  -4.6389813e-03  -1.2447258e-04  -1.6541608e-03
  -2.5866804e-02   5.2777843e-02   1.3511359e-01  -5.4190440e-03  -1.0018920e-04  -1.7026379e-03
  -2.2810012e-02   3.5731976e-02   1.0726797e-01  -5.0903109e-03   2.0194792e-04  -1.6416427e-03
  -2.1685456e-02   2.4402368e-02   1.2234831e-01  -5.2855310e-03   2.3499956e-05  -1.7441202e-03
  -1.7463906e-02   8.4256484e-03   1.2649265e-01  -5.2319518e-03  -4.8061273e-05  -1.7472535e-03
  -2.0771488e-02   6.4112230e-02   1.2641023e-01  -5.7150355e-03  -4.8638000e-06  -1.8029234e-03
  -2.0879192e-02   7.8901448e-02   1.4743475e-01  -6.4563956e-03  -2.0161943e-05  -1.8525679e-03
  -1.3122826e-02   6.9680968e-02   1.4152850e-01  -6.0392949e-03   2.1469233e-04  -1.5330818e-03
  -1.6423392e-02   7.3973011e-02   1.4822045e-01  -6.5364943e-03  -3.5098853e-04  -1.6642366e-03
  -1.2531629e-02   4.4454184e-02   9.6663715e-02  -6.0781013e-03  -7.4041721e-05  -1.8122487e-03
  -1.2192262e-03   4.5332843e-02   1.3105466e-01  -6.6175178e-03  -9.1695992e-05  -1.4989244e-03
   5.3906444e-03   1.1989550e-01   8.7417414e-02  -5.4123647e-03  -6.5634402e-04  -1.3183799e-03
   4.8643582e-02  -4.1207694e-04  -3.9191273e-03  -3.7536153e-03  -1.4996952e-03  -3.0148538e-04
   5.1004684e-02   2.6726289e-02   5.5776743e-02  -3.6376172e-03  -1.3790654e-03  -2.5095280e-04
   5.4966045e-02   6.0797397e-02   7.7638174e-02  -4.3432364e-03  -1.4651313e-03  -4.6675129e-05
   5.3724011e-02   8.4599368e-02   8.1511887e-02  -4.7246261e-03  -1.3920643e-03  -2.2646509e-05
   5.8577562e-02   4.4194694e-02   6.1113680e-02  -4.7109280e-03  -1.5869845e-03  -4.0752101e-05
   6.4167399e-02   7.5326443e-02   4.8019093e-02  -4.9685674e-03  -1.7524239e-03   3.8710872e-05
   5.3612519e-02   5.8801973e-02   7.4725115e-02  -4.8371254e-03  -1.5366942e-03  -8.9228621e-06
   5.1985122e-02   4.7127039e-02   1.1339624e-01  -5.7633434e-03  -1.6249875e-03  -1.4337388e-04
   5.9835026e-02   7.3979045e-02   1.2097197e-01  -5.9850629e-03  -1.7673771e-03  -7.6446067e-05
   5.5116897e-02   8.4859006e-02   1.1787925e-01  -6.2659078e-03  -1.5287456e-03  -7.2881740e-05
   5.6204671e-02   3.1196081e-02   1.1020706e-01  -6.1937531e-03  -1.4932361e-03  -9.9526337e-05
   5.7267511e-02   8.5882845e-02   1.2986538e-01  -6.5977052e-03  -1.5278194e-03  -2.0912194e-05
   5.7898785e-02   6.3946618e-02   1.2481625e-01  -6.2646464e-03  -1.7541907e-03   1.0815941e-05
   5.5438689e-02   3.5747296e-02   1.1304342e-01  -6.1966997e-03  -1.6557495e-03  -7.5017979e-05
   6.7788392e-02   7.4714359e-02   1.1387403e-01  -6.4471825e-03  -1.8405379e-03   1.6771242e-04
   6.6298088e-02   7.5152418e-02   1.2047897e-01  -6.3592048e-03  -1.8495565e-03   7.5686958e-05
   7.1731554e-02   7.5235149e-02   1.0100736e-01  -6.3514474e-03  -1.9142839e-03   1.5437732e-04
   6.2774138e-02   5.2518494e-02   1.2125168e-01  -6.1572631e-03  -1.5200049e-03   7.5955110e-05
   6.2898362e-02   3.2961739e-02   1.2412707e-01  -5.9701619e-03  -1.5820076e-03   4.4303069e-05
   6.5055859e-02   4.8083550e-02   1.3257667e-01  -6.1447191e-03  -1.8513949e-03   3.2960295e-05
   6.2804055e-02   7.4263938e-02   1.3299296e-01  -6.2665262e-03  -1.8539843e-03   1.5280274e-04
   5.9897575e-02   2.9294265e-02   1.2417445e-01  -6.0993773e-03  -1.9027702e-03   1.3765255e-04
   5.7613290e-02   6.3456656e-02   1.2652552e-01  -6.3422636e-03  -1.8152696e-03  -6.3644712e-05
   5.8531316e-02   9.3665397e-02   1.2395418e-01  -6.2703442e-03  -1.6965512e-03   4.3647479e-05
   5.5122043e-02   4.0398812e-02   1.2702724e-01  -6.1006303e-03  -1.6262032e-03   1.4538666e-04
   6.1108246e-02   1.1263095e-01   1.3553841e-01  -6.6535005e-03  -1.9652555e-03   1.7374013e-04
   6.4192709e-02   6.8111604e-02   1.2499623e-01  -6.5647140e-03  -1.7492604e-03   8.8207857e-05
   6.4127112e-02   5.6675727e-02   1.2532706e-01  -6.5462364e-03  -1.7700494e-03   9.9421401e-05
   5.8621020e-02   2.8287272e-02   1.1917592e-01  -6.6605351e-03  -1.7893036e-03  -5.5684397e-05
   5.7656253e-02   9.2262502e-02   1.2077589e-01  -6.8363255e-03  -1.7772508e-03  -1.2557498e-05
   5.9025409e-02   7.7917093e-02   1.2594876e-01  -6.7795038e-03  -1.9187356e-03   5.7898008e-06
   6.1979023e-02   8.2710083e-02   1.2617376e-01  -6.7369220e-03  -1.8668987e-03   9.0599894e-05
   5.5969227e-02   6.9561169e-02   1.1668188e-01  -6.7430279e-03  -1.8026035e-03   2.7391818e-05
   5.2533668e-02   6.7520227e-02   1.2483351e-01  -6.8245189e-03  -1.6892386e-03   4.6117486e-06
   1.7369638e-02   5.3906069e-02   6.9497918e-02  -6.3470752e-03  -9.9352874e-04  -7.4615731e-04
   2.1467351e-02  -8.4682850e-02   2.0974644e-02  -4.3262443e-03  -7.9563487e-04  -6.2407988e-04
   6.6777127e-02   1.5481908e-01   8.0090586e-02  -6.1830820e-03  -1.9172391e-03   2.1994284e-04
   7.8094978e-02   3.2094648e-02   7.5461462e-02  -5.9078133e-03  -1.9785495e-03   3.0486767e-04
   7.4362798e-02   4.1596641e-01   8.1412510e-02  -4.9499911e-03  -1.4953808e-03  -1.1881563e-04
   8.1305714e-02   2.8064651e-02   1.6090923e-02  -4.7965831e-03  -9.0900645e-04   2.0409106e-05
   4.1405869e-02  -2.1643530e-01   2.5445470e-02  -4.8099234e-03  -4.4690404e-04  -3.7701619e-04
   6.4585731e-02  -2.7167399e-02  -2.9133005e-02  -2.6364697e-03  -9.7982293e-04   5.3114963e-04
   6.6852719e-02   1.0740651e-01   3.5788524e-02  -4.4071238e-03  -1.0844161e-03   3.8671123e-04
   6.3418418e-02  -9.0048725e-03   1.0718676e-01  -5.1557629e-03  -1.1433895e-03   3.0484765e-04
   6.0736153e-02   3.3233150e-02   1.2218061e-01  -5.8687680e-03  -1.1108730e-03   2.0613554e-04
   6.0112152e-02   1.0406853e-01   1.0516936e-01  -6.1831088e-03  -1.0592628e-03   3.3942955e-04
   6.2994642e-02  -2.1516872e-02   8.3479627e-02  -6.2255600e-03  -1.1112019e-03   3.3055640e-04
   6.4981989e-02   1.1594257e-01   1.0318515e-01  -6.9868267e-03  -1.4324445e-03   3.8341071e-04
   6.0235846e-02   7.8941476e-02   7.3758678e-02  -6.8283672e-03  -1.2211078e-03   4.4958363e-04
   7.2320988e-02   9.9353705e-02   6.1992464e-02  -7.0669477e-03  -1.4648682e-03   5.0287556e-04
   8.6825005e-02   8.5535554e-02   6.4940154e-02  -6.3268712e-03  -1.5874954e-03   6.7241448e-04
   8.7509735e-02   5.0381822e-02   6.8359656e-02  -6.6896304e-03  -1.6882617e-03   6.8631391e-04
   7.8432091e-02   1.5270814e-01   8.6931618e-02  -6.6977950e-03  -1.7987690e-03   7.5691909e-04
   7.2249385e-02   6.6853099e-02   9.1436303e-02  -6.8934119e-03  -1.6506836e-03   6.4558420e-04
   7.0693934e-02   6.4217595e-02   8.9666388e-02  -6.9776012e-03  -1.6725467e-03   6.0136750e-04
   7.3664765e-02   1.1328162e-01   9.0349058e-02  -7.3234798e-03  -1.8059486e-03   5.9220405e-04
   7.2134274e-02   7.9583962e-02   8.1025260e-02  -7.0258170e-03  -1.7649244e-03   6.6745488e-04
   7.4982656e-02   9.9705780e-02   8.7651038e-02  -6.7783861e-03  -1.9973106e-03   6.4005345e-04
   7.2357669e-02   7.3091135e-02   8.4165740e-02  -6.8131733e-03  -2.0146023e-03   5.0670850e-04
   7.0633184e-02   8.4756572e-02   8.6110456e-02  -6.8246940e-03  -2.0277309e-03   5.1967335e-04
   7.6595636e-02   1.2828311e-01   9.1600454e-02  -6.9444799e-03  -2.2817257e-03   6.7928679e-04
   6.5065174e-02   1.1274378e-01   1.0460779e-01  -7.0742935e-03  -2.1853745e-03   4.1995794e-04
   6.5020591e-02  -1.4297263e-02   1.8262889e-02  -3.5061739e-03  -1.9367781e-03   7.9674921e-05
   1.0821650e-01   1.3100019e-01   3.7123992e-02  -4.9975024e-03  -2.9751552e-03   9.3894887e-04
   1.1967911e-01   1.0384588e-01   3.5341396e-02  -5.0423178e-03  -2.8992479e-03   9.6867867e-04
   1.3125636e-01   1.3537300e-02   6.0102203e-02  -5.3132314e-03  -3.0394974e-03   1.4076574e-03
   1.2969406e-01   1.3935928e-01   5.2083560e-02  -5.5677104e-03  -3.1246652e-03   1.5932136e-03
   1.2687220e-01   7.3043245e-02   6.6170129e-02  -6.0035038e-03  -3.3048463e-03   1.3867399e-03
   1.2089336e-01   1.9263550e-02   8.5432847e-02  -6.2734867e-03  -3.0514801e-03   1.2281593e-03
   1.2193123e-01   7.3021599e-02   8.0267246e-02  -6.5199365e-03  -3.1564411e-03   1.2370385e-03
   1.1390477e-01   9.1689406e-02   8.2312175e-02  -6.7995164e-03  -3.2511251e-03   1.1477589e-03
   1.0212795e-01   1.3754356e-01   1.0958756e-01  -7.5933434e-03  -3.1320633e-03   9.5887271e-04
   1.1425440e-01   1.2090723e-01   1.0774547e-01  -7.7335381e-03  -2.9947769e-03   1.0952046e-03
   1.0817011e-01   8.7259040e-02   1.1507262e-01  -7.5380047e-03  -3.0762261e-03   9.2628588e-04
   1.0606262e-01   6.7208352e-02   1.1858382e-01  -7.5025546e-03  -3.2869639e-03   9.1406841e-04
   1.1197897e-01   7.4126704e-02   1.0658873e-01  -7.7157808e-03  -3.2838053e-03   9.1287527e-04
   1.2608140e-01   1.4382123e-01   1.1787789e-01  -7.5828480e-03  -3.4642946e-03   1.1985670e-03
   1.2060224e-01   9.3471509e-02   1.2392424e-01  -7.5797313e-03  -3.4592667e-03   1.0659691e-03
   1.1317305e-01   3.4072530e-02   1.1571374e-01  -7.3359339e-03  -3.2027926e-03   9.5191854e-04
   1.2669330e-01   1.3262452e-01   1.1262036e-01  -7.9578340e-03  -3.2968677e-03   1.0478112e-03
   1.2106406e-01   7.3101884e-02   1.2040275e-01  -8.0197620e-03  -3.1222957e-03   1.0243381e-03
   1.1901448e-01   5.8394091e-02   1.2935069e-01  -7.6762275e-03  -3.0480881e-03   1.0046989e-03
   1.1064450e-01   8.2164203e-02   1.1369413e-01  -7.7700327e-03  -3.0673451e-03   8.8832801e-04
   1.1550292e-01   1.4115147e-01   1.2057154e-01  -8.0458310e-03  -3.3189185e-03   1.0363943e-03
   1.1511405e-01   9.1421611e-02   1.1694852e-01  -8.0057109e-03  -3.1880016e-03   1.0203055e-03
   1.1738644e-01   1.1765732e-01   9.8976981e-02  -7.7778213e-03  -3.3699894e-03   1.0803081e-03
   1.1864256e-01   1.0638149e-01   1.0212268e-01  -7.8274395e-03  -3.2891049e-03   9.9180950e-04
   1.1662287e-01   5.7730749e-02   1.0400477e-01  -7.4789697e-03  -3.0671779e-03   9.8320280e-04
   1.1898442e-01   9.9646973e-02   1.0735368e-01  -7.6127278e-03  -3.3267696e-03   9.8749911e-04
   1.2355875e-01   1.2380714e-01   9.4700356e-02  -7.2658426e-03  -3.0571195e-03   1.1208285e-03
   1.4019279e-01  -2.4266272e-02   1.1724511e-02  -3.4951227e-03  -3.7837285e-03   1.7065597e-03
   1.4995601e-01   8.3881255e-02   2.2282281e-02  -5.0642148e-03  -3.9110466e-03   1.3935177e-03
   1.4898349e-01   4.6472167e-02   2.8036561e-02  -5.2733129e-03  -3.7537390e-03   1.5287636e-03
   1.5184443e-01   1.4459766e-01   4.2792262e-02  -5.8788517e-03  -3.9242867e-03   1.6836386e-03
   1.4929685e-01   7.3414606e-02   4.0584224e-02  -5.7414741e-03  -4.0504025e-03   1.3752112e-03
   1.4700423e-01   1.3198709e-01   5.2973605e-02  -6.0040874e-03  -4.0335194e-03   1.4251971e-03
   1.5259572e-01   1.0744709e-01   6.3477660e-02  -5.8759819e-03  -4.1070493e-03   1.4532722e-03
   1.4241430e-01   5.7109850e-02   6.5990369e-02  -6.0914917e-03  -3.8816597e-03   1.3180034e-03
   1.4139457e-01   1.1972349e-01   8.0724189e-02  -6.7256211e-03  -4.1397150e-03   1.3044184e-03
   1.4051007e-01   1.1853695e-01   7.5460947e-02  -6.5966712e-03  -3.9708109e-03   1.4182814e-03
   1.5069283e-01   8.0724406e-02   8.7879437e-02  -6.4743749e-03  -3.9397721e-03   1.3584974e-03
   1.5220097e-01   1.1455583e-01   7.7101480e-02  -6.3277150e-03  -3.9659732e-03   1.3156356e-03
   1.5327266e-01   1.0812411e-01   4.3881918e-02  -6.6584961e-03  -4.3446621e-03   1.0724924e-03
   1.6103277e-01   8.5145060e-02   5.3902906e-02  -6.6835714e-03  -4.2913530e-03   1.2999806e-03
   1.5323996e-01   8.4176378e-02   7.5996531e-02  -6.5956353e-03  -4.0949905e-03   1.2284503e-03
   1.5598003e-01   1.3094209e-01   8.0552558e-02  -6.6593929e-03  -4.0866263e-03   1.4183836e-03
   1.4537433e-01   1.0288157e-01   8.6740697e-02  -7.0308713e-03  -3.9653961e-03   1.2848638e-03
   1.4433741e-01   7.0848523e-02   9.9876292e-02  -6.9588628e-03  -4.0328668e-03   1.1026623e-03
   1.4280842e-01   5.0189887e-02   9.2699111e-02  -6.9887234e-03  -3.9315806e-03   1.1260330e-03
   1.4053848e-01   1.2559837e-01   1.1653221e-01  -7.8907321e-03  -4.1658351e-03   1.0432879e-03
   1.3479695e-01   1.2128815e-01   1.0963686e-01  -7.8615141e-03  -4.0956863e-03   1.1123154e-03
   1.4160752e-01   8.5549613e-02   1.0023352e-01  -7.8202130e-03  -4.0018336e-03   1.0822901e-03
   1.4143674e-01   1.4655130e-01   1.0705343e-01  -7.8619456e-03  -4.0649606e-03   1.1039311e-03
   1.4231927e-01   7.5057121e-02   9.7461510e-02  -7.7175397e-03  -4.0648898e-03   1.0046498e-03
   1.4601749e-01   1.2085052e-01   8.1876676e-02  -7.8652820e-03  -4.1930921e-03   1.0271042e-03
   1.5609557e-01   1.2135495e-01   8.1470252e-02  -7.6270037e-03  -4.0511624e-03   1.3300824e-03
   1.5327798e-01   1.2205356e-01   8.7647870e-02  -7.3704659e-03  -3.9752149e-03   1.4627701e-03
   1.4429265e-01   4.9074770e-02   1.0648547e-01  -7.7634456e-03  -4.0522006e-03   1.1973338e-03
   1.4893853e-01   8.8005651e-02   8.5182662e-02  -7.8586165e-03  -4.1943591e-03   1.3350567e-03
   1.5727461e-01   9.7084133e-02   9.1480301e-02  -7.9932827e-03  -4.2395700e-03   1.3357529e-03
   1.5733151e-01   1.1308260e-01   9.7260193e-02  -7.7378065e-03  -4.2424785e-03   1.3314481e-03
   1.6370739e-01   7.2182176e-02   8.0909039e-02  -7.7395997e-03  -4.2465987e-03   1.4479529e-03
   1.6372621e-01   1.3974930e-01   9.5143347e-02  -8.0005501e-03  -4.3609896e-03   1.3851260e-03
   1.6109495e-01   1.0981117e-01   9.1327634e-02  -7.6529124e-03  -4.2305287e-03   1.3881967e-03
   1.5568242e-01   1.1498583e-01   7.9547223e-02  -7.6008661e-03  -4.3806532e-03   1.3710102e-03
   1.5324267e-01   1.1936976e-01   8.5732599e-02  -7.7164859e-03  -4.3624899e-03   1.3770614e-03
   1.4605240e-01   9.3319980e-02   9.4372922e-02  -7.5797684e-03  -4.1153743e-03   1.3371649e-03
   1.4083813e-01   8.5459034e-02   9.1319753e-02  -7.6729714e-03  -4.3313291e-03   1.1141658e-03
   1.4705309e-01   1.3600688e-01   1.0010649e-01  -7.9326603e-03  -4.3880364e-03   1.3968854e-03
   1.5028655e-01   6.1524639e-02   1.0334578e-01  -7.7367623e-03  -4.2922359e-03   1.3641235e-03
   1.5489855e-01   4.6036435e-02   8.8829405e-02  -7.5229085e-03  -4.4614833e-03   1.3700461e-03
   1.6701879e-01   1.3077907e-01   9.4426449e-02  -7.7920670e-03  -4.7077346e-03   1.5211244e-03
   1.5735465e-01   1.0252768e-01   7.3012360e-02  -7.8983536e-03  -4.7012512e-03   1.4588931e-03
   1.6199388e-01   8.4184198e-02   7.8253195e-02  -7.5480158e-03  -4.6858597e-03   1.5336539e-03
   1.6232124e-01   9.7908726e-02   7.1296184e-02  -7.2956408e-03  -4.7217228e-03   1.6135842e-03
   1.6762781e-01   1.3261729e-01   6.4167975e-02  -7.5021302e-03  -4.9125089e-03   1.6143616e-03
   1.7039660e-01   1.1724019e-01   6.5758227e-02  -7.4123036e-03  -4.8484588e-03   1.7189743e-03
   1.6566202e-01   1.0068190e-01   5.8068695e-02  -7.2579390e-03  -4.7759208e-03   1.6052068e-03
   1.5984574e-01   1.1693862e-01   6.7514265e-02  -7.0713509e-03  -4.7748914e-03   1.5929787e-03
   1.5965548e-01   8.9605827e-02   7.2066622e-02  -7.0552909e-03  -4.8898611e-03   1.5738516e-03
   1.5988962e-01   1.6943585e-01   9.4810343e-02  -7.6740540e-03  -5.4025797e-03   1.5910487e-03
   1.5153348e-01   9.1082053e-02   9.2328511e-02  -7.7181705e-03  -5.2836822e-03   1.3494187e-03
   1.5654229e-01   5.5823542e-02   6.4554506e-02  -7.0205034e-03  -4.8807408e-03   1.5868952e-03
   1.5485771e-01   1.9554532e-01   6.5255378e-02  -7.7336555e-03  -5.7329904e-03   1.4490577e-03
   1.4758294e-01   6.0843396e-02   6.9969263e-02  -7.5342723e-03  -5.5474678e-03   1.3001155e-03
   1.4668761e-01   4.5869842e-02   9.2946801e-02  -7.6538568e-03  -5.4358946e-03   1.0508148e-03
   1.4182726e-01   1.3198926e-01   1.0491298e-01  -7.8942108e-03  -5.7849046e-03   9.9711333e-04
   1.3718351e-01   9.1638919e-02   9.9165673e-02  -7.8355389e-03  -5.7084985e-03   9.9069676e-04
   1.3486010e-01   8.3681647e-02   1.1618296e-01  -7.8024635e-03  -5.7437298e-03   9.4461145e-04
   1.3061825e-01   8.4383409e-02   1.3807603e-01  -8.5412164e-03  -6.0549544e-03   6.8289148e-04
   1.2343818e-01   1.2163522e-01   1.5318958e-01  -8.9991149e-03  -6.3449777e-03   4.9936087e-04
   1.2712589e-01   9.7944405e-02   1.3468058e-01  -8.7947939e-03  -6.1453533e-03   5.8013448e-04
   1.2853349e-01   1.1081905e-01   1.1755168e-01  -8.9928504e-03  -6.0860733e-03   4.9922465e-04
   1.3785683e-01   2.2254476e-01   7.3069193e-02  -8.8243254e-03  -6.7174097e-03   6.1199158e-04
   1.2547076e-01  -3.3308155e-02   7.4937569e-02  -8.6944600e-03  -6.2241117e-03   3.5785167e-04
   1.4089285e-01   1.4155852e-01   8.0491618e-02  -8.7416461e-03  -6.4611243e-03   7.1715462e-04
   1.4607471e-01   8.6264867e-02   9.3141563e-02  -8.1045999e-03  -7.1634100e-03   7.7495246e-04
   1.3209605e-01   9.3585499e-02   1.2237253e-01  -8.7196643e-03  -6.9068318e-03   5.6635513e-04
   1.3542360e-01   6.9533230e-02   1.0133959e-01  -8.8515777e-03  -6.6801848e-03   5.7522291e-04
   1.4386582e-01   1.7630772e-01   1.1266806e-01  -9.2903701e-03  -6.7480390e-03   6.4623480e-04
   1.4604991e-01   1.1304336e-01   1.0774074e-01  -9.1731395e-03  -6.7209292e-03   8.3238705e-04
   1.3463313e-01   1.1152010e-01   1.1153936e-01  -9.2226005e-03  -6.8094559e-03   5.8342305e-04
   1.4086251e-01   1.3726047e-01   1.0494132e-01  -8.8893233e-03  -6.7556589e-03   6.2178379e-04
   1.3731688e-01   8.4416259e-02   1.1249784e-01  -8.5808719e-03  -6.9162001e-03   5.1341197e-04
   1.4843754e-01   1.3826157e-01   1.1362793e-01  -9.0161695e-03  -6.7651769e-03   7.0036858e-04
   1.5637793e-01   1.2387240e-01   9.2942594e-02  -8.8928297e-03  -6.6384569e-03   8.9723185e-04
   1.5347945e-01   1.3602958e-01   9.5595438e-02  -8.8362717e-03  -6.8643830e-03   8.6084394e-04
