   0.0000000e+00   0.0000000e+00   0.0000000e+00   0.0000000e+00   0.0000000e+00   0.0000000e+00
  -5.9673513e-03   3.0485056e-02   2.2458400e-02  -1.8302055e-04   4.4099664e-04   1.0293500e-04
  -7.9816603e-03  -2.7622022e-03   1.6047587e-02  -4.4816224e-04   4.2591598e-04   1.4173160e-04
   7.7487960e-03   6.7123488e-02   4.6017123e-02  -3.4675222e-04   3.9718764e-04   2.7922265e-04
   1.1904926e-02  -1.2391672e-02   9.2963500e-02  -6.7107009e-04   3.9982470e-04   1.2095436e-04
  -3.0564570e-03  -5.2073143e-02   1.0400078e-01  -2.7694156e-04   7.5840561e-04  -4.1344166e-05
   1.9133766e-02   1.3823651e-01   5.0191887e-02  -5.3467810e-04   8.7542942e-04   1.2615624e-04
   6.1895946e-04  -1.6463207e-01   7.5563655e-02  -8.1006003e-04   7.5401284e-04   3.0132886e-04
  -2.1755189e-03  -5.8655492e-02   7.8356930e-02  -5.7831533e-04   7.0066303e-04   2.1477353e-04
  -3.7730658e-03  -3.2850096e-03   6.2552688e-02  -1.0263863e-03   6.2168222e-04   2.8096593e-04
  -9.2764344e-03  -2.2653990e-02   5.5884267e-02  -2.2143158e-04   7.5182047e-04   2.4231089e-04
  -2.4625462e-03   2.2876713e-02   8.1467812e-02  -7.6565848e-04   9.7557595e-04   9.1408034e-05
  -1.3759542e-02  -1.3799156e-01   5.6961743e-02  -5.3987098e-04   9.7519501e-04   1.0773993e-04
  -2.7725385e-02  -1.8828759e-01  -1.0756670e-01   3.1186944e-03   1.5262056e-03  -3.5179000e-05
  -1.3788358e-01  -1.3359135e-01  -1.1851344e-01   3.6640893e-03   2.1926270e-03  -8.2430336e-04
  -1.6255546e-01  -1.2085394e-01  -1.2070267e-01   3.2306405e-03   1.9188063e-03  -9.1859391e-04
   4.0884486e-02  -2.3035657e-03   4.4298936e-02  -1.3245010e-03   2.8723558e-04   7.2522154e-04
  -2.8596048e-01  -1.0930422e-01  -1.3612210e-01   4.5010997e-04   3.6045208e-03  -1.5585933e-03
  -3.4855862e-01   3.6043669e-01  -2.3393039e-01   9.6400630e-04   3.0462704e-03  -2.7597594e-03
  -4.0186680e-01  -4.3334114e-01  -2.7983518e-01   4.9474824e-03   3.0336886e-03  -3.1658755e-03
  -4.3301458e-01  -1.2779558e-01  -2.1276647e-01   4.1680029e-03   3.0730514e-03  -3.4321937e-03
  -4.4240389e-01  -8.2406830e-02  -1.4779867e-01   3.4055731e-03   3.3147113e-03  -3.4612807e-03
  -4.4500847e-01   7.2457768e-02  -1.5135488e-01   2.8543892e-03   3.4793269e-03  -3.4252571e-03
  -4.5360010e-01  -1.1064674e-01  -1.3811411e-01   2.7606740e-03   3.3468792e-03  -3.4543766e-03
  -4.5745750e-01   3.0333133e-02  -1.6791048e-01   2.2237929e-03   3.2320110e-03  -3.5906493e-03
  -4.6192164e-01  -9.0952432e-02  -1.0244951e-01   1.8456174e-03   3.0937520e-03  -3.5714067e-03
  -4.5958759e-01   3.7501287e-02  -1.3940857e-01   1.8103760e-03   3.0748395e-03  -3.5813312e-03
  -5.0089982e-01   2.4867679e-01  -1.2059429e-01   4.1872797e-03   2.7235055e-03  -3.4614394e-03
  -5.0858804e-01   5.0633259e-02  -1.3964036e-01   3.5286685e-03   2.5315302e-03  -3.8082721e-03
  -5.0154535e-01   1.3660662e-01  -1.3600021e-01   3.2395557e-03   2.5795425e-03  -3.8963825e-03
  -5.1241661e-01   5.4488733e-02  -8.0661452e-02   3.6610939e-03   2.7700891e-03  -4.2495140e-03
  -5.1414704e-01   4.9331462e-02  -8.8050390e-02   3.4204186e-03   2.6331391e-03  -4.2476852e-03
  -5.0588481e-01   1.4882443e-01  -1.0517581e-01   3.0791981e-03   2.4133332e-03  -4.2211043e-03
  -5.0893093e-01   1.0538181e-01  -1.2038895e-01   2.7950095e-03   2.2232119e-03  -4.2182096e-03
  -5.1689368e-01   7.9591059e-02  -1.1211661e-01   3.2028374e-03   2.4347433e-03  -4.2915588e-03
  -5.0574076e-01   5.2754822e-02  -1.1036278e-01   3.2421621e-03   2.3047562e-03  -4.3400857e-03
  -5.0547231e-01   9.6812934e-02  -8.3769714e-02   3.1015466e-03   2.3718832e-03  -4.2884580e-03
  -5.0276094e-01   5.4326037e-02  -8.1108852e-02   3.0892355e-03   2.2419456e-03  -4.3275591e-03
  -4.9708832e-01   8.4544177e-02  -7.5652183e-02   3.1040040e-03   2.1814281e-03  -4.3410958e-03
  -5.0321504e-01   4.6634946e-02  -6.0502708e-02   2.9626145e-03   2.2128335e-03  -4.3891978e-03
  -5.0554238e-01   8.4639450e-02  -9.6722146e-02   3.3853358e-03   2.2053945e-03  -4.2321386e-03
  -5.1913626e-01   8.6529534e-02  -8.6072969e-02   2.7167455e-03   2.1251907e-03  -4.4911440e-03
  -5.1345060e-01   3.9760055e-02  -8.0721900e-02   2.1265540e-03   2.1905875e-03  -4.6027721e-03
  -4.8869419e-01  -1.1168008e-01  -7.8497908e-02   3.1350479e-03   2.1533852e-03  -4.2439955e-03
  -5.2911387e-01   9.5120493e-02  -1.2490330e-01   2.8653075e-03   2.4994190e-03  -4.6477580e-03
  -5.2048826e-01   6.5118511e-02  -1.3061112e-01   2.4705103e-03   2.2188003e-03  -4.6238760e-03
  -5.1342570e-01  -1.2014789e-02  -9.8126190e-02   2.5531221e-03   2.2431543e-03  -4.7370018e-03
  -5.0913283e-01  -5.2746801e-03  -6.4774690e-02   2.7205148e-03   2.2819260e-03  -4.5168746e-03
  -5.0286363e-01   3.8942484e-02  -9.6329477e-02   2.7965674e-03   2.0647536e-03  -4.5891848e-03
  -5.0692398e-01   7.9833971e-02  -8.7633990e-02   2.6079031e-03   2.2500520e-03  -4.5625887e-03
  -5.1887424e-01  -2.2373011e-03  -6.6160629e-02   2.6327938e-03   2.2922619e-03  -4.5901980e-03
  -5.1694830e-01  -4.2203976e-03  -8.7243340e-02   2.5589667e-03   2.1910159e-03  -4.6122323e-03
  -5.2372603e-01   1.1680545e-01  -1.0744060e-01   2.5362534e-03   2.2924776e-03  -4.6000687e-03
  -5.0681533e-01   3.7607347e-02  -8.2337216e-02   2.8356184e-03   2.1949296e-03  -4.7562529e-03
  -5.1435420e-01  -3.8672552e-02  -7.6530998e-02   2.7590195e-03   2.3333839e-03  -4.7064345e-03
  -4.9727695e-01   9.0763036e-02  -1.1723400e-01   2.5594658e-03   2.1546416e-03  -4.7847664e-03
  -4.9702093e-01   2.8286800e-02  -1.1543091e-01   2.6379334e-03   2.1845542e-03  -4.7846464e-03
  -4.8516476e-01   3.7774861e-02  -1.3434478e-01   2.7454179e-03   1.9379707e-03  -4.7766721e-03
  -4.8345310e-01   5.5397880e-02  -1.1528459e-01   3.0435525e-03   2.1487868e-03  -4.6903680e-03
  -4.7657584e-01   2.5535780e-01  -1.0008830e-01   5.3571532e-03   2.0933247e-03  -4.1225999e-03
  -4.5934718e-01   3.8898764e-01  -1.3844361e-01   4.6389149e-03   2.0326206e-03  -4.0478434e-03
  -4.7401008e-01  -1.6091518e-02  -7.1158677e-02   4.7796374e-03   1.9374955e-03  -4.4675436e-03
  -4.6526684e-01   1.4321059e-01  -9.4747306e-02   4.4602860e-03   1.8647308e-03  -4.4359902e-03
  -4.7583918e-01   2.2325225e-01  -9.7536875e-02   4.4655229e-03   1.8908781e-03  -4.4646998e-03
  -4.8638736e-01   1.7622207e-01  -8.0163696e-02   4.3830593e-03   1.9862764e-03  -4.4554646e-03
  -4.6805442e-01   1.7115384e-01  -8.6575305e-02   4.3269810e-03   1.6480130e-03  -4.4199720e-03
  -4.6312594e-01   1.7042110e-01  -7.3042914e-02   4.5558291e-03   1.7539472e-03  -4.4040182e-03
  -4.6615458e-01   1.1963513e-01  -7.1079083e-02   4.3188019e-03   1.7233776e-03  -4.4284867e-03
  -4.5394429e-01   1.2530244e-01  -8.4794366e-02   4.2401590e-03   1.4913217e-03  -4.3221405e-03
  -4.3663423e-01   3.8593746e-01  -8.2144583e-02   3.9957801e-03   1.6622922e-03  -4.2421851e-03
  -4.3998087e-01   1.5846893e-01  -1.2459520e-01   4.3243694e-03   1.3905517e-03  -5.0352198e-03
  -5.1987481e-01  -2.9058683e-02  -2.0326492e-01   5.2182565e-03   2.4316463e-03  -5.0075310e-03
  -4.7848041e-01  -8.1176419e-02  -4.8877261e-01   7.0441956e-03   3.4365698e-03  -4.3331247e-03
  -4.9680294e-01   2.0320464e-01  -4.0689033e-01   5.8582918e-03   3.3585840e-03  -4.6388565e-03
  -4.6466810e-01  -7.9414261e-02  -4.2590251e-01   7.2983071e-03   3.6366155e-03  -3.7153601e-03
  -4.7382457e-01   1.9126626e-01  -4.5235041e-01   5.0494561e-03   4.6217533e-03  -3.7112824e-03
  -4.8678187e-01   1.0084735e-01  -3.7254754e-01   4.8189808e-03   4.3476021e-03  -4.0516162e-03
  -4.6383120e-01   2.6227616e-01  -3.5072449e-01   4.2580563e-03   3.9664895e-03  -3.7224311e-03
  -4.7356712e-01   1.9079981e-01  -3.3532341e-01   3.6861203e-03   3.8945665e-03  -3.9212171e-03
  -4.9118358e-01   1.4099440e-01  -2.9416641e-01   3.5820363e-03   3.8387246e-03  -4.1758026e-03
  -4.8307611e-01   2.4222904e-01  -3.0722388e-01   3.2489104e-03   3.5106712e-03  -4.0851722e-03
  -4.7936200e-01   2.3013493e-01  -2.7969422e-01   3.0431777e-03   3.4214332e-03  -4.1170596e-03
  -4.8245578e-01   2.1408687e-01  -2.3811062e-01   2.7274000e-03   3.1970168e-03  -4.2375218e-03
  -4.9108854e-01   1.9744206e-01  -2.1472624e-01   3.3201082e-03   3.0561235e-03  -4.0982653e-03
  -4.7634918e-01   1.8562333e-01  -1.9510564e-01   3.0334979e-03   2.8854477e-03  -3.9171638e-03
  -4.7824173e-01   2.2280616e-01  -1.6834022e-01   2.8529879e-03   2.9653552e-03  -3.9279685e-03
  -4.6875099e-01   1.6369599e-01  -1.4542208e-01   2.5356312e-03   2.8667389e-03  -3.7646010e-03
  -4.5732153e-01   1.9949498e-01  -1.5342315e-01   2.1352570e-03   2.6053069e-03  -3.5740337e-03
  -4.4456879e-01   2.4699707e-01  -1.5559895e-01   2.2667228e-03   2.5915911e-03  -3.5308812e-03
  -4.4091226e-01   1.9783968e-01  -1.4377801e-01   2.0529210e-03   2.4931831e-03  -3.3670499e-03
  -4.3936723e-01   1.8112886e-01  -1.2993135e-01   2.0805013e-03   2.4674545e-03  -3.3922566e-03
  -4.4550306e-01   1.6079816e-01  -1.2069141e-01   2.1683085e-03   2.5457218e-03  -3.4009816e-03
  -4.4800079e-01   2.5854388e-01  -1.5436835e-01   1.9103058e-03   2.5274715e-03  -3.4080966e-03
  -4.4246833e-01   1.8448464e-01  -1.3941571e-01   2.1445855e-03   2.4872932e-03  -3.3243627e-03
  -4.4168339e-01   2.1051614e-01  -1.4308550e-01   2.1480165e-03   2.4273363e-03  -3.4558634e-03
  -4.5077173e-01   1.9042244e-01  -1.6217090e-01   2.4275229e-03   2.5402688e-03  -3.5907535e-03
  -4.6549609e-01   1.9224154e-01  -1.4405002e-01   2.5605217e-03   2.6457311e-03  -3.9042645e-03
  -4.5804283e-01   2.3977397e-01  -1.6694833e-01   2.4504704e-03   2.3484599e-03  -3.6799208e-03
  -4.5399257e-01   1.5936929e-01  -1.3220876e-01   2.4111248e-03   2.3906585e-03  -3.6537691e-03
  -4.4626051e-01   1.4586338e-01  -9.7138387e-02   2.3723765e-03   2.3208125e-03  -3.5136935e-03
  -4.4829523e-01   2.0514951e-01  -8.4320077e-02   1.8670899e-03   2.3664660e-03  -3.5781136e-03
  -4.4526948e-01   1.3469697e-01  -7.7995601e-02   1.8197609e-03   2.2954364e-03  -3.4471690e-03
  -4.4511378e-01   1.6985902e-01  -6.2124211e-02   1.4154657e-03   2.2474453e-03  -3.3263754e-03
  -4.4006491e-01   1.8069418e-01  -6.2502792e-02   1.6973177e-03   2.1007190e-03  -3.3466205e-03
  -4.3451529e-01   1.9792234e-01  -5.7792435e-02   1.5377509e-03   2.1917326e-03  -3.2959514e-03
  -4.3523206e-01   2.0892184e-01  -5.1541904e-02   1.4082436e-03   2.1985124e-03  -3.2460720e-03
  -4.4237123e-01   1.2434836e-01  -5.7892266e-02   1.5653222e-03   2.2536321e-03  -3.2098465e-03
  -4.4679380e-01   2.2891099e-01  -7.3472493e-02   1.5209816e-03   2.3862005e-03  -3.2784959e-03
  -4.4433658e-01   2.1049551e-01  -6.4783453e-02   1.2105600e-03   2.2715005e-03  -3.2499038e-03
  -4.3750772e-01   1.8197642e-01  -6.7723364e-02   1.4400820e-03   2.2098169e-03  -3.1499981e-03
  -4.4113099e-01   2.0940374e-01  -9.0629638e-02   1.4060778e-03   2.1908553e-03  -3.1280602e-03
  -4.3647413e-01   2.2836494e-01  -1.0105333e-01   1.1280811e-03   1.9772655e-03  -3.1533548e-03
  -4.3240174e-01   1.9341168e-01  -9.2563403e-02   1.3209139e-03   1.9975836e-03  -3.3180736e-03
  -4.2876867e-01   1.4943554e-01  -8.4872190e-02   1.4767125e-03   1.9681621e-03  -3.4538373e-03
  -4.2138909e-01   1.2703323e-01  -7.7678310e-02   1.6511843e-03   1.9761030e-03  -3.4232203e-03
  -4.1552972e-01   2.0899421e-01  -1.0921189e-01   1.4706418e-03   1.8488754e-03  -3.3460825e-03
  -4.1256407e-01   2.5702746e-01  -1.2702048e-01   1.3112072e-03   1.8968721e-03  -3.2494561e-03
  -4.3553781e-01   4.3264972e-02  -1.0041938e-01   1.6030597e-03   1.9380577e-03  -3.4398018e-03
  -4.3823324e-01   2.0456226e-01  -1.3860632e-01   2.9487410e-03   2.2423181e-03  -3.3000195e-03
  -4.3973313e-01   2.1772194e-01  -1.0073781e-01   2.0459851e-03   1.8050092e-03  -3.4974003e-03
  -4.5542033e-01   1.8301669e-01  -1.0978003e-01   2.3290054e-03   1.8039309e-03  -3.6134567e-03
  -4.5838994e-01   1.7266645e-01  -6.3825477e-02   2.3160729e-03   1.9114877e-03  -3.6223618e-03
  -4.5391965e-01   1.0513632e-01  -2.8449746e-03   1.9579515e-03   1.8277632e-03  -3.5690620e-03
  -4.3100816e-01   2.2547958e-01  -7.5566840e-02   1.8600043e-03   1.6042697e-03  -3.4139049e-03
  -4.3237162e-01   1.4595913e-01  -4.9988237e-02   1.4056771e-03   1.6572498e-03  -3.4129548e-03
  -4.2936547e-01   1.6618251e-01  -5.8029364e-02   1.4198673e-03   1.5154918e-03  -3.3982621e-03
  -4.2916612e-01   1.5285656e-01  -4.6234753e-02   1.1124880e-03   1.5842997e-03  -3.3508321e-03
  -4.3346642e-01   1.3396822e-01  -6.9086420e-02   1.0742231e-03   1.5484066e-03  -3.2627826e-03
  -4.3750006e-01   1.2833114e-01  -5.9483464e-02   1.0923426e-03   1.5888784e-03  -3.3970969e-03
  -4.3716597e-01   2.0110954e-01  -5.4303461e-02   6.4756724e-04   1.6295137e-03  -3.1313238e-03
  -4.2755793e-01   1.6984926e-01  -6.9464793e-02   8.9993834e-04   1.5108171e-03  -3.1412417e-03
  -4.2324398e-01   1.6885267e-01  -5.5047686e-02   9.1356743e-04   1.4998297e-03  -3.1954812e-03
  -4.3250833e-01   1.4176234e-01  -4.2562732e-02   9.3617893e-04   1.4487048e-03  -3.2259546e-03
  -4.5313653e-01   2.2622663e-01  -5.0938952e-02   5.8875765e-04   1.5854810e-03  -3.5078904e-03
  -4.3583144e-01   1.3095238e-01  -5.1229532e-02   1.1090579e-03   1.6516191e-03  -3.4165475e-03
  -4.4310492e-01   1.4127150e-01  -4.1065290e-02   1.0936853e-03   1.6752863e-03  -3.3954296e-03
  -4.3447889e-01   2.1231580e-01  -7.0363228e-02   5.9890613e-04   1.3318537e-03  -3.4122736e-03
  -4.3932897e-01   2.1461456e-01  -6.7616910e-02   8.6813695e-04   1.1596660e-03  -3.6317623e-03
  -4.4357517e-01   2.1733448e-01  -2.7145620e-02   8.7256256e-04   8.9587800e-04  -3.6568060e-03
  -4.6085977e-01   1.7153956e-01  -5.2626730e-04   1.0580933e-03   8.8694762e-04  -3.9767743e-03
  -4.6972184e-01   1.7477853e-01  -2.0043396e-02   8.3066899e-04   9.0345196e-04  -4.1701880e-03
  -4.7009814e-01   1.4744502e-01  -1.8265073e-02   7.3038337e-04   9.3379290e-04  -4.1425682e-03
  -4.6684519e-01   1.7012834e-01  -4.0565306e-02   1.0312395e-03   9.5684755e-04  -4.0851854e-03
  -4.5981083e-01   2.1496764e-01  -4.5702751e-02   5.9321440e-04   8.6449116e-04  -4.0277472e-03
  -4.5197689e-01   4.4821502e-01   4.3364700e-03   1.1144669e-03   9.7996237e-04  -4.1235628e-03
  -5.1407608e-01   5.7857717e-02  -2.8461071e-02   1.8741981e-03   1.5341238e-03  -5.0593115e-03
  -5.3410517e-01  -2.9885332e-02  -1.3373385e-02   2.0575603e-03   1.5360296e-03  -4.5918081e-03
  -5.3073041e-01   1.4424627e-01  -1.2529774e-02   2.1712190e-03   1.4783671e-03  -4.5352771e-03
  -5.3749313e-01   1.7082750e-01   9.1506357e-03   2.4124564e-03   1.7365337e-03  -4.5345398e-03
  -5.0539663e-01   2.3963930e-01  -2.2262369e-02   1.5861631e-03   1.4787297e-03  -4.1045673e-03
  -4.8815054e-01   6.7807981e-02   8.2145853e-03   1.3639504e-03   1.2565524e-03  -4.1873693e-03
  -4.8705583e-01   1.3196657e-01   9.7931832e-03   1.4407169e-03   1.1321519e-03  -4.2033241e-03
  -4.7266896e-01   1.4298820e-01   2.0732314e-02   8.1553022e-04   7.8098626e-04  -4.1346751e-03
  -4.7340420e-01   1.4611254e-01   2.0563687e-02   8.1566283e-04   8.0811856e-04  -4.0363882e-03
  -4.8786351e-01   8.5714458e-02   1.6439504e-02   8.8376753e-04   9.1151780e-04  -4.1320468e-03
  -4.7983295e-01   1.2498124e-01   2.0092751e-02   8.6007981e-04   6.8068343e-04  -3.9678548e-03
  -4.7893948e-01   1.7786593e-01   2.4424854e-02   5.6797968e-04   6.2445847e-04  -3.8625649e-03
  -4.7855017e-01   1.7879778e-01   2.2683968e-02   1.0257100e-03   6.4842163e-04  -4.0421512e-03
  -4.7780362e-01   8.3310945e-02   5.8505809e-02   7.2153245e-04   6.1377819e-04  -3.9912687e-03
  -4.9344151e-01   1.6652221e-01   6.7862311e-02   6.9098275e-04   7.9735403e-04  -3.8492633e-03
  -4.9425741e-01   1.6983428e-01   4.2234833e-02   9.5923903e-04   8.0712193e-04  -4.1010079e-03
  -5.0060222e-01   1.5262514e-01   7.2143006e-02   5.9611452e-04   8.2825208e-04  -4.0813814e-03
  -4.9421916e-01   1.8344702e-01   5.4101645e-02   5.7848928e-04   7.0809853e-04  -4.0606483e-03
  -4.9621034e-01   1.9068726e-01   2.8580975e-02   6.3194802e-04   7.5074794e-04  -4.0226920e-03
  -5.0779806e-01   1.2666828e-01   2.8884490e-02   1.0598418e-03   7.4801276e-04  -4.1876563e-03
  -5.0984172e-01   1.6271625e-01   5.6758941e-02   8.8559695e-04   7.8407941e-04  -4.3162685e-03
  -5.0953882e-01   1.6223379e-01   7.5478937e-02   4.9890297e-04   7.3183567e-04  -4.2116195e-03
  -4.9340495e-01   2.6137103e-01   8.2683176e-02   5.8494993e-04   6.7108674e-04  -4.0115015e-03
  -5.1445602e-01   2.5378725e-02   1.1296041e-01   5.2909741e-04   7.5033445e-04  -4.2919887e-03
  -5.2401945e-01   1.4245792e-01   1.1041565e-01   5.7969833e-04   8.5999280e-04  -4.2502562e-03
  -5.2081924e-01   1.7713934e-01   1.3620771e-01   4.7752197e-04   9.7705524e-04  -4.0891837e-03
  -5.1509751e-01   9.3907274e-02   1.5108077e-01   2.3150861e-04   8.5532744e-04  -4.1974028e-03
  -5.1919329e-01   1.3771730e-01   1.2667824e-01   5.2227180e-04   7.8875018e-04  -4.2887454e-03
  -5.1950210e-01   1.3509562e-01   1.2341301e-01   6.4116067e-04   8.3154147e-04  -4.3440351e-03
  -5.1094564e-01   1.9358595e-01   9.6848486e-02   5.7451879e-04   8.0535767e-04  -4.3077568e-03
  -4.8411438e-01   1.2842784e-01   1.6685346e-01   3.8777934e-04   5.4597509e-04  -4.1106091e-03
  -4.7900859e-01   1.8900020e-01   1.6040464e-01  -1.5619345e-04   7.3918687e-04  -3.9996545e-03
  -4.8397402e-01   1.7808925e-01   1.4653428e-01   2.8340589e-05   6.8099767e-04  -4.0575993e-03
  -4.9368485e-01   1.7037487e-01   1.9233523e-01   3.6069644e-04   1.0266138e-03  -4.0025693e-03
  -4.8821396e-01   1.2671546e-01   1.6278222e-01  -7.4323720e-06   7.7656090e-04  -4.0297720e-03
  -4.6581374e-01   1.9828586e-01   1.5876114e-01   3.6483804e-04   6.5613678e-04  -3.9095616e-03
  -4.5886540e-01   1.5003388e-01   1.5978527e-01   3.5566809e-04   5.2425295e-04  -3.9955279e-03
  -4.7055835e-01   1.6598284e-01   1.7414626e-01   1.8034161e-04   5.1433539e-04  -4.0592775e-03
  -4.7975301e-01   1.4472045e-01   1.5897280e-01   9.3670771e-04   6.6414061e-04  -3.8659805e-03
  -4.4901373e-01   1.6196750e-01   1.3178343e-01   9.8480374e-04   3.8829043e-04  -4.0934967e-03
  -4.7491716e-01   1.8269664e-01   1.1303121e-01   1.1426701e-03   5.7037303e-04  -4.1116817e-03
  -4.5891488e-01   2.7132093e-01   9.5910574e-02   8.8705222e-04   3.0273655e-04  -4.2214268e-03
  -5.1646771e-01   4.8168306e-02   5.7941737e-02   1.9172966e-03   8.4696224e-04  -4.7646885e-03
  -5.1168626e-01   1.3742289e-01   1.0277793e-01   1.7660058e-03   8.8000788e-04  -4.5957955e-03
  -4.8011776e-01   3.1103684e-02   1.1891829e-01   1.5127853e-03   2.1894215e-04  -4.3017136e-03
  -4.9349904e-01   1.9341879e-01   1.0499963e-01   1.3329553e-03   6.1308936e-04  -4.3721069e-03
  -4.8773549e-01   9.8155253e-02   1.3710242e-01   1.2571221e-03   5.5839322e-04  -4.2792016e-03
  -4.8441451e-01   9.9925016e-02   1.5217556e-01   1.3624949e-03   6.7269270e-04  -4.3035637e-03
  -4.7781533e-01   1.1724300e-01   1.4613980e-01   1.5529340e-03   6.0422295e-04  -4.1819916e-03
  -4.8634646e-01   1.4628168e-01   1.4422681e-01   1.0807128e-03   6.2328066e-04  -4.2813063e-03
  -4.9875015e-01   1.8716317e-01   1.4386238e-01   8.7819740e-04   5.5057097e-04  -4.4105237e-03
  -4.9900727e-01   2.3083104e-01   1.4177519e-01   2.1545510e-03   6.7554966e-04  -4.3801981e-03
  -4.9748905e-01   1.3054507e-01   1.4148282e-01   1.0710363e-03   4.4051930e-04  -4.4622279e-03
  -4.7484205e-01   3.1219751e-01   5.5019124e-02   4.7913831e-04   2.3283391e-04  -4.1179071e-03
  -4.9529632e-01   2.6451678e-02   1.7731535e-01   9.3661276e-04   4.1971541e-04  -4.2492910e-03
  -4.9582876e-01   1.9367751e-01   3.2632787e-01   6.0346479e-04   6.5411692e-04  -4.2260528e-03
  -4.8183109e-01   7.0663162e-02   2.1343095e-01   1.1663660e-03   6.1907364e-04  -4.0562771e-03
  -4.6764290e-01   1.9354669e-01   2.2553975e-01   1.0825618e-03   3.7680037e-04  -4.0490588e-03
  -4.4508977e-01   1.4917947e-01   1.9168465e-01   3.8450421e-04   2.4428691e-04  -3.8619245e-03
  -4.1419051e-01   1.5955705e-01   2.0265432e-01   4.9202232e-04   8.5630342e-05  -3.7652006e-03
  -3.7776459e-01   1.6017387e-01   2.0152918e-01   6.2822252e-04  -8.7335187e-05  -3.3037466e-03
  -3.7471951e-01   1.5148397e-01   1.7666144e-01   3.6238077e-04  -9.4158061e-05  -3.3443502e-03
  -3.7713886e-01   1.3685130e-01   1.6944617e-01   3.5918446e-04  -2.5975690e-04  -3.2878559e-03
  -3.6541107e-01   1.0432662e-01   1.4521162e-01   2.1810581e-04  -3.9709048e-04  -3.2797987e-03
  -3.5569685e-01   1.2445504e-01   1.2452887e-01   1.1227581e-03  -3.1903130e-04  -3.1225136e-03
