   0.0000000e+00   0.0000000e+00   0.0000000e+00   0.0000000e+00   0.0000000e+00   0.0000000e+00
   2.8932404e-02   8.8578353e-03   4.9629942e-02   5.9292458e-05  -3.3440644e-04   2.4706356e-04
  -2.6411094e-02   6.5932230e-02   2.6961991e-01  -2.0692979e-03   5.6519980e-04  -7.8111641e-04
  -6.3503742e-03   7.5687613e-02   4.8025561e-01  -4.2412128e-03  -1.1002013e-03  -9.3853920e-04
  -1.1310506e-02   8.3466952e-02   5.9361664e-01  -5.4435841e-03  -9.9125867e-04  -1.1549462e-03
  -2.3216101e-02   1.0364056e-01   6.4374058e-01  -5.8306933e-03  -6.5066409e-04  -1.2968950e-03
  -7.7433759e-03   5.8108271e-02   6.2842795e-01  -5.5748810e-03  -6.5293778e-04  -1.1862273e-03
  -1.8425955e-02   6.9284769e-02   6.6141250e-01  -5.9381447e-03  -5.2877497e-04  -1.3671270e-03
  -6.5062881e-03   3.7604945e-02   6.8637210e-01  -6.0814230e-03  -5.0359806e-04  -1.1107432e-03
  -2.3126306e-02   1.0543941e-01   6.8952718e-01  -6.6563481e-03  -3.5246582e-04  -1.1696966e-03
  -2.0622271e-02   8.4018965e-02   6.9350799e-01  -6.4833423e-03  -4.4078031e-04  -1.1805913e-03
   6.5613701e-04   9.6018374e-02   6.9922643e-01  -6.5683545e-03  -5.2265743e-04  -8.5904831e-04
  -2.6718043e-03   1.0309630e-01   7.0213842e-01  -6.7316820e-03  -5.5837934e-04  -7.7841317e-04
   9.5117908e-04   9.3845642e-02   6.9422415e-01  -6.8252820e-03  -6.1300114e-04  -7.2112153e-04
   1.1391435e-03   9.4229991e-02   7.1269856e-01  -7.2684199e-03  -6.2624084e-04  -6.3164611e-04
  -1.0796971e-02   1.7375837e-01   7.2484898e-01  -7.7085033e-03  -4.7650570e-04  -8.0010164e-04
  -8.7704388e-03   1.4212075e-01   7.3357425e-01  -7.8677237e-03  -6.1944372e-04  -7.6375953e-04
  -1.2305704e-02   1.7691801e-01   7.5166920e-01  -8.1198824e-03  -5.6206165e-04  -9.2098145e-04
  -8.9442415e-03   1.4768678e-01   7.6828049e-01  -8.2567249e-03  -7.4927639e-04  -9.1265784e-04
  -5.1057050e-03   1.7047520e-01   8.0080898e-01  -8.4518147e-03  -7.2287847e-04  -9.8950574e-04
  -5.1192257e-02   1.9062102e-01   9.1429630e-01  -1.0287782e-02   1.9382133e-04  -1.9191028e-03
  -6.1883325e-02   1.8800080e-01   9.5968927e-01  -1.0320221e-02   3.1532933e-04  -2.0884103e-03
  -6.5815758e-02   1.5156823e-01   1.0208833e+00  -1.0448619e-02   2.0309720e-04  -2.1307180e-03
  -6.4997702e-02   1.8122015e-01   1.0321092e+00  -1.0258965e-02   6.5161096e-04  -1.7692848e-03
  -7.3772060e-02   1.8147443e-01   1.0625847e+00  -1.0735994e-02   8.8604921e-04  -2.0013560e-03
  -7.4689615e-02   1.8380814e-01   1.0677949e+00  -1.0905057e-02   1.0686832e-03  -1.9989097e-03
  -7.2886842e-02   2.0417274e-01   1.0590045e+00  -1.0861156e-02   8.9635766e-04  -1.9258125e-03
  -6.6678483e-02   1.8782902e-01   1.0587601e+00  -1.0732961e-02   7.2135055e-04  -1.6734487e-03
  -6.2723783e-02   1.6828783e-01   1.0548211e+00  -1.0372064e-02   4.8784040e-04  -1.5244453e-03
  -8.2792029e-02   2.3783736e-01   1.0676021e+00  -1.0358400e-02   8.8144787e-04  -1.6572125e-03
  -6.3994412e-02   1.7470017e-01   1.0750898e+00  -1.0376665e-02   9.2097402e-04  -1.6419321e-03
  -4.8413468e-02   1.9153936e-01   1.0886999e+00  -1.0377614e-02   1.1043116e-03  -1.2016737e-03
  -3.2789606e-02   2.0823169e-01   1.0990852e+00  -1.0414187e-02   1.2023666e-03  -6.8858223e-04
  -3.6408194e-02   1.8491485e-01   1.0946453e+00  -1.0378646e-02   1.3468648e-03  -7.6933166e-04
  -4.8990475e-02   2.3927458e-01   1.1020211e+00  -1.0748496e-02   1.4607151e-03  -8.8277301e-04
  -5.7871500e-02   1.9614360e-01   1.0858289e+00  -1.0660710e-02   1.6228148e-03  -8.6625779e-04
  -5.7025576e-02   2.1608347e-01   1.0964276e+00  -1.0519813e-02   1.6309370e-03  -7.4000425e-04
  -5.1427687e-02   1.9383804e-01   1.1134753e+00  -1.0286555e-02   1.6105133e-03  -7.2227031e-04
  -4.1016045e-02   1.6735507e-01   1.1010379e+00  -1.0121164e-02   1.5973739e-03  -6.0656172e-04
  -5.3028925e-02   2.4093132e-01   1.1084990e+00  -1.0735490e-02   1.8790857e-03  -8.1743254e-04
  -5.7686985e-02   2.5929842e-01   1.1139685e+00  -1.0979122e-02   1.7811591e-03  -8.3512598e-04
  -5.9451216e-02   2.2269645e-01   1.0939227e+00  -1.0493494e-02   1.5745798e-03  -7.6565617e-04
  -5.3904518e-02   2.3396264e-01   1.1008178e+00  -1.0101077e-02   1.6005846e-03  -6.1636223e-04
  -5.1134854e-02   2.4099570e-01   1.1123039e+00  -1.0425370e-02   1.5905139e-03  -7.6233444e-04
  -4.4173812e-02   2.2460566e-01   1.1182631e+00  -1.0163882e-02   1.6244899e-03  -6.2594628e-04
  -4.0223060e-02   2.0697361e-01   1.1291024e+00  -1.0414789e-02   1.5045314e-03  -5.8654104e-04
  -4.2317690e-02   1.6953437e-01   1.1391365e+00  -1.0116943e-02   1.5647016e-03  -4.6948811e-04
  -4.8484586e-02   2.1600823e-01   1.1180659e+00  -1.0281138e-02   1.6853312e-03  -5.0745623e-04
  -5.4840707e-02   2.5288609e-01   1.1250701e+00  -1.0456877e-02   1.8097979e-03  -6.8478889e-04
  -5.2931507e-02   2.0721099e-01   1.1275564e+00  -1.0484832e-02   1.8861868e-03  -7.0961146e-04
  -4.5089510e-02   2.1865971e-01   1.1225916e+00  -1.0399808e-02   1.7718871e-03  -5.9620643e-04
  -4.7115660e-02   2.1709063e-01   1.1321061e+00  -1.0305096e-02   1.6792482e-03  -5.1632380e-04
  -4.5987663e-02   2.2380734e-01   1.1362427e+00  -1.0558963e-02   1.7214625e-03  -4.6815195e-04
  -3.7334986e-02   2.1243156e-01   1.1293245e+00  -1.0218665e-02   1.7460348e-03  -2.9278382e-04
  -4.1115011e-02   2.5622158e-01   1.1253174e+00  -1.0461584e-02   1.9081069e-03  -5.1839957e-04
  -5.1561214e-02   2.1375617e-01   1.1331662e+00  -1.0241099e-02   1.8219589e-03  -6.6285938e-04
  -1.5443879e-02   2.9098908e-01   1.0702030e+00  -1.0047661e-02   3.0709708e-03   1.9979757e-03
   7.9348476e-02   2.3602106e-01   1.1873444e+00  -1.0554529e-02  -3.8730860e-05   1.5351057e-03
   7.6192338e-02   2.1980491e-01   1.1876684e+00  -1.0038136e-02   3.0486230e-04   1.3753882e-03
   8.2638578e-02   1.9649260e-01   1.1862896e+00  -9.8431487e-03   3.7796030e-04   1.6129456e-03
   8.9047974e-02   2.1355804e-01   1.1912302e+00  -1.0091400e-02   7.4384566e-04   1.8793305e-03
   9.5583655e-02   2.0020423e-01   1.2018680e+00  -9.8955984e-03   7.9455419e-04   1.9693577e-03
   1.0884116e-01   1.8877207e-01   1.2247413e+00  -1.0125679e-02   7.3304165e-04   2.3016553e-03
   1.0804466e-01   1.8746617e-01   1.2145605e+00  -9.9541217e-03   8.6878154e-04   2.5887807e-03
   1.0632980e-01   1.7825598e-01   1.2232991e+00  -1.0040943e-02   1.0484671e-03   3.0352598e-03
   1.0160502e-01   2.5980039e-01   1.2199936e+00  -1.0583138e-02   1.2968349e-03   2.7433091e-03
   1.0627088e-01   1.9731418e-01   1.2374719e+00  -1.0474484e-02   1.4505994e-03   2.7906650e-03
   1.0710248e-01   2.1147580e-01   1.2332806e+00  -1.0250873e-02   1.6534248e-03   2.9337848e-03
   1.2438625e-01   2.2334556e-01   1.2370157e+00  -9.9766025e-03   1.4726259e-03   3.3974694e-03
   1.9100224e-01   3.8716537e-01   1.4847048e+00  -1.2007123e-02   1.3517593e-03   4.6725650e-03
   3.3125095e-01   2.7597807e-01   1.7905067e+00  -1.4929916e-02   1.3385675e-03   7.5139492e-03
   3.6882138e-01   3.5854079e-01   1.9076062e+00  -1.7574380e-02   1.4389597e-03   9.4749106e-03
   4.0322113e-01   3.6486292e-01   1.9141423e+00  -1.8417707e-02   1.2695091e-03   1.0725673e-02
   3.9488324e-01   3.9651944e-01   2.0259807e+00  -1.6886373e-02   1.6938840e-03   1.0647080e-02
   3.9309999e-01   3.2681807e-01   2.0996867e+00  -1.6635109e-02   2.1492457e-03   1.1114398e-02
   4.0523536e-01   3.4698390e-01   2.1332901e+00  -1.7140600e-02   2.0250854e-03   1.1032978e-02
   4.1391682e-01   3.5104634e-01   2.1557152e+00  -1.8226271e-02   2.0088778e-03   1.1263489e-02
   3.9000626e-01   3.8644091e-01   1.9291946e+00  -1.7493143e-02   1.6974326e-03   1.0781167e-02
   2.7159783e-01  -3.1235565e-01   6.8016155e-01   6.4322515e-03   1.8041624e-04   7.9403000e-03
   1.8920045e-01  -1.4543701e-01   6.4534606e-01   1.4278694e-02   8.6995983e-04   6.0355527e-03
   1.8168122e-01  -3.6277051e-02   8.2906596e-01   1.1890739e-02   7.3709357e-04   6.0628268e-03
   1.7980791e-01   5.4034198e-02   8.7980400e-01   1.0889603e-02   5.0528447e-04   5.8598741e-03
   1.7707277e-01   4.3790413e-02   1.0593192e+00   8.1477090e-03   1.2415873e-03   5.8289619e-03
   1.7873126e-01   1.0043798e-01   1.0329759e+00   7.2721010e-03   1.4791702e-03   6.0822515e-03
   1.6338243e-01   9.9589483e-02   1.0857465e+00   5.8327490e-03   1.7846876e-03   6.1343235e-03
   1.6095031e-01   1.5312958e-01   1.1357463e+00   4.9814595e-03   1.9332972e-03   5.9355048e-03
   1.7091912e-01   1.2657739e-01   1.1326552e+00   5.2073119e-03   1.7068273e-03   6.1621284e-03
   1.6176233e-01   1.4882173e-01   1.1716843e+00   4.4194676e-03   1.8926501e-03   6.0281520e-03
   1.6523879e-01   1.9665430e-01   1.2038709e+00   3.6342116e-03   1.9561331e-03   6.0419467e-03
   2.1982834e-01   2.9022420e-01   1.5223167e+00   2.8682560e-03   2.3696095e-03   8.8398364e-03
   1.1775141e-01   7.9308370e-02   1.6726505e+00   1.4118101e-03   4.8574131e-03   1.1603281e-02
   1.3738087e-01   1.5455766e-01   1.8481146e+00   2.4222507e-04   6.2915490e-03   1.1849938e-02
   2.9693868e-01   4.2409996e-01   2.1055003e+00  -1.3794173e-03   5.6708445e-03   1.4074983e-02
   4.3041852e-01   6.0208337e-01   2.3195887e+00  -2.1572702e-03   4.0350238e-03   1.4274340e-02
   5.6889855e-01   5.0954161e-01   2.0801308e+00  -2.8474324e-03  -1.2808762e-03   1.0095926e-02
   5.7075364e-01   2.9182349e-01   2.0967160e+00  -4.0861836e-03  -1.9855616e-03   9.3658223e-03
   6.2373013e-01   3.7571886e-01   1.9951400e+00  -4.8487378e-03  -2.0819866e-03   1.0504760e-02
   6.2007610e-01   4.2321942e-01   2.0390976e+00  -6.3653529e-03  -2.1667886e-03   1.0159200e-02
   6.1797134e-01   3.6520821e-01   2.0308700e+00  -6.6242136e-03  -2.0451735e-03   9.9726831e-03
   6.1836486e-01   4.3054194e-01   2.0315001e+00  -7.0497364e-03  -2.3108855e-03   1.0121322e-02
   6.3124886e-01   4.2753900e-01   2.0074412e+00  -7.2046841e-03  -2.3407116e-03   1.0415319e-02
   5.7959682e-01   4.5876774e-01   1.9402759e+00  -6.5564234e-03  -1.0246723e-03   9.6121436e-03
   5.9559324e-01   4.5254287e-01   1.9567282e+00  -5.8567497e-03  -1.8718893e-03   1.0273765e-02
   6.1403449e-01   4.4191422e-01   1.9676482e+00  -5.2221127e-03  -2.0077486e-03   1.0541364e-02
   6.8772590e-01   3.3232823e-01   1.7287943e+00   1.6317209e-03  -2.4776266e-03   1.2593532e-02
   6.6076881e-01   2.8356840e-01   1.7577908e+00   9.3106302e-04  -2.2181674e-03   1.2260779e-02
   6.5998324e-01   3.3588138e-01   1.7813626e+00   4.6950915e-04  -2.3644275e-03   1.2180922e-02
   6.6235206e-01   3.1655403e-01   1.8181366e+00  -8.4463188e-06  -2.4912995e-03   1.2128750e-02
   6.5407208e-01   4.1014323e-01   1.7959060e+00  -1.3000890e-03  -2.4820481e-03   1.2164912e-02
   6.3231863e-01   3.7994943e-01   1.8039573e+00  -9.8790468e-04  -2.3083797e-03   1.2213177e-02
   6.4402450e-01   4.0652096e-01   1.8121267e+00  -3.9741348e-04  -2.5470670e-03   1.2455867e-02
   6.4621625e-01   3.4080096e-01   1.8365242e+00  -7.1339878e-04  -2.6889403e-03   1.2279662e-02
   6.3979925e-01   4.0666077e-01   1.8777214e+00  -1.2445644e-03  -2.5014033e-03   1.2269385e-02
   6.2483463e-01   3.8920759e-01   1.8732682e+00  -1.0995155e-03  -2.2917638e-03   1.2057593e-02
   6.3624353e-01   3.7757464e-01   1.8902779e+00  -1.2648612e-03  -2.3045452e-03   1.2220882e-02
   6.3360087e-01   3.4702100e-01   1.9004670e+00  -1.3093173e-03  -2.2459568e-03   1.2174196e-02
   6.2454755e-01   3.8757284e-01   1.8872847e+00  -1.2957309e-03  -1.9950196e-03   1.2039377e-02
   6.2613167e-01   3.7814844e-01   1.8873809e+00  -1.4420362e-03  -2.1178793e-03   1.2028292e-02
   6.2149019e-01   4.4286658e-01   1.8969319e+00  -1.7326725e-03  -2.0039870e-03   1.1793930e-02
   6.0010830e-01   4.0399896e-01   1.8828515e+00  -5.2372549e-04  -1.4457204e-03   1.1653746e-02
   5.2779454e-01   3.8920670e-01   1.8187652e+00   1.3631915e-03  -1.0481192e-03   1.0772709e-02
   5.3139227e-01   3.6278158e-01   1.7725439e+00   2.3016652e-03  -3.4828755e-04   1.1009254e-02
   5.3243892e-01   3.5713993e-01   1.8182603e+00   2.2785735e-03  -2.3483304e-04   1.0860620e-02
   5.6442903e-01   3.3701740e-01   1.8712090e+00   2.0177259e-03  -6.6566190e-04   1.1356281e-02
   4.8860683e-01  -5.3092081e-02   1.1949612e+00   1.8643903e-02   3.1035175e-03   1.1929035e-02
   4.4330571e-01  -1.0684791e-02   1.1824523e+00   2.3319447e-02   2.8507987e-03   1.0884925e-02
   4.4245889e-01   1.1269577e-01   1.2308741e+00   2.2527209e-02   2.9770186e-03   1.0785005e-02
   4.3362415e-01   7.4924985e-02   1.2894061e+00   2.1942128e-02   2.8430318e-03   1.0428838e-02
   4.4870560e-01   3.9751897e-02   1.3350839e+00   2.1120108e-02   2.6425688e-03   1.0509019e-02
   4.5122888e-01   1.2334933e-01   1.3312763e+00   2.0458166e-02   2.6112634e-03   1.0523488e-02
   4.5490925e-01   1.7534380e-01   1.4444797e+00   1.9545343e-02   1.9525226e-03   1.0038098e-02
   4.3699653e-01   9.1345200e-02   1.4884851e+00   1.8606249e-02   1.5084443e-03   9.9983370e-03
   4.4806987e-01   2.0812804e-01   1.4272974e+00   1.9099415e-02   1.4781015e-03   9.9751224e-03
   4.5222433e-01   1.8400395e-01   1.4423950e+00   1.9227807e-02   1.5280804e-03   1.0078494e-02
   4.6402475e-01   1.3645364e-01   1.4805878e+00   1.9252995e-02   1.4169930e-03   1.0081595e-02
   4.6452522e-01   1.4829032e-01   1.4800457e+00   1.9131631e-02   1.3073213e-03   9.9517529e-03
   4.6063585e-01   1.3395332e-01   1.4844897e+00   1.9011482e-02   1.4597756e-03   9.9507899e-03
   4.6287180e-01   1.3966174e-01   1.5060367e+00   1.8259928e-02   1.4309578e-03   9.9318119e-03
   4.6367338e-01   1.8080736e-01   1.5237973e+00   1.7774199e-02   1.4521775e-03   9.6749933e-03
   4.6157192e-01   1.9554555e-01   1.5299702e+00   1.7420777e-02   1.2917742e-03   9.5013515e-03
   4.6256916e-01   2.2148569e-01   1.5394883e+00   1.6955062e-02   1.1924652e-03   9.5226239e-03
   4.5976155e-01   2.2698686e-01   1.5404606e+00   1.7044091e-02   1.4021389e-03   9.5099958e-03
   4.6351541e-01   2.4310808e-01   1.5291499e+00   1.7276229e-02   1.2977317e-03   9.5851488e-03
   4.6811281e-01   2.1361780e-01   1.5393344e+00   1.7231070e-02   1.2755587e-03   9.5513152e-03
   4.6488766e-01   2.4240276e-01   1.5626041e+00   1.6856680e-02   1.1403120e-03   9.3462512e-03
   4.6487454e-01   2.3720821e-01   1.6042125e+00   1.6139699e-02   7.3260513e-04   9.3351250e-03
   4.6111049e-01   2.6662049e-01   1.6055961e+00   1.6304669e-02   7.1292015e-04   9.4054826e-03
   4.5016944e-01   2.6610748e-01   1.6093446e+00   1.6529447e-02   9.1092455e-04   9.2141791e-03
   4.7858082e-01   4.7247302e-01   2.1162586e+00  -5.4584873e-03  -6.6598065e-04   9.5724783e-03
   6.3488082e-01   9.2298764e-01   2.2741756e+00  -4.2225537e-02  -6.9453422e-04   1.0415219e-02
   6.8709060e-01   7.1637794e-01   1.5169473e+00  -6.2829341e-02  -2.6230108e-03   1.0744040e-02
   6.2560948e-01   1.1472147e+00   1.6707915e+00  -6.1664609e-02  -2.9202004e-03   8.7090469e-03
   6.1314190e-01   1.0489334e+00   1.7260552e+00  -6.0679529e-02  -2.8163518e-03   8.1587766e-03
   6.2807809e-01   1.0035527e+00   1.7272219e+00  -6.0382079e-02  -3.1306927e-03   8.1812413e-03
   6.0134422e-01   1.0348323e+00   1.7593226e+00  -6.0092637e-02  -3.1427580e-03   7.9298884e-03
   5.8822758e-01   1.0485915e+00   1.7506169e+00  -5.9907949e-02  -2.8505915e-03   7.4422869e-03
   5.9166808e-01   1.0169993e+00   1.7544618e+00  -5.9230415e-02  -2.9908499e-03   7.2724331e-03
   5.9010614e-01   9.6801411e-01   1.7837682e+00  -5.7882353e-02  -3.0117149e-03   7.2354117e-03
   5.8024773e-01   1.0111313e+00   1.8172253e+00  -5.5539114e-02  -3.3766121e-03   6.9009775e-03
   5.7624001e-01   9.6154633e-01   1.8427003e+00  -5.3055313e-02  -3.2798392e-03   6.7021210e-03
   5.7186321e-01   9.5059309e-01   1.8387436e+00  -5.2793080e-02  -3.0559681e-03   6.8679146e-03
   5.6259909e-01   9.2127025e-01   1.8350219e+00  -5.2112541e-02  -2.7477484e-03   6.9261630e-03
   5.7571046e-01   9.0152379e-01   1.8132893e+00  -5.2268224e-02  -3.1568479e-03   7.0533145e-03
   5.7400976e-01   9.2047362e-01   1.8121439e+00  -5.1963397e-02  -3.1497851e-03   6.9664096e-03
   5.8054055e-01   9.4639778e-01   1.8070303e+00  -5.1511872e-02  -3.4611015e-03   6.7678724e-03
   5.7231841e-01   9.0631930e-01   1.8150784e+00  -5.0955070e-02  -3.3660969e-03   6.4796413e-03
   5.8389802e-01   8.7922053e-01   1.8169926e+00  -5.0913721e-02  -3.5661301e-03   6.5692571e-03
   5.8149054e-01   9.0515355e-01   1.8105026e+00  -5.1275536e-02  -3.4103686e-03   6.4791566e-03
   5.8547211e-01   9.1178461e-01   1.6642726e+00  -4.7761812e-02  -2.2720237e-03   6.5683529e-03
   5.4792563e-01   9.2988951e-01   1.6762893e+00  -4.4672294e-02  -1.3977386e-03   5.9254848e-03
   5.1105683e-01   8.4053441e-01   1.7454263e+00  -2.8402039e-02  -1.8794108e-03   7.4035523e-03
   2.6559513e-01   2.4383783e-01   1.9322274e+00  -3.3214481e-03   3.0627717e-03   9.1377797e-03
   2.5410500e-01   1.2504533e+00   1.8071369e+00   4.4718279e-06   7.7391047e-04   5.8164656e-03
   2.9398732e-01   1.6950320e-01   1.5634015e+00   4.8219167e-03   2.6641464e-04   5.2388850e-03
   2.8789821e-01   3.8988270e-01   1.6220005e+00   6.3781851e-03   1.3367335e-04   5.3122623e-03
   2.8730189e-01   3.4488851e-01   1.7353265e+00   6.0465240e-03   5.0959806e-04   5.4133311e-03
   2.7112529e-01   2.7914376e-01   1.7755967e+00   5.3644181e-03   6.7439764e-04   5.1200380e-03
   2.6497806e-01   3.0545473e-01   1.7671831e+00   4.6120650e-03   8.9990436e-04   4.9987055e-03
   2.4782037e-01   3.3016596e-01   1.7756536e+00   4.0251330e-03   1.4197912e-03   4.9663246e-03
   2.5682844e-01   4.0127517e-01   1.7694283e+00   3.1041674e-03   1.5820742e-03   4.9526627e-03
   2.5423955e-01   3.5719816e-01   1.7640203e+00   3.0512066e-03   1.6929505e-03   5.2240201e-03
   2.4922578e-01   4.4794768e-01   1.7492580e+00   1.6461484e-03   1.6399297e-03   4.8907519e-03
   2.4012426e-01   4.3958900e-01   1.7625438e+00   1.3161562e-03   1.8251401e-03   4.9445801e-03
   2.3369357e-01   4.6012416e-01   1.7408613e+00   1.1736789e-03   1.5418751e-03   4.8246709e-03
   2.2314053e-01   4.9689983e-01   1.7980129e+00  -3.0615461e-04   1.4719717e-03   4.4237536e-03
   2.2173110e-01   5.1907038e-01   1.9020562e+00  -1.7165676e-03   1.2396356e-03   4.0616838e-03
   2.4150270e-01   5.3564588e-01   1.9710515e+00  -2.6165742e-03   7.7609401e-04   4.0149158e-03
   2.9163643e-01   5.6950893e-01   2.0325793e+00  -2.5003623e-03   4.3245351e-04   4.9601086e-03
   2.8281464e-01   5.4539267e-01   2.0890800e+00  -4.0918572e-03   1.4610495e-03   5.2953657e-03
   2.4171576e-01   5.7029340e-01   2.1717860e+00  -5.5229033e-03   2.8192211e-03   5.3097471e-03
   2.3141553e-01   5.6159577e-01   2.2301004e+00  -6.5322378e-03   3.1240632e-03   5.1195297e-03
   2.2185243e-01   5.6661467e-01   2.2517256e+00  -6.7671254e-03   3.1872715e-03   4.8049092e-03
   2.2247882e-01   5.8339357e-01   2.2774981e+00  -6.9867246e-03   3.3633052e-03   4.7756957e-03
   2.1679404e-01   6.0162694e-01   2.2602131e+00  -6.6790793e-03   3.6650997e-03   5.0595035e-03
   2.1703480e-01   6.2954346e-01   2.2532872e+00  -6.7232456e-03   3.7196796e-03   4.9197011e-03
   2.2622095e-01   5.9948169e-01   2.2802040e+00  -6.5345874e-03   3.9884901e-03   5.2509287e-03
   2.5805129e-01   6.1203319e-01   2.2994772e+00  -6.2014830e-03   4.2695461e-03   6.1218667e-03
   2.5738920e-01   6.3319891e-01   2.3184969e+00  -6.4115801e-03   4.5639334e-03   6.4578785e-03
   2.4164902e-01   6.3540938e-01   2.2994212e+00  -6.5655615e-03   5.1385138e-03   6.2618760e-03
   2.6176298e-01   6.6754779e-01   2.2905161e+00  -6.5674024e-03   5.0103414e-03   6.6476230e-03
   2.6822516e-01   6.1450143e-01   2.2951918e+00  -6.2445368e-03   5.1335599e-03   6.9026415e-03
   2.7989240e-01   6.6540548e-01   2.2832899e+00  -6.4318729e-03   5.0213350e-03   7.0581772e-03
   2.6729387e-01   6.5309222e-01   2.2846368e+00  -6.6383463e-03   5.0578967e-03   6.8377642e-03
   2.7169146e-01   6.4006314e-01   2.2674161e+00  -6.4047798e-03   5.1491313e-03   7.0801984e-03
   2.7108132e-01   6.4310893e-01   2.2831633e+00  -5.8598413e-03   5.2185018e-03   7.1446487e-03
   2.5644687e-01   6.2511228e-01   2.3368991e+00  -5.7446676e-03   5.4482194e-03   7.0938340e-03
   2.4297779e-01   6.0453016e-01   2.3441393e+00  -5.8216052e-03   5.6206986e-03   6.9896318e-03
   2.3621776e-01   6.2962815e-01   2.3383792e+00  -5.8830045e-03   5.7312368e-03   7.1450247e-03
   2.5018510e-01   6.2907285e-01   2.3482458e+00  -5.8026791e-03   5.5568477e-03   7.2382532e-03
   2.4238170e-01   6.3281644e-01   2.3445995e+00  -5.5274958e-03   5.8605443e-03   7.4000134e-03
