   0.0000000e+00  -1.0888597e-14   0.0000000e+00   3.0814879e-33   2.6727647e-51   8.6178193e-19
  -4.5928140e-03   2.1354316e-02  -1.2262835e-02   2.3440046e-04   5.4882461e-05   2.2795429e-05
   1.9356410e-02   3.8343785e-01   9.1015455e-02   2.7315616e-03   1.4063031e-03  -1.0775271e-03
  -7.2321245e-02   5.6010925e-02   1.2224565e-02   1.8876761e-03  -6.6262213e-04  -1.1799011e-03
  -9.6147006e-02   1.8958971e-01   1.0765182e-01   1.9927376e-03  -8.6189941e-04  -1.5803537e-03
  -9.9803045e-02   1.7598567e-01   1.6499686e-01   1.9111892e-03  -8.3383099e-04  -1.6110755e-03
  -9.8593177e-02   1.5600155e-01   2.0362768e-01   1.7203012e-03  -1.2533365e-03  -1.4444067e-03
  -8.7926454e-02   1.4954022e-01   2.4635731e-01   1.4016950e-03  -1.2845343e-03  -1.2917146e-03
  -1.1786427e-01   5.2627922e-02   1.8510979e-01   1.5270490e-03  -1.1138225e-03  -1.6830467e-03
  -1.1369328e-01   2.0499031e-01   2.2982123e-01   1.3872361e-03  -1.2844112e-03  -1.4004122e-03
  -1.0561335e-01   1.6436374e-01   2.2553046e-01   1.2833479e-03  -1.3492695e-03  -1.3437270e-03
  -1.1062132e-01   1.5655086e-01   2.6316428e-01   1.0852318e-03  -1.6401721e-03  -1.2750120e-03
  -1.2226386e-01   1.1690771e-01   2.4002329e-01   1.1351439e-03  -1.6964754e-03  -1.4893584e-03
  -1.2391608e-01   1.4930658e-01   2.2314998e-01   1.0883923e-03  -1.7151785e-03  -1.4617414e-03
  -1.1128813e-01   1.4415236e-01   2.7339907e-01   1.1150602e-03  -1.9444466e-03  -1.5956091e-03
  -1.2872067e-01   1.8902634e-01   2.7417303e-01   7.4689614e-04  -2.1815078e-03  -1.4657484e-03
  -1.3338849e-01   1.9488061e-01   2.6855244e-01   8.1195398e-04  -2.0993623e-03  -1.5350554e-03
  -1.4557317e-01   1.9648846e-01   2.8954795e-01   6.0204047e-04  -2.2249263e-03  -1.6026374e-03
  -1.4852843e-01   1.7479294e-01   3.2394339e-01   2.5039179e-04  -2.5747363e-03  -1.5587750e-03
  -1.4778604e-01   1.3263734e-01   3.1914354e-01   4.2365783e-04  -2.4889418e-03  -1.5009409e-03
  -1.3661105e-01   1.9622506e-01   3.1459460e-01   1.8227849e-03  -2.2354552e-03  -1.6271672e-03
  -1.4895726e-01   1.6834787e-01   3.5084264e-01   1.7775308e-04  -2.5880351e-03  -1.4441608e-03
  -1.5307204e-01   1.4660845e-01   3.3974458e-01   6.7424584e-05  -2.6053781e-03  -1.5154554e-03
  -1.5407922e-01   1.2037536e-01   3.4878051e-01   1.2880403e-04  -2.6993725e-03  -1.3810856e-03
  -1.5758143e-01   1.4096077e-01   3.5016861e-01   2.1018583e-05  -2.7419861e-03  -1.4482420e-03
  -1.6132142e-01   1.1603881e-01   3.3030155e-01   8.3432381e-06  -2.6867987e-03  -1.5262089e-03
  -1.6367451e-01   1.1049162e-01   3.4718218e-01  -1.1600386e-04  -2.8819274e-03  -1.4708350e-03
  -1.6723062e-01   1.2161485e-01   3.5458105e-01  -2.2102006e-04  -2.7488777e-03  -1.4883156e-03
  -1.7010634e-01   1.2102481e-01   3.3606128e-01  -2.4134229e-04  -2.6969057e-03  -1.5779475e-03
  -1.7957791e-01   1.4043020e-01   3.3532088e-01  -2.0962193e-04  -2.6431326e-03  -1.7484575e-03
  -1.7944168e-01   1.3639015e-01   3.5046016e-01  -4.1834684e-04  -2.7401609e-03  -1.7047951e-03
  -1.8674490e-01   1.0813246e-01   3.6638669e-01  -1.5055412e-04  -2.6612145e-03  -1.7680505e-03
  -1.8934026e-01   1.0427566e-01   3.9005099e-01   1.2161355e-04  -2.5462619e-03  -1.7711101e-03
  -1.8580546e-01   1.2762499e-01   3.9597759e-01   9.3345736e-05  -2.6599988e-03  -1.6729781e-03
  -1.7532840e-01   1.1141866e-01   3.9311603e-01   3.5852352e-06  -2.7374905e-03  -1.4910949e-03
  -1.9111396e-01   9.7440764e-02   3.8716456e-01  -1.4554142e-04  -2.7082927e-03  -1.6202281e-03
  -1.9465358e-01   1.3973000e-01   3.6992978e-01   2.0150487e-05  -2.7917284e-03  -1.5355793e-03
  -1.9076628e-01   1.1945435e-01   3.8803341e-01  -1.7678873e-04  -2.8534227e-03  -1.5344214e-03
  -1.8420255e-01   1.2572149e-01   3.9437298e-01  -2.5847582e-04  -2.8892849e-03  -1.5725337e-03
  -1.8644950e-01   1.1034165e-01   3.8586366e-01  -1.4282611e-04  -2.9875636e-03  -1.5352834e-03
  -1.8902164e-01   1.1977410e-01   3.9498580e-01  -1.0313379e-04  -2.9788465e-03  -1.5581526e-03
  -1.9454223e-01   1.3090005e-01   3.9563732e-01  -5.0665640e-05  -2.8748478e-03  -1.6397986e-03
  -1.9465014e-01   1.1960741e-01   4.1195856e-01  -3.2370216e-04  -3.0136162e-03  -1.5381227e-03
  -1.8588173e-01   1.1884494e-01   4.1941350e-01  -5.4658179e-04  -3.0781388e-03  -1.4256594e-03
  -1.7970092e-01   1.1387950e-01   4.1873173e-01  -6.3221346e-04  -2.9879676e-03  -1.5133953e-03
  -1.8020717e-01   1.1477264e-01   4.4625312e-01  -7.9223761e-04  -3.0541738e-03  -1.5184807e-03
  -1.6540369e-01   6.5157239e-02   4.3422013e-01  -7.2153296e-04  -2.8869955e-03  -1.3405361e-03
  -1.6883586e-01   6.9048299e-02   4.2437745e-01  -7.0898516e-04  -2.9858382e-03  -1.2559367e-03
  -1.7415930e-01   7.2540535e-02   4.2848420e-01  -8.1624535e-04  -2.9384784e-03  -1.3844687e-03
  -1.8600198e-01   1.1370922e-01   4.2801136e-01  -2.7581250e-04  -2.8213790e-03  -1.5496245e-03
  -1.7216989e-01  -1.9837770e-02   1.8013245e-01   2.2665692e-03  -2.4947958e-03  -1.4326597e-03
  -1.9234213e-01   2.7475404e-01   3.9499223e-01   1.7698849e-04  -2.8821698e-03  -1.4286797e-03
  -1.9195933e-01   2.1905068e-01   4.0429387e-01   2.4283720e-04  -3.0523469e-03  -1.5094958e-03
  -1.8993878e-01   1.0778230e-01   4.2519846e-01  -2.6491703e-04  -3.1480478e-03  -1.5280154e-03
  -1.9204310e-01   1.0443517e-01   4.0640891e-01  -4.2676417e-04  -3.0111144e-03  -1.6280243e-03
  -1.9748239e-01   9.7327352e-02   4.0643442e-01  -5.9313428e-04  -3.1460815e-03  -1.6551741e-03
  -2.0354081e-01   1.1409257e-01   3.8363114e-01  -3.8978910e-04  -3.1430737e-03  -1.6964264e-03
  -2.0718762e-01   1.2581760e-01   4.0490984e-01  -2.9850404e-04  -3.2942468e-03  -1.6741962e-03
  -2.0695701e-01   1.0913157e-01   4.2777831e-01  -6.0764216e-04  -3.2669207e-03  -1.5665542e-03
  -2.0425082e-01   1.0487355e-01   4.5066797e-01  -5.6216452e-04  -3.2167865e-03  -1.6631681e-03
  -2.0320881e-01   1.1406350e-01   4.4386126e-01  -4.9884776e-04  -3.2857022e-03  -1.6053389e-03
  -2.1455796e-01   1.1425763e-01   4.4534101e-01  -3.0414976e-04  -3.1838457e-03  -1.6867685e-03
  -2.1433761e-01   7.7681851e-02   4.6629843e-01  -5.5516909e-04  -3.1839497e-03  -1.6885095e-03
  -2.1840927e-01   1.1216345e-01   4.7548275e-01  -7.1067905e-04  -3.2220112e-03  -1.7870583e-03
  -2.0739156e-01   1.0819144e-01   4.6883930e-01  -7.0988698e-04  -3.1857038e-03  -1.6497516e-03
  -2.0454311e-01   1.1985738e-01   4.6117998e-01  -7.4482960e-04  -3.2645953e-03  -1.5793338e-03
  -2.0838502e-01   1.1016862e-01   4.5967833e-01  -6.0963873e-04  -3.2457026e-03  -1.5705446e-03
  -2.1498631e-01   1.2553524e-01   4.6186086e-01  -7.6371061e-04  -3.1940396e-03  -1.7807069e-03
  -2.1779854e-01   1.0476401e-01   4.7037712e-01  -8.2465015e-04  -3.1604533e-03  -1.7760581e-03
  -2.2761297e-01   1.0772398e-01   4.7298482e-01  -6.1253722e-04  -3.0728103e-03  -1.9939907e-03
  -2.1882710e-01   7.0270123e-02   4.8339921e-01  -1.0273880e-03  -3.1282762e-03  -1.8901219e-03
  -2.1137514e-01   9.7147355e-02   4.8837950e-01  -1.1293454e-03  -3.4483662e-03  -1.5968271e-03
  -2.0336165e-01   8.2837651e-02   4.9351942e-01  -1.0825492e-03  -3.4853305e-03  -1.5076497e-03
  -2.0201464e-01   6.6995351e-02   5.1281357e-01  -1.3005708e-03  -3.4797918e-03  -1.5455061e-03
  -2.0462815e-01   9.4758395e-02   4.9487045e-01  -1.1420560e-03  -3.6401717e-03  -1.4818400e-03
  -2.1843314e-01   8.3912973e-02   4.9905517e-01  -1.2657973e-03  -3.5865864e-03  -1.6029980e-03
  -2.2729100e-01   6.1074332e-02   4.9960482e-01  -1.1523881e-03  -3.5717291e-03  -1.6807048e-03
  -2.2409435e-01   9.6957422e-02   5.0349012e-01  -1.0516779e-03  -3.6172680e-03  -1.6444819e-03
  -2.1180164e-01   8.4867251e-02   5.1015720e-01  -1.1863461e-03  -3.6930524e-03  -1.6000529e-03
  -2.1289773e-01   7.4777044e-02   4.9842035e-01  -1.0099454e-03  -3.6883997e-03  -1.5997043e-03
  -2.1840378e-01   7.8559313e-02   4.6634744e-01  -8.5338721e-04  -3.6535301e-03  -1.5999584e-03
  -2.2173700e-01   8.1912516e-02   4.7654174e-01  -8.6037381e-04  -3.4852125e-03  -1.6770794e-03
  -2.2813664e-01   1.4718785e-01   5.2101325e-01  -1.2788775e-03  -3.6834179e-03  -1.7346154e-03
  -2.3260986e-01   7.4019964e-02   4.8919553e-01  -1.3494820e-03  -3.6698451e-03  -1.8222006e-03
  -2.2610815e-01   8.6976608e-02   4.8812203e-01  -1.5441383e-03  -3.7078138e-03  -1.8425394e-03
  -2.0559864e-01   9.9187911e-02   5.1069226e-01  -1.4214278e-03  -3.7879944e-03  -1.6386221e-03
  -2.0461236e-01   8.9675702e-02   4.9424281e-01  -1.0770371e-03  -3.6922348e-03  -1.6089508e-03
  -2.1087509e-01   1.1345701e-01   5.1211735e-01  -1.0477053e-03  -3.6426971e-03  -1.7729599e-03
  -2.1935617e-01   9.1684361e-02   5.1135274e-01  -1.1894382e-03  -3.8537969e-03  -1.8112993e-03
  -2.1663677e-01   8.6352899e-02   5.2265240e-01  -1.1865803e-03  -3.7721272e-03  -1.7924705e-03
  -2.2419639e-01   9.6654464e-02   5.1294583e-01  -1.1222301e-03  -3.6587430e-03  -1.8866749e-03
  -2.2834540e-01   1.0161924e-01   5.3368471e-01  -1.2707985e-03  -3.6454294e-03  -1.9461105e-03
  -2.3239059e-01   8.2751574e-02   5.2252953e-01  -1.1787802e-03  -3.7360880e-03  -1.9046736e-03
  -2.3458181e-01   1.0118594e-01   5.1231064e-01  -1.3861654e-03  -3.7882203e-03  -2.0034806e-03
  -2.3676974e-01   1.1257161e-01   5.0294656e-01  -1.4145276e-03  -3.8089643e-03  -2.1048987e-03
  -2.3144756e-01   1.5114154e-01   4.9362080e-01  -6.1000464e-04  -3.5172359e-03  -2.1374429e-03
  -2.4714937e-01   1.1632765e-01   5.2749972e-01  -1.3973514e-03  -3.8118579e-03  -2.0776330e-03
  -2.5083520e-01   9.9333226e-02   5.2607610e-01  -1.4018010e-03  -3.8810960e-03  -2.0636616e-03
  -2.4210024e-01   7.8942284e-02   5.1599742e-01  -1.2589944e-03  -3.7832312e-03  -1.9996603e-03
  -2.4041354e-01   2.9245841e-02   4.2482262e-01  -2.4827595e-04  -3.4268407e-03  -2.0479393e-03
  -2.2623652e-01   1.8175709e-01   4.6788444e-01   4.4912920e-04  -3.7034276e-03  -1.7368435e-03
  -2.2936571e-01   1.5387593e-01   4.7805790e-01  -3.2091039e-04  -4.0255275e-03  -1.6404682e-03
  -2.2644850e-01   1.7164951e-01   4.7546382e-01  -4.2360893e-04  -3.9993638e-03  -1.6172357e-03
  -2.3443775e-01   9.7113235e-02   4.8836205e-01  -7.2083608e-04  -3.9221267e-03  -1.6896360e-03
  -2.5108835e-01   8.2384214e-02   4.8537040e-01  -7.0631980e-04  -3.7745938e-03  -1.8691384e-03
  -2.4687995e-01   1.1581994e-01   5.2630205e-01  -1.0398110e-03  -3.9573382e-03  -1.7399986e-03
  -2.4395445e-01   1.2356663e-01   5.2424346e-01  -1.0704650e-03  -4.1568645e-03  -1.6707105e-03
  -2.4461134e-01   8.2478339e-02   5.1884740e-01  -6.5958211e-04  -4.0788638e-03  -1.7382336e-03
  -2.3877255e-01   1.4196975e-01   5.6421656e-01  -1.0113098e-03  -4.0502978e-03  -1.7004494e-03
  -2.4582497e-01   1.4028577e-01   5.0339515e-01  -1.3028069e-03  -4.2257226e-03  -1.5517222e-03
  -2.1400785e-01  -6.3998099e-02   3.3111366e-01  -1.8832878e-04  -3.4419943e-03  -1.3211531e-03
  -2.2462147e-01   3.5332340e-01   4.3999106e-01   1.0349379e-03  -3.5542207e-03  -1.0127295e-03
  -2.3125897e-01   1.1368630e-01   4.3091610e-01  -5.3405152e-06  -3.7060019e-03  -1.0294124e-03
  -2.3567633e-01   3.0449120e-01   4.6506561e-01  -1.0412046e-04  -3.8829730e-03  -1.2343847e-03
  -2.4288643e-01   9.1600471e-02   4.5484663e-01  -3.4338435e-04  -3.9492768e-03  -1.1867338e-03
  -2.4588236e-01   2.1130570e-01   4.5080407e-01  -5.5508881e-04  -3.9783325e-03  -9.9873957e-04
  -2.4895717e-01   1.8427443e-01   4.5387321e-01  -4.6941606e-04  -3.9812127e-03  -1.0571521e-03
  -2.5068204e-01   6.2971348e-02   4.7272718e-01  -6.5762941e-04  -4.0892723e-03  -1.1746506e-03
  -2.6345738e-01   1.8069177e-01   4.6274888e-01  -7.4989820e-04  -4.0447414e-03  -1.1826308e-03
  -2.6186672e-01   1.5417691e-01   4.7779135e-01  -8.0798633e-04  -4.1494171e-03  -1.2490597e-03
  -2.6310961e-01   1.3808621e-01   5.1611408e-01  -9.5556365e-04  -4.1640189e-03  -1.3197498e-03
  -2.5215228e-01   1.7551086e-01   4.7017284e-01  -2.7402506e-04  -3.8762705e-03  -1.1412576e-03
  -2.6194085e-01   1.5138878e-01   5.0815468e-01  -1.2472303e-03  -4.0860325e-03  -1.2419397e-03
  -2.5648290e-01   1.2342192e-01   4.9108034e-01  -1.2997841e-03  -3.9812662e-03  -1.1966333e-03
  -2.5760156e-01   1.4282390e-01   5.0145134e-01  -1.2855778e-03  -4.1290460e-03  -1.1623162e-03
  -2.5616164e-01   1.6655558e-01   5.0266860e-01  -1.2123237e-03  -4.1171136e-03  -1.1271366e-03
  -2.5363040e-01   1.2049971e-01   5.1483135e-01  -1.3174296e-03  -4.1219076e-03  -1.1244901e-03
  -2.4725528e-01   1.3731415e-01   5.2914234e-01  -1.4870079e-03  -4.0769886e-03  -1.0997958e-03
  -2.5204506e-01   1.4273396e-01   5.5230114e-01  -1.7792841e-03  -4.1094127e-03  -1.0380973e-03
  -2.6206287e-01   1.2224448e-01   5.3859225e-01  -1.7670239e-03  -4.1729175e-03  -1.0336834e-03
  -2.6451638e-01   1.3032823e-01   5.5605875e-01  -1.6929986e-03  -4.1710883e-03  -1.0845856e-03
  -2.6695817e-01   1.6197463e-01   5.5449646e-01  -1.4869861e-03  -4.1077269e-03  -1.1065477e-03
  -2.6843456e-01   1.1451827e-01   5.7215217e-01  -1.4169823e-03  -4.1892509e-03  -1.1473869e-03
  -2.6135378e-01   1.4533816e-01   5.5587021e-01  -1.4417758e-03  -4.1442193e-03  -1.1234464e-03
  -2.6653562e-01   1.0846370e-01   5.4993513e-01  -1.4334540e-03  -4.2109610e-03  -1.1181852e-03
  -2.6677595e-01   1.0650860e-01   5.6266325e-01  -1.5671397e-03  -4.1488457e-03  -1.0768113e-03
  -2.6810360e-01   1.0899652e-01   5.4527444e-01  -1.7353116e-03  -4.1136718e-03  -1.2002908e-03
  -2.6655288e-01   1.2676704e-01   5.4032325e-01  -1.8106564e-03  -4.2107182e-03  -1.0961349e-03
  -2.6396855e-01   1.2684087e-01   5.4308707e-01  -1.4887181e-03  -4.3154862e-03  -1.0861630e-03
  -2.7596091e-01   1.0643475e-01   5.5584403e-01  -1.5132498e-03  -4.2743120e-03  -1.2416725e-03
  -2.8344112e-01   1.1329574e-01   5.7717452e-01  -1.6736074e-03  -4.3176617e-03  -1.2762765e-03
  -2.7564925e-01   6.1847454e-02   5.7075487e-01  -1.5775554e-03  -4.3607430e-03  -1.2769865e-03
  -2.6995340e-01   6.6946929e-02   5.6920306e-01  -1.6089212e-03  -4.2122444e-03  -1.2075194e-03
  -2.7676746e-01   1.2835878e-01   5.8633544e-01  -1.4206815e-03  -4.0622984e-03  -1.2864264e-03
  -2.7864594e-01   1.1787703e-01   5.8556352e-01  -1.8943602e-03  -4.3795402e-03  -1.1579340e-03
  -2.7735493e-01   9.3282893e-02   5.7069299e-01  -1.8038244e-03  -4.2262389e-03  -1.1899653e-03
  -2.6867011e-01   9.5866276e-02   5.6110305e-01  -1.6260129e-03  -4.0139447e-03  -1.2538974e-03
  -2.7662393e-01   1.1509047e-01   5.8670801e-01  -2.2472715e-03  -4.1863751e-03  -1.2884124e-03
  -2.8375065e-01   7.3763694e-02   6.0052560e-01  -2.0901308e-03  -4.1517114e-03  -1.2881807e-03
  -2.8548640e-01   1.0360814e-01   5.9322604e-01  -1.9610941e-03  -4.2273097e-03  -1.2092740e-03
  -2.8564161e-01   1.1376651e-01   5.7664454e-01  -2.0058097e-03  -4.3708786e-03  -1.2420333e-03
  -2.8462890e-01   1.0753569e-01   5.6899166e-01  -1.7686177e-03  -4.3157199e-03  -1.2092651e-03
  -2.8784916e-01   1.0536738e-01   5.6660045e-01  -1.6761927e-03  -4.1597569e-03  -1.2964786e-03
  -2.8002706e-01   1.6041194e-01   5.7777395e-01  -1.7752049e-03  -4.1292280e-03  -1.2800385e-03
  -2.6987766e-01   1.6805650e-01   5.9979201e-01  -1.9254020e-03  -4.3377603e-03  -1.1498255e-03
  -2.6703991e-01   1.2009015e-01   5.7634397e-01  -1.5166100e-03  -4.2778510e-03  -1.1562533e-03
  -2.7473067e-01   1.5525657e-01   5.8756109e-01  -1.6494151e-03  -4.4313864e-03  -1.1131486e-03
  -2.8058445e-01   1.4105163e-01   5.8764510e-01  -1.8571389e-03  -4.3988072e-03  -1.1987344e-03
  -2.7714176e-01   1.7321281e-01   5.7299430e-01  -1.6455375e-03  -4.3012726e-03  -1.2210285e-03
  -2.7472806e-01   1.4481143e-01   5.8150094e-01  -1.6530307e-03  -4.2524275e-03  -1.2123843e-03
  -2.7383520e-01   1.4801098e-01   5.5526728e-01  -1.8632422e-03  -4.3291377e-03  -1.2526440e-03
  -2.6922245e-01   1.1493063e-01   5.8018827e-01  -1.7606398e-03  -4.4964568e-03  -1.0604824e-03
  -2.6552281e-01   9.5257712e-02   5.7255193e-01  -1.7542619e-03  -4.4827243e-03  -9.9506748e-04
  -2.5955593e-01   1.4983646e-01   5.6831519e-01  -1.2256622e-03  -4.3084166e-03  -8.7958204e-04
  -2.7298099e-01   1.4603855e-01   5.9256763e-01  -1.8730318e-03  -4.4281466e-03  -9.8229862e-04
  -2.6720289e-01   1.3114226e-01   5.7777598e-01  -1.8084898e-03  -4.3410698e-03  -9.6413401e-04
  -2.6640745e-01   1.4711821e-01   5.6458476e-01  -1.6722005e-03  -4.3458044e-03  -9.2499575e-04
  -2.5712299e-01   1.4738668e-01   5.6137676e-01  -1.5584971e-03  -4.3058096e-03  -8.9153548e-04
  -2.5223640e-01   1.9909965e-01   5.7889063e-01  -1.8682884e-03  -4.4509571e-03  -8.3990699e-04
  -2.4945421e-01   1.4336458e-01   5.8052408e-01  -1.8352686e-03  -4.4085386e-03  -8.1143024e-04
  -2.4861298e-01   1.1638028e-01   5.8354556e-01  -1.9279631e-03  -4.5286477e-03  -7.3764913e-04
  -2.5337241e-01   1.4198954e-01   5.7002024e-01  -1.7521864e-03  -4.5834522e-03  -8.1344655e-04
  -2.6087357e-01   1.3287291e-01   3.3338432e-01  -5.7380933e-04  -4.3848188e-03  -6.3327072e-04
  -2.4604117e-01   6.3148117e-02   1.7942226e-01   1.7760270e-03  -4.0969176e-03  -2.0627655e-04
  -2.4278826e-01   3.6010580e-01   3.4190201e-01   9.5632672e-04  -4.7463894e-03  -4.9036015e-04
  -2.4340881e-01   2.8317798e-01   3.6018833e-01   3.4879025e-04  -4.9132664e-03  -1.4506647e-04
  -2.4373895e-01   1.9832461e-01   4.1405908e-01  -3.4393774e-05  -4.9841514e-03  -1.5358362e-04
  -2.5293064e-01   1.9656207e-01   4.6158810e-01  -6.3254916e-04  -4.9490874e-03  -2.7614283e-04
  -2.6247606e-01   1.7697786e-01   4.6449423e-01  -8.8387087e-04  -4.9048160e-03  -3.8403549e-04
  -2.6581884e-01   1.7077548e-01   4.3237059e-01  -8.1411749e-04  -5.1133920e-03  -2.8638853e-04
  -2.5757099e-01   1.9589743e-01   4.4739390e-01  -6.8988360e-04  -5.0044093e-03  -2.2648894e-04
  -2.5226401e-01   1.6984909e-01   4.6179990e-01  -7.8904290e-04  -5.0932069e-03  -1.4766054e-04
  -2.5247653e-01   1.5090610e-01   4.7214297e-01  -7.5350169e-04  -4.9798086e-03  -2.2170054e-04
  -2.4862265e-01   1.6151326e-01   4.6999597e-01  -6.4405976e-04  -4.9092835e-03  -1.8122422e-04
  -2.4586632e-01   2.2348921e-01   4.6016963e-01  -6.2105431e-04  -4.9512556e-03  -1.2703733e-04
  -2.4294912e-01   1.5234718e-01   5.0284863e-01  -1.0382826e-03  -5.1028329e-03  -5.9642643e-05
  -2.5107055e-01   1.6729780e-01   5.0362242e-01  -1.2990278e-03  -5.0296297e-03  -1.8671447e-04
  -2.4610598e-01   1.7797439e-01   4.7544124e-01  -1.4781655e-03  -5.0207739e-03  -2.2071397e-04
  -2.4855734e-01   2.3090224e-02   5.9908814e-01  -2.1383583e-03  -5.3645201e-03  -1.9354640e-04
  -2.3764073e-01   1.4266867e-01   5.5583069e-01  -2.1958509e-03  -5.5932450e-03   3.6414365e-05
  -2.4712847e-01   1.0560662e-01   5.5367292e-01  -2.0548625e-03  -5.5460083e-03   2.5619517e-05
  -2.6408026e-01   2.2147417e-01   5.8496084e-01  -2.4784205e-03  -5.5689059e-03  -4.4843239e-04
  -2.5868076e-01   1.3312171e-01   4.6568586e-01  -1.7579875e-03  -5.3832071e-03  -4.4814406e-04
  -2.3282697e-01   9.1701752e-04   5.2003363e-01  -1.2483299e-03  -5.3099747e-03   1.8647236e-04
  -2.3314668e-01   1.5709709e-01   5.6502327e-01  -1.3170211e-03  -5.3706498e-03   2.2834713e-04
  -2.4278733e-01   1.6818479e-01   5.7458048e-01  -1.5533055e-03  -5.4200505e-03   2.4433987e-04
  -2.5212238e-01   1.1841650e-01   6.0078733e-01  -1.7773689e-03  -5.3503372e-03  -1.2959278e-04
  -2.6873724e-01   1.2553306e-01   6.0741455e-01  -2.0081545e-03  -5.3184401e-03  -2.4298896e-04
  -2.6671763e-01   1.3016100e-01   5.8100627e-01  -2.0923818e-03  -5.1644720e-03  -3.4533542e-04
  -2.6611567e-01   1.5572692e-01   5.6014334e-01  -1.5807123e-03  -5.2369577e-03  -3.7563863e-04
  -2.6753074e-01   1.7484888e-01   5.5860160e-01  -2.5802918e-03  -5.4053680e-03  -3.7697183e-04
  -2.6732346e-01   1.4083837e-01   5.0192686e-01  -1.9587317e-03  -5.3164764e-03  -3.4607642e-04
  -2.6902028e-01   1.7489283e-01   5.2767569e-01  -2.1635847e-03  -5.3296292e-03  -2.3572308e-04
  -2.6212123e-01   7.8386906e-02   5.9054908e-01  -1.8784217e-03  -5.6979142e-03  -6.3194402e-05
  -2.6403052e-01   1.9412843e-01   5.8647609e-01  -2.1218385e-03  -5.5603840e-03  -6.8090179e-05
  -2.6898934e-01   1.5113291e-01   5.7712369e-01  -1.9316625e-03  -5.5388700e-03  -8.2873430e-05
  -2.7269923e-01   2.0184846e-01   6.3122638e-01  -2.5833817e-03  -5.6292819e-03  -8.9026909e-05
  -2.5849148e-01   1.3437400e-01   5.8912850e-01  -2.6599949e-03  -5.5346087e-03   6.5830665e-05
  -2.5998655e-01   1.9019231e-01   6.0291913e-01  -2.3956662e-03  -5.7094176e-03   1.4344495e-05
  -2.6810818e-01   1.7989556e-01   6.0887499e-01  -2.4158318e-03  -5.6932049e-03   1.9215217e-06
