   0.0000000e+00   0.0000000e+00   0.0000000e+00   0.0000000e+00   0.0000000e+00   0.0000000e+00
  -3.8171174e-01   2.2959478e-01  -3.4300095e-02   4.5693444e-04  -4.1504240e-03  -5.3699648e-03
  -1.2633139e+00  -8.9691344e-01  -2.5828570e+00   1.5521464e-02  -1.2060958e-02  -1.6239183e-02
  -1.4643262e+00  -3.7535658e-01  -2.6013409e+00   1.6893159e-02  -1.0688521e-02  -2.0733052e-02
  -1.5913492e+00  -3.0476157e-01  -2.5545395e+00   1.6263183e-02  -1.0930550e-02  -2.3244137e-02
  -1.6149674e+00  -3.3395466e-01  -2.4974512e+00   1.5855001e-02  -1.0585355e-02  -2.3909458e-02
  -1.6277206e+00  -3.6627486e-01  -2.4730721e+00   1.5738064e-02  -1.0387184e-02  -2.4420010e-02
  -1.6367449e+00  -3.9057748e-01  -2.4904607e+00   1.5520428e-02  -1.0558171e-02  -2.4655444e-02
  -1.6466711e+00  -3.6939842e-01  -2.5327861e+00   1.5705466e-02  -1.0802089e-02  -2.4612032e-02
  -1.6456620e+00  -3.8176439e-01  -2.5544410e+00   1.5979999e-02  -1.0637963e-02  -2.4539390e-02
  -1.6495250e+00  -3.1296240e-01  -2.5872882e+00   1.5927922e-02  -1.0972860e-02  -2.4273165e-02
  -1.6699687e+00  -2.7611345e-01  -2.5642652e+00   1.5483687e-02  -1.0999279e-02  -2.4775074e-02
  -1.6757149e+00  -2.9330408e-01  -2.5097744e+00   1.4453609e-02  -1.1077047e-02  -2.5048815e-02
  -1.6788284e+00  -2.4858327e-01  -2.5045199e+00   1.4481241e-02  -1.1130515e-02  -2.4895593e-02
  -1.6695896e+00  -3.7804462e-01  -2.5010827e+00   1.3884356e-02  -1.1930692e-02  -2.4533900e-02
  -1.6756223e+00  -2.1352884e-01  -2.5101730e+00   1.4387881e-02  -1.2204199e-02  -2.4668235e-02
  -1.6726495e+00  -2.7942224e-01  -2.5100173e+00   1.4928528e-02  -1.1714949e-02  -2.4594099e-02
  -1.6596547e+00  -3.0849791e-01  -2.4890127e+00   1.4917169e-02  -1.1781591e-02  -2.4311848e-02
  -1.6526065e+00  -3.2617828e-01  -2.5109007e+00   1.5058003e-02  -1.1765314e-02  -2.4199383e-02
  -1.6751179e+00  -2.6279875e-01  -2.4956498e+00   1.4373186e-02  -1.2377929e-02  -2.4577517e-02
  -1.6748059e+00  -2.2402013e-01  -2.4391701e+00   1.4561350e-02  -1.2747430e-02  -2.4361971e-02
  -1.6810668e+00  -2.3804271e-01  -2.4658066e+00   1.4424886e-02  -1.2922285e-02  -2.4739633e-02
  -1.6963615e+00  -2.8810262e-01  -2.4723847e+00   1.4414204e-02  -1.3229259e-02  -2.4938440e-02
  -1.6800130e+00  -3.3186829e-01  -2.4681509e+00   1.4743860e-02  -1.3050671e-02  -2.4654803e-02
  -1.6640729e+00  -2.3136565e-01  -2.4577779e+00   1.4486181e-02  -1.2978095e-02  -2.4492649e-02
  -1.6445357e+00  -2.8209548e-01  -2.4438500e+00   1.4526008e-02  -1.2997285e-02  -2.4181369e-02
  -1.6494561e+00  -2.8685773e-01  -2.4281836e+00   1.4466596e-02  -1.2979728e-02  -2.4261177e-02
  -1.6556427e+00  -2.9711262e-01  -2.4410609e+00   1.4008813e-02  -1.3118038e-02  -2.4529012e-02
  -1.6838430e+00  -3.0841364e-01  -2.4259765e+00   1.3825075e-02  -1.3277083e-02  -2.4851729e-02
  -1.6712167e+00  -3.0137896e-01  -2.4290784e+00   1.4326945e-02  -1.2870517e-02  -2.4623587e-02
  -1.6508752e+00  -2.6512919e-01  -2.4107624e+00   1.3957734e-02  -1.2940153e-02  -2.4519586e-02
  -1.6379677e+00  -2.9784254e-01  -2.4022599e+00   1.3733063e-02  -1.3338195e-02  -2.4197813e-02
  -1.6239291e+00  -3.0627810e-01  -2.4461281e+00   1.3644536e-02  -1.3797563e-02  -2.3793593e-02
  -1.6266926e+00  -2.2392727e-01  -2.4077794e+00   1.3035881e-02  -1.3954177e-02  -2.3845467e-02
  -1.6518114e+00  -2.8753351e-01  -2.3876452e+00   1.3060820e-02  -1.3957459e-02  -2.4207369e-02
  -1.6430580e+00  -3.3422733e-01  -2.3793862e+00   1.2838501e-02  -1.3920692e-02  -2.4244071e-02
  -1.6412714e+00  -3.1477054e-01  -2.3503786e+00   1.2772523e-02  -1.3814635e-02  -2.4234325e-02
  -1.6279672e+00  -3.2799434e-01  -2.3457501e+00   1.2783805e-02  -1.3919463e-02  -2.3968317e-02
  -1.6385071e+00  -2.8419292e-01  -2.3553743e+00   1.2786531e-02  -1.3905898e-02  -2.4111145e-02
  -1.6413984e+00  -2.8974633e-01  -2.3618861e+00   1.2927080e-02  -1.4090356e-02  -2.4057029e-02
  -1.6293430e+00  -3.5060121e-01  -2.3782500e+00   1.3355290e-02  -1.3867745e-02  -2.3769362e-02
  -1.6424358e+00  -3.0486669e-01  -2.3540220e+00   1.2807173e-02  -1.4130815e-02  -2.3874410e-02
  -1.6270926e+00  -3.2958688e-01  -2.3694413e+00   1.3615713e-02  -1.3688342e-02  -2.3677529e-02
  -1.6025025e+00  -3.3619809e-01  -2.3260517e+00   1.3235909e-02  -1.3338979e-02  -2.3259298e-02
  -1.6001639e+00  -3.2249683e-01  -2.3324715e+00   1.3285674e-02  -1.3556894e-02  -2.3190667e-02
  -1.5876908e+00  -3.7320631e-01  -2.3549156e+00   1.3341227e-02  -1.3703976e-02  -2.2926381e-02
  -1.5850082e+00  -3.5947790e-01  -2.3831988e+00   1.3413247e-02  -1.4094532e-02  -2.2894897e-02
  -1.5898045e+00  -2.6350448e-01  -2.3964357e+00   1.3249823e-02  -1.4212963e-02  -2.2903701e-02
  -1.5938204e+00  -3.0741205e-01  -2.3885674e+00   1.3128883e-02  -1.4466890e-02  -2.3159763e-02
  -1.5903398e+00  -3.0269508e-01  -2.3883154e+00   1.3128143e-02  -1.4536225e-02  -2.2959901e-02
  -1.5906349e+00  -2.9312927e-01  -2.3845355e+00   1.3320286e-02  -1.4609639e-02  -2.2969577e-02
  -1.5811467e+00  -2.9161991e-01  -2.3885167e+00   1.3406984e-02  -1.4530461e-02  -2.2693784e-02
  -1.5805726e+00  -2.7933338e-01  -2.3649671e+00   1.3499866e-02  -1.4375544e-02  -2.2734903e-02
  -1.5995306e+00  -3.3931927e-01  -2.2613791e+00   9.7521260e-03  -1.5367797e-02  -2.2819446e-02
  -1.6805725e+00  -2.6294312e-01  -2.3800409e+00   1.1689286e-02  -1.6043243e-02  -2.4206166e-02
  -1.9958991e+00  -3.3710082e-01  -2.1129623e+00   6.6649117e-03  -1.5809556e-02  -3.0469378e-02
  -1.9290574e+00  -3.6169870e-01  -2.0956618e+00   8.2404845e-03  -1.5949991e-02  -2.9177108e-02
  -1.9011459e+00  -2.8916606e-01  -2.0964884e+00   8.4766592e-03  -1.6044502e-02  -2.8683590e-02
  -1.8632515e+00  -3.5641071e-01  -2.1139297e+00   9.1775291e-03  -1.5712280e-02  -2.7818425e-02
  -1.8569455e+00  -3.1663163e-01  -2.0996085e+00   8.6092434e-03  -1.6099501e-02  -2.7639690e-02
  -1.8325828e+00  -3.1108317e-01  -2.1118117e+00   8.5938167e-03  -1.6449391e-02  -2.7309206e-02
  -1.8134014e+00  -3.2181970e-01  -2.1284019e+00   8.8120119e-03  -1.6620973e-02  -2.6899681e-02
  -1.8104933e+00  -3.0147716e-01  -2.1201565e+00   8.8899105e-03  -1.6458984e-02  -2.6786937e-02
  -1.7972899e+00  -3.5234855e-01  -2.0965026e+00   8.9355059e-03  -1.6485410e-02  -2.6532448e-02
  -1.7916985e+00  -3.5133385e-01  -2.0714598e+00   9.0928554e-03  -1.6060263e-02  -2.6370477e-02
  -1.7853694e+00  -3.5395734e-01  -2.0505410e+00   8.9105646e-03  -1.6196701e-02  -2.6332882e-02
  -1.8461460e+00  -3.7739958e-01  -1.9950428e+00   7.3433698e-03  -1.6030964e-02  -2.6986139e-02
  -1.8306503e+00  -4.1866795e-01  -1.9923763e+00   7.7756627e-03  -1.5964245e-02  -2.7222478e-02
  -1.7966110e+00  -3.7945278e-01  -1.9582946e+00   7.3265509e-03  -1.6015837e-02  -2.6689771e-02
  -1.7708352e+00  -4.2128084e-01  -1.9545020e+00   7.4961201e-03  -1.6032331e-02  -2.6319766e-02
  -1.7509574e+00  -4.1761623e-01  -1.9518572e+00   7.3385389e-03  -1.5901857e-02  -2.5962654e-02
  -1.7152244e+00  -4.0627501e-01  -1.9688564e+00   7.5869937e-03  -1.5750554e-02  -2.5467437e-02
  -1.6818710e+00  -4.0253203e-01  -1.9781510e+00   7.4018639e-03  -1.6329723e-02  -2.4943101e-02
  -1.6556035e+00  -3.2338020e-01  -1.9713256e+00   7.5515772e-03  -1.6358290e-02  -2.4459990e-02
  -1.6480151e+00  -3.8329868e-01  -1.9903790e+00   7.6413549e-03  -1.5994593e-02  -2.4256525e-02
  -1.6271910e+00  -3.7581215e-01  -1.9844610e+00   7.6415662e-03  -1.6267053e-02  -2.3877772e-02
  -1.6547040e+00  -3.1916421e-01  -1.9918629e+00   7.4910073e-03  -1.6264978e-02  -2.4327160e-02
  -1.6487423e+00  -3.6830869e-01  -1.9944414e+00   7.5253818e-03  -1.6643955e-02  -2.4186007e-02
  -1.6442198e+00  -4.0606926e-01  -1.9752869e+00   7.6097372e-03  -1.6203705e-02  -2.4151895e-02
  -1.6665046e+00  -2.9723665e-01  -1.9691275e+00   7.7061944e-03  -1.6282225e-02  -2.4508922e-02
  -1.6433107e+00  -4.5563830e-01  -2.4585960e+00   1.2230158e-02  -1.7720408e-02  -2.5242801e-02
  -1.8285028e+00  -4.3989087e-01  -2.7310496e+00   1.5067933e-02  -1.6798699e-02  -2.7566719e-02
  -1.7941226e+00  -2.2614783e-01  -2.7751772e+00   1.5985241e-02  -1.7009340e-02  -2.7988421e-02
  -1.7635741e+00  -2.4887581e-01  -2.7583555e+00   1.5725940e-02  -1.6867953e-02  -2.7638356e-02
  -1.8046595e+00  -3.4127678e-01  -2.7284299e+00   1.6098958e-02  -1.6794479e-02  -2.8149914e-02
  -1.7733788e+00  -2.5621764e-01  -2.9584966e+00   1.6897628e-02  -1.7747578e-02  -2.8065612e-02
  -1.7598579e+00  -3.4153921e-01  -3.0196520e+00   1.7639794e-02  -1.7535114e-02  -2.7707193e-02
  -1.7411692e+00  -2.3345167e-01  -3.1364174e+00   1.7673176e-02  -1.8536352e-02  -2.7739451e-02
  -1.7693226e+00  -2.5510365e-01  -3.1434513e+00   1.7881518e-02  -1.8090280e-02  -2.8248107e-02
  -1.7615649e+00  -1.8131261e-01  -3.0588936e+00   1.7598012e-02  -1.8114072e-02  -2.8015297e-02
  -1.7508945e+00  -2.0437438e-01  -2.9829479e+00   1.6830759e-02  -1.8101880e-02  -2.7767707e-02
  -1.7550601e+00  -2.2827946e-01  -3.0158214e+00   1.6728010e-02  -1.8483215e-02  -2.7854532e-02
  -1.7381290e+00  -2.1882470e-01  -2.9407753e+00   1.6411076e-02  -1.8457774e-02  -2.7579572e-02
  -1.7567862e+00  -1.7660614e-01  -2.4986423e+00   1.1113701e-02  -1.7865780e-02  -2.8058048e-02
  -1.3420238e+00  -2.2460482e-01  -1.9564750e+00   7.9027198e-03  -1.0939373e-02  -2.1062350e-02
  -1.7048888e+00  -2.7239038e-01  -2.6163223e+00   1.7382183e-02  -1.3122790e-02  -2.8050775e-02
  -1.8760991e+00  -1.7984917e-01  -2.1533762e+00   9.0520205e-03  -1.4226650e-02  -3.0578178e-02
  -1.8658640e+00  -4.3603883e-01  -2.1019918e+00   8.8359249e-03  -1.4315827e-02  -3.0600581e-02
  -1.8534978e+00  -3.9528978e-01  -2.1346872e+00   9.4024092e-03  -1.4327789e-02  -3.0207871e-02
  -1.8926961e+00  -2.1534094e-01  -2.0849104e+00   9.5682928e-03  -1.4467405e-02  -3.0663274e-02
  -1.9083941e+00  -3.5863820e-01  -2.1216303e+00   9.1489040e-03  -1.4853050e-02  -3.1020812e-02
  -1.8664779e+00  -3.7091212e-01  -2.1461091e+00   9.0853572e-03  -1.5140143e-02  -3.0395475e-02
  -1.8996796e+00  -2.4632016e-01  -2.1492320e+00   8.6832909e-03  -1.5620761e-02  -3.0956436e-02
  -1.8956277e+00  -2.2491819e-01  -2.1263694e+00   8.6446196e-03  -1.5429766e-02  -3.1011489e-02
  -1.9535637e+00  -3.7534598e-01  -2.1554439e+00   8.4973478e-03  -1.4992156e-02  -3.1485674e-02
  -1.9085576e+00  -3.2111576e-01  -2.1088835e+00   8.8170163e-03  -1.4867501e-02  -3.1254311e-02
  -1.8759136e+00  -3.4314273e-01  -2.1498022e+00   8.2386886e-03  -1.5176605e-02  -3.0781616e-02
  -1.7651579e+00  -3.7053158e-01  -2.7566063e+00   1.4660579e-02  -1.4857738e-02  -3.0278004e-02
  -1.4711060e+00   4.4892108e-01  -2.7203955e+00   1.1386188e-02  -1.6891521e-02  -2.3631454e-02
  -1.6271081e+00  -6.0843921e-01  -2.2200039e+00   8.3695111e-03  -1.6784581e-02  -2.6791312e-02
  -1.6044112e+00  -3.3238419e-01  -2.0971346e+00   7.9461157e-03  -1.5183484e-02  -2.6947317e-02
  -1.5773398e+00  -4.0908173e-01  -1.9932037e+00   7.4954143e-03  -1.4577920e-02  -2.6551175e-02
  -1.5628978e+00  -3.7974276e-01  -1.9396561e+00   6.8388679e-03  -1.4971969e-02  -2.6580305e-02
  -1.5661787e+00  -3.7315859e-01  -1.9221098e+00   6.6440464e-03  -1.5137527e-02  -2.6662380e-02
  -1.5578046e+00  -3.8981452e-01  -1.8973633e+00   6.6332789e-03  -1.4884715e-02  -2.6520401e-02
  -1.5459885e+00  -4.4757977e-01  -1.8684329e+00   6.6815277e-03  -1.4724278e-02  -2.6402287e-02
  -1.5181177e+00  -4.2549407e-01  -1.8330949e+00   6.1751827e-03  -1.4698351e-02  -2.6227592e-02
  -1.4833285e+00  -4.5815902e-01  -1.8412999e+00   6.1993447e-03  -1.5279480e-02  -2.5755452e-02
  -1.4968927e+00  -4.0468684e-01  -1.8153325e+00   5.8994795e-03  -1.5234107e-02  -2.5761083e-02
  -1.5837178e+00  -4.8624222e-01  -1.7858301e+00   4.2307622e-03  -1.5539538e-02  -2.7140754e-02
  -1.5466205e+00  -3.7691508e-01  -1.7380213e+00   4.0182289e-03  -1.5900340e-02  -2.6735392e-02
  -1.5311585e+00  -4.1061167e-01  -1.7585999e+00   4.3826725e-03  -1.5903638e-02  -2.6640683e-02
  -1.5241109e+00  -4.4706252e-01  -1.7495912e+00   4.3063270e-03  -1.5876562e-02  -2.6643907e-02
  -1.5082071e+00  -4.2045496e-01  -1.7908271e+00   4.6064031e-03  -1.6095947e-02  -2.6363947e-02
  -1.5088111e+00  -4.3365549e-01  -1.7660152e+00   3.9241783e-03  -1.6210181e-02  -2.6314567e-02
  -1.4679958e+00  -3.1058037e-01  -1.7432051e+00   4.1612973e-03  -1.8336584e-02  -2.5517286e-02
  -1.4336675e+00  -4.1212862e-01  -1.7570431e+00   3.9337145e-03  -1.5803221e-02  -2.5173254e-02
  -1.4601697e+00  -4.2359033e-01  -1.7708576e+00   4.4641479e-03  -1.6317625e-02  -2.5667746e-02
  -1.4500001e+00  -3.7492825e-01  -1.7371292e+00   4.0704692e-03  -1.6380829e-02  -2.5537321e-02
  -1.4159027e+00  -4.0755717e-01  -1.7337119e+00   4.2312343e-03  -1.5983457e-02  -2.5021622e-02
  -1.3735613e+00  -4.5851726e-01  -1.7159825e+00   3.9842678e-03  -1.5189794e-02  -2.4589899e-02
  -1.3564023e+00  -4.8277241e-01  -1.8296085e+00   5.5055331e-03  -1.5744579e-02  -2.4268200e-02
  -1.3401605e+00  -3.8891782e-01  -1.8127938e+00   4.7071024e-03  -1.5744267e-02  -2.4089891e-02
  -1.1169384e+00  -4.0733779e-01  -1.6293937e+00   2.8145485e-03  -1.8602552e-02  -1.9431541e-02
  -1.0333263e+00  -4.7963344e-01  -1.5349873e+00   2.1593738e-03  -1.8689817e-02  -1.7751802e-02
  -1.0784644e+00  -5.3096689e-01  -1.8242485e+00   3.2406939e-03  -1.9468509e-02  -1.9032690e-02
  -1.1552002e+00  -3.0572115e-01  -1.6066720e+00   2.6906405e-03  -1.8666913e-02  -1.9903767e-02
  -1.1449209e+00  -4.1618832e-01  -1.4893021e+00   1.9945859e-03  -1.7483769e-02  -2.0305648e-02
  -1.2116288e+00  -4.9507511e-01  -1.5043714e+00   1.4488508e-03  -1.7744290e-02  -2.1289912e-02
  -1.2668534e+00  -5.0366989e-01  -1.5087590e+00   1.0655081e-03  -1.7497845e-02  -2.1894381e-02
  -1.2566918e+00  -3.6387094e-01  -1.5076588e+00   9.7155517e-04  -1.7345058e-02  -2.1896791e-02
  -1.2476918e+00  -4.5141377e-01  -1.4665274e+00   5.8285728e-04  -1.7498221e-02  -2.1887062e-02
  -1.1983466e+00  -4.5939236e-01  -1.4353206e+00   5.3785745e-04  -1.7334443e-02  -2.1112999e-02
  -1.1882785e+00  -4.7191068e-01  -1.4050437e+00   1.9413112e-04  -1.7346869e-02  -2.1125956e-02
  -1.1877806e+00  -4.5688582e-01  -1.4556611e+00   4.8929856e-05  -1.7899212e-02  -2.1056579e-02
  -1.2647272e+00  -5.8670838e-01  -1.4518665e+00   9.7039092e-04  -1.7445919e-02  -2.2344908e-02
  -1.4428926e+00  -4.1600031e-02  -1.7564369e+00   2.0994116e-03  -1.7814901e-02  -2.5779233e-02
  -2.1267124e+00  -2.0594472e-01  -1.9611308e+00   8.1625550e-03  -1.2262584e-02  -3.7169104e-02
  -2.1873870e+00  -6.7119859e-01  -1.7842711e+00   4.4037387e-03  -1.1580969e-02  -3.8000621e-02
  -2.2108661e+00  -4.4617169e-01  -1.7037037e+00   4.6677033e-03  -1.1513792e-02  -3.8535775e-02
  -2.0407159e+00  -4.4053029e-01  -1.6632659e+00   5.0337097e-03  -1.0439849e-02  -3.5900278e-02
  -2.0216082e+00  -4.2293953e-01  -1.6328419e+00   3.9918947e-03  -1.1178713e-02  -3.5690890e-02
  -2.0145834e+00  -3.6352883e-01  -1.6126506e+00   3.9147686e-03  -1.1215178e-02  -3.5796917e-02
  -2.0497992e+00  -4.5917906e-01  -1.5831180e+00   3.8072174e-03  -1.0655703e-02  -3.6262369e-02
  -1.9969999e+00  -4.5910507e-01  -1.5788842e+00   3.8675902e-03  -1.0182076e-02  -3.5576762e-02
  -1.9729023e+00  -4.2238886e-01  -1.5688729e+00   3.7062883e-03  -1.0140333e-02  -3.4771829e-02
  -1.9827881e+00  -4.2645490e-01  -1.5719050e+00   3.6763708e-03  -1.0027188e-02  -3.4863011e-02
  -1.9368292e+00  -5.0906814e-01  -1.6609267e+00   5.0859650e-03  -1.0399698e-02  -3.4343912e-02
  -2.0032490e+00  -4.4059249e-01  -1.7155640e+00   4.9635794e-03  -1.0676429e-02  -3.4919146e-02
  -2.0171797e+00  -3.8958461e-01  -1.6074094e+00   1.8650204e-03  -1.0607428e-02  -3.4587129e-02
  -2.0246661e+00  -4.0137439e-01  -1.5929017e+00   2.2561774e-03  -1.0559728e-02  -3.5232859e-02
  -1.9599491e+00  -4.9171780e-01  -1.6078612e+00   3.0371462e-03  -1.0051214e-02  -3.4197634e-02
  -1.9766482e+00  -3.9581790e-01  -1.6178447e+00   3.0269546e-03  -1.0660840e-02  -3.4659422e-02
  -1.9643940e+00  -4.5964255e-01  -1.6167720e+00   3.0255436e-03  -1.0666453e-02  -3.4439001e-02
  -1.9689001e+00  -4.6791119e-01  -1.6353678e+00   3.0994308e-03  -1.0740731e-02  -3.4540261e-02
  -1.9428818e+00  -3.9305778e-01  -1.5776905e+00   2.3851656e-03  -1.0894438e-02  -3.4236493e-02
  -1.9117486e+00  -4.0449395e-01  -1.5898805e+00   2.1114250e-03  -1.1044131e-02  -3.3276524e-02
  -1.8951143e+00  -3.8532202e-01  -1.5487133e+00   2.6777746e-03  -1.0321558e-02  -3.1692166e-02
  -1.9095417e+00  -4.4283198e-01  -1.5252679e+00   1.6411560e-03  -9.2004909e-03  -3.3029660e-02
  -1.9011667e+00  -4.2502343e-01  -1.5109490e+00   1.8607369e-03  -9.3629153e-03  -3.3109423e-02
  -1.8919640e+00  -4.2374229e-01  -1.4891276e+00   2.0002475e-03  -9.2611632e-03  -3.2901023e-02
  -1.8847922e+00  -4.6265217e-01  -1.4557319e+00   1.7617879e-03  -9.3692911e-03  -3.2807285e-02
  -2.0407375e+00  -4.2118139e-01  -1.2293704e+00  -4.1456328e-03  -1.0866340e-02  -3.5443553e-02
  -1.9742163e+00  -5.1444368e-01  -1.2795915e+00  -2.1424333e-03  -9.1229612e-03  -3.4301577e-02
  -1.9955718e+00  -4.0465720e-01  -1.2638761e+00  -3.7152707e-03  -1.0248285e-02  -3.4352909e-02
  -1.9920244e+00  -4.5846754e-01  -1.1952352e+00  -3.0978165e-03  -1.0037569e-02  -3.4023838e-02
  -2.0009216e+00  -4.6078250e-01  -1.1855641e+00  -2.4569788e-03  -9.9228585e-03  -3.4121681e-02
  -1.9942318e+00  -5.0921480e-01  -1.1466452e+00  -2.9504344e-03  -9.5637553e-03  -3.4085992e-02
  -1.9523316e+00  -5.3775030e-01  -1.1805949e+00  -2.6506631e-03  -9.7196195e-03  -3.3447760e-02
  -1.9461050e+00  -4.6366091e-01  -1.2030439e+00  -2.2866018e-03  -9.7365928e-03  -3.3381550e-02
  -1.9332501e+00  -4.5911840e-01  -1.2128363e+00  -2.4923510e-03  -9.9997569e-03  -3.3193488e-02
  -1.9302949e+00  -4.4841953e-01  -1.1917512e+00  -2.1936506e-03  -9.6334528e-03  -3.3056463e-02
  -1.9371176e+00  -4.8708297e-01  -1.1765011e+00  -1.7080926e-03  -9.2830960e-03  -3.3265098e-02
  -1.9364933e+00  -5.0312210e-01  -1.1747649e+00  -1.7955354e-03  -9.3556043e-03  -3.3244566e-02
  -1.9721599e+00  -5.1434990e-01  -1.1397221e+00  -2.1176149e-03  -1.0167032e-02  -3.3262377e-02
  -2.5813852e+00  -5.1120397e-01  -1.0429659e+00  -7.5456456e-03  -3.4395765e-02  -3.8722591e-02
  -2.5929041e+00  -4.9815995e-01  -1.0719581e+00  -7.0070303e-03  -3.3745562e-02  -3.9377414e-02
  -2.6142637e+00  -6.2511674e-01  -1.0356961e+00  -6.3773923e-03  -3.3677954e-02  -3.9936570e-02
  -2.6206621e+00  -5.4848834e-01  -1.0266913e+00  -6.2316995e-03  -3.3433077e-02  -4.0054482e-02
  -2.6175697e+00  -5.9247202e-01  -1.0180832e+00  -6.2864732e-03  -3.3708528e-02  -4.0077456e-02
  -2.5990149e+00  -6.3265564e-01  -1.0546545e+00  -6.1185894e-03  -3.3161534e-02  -3.9981965e-02
  -2.6088054e+00  -5.8355755e-01  -1.0767778e+00  -5.8836368e-03  -3.2786265e-02  -4.0092601e-02
  -2.5625343e+00  -6.1897506e-01  -1.0906427e+00  -5.4720029e-03  -3.1525631e-02  -3.9763359e-02
  -2.5701385e+00  -5.7395563e-01  -1.0952231e+00  -5.9169926e-03  -3.1635721e-02  -3.9707487e-02
  -2.5215146e+00  -5.9210785e-01  -1.0871674e+00  -5.3745426e-03  -3.0418632e-02  -3.9169829e-02
  -2.4796191e+00  -5.7146834e-01  -1.0964337e+00  -5.3141487e-03  -2.9608470e-02  -3.8550720e-02
  -2.4263936e+00  -5.4931645e-01  -1.0945330e+00  -4.8665068e-03  -2.8400696e-02  -3.8207597e-02
  -2.3621514e+00  -3.6138611e-01  -1.1410943e+00  -3.5105928e-03  -2.6013363e-02  -3.8076464e-02
  -1.9928746e+00  -5.8187581e-01  -1.2677806e+00   5.6962798e-03  -1.1513268e-02  -3.5288372e-02
  -2.2291331e+00  -4.0836676e-01  -1.2078147e+00  -1.0528767e-03  -1.3055454e-02  -3.8851497e-02
  -2.1771425e+00  -5.4423494e-01  -1.2272885e+00  -2.0962514e-05  -1.1149630e-02  -3.8363642e-02
  -2.1358590e+00  -4.7820057e-01  -1.1314510e+00  -4.0643885e-04  -1.1192014e-02  -3.7800717e-02
  -2.1165748e+00  -5.1538255e-01  -1.1024175e+00  -5.5902475e-04  -1.1011568e-02  -3.7552402e-02
  -2.0852123e+00  -5.4828599e-01  -1.0915178e+00  -1.1498518e-03  -1.1070348e-02  -3.7042107e-02
  -2.0726062e+00  -4.8793807e-01  -1.0885984e+00  -1.3033825e-03  -1.0797712e-02  -3.6796982e-02
  -2.0407705e+00  -4.9217741e-01  -1.1083952e+00  -1.2760930e-03  -1.0786186e-02  -3.6347433e-02
  -2.0409556e+00  -4.7816264e-01  -1.0962765e+00  -1.1603148e-03  -1.0585520e-02  -3.6521692e-02
  -2.0421031e+00  -4.7598473e-01  -1.0668415e+00  -1.2138880e-03  -1.0378200e-02  -3.6564199e-02
  -2.0615862e+00  -5.2813433e-01  -1.0404195e+00  -1.1242651e-03  -1.0315632e-02  -3.6756452e-02
  -2.0545748e+00  -5.2933338e-01  -1.0350498e+00  -1.2195190e-03  -1.0266506e-02  -3.6629536e-02
