   1.0812249e-14   0.0000000e+00   0.0000000e+00  -2.1678067e-53  -1.9259299e-34   0.0000000e+00
  -1.4081033e-03   7.4122156e-02   3.6313840e-02  -8.6398589e-04  -1.3212445e-04  -3.7446639e-06
   1.1347116e-03   5.8993112e-03   4.5437125e-02  -9.0840801e-04  -2.2051684e-04  -1.1392508e-05
   1.1833329e-03  -2.4789844e-02   5.5070382e-02  -7.4161101e-04   4.4118331e-05  -3.4501145e-05
   1.8017381e-03  -1.2647452e-02   2.1577281e-02  -4.6465460e-04   8.8360230e-05  -1.3337063e-04
   8.3050248e-03   2.2621064e-02   6.0680709e-02  -1.0765885e-03   7.5869722e-05  -5.4944751e-05
   5.9369105e-03  -3.4886423e-02   5.9729441e-02  -8.6914245e-04   6.3440937e-05  -1.7551554e-04
   3.8223662e-03  -6.0911163e-02   4.6376514e-03  -5.1182917e-04   1.2895592e-04  -1.3115133e-04
   7.2780824e-03   3.1685455e-03   4.1227384e-03  -6.3530808e-04   2.1727106e-06  -1.8835764e-04
  -1.1205449e-03  -6.9708221e-03   7.5899002e-03  -7.0263099e-04   5.3646878e-05  -3.6279944e-04
  -2.3421929e-03  -6.9952939e-02  -1.2740486e-02  -3.1682269e-05   2.0374414e-04  -3.4455116e-04
   5.7497326e-03   9.3316445e-02   4.1841658e-02  -1.3934318e-03  -1.6269322e-04  -2.5313317e-04
   5.2597246e-03   9.2818253e-03   2.5120380e-02  -1.2092664e-03  -9.2811119e-05  -3.7038802e-04
  -2.4518682e-03  -5.3778338e-02  -6.8202708e-03  -4.6558894e-04   1.0535958e-04  -3.3490121e-04
  -1.1812076e-02   2.2301941e-02   6.9193629e-03  -1.1891393e-03  -3.2560259e-04  -3.8984190e-04
  -7.9027619e-03  -7.1874919e-03   1.8188888e-02  -1.0642284e-03   1.1904978e-04  -3.5416816e-04
  -2.0251437e-02  -4.2203837e-02  -5.1646069e-04  -3.6514978e-04   1.5555685e-04  -4.9829187e-04
  -1.3962686e-02   3.9901044e-02  -1.6760597e-02  -5.7614932e-04  -7.8073129e-05  -3.4612974e-04
  -1.6736806e-02   1.5594141e-03  -1.1049197e-02  -8.7604851e-04  -1.4995538e-04  -4.0979537e-04
  -9.7297830e-02  -5.9554303e-02  -6.6959394e-02   2.9336494e-04  -6.0125973e-06  -8.5440864e-04
  -6.5292812e-02   1.1629421e-01  -5.6331300e-03  -1.4020669e-03  -2.3932696e-04  -6.5882889e-04
  -4.4823646e-02   1.7646919e-02  -1.1617822e-02  -8.9247363e-04  -2.6731337e-04  -6.3869969e-04
  -1.0470197e-02   2.4644919e-03  -1.5615687e-02  -5.3321542e-04  -9.6297242e-05  -3.9347279e-04
   5.6901385e-04   4.8562376e-02   1.3697974e-02  -1.1312396e-03  -1.0672612e-04  -2.7500056e-04
   8.8342974e-03   2.7500141e-02   5.3823430e-02  -1.1451093e-03  -1.2398409e-04  -2.8711637e-04
   1.2061965e-02  -7.4900427e-02   2.7473381e-02  -3.8537794e-04   3.8654785e-05  -2.7620957e-04
   1.2640931e-02  -2.4801585e-03   6.9949906e-03  -7.3557691e-04   1.1775729e-04  -2.0902826e-04
   9.2754993e-03   1.5059633e-03   2.8688387e-02  -6.8689470e-04   9.4758801e-05  -3.5925044e-04
  -9.2410572e-04  -9.6079518e-02   3.6628431e-03  -2.3405673e-04   3.5481073e-04  -6.7668417e-04
  -6.0291610e-03  -5.4702364e-02  -2.0818688e-02   2.7084721e-04   2.9169188e-04  -6.0523315e-04
  -1.8554779e-02   4.3386174e-02   2.1660889e-02  -7.4391248e-04   1.9373657e-04  -5.0208197e-04
  -1.9530707e-02  -1.0186408e-01  -1.6348387e-02   8.4094496e-05   3.2915471e-04  -4.8507135e-04
  -2.1463971e-02   6.1072737e-02   2.8323164e-03  -1.2422326e-03   8.0177872e-05  -4.6228528e-04
  -1.6106403e-02   3.0156760e-02  -1.8372224e-02  -6.9326089e-04  -6.5148489e-05  -4.1212812e-04
  -1.2334315e-02  -1.6381874e-02  -8.6457621e-03  -6.7461833e-04   2.1188652e-04  -3.1034777e-04
  -1.1376135e-02  -1.7169013e-02  -2.4962760e-02  -2.8630711e-04   3.2797853e-04  -3.8586928e-04
  -1.3893708e-03   3.5218162e-02   1.7566233e-02  -1.0824861e-03   7.6231213e-05  -2.7706070e-04
  -1.4298358e-02  -4.7800435e-02  -4.3512377e-03  -8.5589082e-04   1.6530843e-04  -3.8808278e-04
  -3.5470595e-02  -3.3977392e-02  -4.6993373e-02  -7.2918725e-04   1.7067274e-04  -4.6225450e-04
  -2.9501383e-02   3.3397754e-02  -1.4297556e-02  -1.0007108e-03   2.0981264e-04  -3.0958882e-04
  -2.8281509e-02  -3.2655860e-02  -1.5881325e-02  -7.1917374e-04   3.2618367e-04  -2.7356034e-04
  -3.8124413e-02  -2.0015630e-02  -1.5449515e-02  -6.4563465e-04   3.0717317e-04  -4.0475630e-04
  -3.2258692e-02   4.1319632e-02  -2.4705229e-02  -8.8011163e-04   1.2873162e-04  -4.5950646e-04
  -1.8811249e-02  -4.9696441e-02  -2.2755986e-02  -7.6359434e-04   2.5344011e-04  -3.0161922e-04
  -2.2815188e-02  -5.4315362e-02  -6.0885956e-03  -5.5411054e-04   3.8600687e-05  -5.4825971e-04
  -3.9540318e-02   3.3610185e-02  -2.9743048e-02  -9.5483895e-04  -7.3338105e-05  -5.3416959e-04
  -4.3503484e-02   2.8308773e-02  -5.6061085e-04  -1.1404969e-03  -6.8689039e-06  -5.8152115e-04
  -4.6902329e-02  -2.2114867e-02  -1.2738340e-02  -8.9334160e-04  -4.2572976e-05  -7.2100932e-04
  -4.3565371e-02  -8.9966084e-03  -4.7157295e-02  -6.2617274e-04  -1.8744040e-04  -6.2898742e-04
  -3.9284409e-02   8.3834409e-02   1.4781157e-02  -1.5903732e-03  -2.5417669e-04  -6.4497080e-04
  -3.6371245e-02  -7.1357974e-02  -2.4008672e-02  -7.9558491e-04  -2.2350940e-04  -6.1580914e-04
  -6.2197602e-02   1.8102398e-02  -2.6986813e-02  -6.3957375e-04  -1.6075236e-04  -7.0055841e-04
  -7.3587491e-02   3.8611242e-02   1.4624838e-02  -9.8171596e-04  -3.3617986e-04  -7.8110083e-04
  -6.7536770e-02  -5.7874085e-02  -2.2360515e-02  -2.0578959e-04  -7.5230423e-05  -7.9398318e-04
  -7.6201242e-02   6.1146948e-02   1.6074947e-03  -1.1953313e-03  -4.7995721e-04  -8.0593929e-04
  -6.4854288e-02   1.5413957e-02  -5.8616034e-03  -1.3439899e-03  -8.2148327e-04  -7.7692998e-04
  -5.7698331e-02   2.6704153e-03  -6.1045906e-02  -5.1346754e-04  -9.3527776e-04  -5.3426860e-04
  -5.1249316e-02   1.2900469e-01  -7.3830946e-03  -7.8255198e-04  -1.0810925e-03  -2.6392745e-04
  -5.5830443e-02  -3.4164564e-02   1.5525426e-02  -7.9247264e-04  -1.0484522e-03  -4.7515498e-04
  -6.2458392e-02  -5.7417309e-02  -1.0901589e-02  -3.0661851e-04  -9.0632038e-04  -5.6411682e-04
  -6.5654480e-02  -5.9463179e-03  -1.3732021e-02  -9.3873824e-04  -8.1347811e-04  -4.6437994e-04
  -5.8707207e-02   1.8751275e-02   1.9738802e-02  -8.6661834e-04  -8.2068339e-04  -4.8548082e-04
  -6.3206729e-02  -7.7853284e-02  -4.5406837e-03  -1.3550313e-04  -7.0390495e-04  -5.1076346e-04
  -7.3529435e-02   1.4608908e-02  -1.7233897e-02  -8.1046470e-04  -8.0972931e-04  -5.1107431e-04
  -7.8324665e-02   4.4566782e-03  -8.7973828e-03  -4.7528056e-04  -9.5576873e-04  -2.9502517e-04
  -9.2931884e-02   1.9773862e-02  -8.8738601e-03  -5.8299136e-04  -9.1946474e-04  -7.2778108e-04
  -1.2840288e-01  -7.6950305e-02  -3.4548295e-02  -8.4689825e-06  -5.1626909e-04  -1.1826180e-03
  -1.3609529e-01   4.3422157e-02  -2.7566206e-02  -1.0047698e-03  -9.4972817e-04  -1.0398794e-03
  -1.4167580e-01   2.5813014e-03  -3.8151070e-02  -8.6280367e-04  -1.0877300e-03  -1.2179396e-03
  -1.4961846e-01  -4.1614179e-02  -5.3871677e-02  -2.1195847e-04  -9.4024021e-04  -1.2853241e-03
  -1.3406520e-01   6.7897508e-02  -3.6559941e-02  -1.1044249e-03  -1.4574700e-03  -1.0883217e-03
  -1.1267420e-01   4.0985888e-02  -1.6257236e-02  -1.3879418e-03  -1.5593390e-03  -9.5937694e-04
  -1.0564073e-01  -1.0341351e-02  -3.9581810e-02  -7.4355589e-04  -1.4915715e-03  -8.1828605e-04
  -9.5233444e-02   1.0136611e-01  -5.2635471e-03  -1.3019476e-03  -1.7344097e-03  -5.6622071e-04
  -1.0430980e-01  -4.7517634e-03   1.4482361e-02  -9.9251173e-04  -1.4485955e-03  -6.1811488e-04
  -5.8866617e-02  -1.3286355e-01  -1.4804706e-01   1.2356209e-03  -1.4868819e-03  -4.0993674e-04
  -5.0401977e-02   7.3115475e-02   9.6957390e-03  -1.3313230e-03  -2.5332220e-03  -1.7082774e-04
  -4.0851439e-02  -6.1761178e-03   2.9632016e-02  -1.0189900e-03  -2.3779613e-03  -1.7826360e-04
  -2.1393646e-02  -5.2890055e-02   1.4662063e-02  -5.5354888e-04  -2.1007097e-03  -8.7403375e-05
  -1.4195602e-02   5.2162321e-02   6.9495287e-02  -1.5707846e-03  -2.5290014e-03   5.4133730e-05
  -3.7004825e-03  -5.6235329e-02   7.3409799e-02  -1.3813113e-03  -2.1908480e-03  -8.7518970e-05
  -1.2759189e-02  -6.4660101e-02   2.0112035e-02  -6.0528866e-04  -1.8437976e-03  -2.8226674e-04
   8.9801758e-03   2.3016949e-02   4.5621614e-02  -1.5673622e-03  -2.3255784e-03  -1.1282551e-04
   3.9386569e-03  -1.4738472e-02   7.2561481e-02  -1.6290755e-03  -2.2694179e-03  -3.1096191e-04
   1.0343121e-02  -2.1861229e-02   3.5347049e-02  -1.2609225e-03  -2.2565175e-03  -1.6490567e-04
   2.3509274e-02   5.4163359e-02   3.1263342e-02  -1.6267971e-03  -2.4058400e-03  -1.1015302e-05
   2.9483339e-02  -1.6937933e-02   6.4504642e-02  -1.5740861e-03  -2.3806635e-03   5.7967365e-05
  -1.7265412e-03  -3.8303995e-02   7.2762900e-02  -1.3578561e-03  -2.2593159e-03  -1.6051361e-04
  -6.7098893e-03  -4.5173905e-02   4.4101241e-02  -1.1552060e-03  -2.0678791e-03  -2.3508901e-04
  -1.5716943e-02   2.4098912e-02   4.4748325e-02  -1.6590148e-03  -2.2429181e-03  -1.7696584e-04
  -2.2749846e-02  -3.8117963e-02   5.8348699e-02  -1.1978780e-03  -2.1587065e-03  -2.7170849e-04
  -1.0699105e-02  -2.0763045e-02   2.9459405e-02  -1.3486218e-03  -2.3676370e-03  -2.4307465e-04
  -1.3542023e-02   4.7706407e-02   3.5418202e-02  -1.5435309e-03  -2.3298080e-03  -3.1937587e-04
  -1.9240628e-02  -4.9776687e-02   4.2570670e-02  -8.1338655e-04  -2.1356359e-03  -3.3261457e-04
  -1.9718611e-02  -5.3503502e-02   3.0948167e-02  -1.2425250e-03  -2.5011953e-03  -3.0837032e-04
  -2.3989839e-02   4.8856877e-02   4.3174325e-02  -2.0672339e-03  -3.2005881e-03  -2.4511354e-04
  -2.7561499e-02   1.1170653e-02   4.1460302e-02  -1.9906147e-03  -3.1481721e-03  -5.0754937e-04
  -1.3854400e-02  -2.2291472e-02   3.3553786e-02  -1.5206631e-03  -3.1834345e-03  -2.6128741e-04
  -2.5528065e-02   5.3718469e-02   7.4602069e-02  -2.2891847e-03  -3.2578674e-03  -1.7557820e-04
  -2.5681030e-02  -8.6206038e-03   1.0946320e-01  -2.3531418e-03  -3.3599531e-03  -1.4357457e-04
  -2.5375586e-02  -6.1655283e-02   8.0549204e-02  -1.9206369e-03  -3.2552403e-03  -2.4401817e-04
   6.0697805e-03   6.1058545e-03   3.0827420e-01  -2.6142751e-03  -2.8998230e-03   5.9428451e-04
  -1.3051696e-01  -1.0195738e-01  -2.2487921e-02  -2.1793430e-03  -3.6466446e-03   1.9351581e-03
  -7.0219491e-02   2.2209340e-02   3.6377699e-01  -3.9211239e-03  -5.1431361e-03   2.1968208e-03
  -2.4229308e-02  -5.2267730e-02   3.9654022e-01  -2.6674339e-03  -4.5940316e-03   1.5241763e-03
  -2.6840734e-02  -9.1666041e-02   3.4258757e-01  -2.3578522e-03  -4.9033966e-03   1.3404053e-03
  -4.5956036e-02  -3.8964506e-02   3.2442659e-01  -2.9740829e-03  -5.0807666e-03   1.1211852e-03
  -4.7342317e-02  -4.6511054e-02   3.2574799e-01  -2.7062837e-03  -5.3386348e-03   1.2752060e-03
  -4.8000889e-02  -7.4724819e-02   3.0137701e-01  -2.2632986e-03  -5.4819457e-03   1.4135067e-03
  -4.8147240e-02  -9.3975276e-02   2.2563677e-01  -1.9847196e-03  -5.2943481e-03   1.4108095e-03
  -4.6209916e-02  -2.0715914e-02   2.7825140e-01  -2.8347706e-03  -5.6575861e-03   1.3381780e-03
  -6.3664203e-02  -5.5441867e-02   2.8607083e-01  -2.4339256e-03  -5.7713847e-03   1.3010408e-03
  -7.5562629e-02  -1.0776786e-01   2.5654431e-01  -2.2792426e-03  -5.4626566e-03   1.1136075e-03
  -7.6256015e-02  -2.4221288e-02   2.5211387e-01  -2.7112074e-03  -5.8225876e-03   1.0880583e-03
  -6.3192993e-02  -3.6397843e-02   2.6907459e-01  -2.7005892e-03  -5.8065647e-03   1.3481043e-03
  -7.1660991e-02  -7.1372432e-02   2.8174699e-01  -2.6874529e-03  -5.7317240e-03   1.2139376e-03
  -7.4128948e-02  -9.5343398e-02   2.5664617e-01  -2.0290421e-03  -5.9078851e-03   1.3501179e-03
  -7.8808135e-02  -4.0117830e-02   2.4233427e-01  -2.9316751e-03  -5.9125555e-03   1.2562947e-03
  -8.4408312e-02  -2.1396943e-03   2.5453036e-01  -2.8891953e-03  -5.9614421e-03   1.1449190e-03
  -1.1256868e-01  -1.4372084e-01   2.3021873e-01  -2.2065259e-03  -5.4891360e-03   8.3373661e-04
  -1.1366295e-01  -6.4730531e-02   1.9979455e-01  -1.9697326e-03  -5.5888258e-03   8.8709935e-04
  -1.3066233e-01  -7.6757546e-03   2.5681717e-01  -3.0238804e-03  -5.8810638e-03   7.5735560e-04
  -1.3781961e-01  -8.6350212e-02   2.5398468e-01  -2.7876297e-03  -5.8993521e-03   8.4536880e-04
  -1.2733569e-01  -2.9723814e-02   2.3442880e-01  -2.8523761e-03  -5.8101645e-03   1.0279568e-03
  -8.7013803e-02  -9.1331796e-03   5.8856594e-01  -5.7420335e-03  -5.6673075e-03   1.5282332e-03
  -1.1610442e-01  -1.9521800e-01   3.9050628e-01  -4.3092484e-03  -4.3018392e-03   9.2275681e-04
  -1.3337227e-01  -1.0163033e-01   2.5583121e-01  -2.7949582e-03  -5.2433850e-03   7.0528769e-04
  -1.3750072e-01  -4.5095481e-02   3.2753176e-01  -3.4323311e-03  -5.8933762e-03   6.3706730e-04
  -1.5280557e-01  -1.3053620e-01   3.0696289e-01  -3.0039075e-03  -6.0399080e-03   5.8574681e-04
  -1.6665503e-01  -9.5978271e-02   2.6899707e-01  -2.9316979e-03  -5.8447043e-03   4.8150501e-04
  -1.4865282e-01  -1.0468729e-03   3.0132021e-01  -3.3608320e-03  -5.7865520e-03   5.6885439e-04
  -1.7272228e-01  -6.4938292e-02   3.0324945e-01  -3.1941583e-03  -6.1769226e-03   4.8779075e-04
  -1.5873451e-01  -1.1967864e-01   2.7762421e-01  -2.9091380e-03  -6.4240196e-03   6.6259487e-04
  -1.7094684e-01  -6.5392721e-02   2.4213873e-01  -2.5024942e-03  -6.4451889e-03   6.5628182e-04
  -1.7308750e-01  -2.7141378e-02   2.6667553e-01  -3.0685729e-03  -6.7597398e-03   7.3419474e-04
  -1.9011038e-01  -8.7500651e-02   2.7204898e-01  -3.1932411e-03  -6.7960227e-03   7.0180544e-04
  -1.8117306e-01  -1.1968486e-01   2.5354566e-01  -2.9689303e-03  -6.5945936e-03   6.3032118e-04
  -1.8339227e-01  -4.0568504e-02   2.8459404e-01  -3.6656112e-03  -6.4056440e-03   6.7513230e-04
  -1.9048288e-01  -4.9844550e-02   2.9190729e-01  -3.5799571e-03  -6.5136458e-03   7.9920695e-04
  -1.9691138e-01  -1.3010225e-01   2.7682429e-01  -3.1334029e-03  -6.5355720e-03   6.8032993e-04
  -2.1611830e-01  -3.3741109e-02   2.6965943e-01  -3.6288367e-03  -6.4784478e-03   7.2205008e-04
  -2.3234209e-01  -3.9267892e-02   2.7276792e-01  -3.6576581e-03  -6.3428622e-03   3.0817420e-04
  -2.3772939e-01  -6.0132227e-02   2.7552843e-01  -2.9775780e-03  -6.7603330e-03   7.3033073e-04
  -2.4305142e-01  -8.8896095e-02   2.6083214e-01  -3.2216778e-03  -6.4009378e-03   5.0707581e-04
  -2.5253855e-01  -1.2950876e-02   2.6306009e-01  -3.6858941e-03  -6.5612070e-03   5.0851991e-04
  -2.7623593e-01  -5.7441513e-02   2.5442647e-01  -3.0490438e-03  -6.6159622e-03   3.6652744e-04
  -2.8192683e-01  -1.1446574e-01   2.3653875e-01  -3.0079781e-03  -6.6780107e-03   4.0145596e-04
  -2.8643134e-01  -1.0514792e-01   2.2183262e-01  -3.0114530e-03  -6.7837141e-03   1.9935089e-04
  -2.8889310e-01  -2.2156888e-02   2.2458260e-01  -3.4630477e-03  -6.6994786e-03   2.0428810e-04
  -2.9299825e-01  -6.6883474e-02   2.3212794e-01  -3.2583925e-03  -7.0102540e-03   2.0186976e-04
  -3.0069182e-01  -1.2229260e-01   2.0499889e-01  -2.2445577e-03  -6.8679545e-03  -1.0245131e-04
  -3.1051762e-01  -2.9632509e-02   2.5271984e-01  -3.4973027e-03  -6.8806715e-03   9.0679658e-05
  -3.0654369e-01  -4.5273587e-03   2.6655121e-01  -3.8741384e-03  -7.3666393e-03   1.4581401e-04
  -3.0860717e-01  -1.4250529e-01   2.5043060e-01  -3.2558778e-03  -7.2759019e-03   5.6148788e-05
  -3.0529406e-01  -7.8218166e-02   2.3008375e-01  -2.7431497e-03  -7.2273114e-03   1.7321119e-04
  -3.2237560e-01  -2.6520598e-02   2.8916985e-01  -3.9463362e-03  -7.2953420e-03   8.0892599e-06
  -3.2857076e-01  -9.3502182e-02   2.9571589e-01  -3.6886656e-03  -7.5230813e-03  -5.3842349e-05
  -3.2263141e-01  -1.2371871e-01   2.3472704e-01  -2.6927770e-03  -6.8480175e-03  -1.7658546e-04
  -3.2354853e-01  -3.3972815e-02   2.6635849e-01  -3.7694580e-03  -7.1158672e-03  -3.1001434e-05
  -3.1319518e-01  -1.4556830e-02   2.7307213e-01  -3.7344840e-03  -7.1285701e-03  -2.4435283e-05
  -3.2675596e-01  -1.0013754e-01   2.6804871e-01  -3.2961246e-03  -7.0155254e-03  -9.4214520e-06
  -3.2286405e-01  -4.4299094e-02   2.5215154e-01  -3.4522949e-03  -6.8293998e-03   2.0793097e-04
  -3.1104500e-01  -6.2187581e-03   2.8831933e-01  -4.2469347e-03  -6.9089294e-03   2.6889200e-04
  -3.0329933e-01  -6.6407098e-02   2.8818680e-01  -3.6960726e-03  -7.2766085e-03   3.8923776e-04
  -2.8649359e-01  -9.4515663e-02   2.7155412e-01  -3.7922672e-03  -7.1066937e-03   6.6252781e-04
  -2.9319632e-01  -3.0001853e-02   2.6241112e-01  -3.7709029e-03  -7.0991743e-03   6.0182097e-04
  -2.9605202e-01  -3.1199914e-02   2.9307002e-01  -3.9401925e-03  -7.3208054e-03   6.0473833e-04
  -3.0076180e-01  -1.2433708e-01   2.8725244e-01  -3.9927835e-03  -6.9890524e-03   5.2439923e-04
  -2.9030364e-01  -1.0456779e-01   2.8459355e-01  -3.7695025e-03  -7.1743054e-03   5.7533329e-04
  -2.9294597e-01  -5.2035091e-02   2.6588656e-01  -3.8960859e-03  -6.8939279e-03   5.9501600e-04
  -3.0516872e-01  -4.2437943e-02   2.6270999e-01  -3.2445504e-03  -7.0853578e-03   5.6362571e-04
  -3.2120084e-01  -1.0160026e-01   2.5551373e-01  -3.4073589e-03  -7.0826220e-03   4.7813829e-04
  -3.0981054e-01  -1.1835487e-01   2.1378450e-01  -2.5162400e-03  -6.9048387e-03   4.3014354e-04
  -3.0292094e-01  -8.2003528e-03   2.7536050e-01  -3.5143848e-03  -7.3946561e-03   3.8756398e-04
  -3.1549436e-01  -2.4047038e-02   2.8687768e-01  -4.2987015e-03  -7.4486515e-03   3.6978488e-04
  -3.0830871e-01  -1.1472164e-01   2.4947709e-01  -3.7634596e-03  -7.3319808e-03   4.3405164e-04
  -3.1383549e-01   2.1121424e-02   2.6666179e-01  -3.9270692e-03  -7.2906600e-03   4.4190484e-04
  -3.1933033e-01  -2.6615297e-02   2.9794693e-01  -4.5993324e-03  -7.3542511e-03   3.8161628e-04
  -3.2313822e-01  -1.1473584e-01   2.9781537e-01  -4.2910699e-03  -7.1911552e-03   2.6385670e-04
  -3.1808706e-01  -9.0900225e-02   2.5615306e-01  -3.7737080e-03  -7.4372061e-03   5.0671463e-04
  -3.4152009e-01   3.5552801e-03   2.7662859e-01  -3.9956346e-03  -7.1869098e-03   3.5570638e-04
  -3.3184795e-01  -7.6949250e-02   2.9299733e-01  -4.0607288e-03  -7.5391301e-03   2.5266855e-04
  -3.2418268e-01  -8.3818298e-02   2.5180002e-01  -3.9963565e-03  -7.3964912e-03   3.5302607e-04
  -3.3407020e-01  -2.1913495e-02   2.4483745e-01  -4.4228367e-03  -7.3870755e-03   1.9653397e-04
  -3.3969857e-01  -3.3107383e-02   2.5083037e-01  -4.0596265e-03  -7.4590987e-03   1.9241793e-04
  -3.3346441e-01  -1.3214145e-01   2.0897648e-01  -3.3977371e-03  -7.4766443e-03   4.2290260e-04
  -3.0539089e-01   1.5024576e-01   3.1085050e-01  -4.9585429e-03  -7.3028104e-03   5.7979725e-04
  -2.6287104e-01  -3.1070844e-01   2.3504983e-01  -3.2340519e-03  -7.0821253e-03   9.0806037e-04
  -2.6306940e-01   2.8453539e-02   2.7502377e-01  -3.5073864e-03  -7.3312525e-03   8.7296033e-04
  -2.7081852e-01  -6.6195840e-02   2.5046290e-01  -3.7668769e-03  -7.5482243e-03   9.5712014e-04
  -2.6145452e-01  -1.4747180e-02   3.0635397e-01  -4.0383189e-03  -7.6257532e-03   1.1110375e-03
  -2.5986754e-01  -1.4973065e-01   2.9481292e-01  -3.3415236e-03  -7.3653345e-03   1.0540664e-03
  -2.5502062e-01  -4.9235212e-03   3.0707942e-01  -4.3563145e-03  -7.2208056e-03   9.6222777e-04
  -2.5737424e-01  -7.1557794e-02   3.0492583e-01  -4.0857596e-03  -6.8336735e-03   8.6700385e-04
  -2.5571492e-01  -9.7853169e-02   2.7619584e-01  -3.2453778e-03  -6.8560841e-03   8.7582789e-04
  -2.6673795e-01  -8.3747351e-04   2.6926909e-01  -4.2499308e-03  -7.1313955e-03   8.8167888e-04
  -2.5845617e-01  -8.5072338e-02   2.7305614e-01  -3.7487910e-03  -7.2359945e-03   7.7536855e-04
  -2.6310949e-01  -1.1424608e-01   2.2950425e-01  -3.3385151e-03  -7.5165320e-03   8.1026578e-04
  -2.7056077e-01  -2.3036424e-02   2.1281510e-01  -3.3801918e-03  -7.9226742e-03   8.0378745e-04
  -2.7184168e-01  -3.9156179e-02   2.5092494e-01  -3.5493667e-03  -8.1082297e-03   8.7939460e-04
  -2.7379199e-01  -4.8955248e-02   2.0054599e-01  -3.5927976e-03  -8.0562599e-03   8.1079335e-04
  -2.7839354e-01   6.7415627e-02   2.2321543e-01  -4.0565239e-03  -8.0139565e-03   7.4030308e-04
  -2.8244841e-01  -4.7846122e-02   2.1555985e-01  -3.4905683e-03  -8.0783493e-03   7.2640181e-04
  -2.8588816e-01  -7.8902295e-02   1.9851249e-01  -3.2366327e-03  -7.8791932e-03   7.1191098e-04
  -2.9997793e-01   3.1412787e-02   2.2222797e-01  -3.8127599e-03  -8.2769578e-03   6.6486043e-04
  -2.8076622e-01  -7.8415842e-02   2.1311523e-01  -3.3575555e-03  -8.2148101e-03   7.6657387e-04
  -2.8326778e-01  -8.2699298e-02   1.9626499e-01  -2.7433285e-03  -8.2813952e-03   6.9706332e-04
  -2.9376777e-01   1.9334584e-02   1.9877275e-01  -3.4731087e-03  -8.3373334e-03   7.1462352e-04
  -2.9360822e-01  -1.3343986e-02   2.1787140e-01  -3.2780610e-03  -8.3779060e-03   7.1168459e-04
  -2.8945417e-01  -1.0099289e-01   2.2457030e-01  -2.8356481e-03  -8.2291721e-03   6.8195115e-04
