   0.0000000e+00   0.0000000e+00   0.0000000e+00   0.0000000e+00   0.0000000e+00   0.0000000e+00
   2.0528431e-03   6.1850369e-02  -5.9941921e-03   6.9016555e-04  -1.2597224e-04   4.0146064e-05
  -9.6120169e-03   5.6804953e-02   1.8192631e-02   5.6523128e-04   3.3059958e-05   3.1547960e-04
  -3.2053723e-02   7.9503487e-03   3.2342528e-02   3.1231809e-04   1.0125318e-04   4.2760798e-04
  -2.6730217e-02   1.2668769e-01   7.9265164e-02  -3.9455250e-04  -3.7892525e-04   2.1330115e-04
  -2.3679745e-02   7.1107819e-02   9.1728660e-02  -8.5799176e-04  -5.5664333e-04  -1.7633890e-04
  -2.2674360e-02   4.2413687e-02   9.6352819e-02  -1.1533773e-03  -9.4486530e-05  -6.5047228e-06
  -4.2836207e-02   2.4092758e-02   6.3500491e-02  -9.1033890e-04  -3.6826072e-05   4.5625870e-08
  -2.7618208e-02   5.9554942e-02   8.1211366e-02  -8.8785893e-04  -6.6107579e-05   3.5108400e-04
  -2.4151367e-02   7.5219603e-02   9.0744415e-02  -1.0572944e-03  -2.2610644e-04   9.5917619e-05
  -3.2478837e-02   5.1155737e-02   1.0282373e-01  -1.3290905e-03   1.0455956e-04   1.6601404e-04
  -3.4306203e-02   2.0585478e-02   1.0859063e-01  -1.7159469e-03   3.4936701e-04   2.3388261e-04
  -1.4322354e-02   5.6775447e-03   7.5251692e-02  -1.2513282e-03   2.0012961e-04   5.7802919e-04
  -1.0095047e-02   6.5710935e-02   7.6964793e-02  -1.4172110e-03  -5.0813947e-05   3.8945508e-04
  -5.7632097e-03   2.5856775e-02   8.5057237e-02  -2.3343254e-03  -2.8747081e-04   3.3638780e-04
  -5.9282454e-03  -1.9578188e-03   8.7674481e-02  -1.9054794e-03  -4.1334535e-04   4.2049522e-04
  -2.3824931e-02   3.3810242e-03   9.3333579e-02  -1.4874484e-03  -3.0082405e-04   2.7784400e-04
  -1.9873692e-02   9.6839209e-02   1.0148828e-01  -2.1735327e-03  -3.9523805e-04   2.0993625e-04
  -1.6491258e-02   1.8181890e-02   9.4100218e-02  -2.0517384e-03  -5.2984509e-04   4.8893347e-05
  -2.1434144e-02   3.7333730e-03   9.2390043e-02  -2.3823820e-03  -1.8290332e-04  -2.7905271e-05
  -1.2006827e-03   8.6657129e-02   8.3430892e-02  -2.6266599e-03  -4.3385676e-04   1.9532247e-04
  -3.0230892e-03   3.8477113e-02   7.4332634e-02  -2.5328418e-03  -5.4898990e-04   1.5592115e-04
   4.0151626e-03   4.4425568e-02   6.6230744e-02  -2.5281148e-03  -7.7276670e-04   1.2838302e-04
   4.0081102e-03   1.1056499e-02   5.5003671e-02  -2.2932117e-03  -7.5910125e-04   2.8298189e-04
   1.4701547e-02   6.9214364e-02   5.9281830e-02  -2.6053556e-03  -7.5479805e-04   4.4007688e-04
   1.6278023e-02   9.2475384e-02   5.4980728e-02  -2.5136455e-03  -8.8253376e-04   2.4748060e-04
   1.7375761e-02   2.5403642e-02   6.1051187e-02  -2.6482047e-03  -9.4318247e-04   2.7151218e-04
   1.7948883e-02   4.4922674e-02   6.5525584e-02  -2.4999521e-03  -7.5425402e-04   2.4595905e-04
   6.4855096e-03   3.3623336e-02   7.2614569e-02  -2.1017090e-03  -8.3841198e-04   1.3388683e-04
   1.1028702e-03   8.9227809e-02   9.7030122e-02  -2.7290267e-03  -1.0009788e-03   1.2766357e-04
   4.1622663e-03   4.5557377e-02   9.2187817e-02  -2.9406250e-03  -8.5031264e-04   1.0917935e-04
   1.0526759e-02   2.4238311e-02   8.7052869e-02  -2.6615360e-03  -9.3001184e-04   2.9516541e-04
   1.4897920e-02   3.5024257e-02   8.5803496e-02  -2.3717208e-03  -4.7244635e-04   5.1547307e-04
   7.6642374e-03   9.5797648e-02   9.6108274e-02  -2.5030914e-03  -6.8415315e-04   4.7580017e-04
   1.6797883e-02   6.2976563e-02   1.0542835e-01  -2.2184701e-03  -6.8459602e-04   4.7295639e-04
   2.4484505e-02   5.2992806e-02   1.0288472e-01  -2.0566179e-03  -6.9125423e-04   5.0653712e-04
   1.7351408e-02   4.8678110e-02   9.7684268e-02  -2.2659884e-03  -5.5245987e-04   6.1520010e-04
   1.7021412e-02   1.0179487e-01   1.1057898e-01  -2.5629108e-03  -6.1007489e-04   6.0697288e-04
   2.4620505e-02   5.5293445e-02   1.2511418e-01  -2.5768003e-03  -4.3321620e-04   7.3453822e-04
   2.2584152e-02   2.6177354e-02   1.1178056e-01  -2.5847188e-03  -3.4788157e-05   7.6877437e-04
   1.0458826e-02   2.6607578e-02   8.8332428e-02  -2.1022800e-03   1.3915527e-04   8.1759199e-04
   2.4672300e-02   7.8343522e-02   9.4197161e-02  -2.1757816e-03  -1.1644947e-04   1.0232521e-03
   2.2081548e-02   3.6258216e-02   1.1135959e-01  -1.8917371e-03  -3.6730539e-04   7.9298622e-04
   9.0727327e-03   4.6841863e-02   9.8955586e-02  -1.6070749e-03  -6.8274652e-04   6.1087504e-04
   1.0962783e-02   1.1507051e-01   9.5147432e-02  -2.0582584e-03  -8.1721333e-04   4.2919217e-04
   9.1403321e-04   5.1702883e-02   6.2958779e-02  -1.9397330e-03  -7.1594249e-04   3.4923229e-04
   1.7038887e-03   8.1077869e-02   5.6740729e-02  -1.6514760e-03  -8.7269932e-04   3.4145908e-04
  -1.2000376e-02   4.0559570e-02   5.4878101e-02  -1.5668679e-03  -8.4056151e-04   2.0480622e-04
  -1.2337495e-02   7.8349534e-02   6.5996372e-02  -1.6058624e-03  -7.0564145e-04   1.5688717e-04
  -3.2268985e-03   3.9371601e-02   2.5052903e-02  -1.4844903e-03  -4.4905281e-04   2.0290149e-04
  -7.7541838e-03   3.7537322e-02   1.7773427e-02  -1.1916339e-03  -2.0397882e-04   2.4884455e-04
  -1.7638494e-02   1.5290649e-02   1.7486290e-02  -1.6351371e-03  -5.4684455e-05   2.2402798e-04
  -6.2725323e-03   9.9361799e-02   1.7780520e-02  -2.0169381e-03  -1.6127061e-04   1.9904098e-04
  -3.2291455e-03   5.5922591e-02   1.2044187e-02  -1.6681203e-03   3.5734102e-05   2.5621794e-04
  -7.8693346e-03   2.3802844e-02   2.2614589e-02  -1.6177897e-03   1.2095364e-04   3.5197037e-04
   3.8598411e-03   1.0022308e-01   1.4811514e-02  -1.6732390e-03  -5.7236845e-05   4.4055570e-04
   1.4406911e-02   7.4721627e-02   3.1678694e-02  -1.6478408e-03  -2.4160575e-04   4.9298495e-04
   1.2059858e-02  -1.5180829e-02   5.1978335e-02  -1.3559503e-03  -5.8573088e-04   4.2659060e-04
   1.7991688e-03   6.0830846e-02   7.0193120e-02  -1.6849876e-03  -4.9443231e-04   3.3438066e-04
   1.1599507e-02   8.5359674e-02   5.9691218e-02  -1.8134628e-03  -9.0670310e-04   3.1320739e-04
   6.0045909e-03   4.2743351e-02   6.5859085e-02  -1.9097125e-03  -9.7042652e-04   3.9030747e-04
  -1.9777702e-04   9.9645418e-03   8.1476381e-02  -1.7102421e-03  -7.7394160e-04   2.7000731e-04
   8.9367425e-03   7.0520025e-02   9.6701148e-02  -2.1705820e-03  -7.6843695e-04   1.9995570e-04
   1.2923050e-02   2.9265135e-02   1.0317735e-01  -2.2554319e-03  -7.5996303e-04   2.0319652e-04
   9.2251911e-03   4.2353319e-02   1.1409100e-01  -2.1577738e-03  -9.4482865e-04   1.5698006e-04
  -2.9156313e-04   3.5076380e-02   1.0610919e-01  -2.4615921e-03  -9.1188457e-04   2.4156870e-04
   2.9265731e-02   2.5048034e-01   1.2728930e-01  -1.7972640e-03  -1.6051731e-03   3.5398130e-04
  -4.6698661e-02  -9.4697764e-02   1.5209002e-01   1.0869672e-04  -4.7942809e-04   7.0688228e-04
  -3.8956226e-02   3.4373067e-02   1.8164644e-01  -4.2524560e-04  -7.9210744e-04   7.7525512e-04
  -2.4132709e-02   6.4244405e-02   2.1281247e-01  -1.4147142e-03  -1.0693030e-03   3.6485361e-04
   1.9823736e-03   7.2060952e-02   2.4383193e-01  -2.1632000e-03  -1.2471293e-03   3.0466835e-04
   6.9531863e-03   2.1813102e-02   2.4470956e-01  -2.0022120e-03  -1.2245780e-03   3.3217519e-04
   4.4481402e-03   3.4229076e-03   2.1321660e-01  -8.5878927e-04  -1.1690487e-03   7.0202775e-04
   1.8070241e-02   7.2993658e-02   2.4028838e-01  -1.8526857e-03  -1.5890762e-03   5.0305536e-04
   1.8372025e-02   6.1758541e-02   2.4972587e-01  -2.0950678e-03  -1.8105559e-03   4.3775529e-04
  -5.0473195e-03   2.7317456e-02   2.5614605e-01  -1.7438350e-03  -1.7490976e-03   3.4605215e-04
   7.4907592e-03   1.1691698e-01   2.3444654e-01  -2.3062552e-03  -2.0398559e-03   5.5945973e-04
   7.2259571e-03   6.0663299e-02   2.2491912e-01  -2.7181825e-03  -2.1183530e-03   4.5906170e-04
   7.5471773e-03   7.3896339e-02   2.4039631e-01  -2.4925417e-03  -2.1280662e-03   5.1003496e-04
   1.5922294e-05   7.3193385e-02   2.5743505e-01  -2.8826592e-03  -1.7613533e-03   4.6507341e-04
   1.2337476e-02   1.2247074e-01   2.6110416e-01  -3.0754705e-03  -1.6160544e-03   6.5316369e-04
   2.1534638e-02   8.3067953e-02   2.5452874e-01  -3.3691598e-03  -1.4609960e-03   6.8396785e-04
   2.5863756e-02   8.3579568e-02   2.4684265e-01  -2.8493804e-03  -1.4806157e-03   6.3001964e-04
   2.8746854e-02   8.5505204e-03   2.5080265e-01  -2.7020542e-03  -1.4281715e-03   7.3731414e-04
   3.1131270e-02   1.4243988e-01   2.4273507e-01  -2.9984791e-03  -1.2809136e-03   8.2066515e-04
   1.3460849e-02   6.7525218e-02   2.4281503e-01  -3.0698190e-03  -1.4001316e-03   6.9954986e-04
   1.4045846e-02   9.6476478e-02   2.4880926e-01  -2.9814864e-03  -1.2009668e-03   7.1031188e-04
   7.9257396e-03   7.8260030e-02   2.6119795e-01  -3.0759150e-03  -1.2508533e-03   7.1754232e-04
   1.1900346e-02   9.7021060e-02   2.8170633e-01  -3.4101066e-03  -1.2658842e-03   6.2778505e-04
   9.4213345e-03   7.8028867e-02   2.7712120e-01  -3.0398106e-03  -1.1224307e-03   5.9745321e-04
   4.9223611e-03   6.8248149e-02   2.7712023e-01  -2.9365687e-03  -1.1383607e-03   4.8162251e-04
   1.7541580e-03   6.4963447e-02   2.8092398e-01  -2.7691316e-03  -1.2018100e-03   4.7656907e-04
   8.7559063e-03   3.8061892e-01   2.5784262e-01  -1.8130492e-03  -1.3432963e-03   5.9046262e-04
   1.4294222e-02  -2.2606137e-01   1.8678002e-01  -1.2270851e-03  -9.3055230e-04   1.1836131e-03
   6.0648280e-03   1.2430477e-01   2.2069714e-01  -1.7218986e-03  -8.8577505e-04   1.0047086e-03
   4.3133832e-03   9.8432602e-02   2.4082322e-01  -1.8568330e-03  -1.1571708e-03   9.4552490e-04
   1.5326278e-03   4.5873854e-02   2.5929223e-01  -1.9344026e-03  -1.0358525e-03   9.7707062e-04
  -4.2261107e-03   6.9693373e-02   2.9260283e-01  -2.4232377e-03  -7.3919185e-04   8.1543574e-04
  -1.0968300e-02   6.6097892e-02   2.6895293e-01  -2.7674808e-03  -4.7460174e-04   7.9891006e-04
  -1.3462924e-02   8.0571918e-02   2.4399951e-01  -2.7719797e-03  -7.5090049e-04   7.9459154e-04
  -3.0444382e-04   7.1172314e-02   2.1971541e-01  -2.5462881e-03  -6.7682266e-04   1.2127172e-03
   6.4859241e-03   1.0053922e-01   2.0376243e-01  -2.7980929e-03  -6.8925175e-04   1.5208225e-03
  -4.8210885e-03   7.5873646e-02   1.7955903e-01  -3.0434649e-03  -5.2795426e-04   1.5400744e-03
  -7.2032405e-03   1.3298294e-01   1.9458541e-01  -3.0615782e-03  -5.4823451e-04   1.4977245e-03
   7.3617788e-04   9.9416226e-02   2.1381347e-01  -3.1470892e-03  -9.6504348e-04   1.4272363e-03
  -2.1293111e-03   1.1915046e-01   2.2246998e-01  -2.7374015e-03  -9.3667700e-04   1.0397852e-03
  -6.3622902e-03   6.9803776e-02   2.1334511e-01  -2.4615535e-03  -7.0629663e-04   1.2083156e-03
  -3.6661694e-03   1.7183404e-01   2.3225596e-01  -3.0239946e-03  -1.1360683e-03   1.2116876e-03
  -1.0447255e-02   7.2645451e-02   2.5150859e-01  -2.5820455e-03  -1.2828909e-03   1.1617423e-03
  -1.5060548e-02   1.2616998e-01   2.5728101e-01  -2.9994041e-03  -1.2199789e-03   8.5802063e-04
  -8.2862501e-03   1.3745162e-01   2.4471591e-01  -3.5338047e-03  -1.0880213e-03   9.4593711e-04
  -1.2577914e-03   8.9187798e-02   2.2055112e-01  -3.6138462e-03  -1.0808486e-03   1.1289820e-03
  -1.1803868e-03   6.6941314e-02   2.2053090e-01  -3.2651601e-03  -9.3535014e-04   1.4299963e-03
  -3.3794541e-02   1.6461623e-01   2.3486120e-01  -3.4587340e-03  -8.3747073e-04   1.0012634e-03
  -1.1089418e-02   1.0535843e-01   1.7576224e-01  -4.0112214e-03  -1.0793612e-03   1.3222475e-03
  -8.1640747e-03   1.2199755e-01   2.4438251e-01  -4.1926458e-03  -1.1144596e-03   1.3801380e-03
  -1.6545012e-03   1.1885249e-01   3.5639679e-01  -4.4058753e-03  -1.2804128e-03   1.3815441e-03
   2.5271552e-03   1.9644296e-01   3.8458175e-01  -5.4662788e-03  -5.1739230e-04   1.3936338e-03
   7.0613826e-03   1.3807240e-01   3.8981606e-01  -5.4873253e-03  -5.4663186e-04   1.4221796e-03
  -7.7734969e-03   1.1703398e-01   3.7887293e-01  -4.6871868e-03  -8.3192177e-04   1.2924746e-03
  -1.6596438e-02   1.9337526e-01   3.7829457e-01  -5.4142072e-03  -5.4833967e-04   1.2834083e-03
  -1.2846510e-02   1.4882773e-01   3.7448258e-01  -5.4905246e-03  -4.6104130e-04   1.4355125e-03
  -5.2991844e-03   8.3271318e-02   3.6750323e-01  -4.7419158e-03  -4.1248018e-04   1.6890437e-03
   1.6564791e-03   1.0384338e-01   3.5824884e-01  -4.5937636e-03  -4.0235376e-04   1.8011385e-03
  -6.4935213e-03   1.6831608e-01   3.6264231e-01  -5.1886537e-03  -4.7665502e-04   1.5644825e-03
  -8.5316293e-04   1.6229483e-01   3.6578126e-01  -5.6299424e-03  -5.1320415e-04   1.5911111e-03
   4.1896275e-03   1.2837021e-01   3.6465001e-01  -5.5429758e-03  -3.8132970e-04   1.7884251e-03
   1.1221805e-03   1.3426530e-01   3.8777605e-01  -6.0446950e-03   2.6189794e-05   1.9469897e-03
   6.3604541e-03   1.6005379e-01   3.9363940e-01  -6.5610732e-03   1.4169996e-04   2.0454678e-03
   1.7876086e-02   1.6545956e-01   3.9706211e-01  -6.9052215e-03   4.0268451e-04   2.2207112e-03
   2.4266684e-02   1.3362292e-01   3.9666808e-01  -6.8915941e-03   6.0644009e-04   2.3008286e-03
   1.1894250e-02   8.8450972e-02   3.8318480e-01  -6.6085143e-03   1.0623769e-03   2.3697115e-03
   6.0650239e-03   1.9698070e-01   3.7076984e-01  -6.8351182e-03   1.3879469e-03   2.3881646e-03
   1.5819060e-02   1.5845457e-01   3.7080374e-01  -6.7724320e-03   1.2723907e-03   2.5439273e-03
   9.8473377e-03   1.2168158e-01   3.8385564e-01  -6.3927088e-03   1.2808494e-03   2.5721559e-03
  -2.6309201e-02   5.5864494e-01   4.0794387e-01  -4.0821579e-03   1.6504953e-03   1.2204944e-03
   9.3563328e-03  -2.3276204e-01   3.4228217e-01  -2.6159809e-03   1.7360241e-03   1.8159429e-03
   1.5189115e-02  -1.1962658e-02   3.7371256e-01  -3.8717456e-03   2.3735644e-03   2.6198930e-03
   2.3639113e-02   9.3201660e-02   4.0708205e-01  -4.2775074e-03   2.2230609e-03   2.9789125e-03
   9.8379746e-03   1.4751846e-01   4.5743369e-01  -4.8379972e-03   2.3248702e-03   2.6061474e-03
   1.4994582e-02   6.4214437e-02   4.8687070e-01  -5.2737936e-03   2.4773468e-03   2.6467494e-03
   1.2655990e-04   9.9095099e-02   4.8776738e-01  -5.8405576e-03   3.0239511e-03   2.4131362e-03
   2.9885083e-04   9.1943516e-02   4.8368777e-01  -5.8764439e-03   2.3774821e-03   2.5005556e-03
   5.2491665e-03   1.4777181e-01   4.6744290e-01  -6.2340284e-03   2.6047012e-03   2.7332630e-03
   8.0230342e-03   1.3061040e-01   4.4374015e-01  -6.1062240e-03   2.6700221e-03   2.8497497e-03
   9.8150213e-03   1.5069452e-01   3.8218977e-01  -5.7647382e-03   2.0028474e-03   2.8396756e-03
  -2.8419076e-02   1.7002973e-01   3.3980087e-01  -3.9920154e-03   3.2352628e-03   2.8471705e-03
  -5.1361483e-03   6.6084863e-02   2.7967955e-01  -4.5740404e-03   3.3802809e-03   3.0433469e-03
  -1.1742404e-02   1.9751095e-01   3.5019914e-01  -5.2610927e-03   3.2943342e-03   2.7465130e-03
  -8.4861920e-03   1.7211948e-01   3.5455871e-01  -5.2959283e-03   3.3590211e-03   2.8055713e-03
  -1.7102519e-02   9.9151996e-02   3.3263811e-01  -5.0211959e-03   3.3922815e-03   2.8149157e-03
  -2.0443927e-02   1.6315090e-01   3.2946184e-01  -5.3507140e-03   3.4279155e-03   2.7268498e-03
  -1.8547776e-02   2.0244078e-01   3.4528516e-01  -5.6927196e-03   3.3133845e-03   2.6882027e-03
  -9.2695330e-03   1.3260854e-01   3.4707170e-01  -5.5499633e-03   3.2115871e-03   2.7777843e-03
  -1.9020537e-02   1.3798599e-01   3.4756822e-01  -5.5230081e-03   3.4044486e-03   2.7007204e-03
  -2.5886080e-02   1.6090403e-01   3.6744044e-01  -6.3312282e-03   3.6364311e-03   2.6512791e-03
  -2.5479032e-02   1.5881054e-01   3.6117608e-01  -6.1614457e-03   3.5771659e-03   2.5172413e-03
  -2.4009482e-02   1.5015916e-01   3.4971063e-01  -6.1146733e-03   3.5835641e-03   2.5679760e-03
  -3.7441685e-02   1.2380760e-01   3.4733986e-01  -6.1114824e-03   3.5832430e-03   2.6980150e-03
  -3.9413568e-02   2.0763274e-01   3.4801543e-01  -5.9307332e-03   3.5663069e-03   2.6832052e-03
  -4.0121287e-02   1.5497542e-01   3.4936525e-01  -6.0967568e-03   3.5420802e-03   2.7929773e-03
  -4.5877637e-02   1.1690707e-01   3.5711732e-01  -6.1286509e-03   3.8394882e-03   2.8561507e-03
  -5.3205123e-02   2.3424034e-01   3.5975570e-01  -6.5795421e-03   4.0361859e-03   2.6994675e-03
  -4.6617166e-02   1.4703873e-01   3.3802835e-01  -6.3709498e-03   3.9505636e-03   2.8447528e-03
  -4.2522776e-02   1.6837708e-01   3.4930933e-01  -6.5134825e-03   3.8830260e-03   2.7083847e-03
  -5.3296852e-02   1.3909834e-01   3.4083479e-01  -6.5272617e-03   3.9854296e-03   2.6903463e-03
  -5.7162478e-02   1.9968192e-01   3.6310044e-01  -7.1991654e-03   4.2424650e-03   2.6003655e-03
  -5.9239444e-02   1.6456107e-01   3.7250157e-01  -7.5017909e-03   4.4789089e-03   2.5660209e-03
  -5.7739312e-02   1.5913053e-01   3.7040120e-01  -7.1607857e-03   4.3924766e-03   2.6119662e-03
  -6.5704750e-02   1.5619297e-01   3.5201238e-01  -7.3590679e-03   4.6010419e-03   2.6763602e-03
  -6.6431879e-02   1.9047624e-01   3.4272357e-01  -7.4171864e-03   4.7159167e-03   2.9904130e-03
  -8.7940649e-02   1.7899779e-01   3.2284481e-01  -7.1516042e-03   4.7686147e-03   2.7102226e-03
  -7.7466701e-02   9.7922849e-02   3.0404538e-01  -5.5214239e-03   4.8266736e-03   2.9267601e-03
  -7.8414289e-02   2.1733385e-01   3.1231170e-01  -5.4766064e-03   4.7315619e-03   2.5965311e-03
  -7.6491245e-02   1.5833674e-01   3.4224491e-01  -6.4192297e-03   4.5268812e-03   2.7321311e-03
  -7.8415538e-02   1.2374179e-01   3.5397271e-01  -5.7606287e-03   4.7357372e-03   2.6318739e-03
  -7.8588236e-02   1.7700536e-01   3.3426918e-01  -6.4015429e-03   4.7728983e-03   2.5506270e-03
  -7.5160573e-02   2.1614098e-01   3.2239451e-01  -6.5394868e-03   4.6516340e-03   2.4676470e-03
  -7.1421842e-02   1.6249204e-01   3.3024508e-01  -6.7640179e-03   4.7773362e-03   2.5095041e-03
  -7.2602885e-02   1.4479079e-01   3.3218954e-01  -6.9497531e-03   4.8496435e-03   2.5191749e-03
  -7.3909470e-02   2.1979993e-01   3.4099125e-01  -7.4694597e-03   4.8885456e-03   2.4328351e-03
  -7.0411333e-02   1.6027539e-01   3.4388593e-01  -7.1613813e-03   4.9637155e-03   2.4698721e-03
  -7.1090102e-02   1.6086574e-01   3.5587567e-01  -6.9550341e-03   5.1028425e-03   2.3772730e-03
  -6.9061602e-02   1.6650823e-01   3.4979609e-01  -6.8759202e-03   5.2053447e-03   2.4602021e-03
  -7.0954244e-02   2.0501087e-01   3.4667453e-01  -7.2149797e-03   5.3114414e-03   2.3942686e-03
  -6.6075736e-02   1.7383407e-01   3.5150771e-01  -7.3201286e-03   5.2520150e-03   2.4520063e-03
  -6.4822716e-02   1.7180211e-01   3.5782766e-01  -7.5973869e-03   5.1388038e-03   2.4452542e-03
  -6.5498568e-02   1.4591437e-01   3.4632869e-01  -7.3553943e-03   5.2160290e-03   2.4700203e-03
  -6.6201522e-02   1.7659006e-01   3.5621644e-01  -7.3810757e-03   5.2058364e-03   2.4503209e-03
  -7.2058843e-02   2.0815483e-01   3.4339234e-01  -7.1719005e-03   5.0094470e-03   2.3645725e-03
  -7.5128702e-02   1.5561385e-01   3.4952934e-01  -7.3312794e-03   4.9286801e-03   2.2928485e-03
  -7.6278691e-02   1.5073558e-01   3.5041663e-01  -7.3277193e-03   5.1180058e-03   2.3464548e-03
  -7.5980781e-02   1.4791671e-01   3.4904138e-01  -7.4938602e-03   5.1231302e-03   2.3643370e-03
  -6.7147070e-02   2.2698807e-01   3.4692052e-01  -7.7015029e-03   5.0483101e-03   2.3808796e-03
  -7.0188054e-02   1.6501570e-01   3.4930341e-01  -7.6989507e-03   5.0595668e-03   2.3724531e-03
  -7.4521579e-02   1.4295632e-01   3.5060921e-01  -7.6612102e-03   5.2212031e-03   2.4294839e-03
  -7.2250193e-02   1.8746561e-01   3.4809623e-01  -7.9426576e-03   5.2086728e-03   2.4456219e-03
  -7.3857902e-02   2.1561233e-01   3.4578039e-01  -7.9552901e-03   5.1441741e-03   2.3614185e-03
  -8.1084542e-02   1.7466702e-01   3.4093989e-01  -7.8765024e-03   5.2119837e-03   2.4275197e-03
  -7.8238525e-02   1.7054512e-01   3.4735481e-01  -7.5040937e-03   5.1961739e-03   2.2957874e-03
  -7.7600913e-02   1.6784002e-01   3.4530115e-01  -7.6238453e-03   5.4665603e-03   2.2722515e-03
  -7.5292089e-02   1.9221390e-01   3.4589729e-01  -7.8918559e-03   5.6163642e-03   2.2362322e-03
  -6.1202388e-02   2.0986312e-01   3.3463167e-01  -7.8485540e-03   5.4511824e-03   2.2574974e-03
  -7.0720134e-02   1.9766739e-01   3.3269069e-01  -7.9882366e-03   5.3978014e-03   2.2820249e-03
  -6.4286191e-02   1.9483037e-01   3.3887002e-01  -7.7603291e-03   5.2532460e-03   2.4220251e-03
  -6.6119145e-02   1.7704962e-01   3.3975850e-01  -7.4398570e-03   5.6595006e-03   2.4034221e-03
  -7.3110606e-02   1.6866513e-01   2.9600433e-01  -6.0016050e-03   5.6451232e-03   2.6742695e-03
  -7.2423577e-02   1.4615245e-01   3.0368833e-01  -6.7584991e-03   5.5638495e-03   2.4107150e-03
  -6.2811980e-02   1.5728560e-01   3.4810991e-01  -7.4669896e-03   5.9768452e-03   2.6812006e-03
  -6.9445576e-02   1.7369749e-01   3.6558229e-01  -7.6461778e-03   6.0617735e-03   2.4821655e-03
