   1.0578639e-14   0.0000000e+00   0.0000000e+00  -1.0259474e-54   0.0000000e+00   0.0000000e+00
   4.3233947e-02   1.9394613e-02   5.2673532e-03  -1.5166217e-04   1.2316881e-04   3.5870826e-04
   1.0383763e-01   2.4536406e-02  -8.9801563e-02  -1.9455094e-03   1.3118830e-03   1.2106593e-03
   1.1424510e-01   2.1618690e-01  -1.2585934e-01  -2.6825996e-03   6.1573677e-04   1.0955721e-03
   1.1655160e-01  -3.1346090e-01  -1.4218105e-01  -1.3675557e-03   1.1585770e-03   1.2515836e-03
   1.0582611e-01  -5.0702172e-02  -4.6161766e-02  -1.6198352e-03   9.3329303e-04   1.2612314e-03
   8.8392291e-02   3.6397065e-02  -3.2108939e-02  -1.3202633e-03   3.9139476e-04   1.3521864e-03
   8.5371247e-02  -2.1779235e-02  -2.8811053e-02  -7.9842666e-04   3.3405009e-05   1.4961530e-03
   1.0921498e-01   3.8732022e-02  -3.6039250e-02   3.7511763e-04   2.8753020e-04   1.3833207e-03
   1.0381170e-01   6.0616501e-02  -3.7421579e-02  -1.5440496e-03   1.3733372e-04   1.6295178e-03
   9.9424609e-02  -3.6767782e-02  -6.1796213e-02  -8.1787408e-04   2.9932775e-04   1.5473796e-03
   8.9743159e-02   1.9093421e-02  -3.9750470e-02  -8.0026654e-04   1.4033834e-04   1.4946212e-03
   1.1440142e-01   1.5829604e-02  -1.5633758e-02  -5.4432470e-04   1.4320318e-04   1.5519001e-03
   1.3170659e-01   1.2983487e-01  -5.6368650e-02  -4.6721117e-04   5.3098805e-04   1.3631555e-03
   1.6878963e-01   1.3800983e-01  -4.0036345e-01   6.5509373e-03   1.5982305e-03   1.7090859e-03
   3.3462433e-01   6.9856760e-01  -7.1475356e-01   2.6409849e-02   3.3934736e-03   2.6757075e-03
   4.1605736e-01   1.1566303e-01  -3.3825060e-01   9.4809336e-03   5.5912015e-03   5.9425928e-03
   4.1518275e-01   1.9369000e-01  -1.9920052e-01   6.2355636e-03   5.1352907e-03   7.2649842e-03
   4.0082881e-01   1.8194891e-01  -1.5732261e-01   5.2468729e-03   4.9492606e-03   7.0048317e-03
   3.8979987e-01   1.6947715e-01  -1.4715453e-01   4.3182923e-03   4.9868640e-03   6.3982037e-03
   4.0537861e-01   2.9778193e-01  -1.4063445e-01   3.2897815e-03   5.2910773e-03   5.9921766e-03
   3.9181003e-01   2.6765874e-01  -1.4178234e-01   1.9890678e-03   5.1459828e-03   5.8476589e-03
   3.6615325e-01  -1.7837395e-01  -1.1245776e-01   1.7715936e-03   5.7835950e-03   5.6273047e-03
   3.4930840e-01   1.7810553e-02  -1.6906432e-02   2.8622207e-04   5.2087725e-03   5.8161295e-03
   3.3667600e-01   8.8999437e-02  -4.0159424e-02   2.7039913e-04   4.0291181e-03   5.7633395e-03
   2.9215882e-01   3.8153505e-01   5.6197776e-02   5.4434728e-04   3.1248033e-03   5.5399370e-03
   2.9296978e-01  -3.0243926e-01  -1.5893909e-01   1.6181630e-03   3.8485758e-03   5.4939831e-03
   2.9911488e-01   3.2032517e-02  -2.7495710e-02   1.2683065e-03   3.4688082e-03   5.5846035e-03
   3.4052881e-01   2.7676063e-02  -1.2076269e-01   7.4816663e-04   3.7453415e-03   6.0019898e-03
   3.2308868e-01   2.2673466e-02  -1.0691968e-01   3.7438605e-04   3.5576970e-03   5.9161870e-03
   3.6708136e-01   3.0706919e-01  -7.3409022e-02  -1.1717829e-03   3.4539767e-03   6.2560516e-03
   3.8562773e-01   2.8425392e-01   2.2276843e-01   3.9564997e-03   3.2098127e-03   7.5983880e-03
   4.2007270e-01  -2.8313403e-01  -4.1975628e-02   3.9719355e-03   3.6262233e-03   7.4468580e-03
   3.4413663e-01   3.1030513e-02  -3.6614710e-02   1.9827884e-03   2.4015560e-03   6.6479757e-03
   2.5025244e-01   2.6582614e-02  -2.3570545e-02   7.2874300e-05   6.6082163e-04   5.6299122e-03
   2.2673381e-01   5.8766391e-03  -3.0438849e-03  -1.0386849e-03   9.8696527e-04   5.1140299e-03
   2.8127158e-01   5.9445598e-02  -2.4164987e-02  -2.6380909e-04   2.1549652e-03   5.7639821e-03
   3.0715980e-01   1.3652009e-01  -3.3528252e-02  -2.5355946e-04   2.0216066e-03   6.0468029e-03
   3.3436510e-01   3.2102356e-02  -6.3397513e-02  -3.4257550e-04   1.8304419e-03   6.2682436e-03
   3.3762939e-01  -1.6522653e-02  -7.2990163e-02   4.5774633e-04   2.3360694e-03   6.1831524e-03
   3.1104515e-01   7.3942831e-01   1.7701136e-01   9.4364972e-03  -2.5802182e-04   9.8715556e-03
   2.3533883e-01   3.6483928e-01   1.9483143e-01   1.6197853e-02  -2.0616362e-03   1.0655692e-02
   3.1748057e-01   1.2450801e-01   1.7502942e-01   1.3300513e-02  -1.6576727e-03   1.0829678e-02
   3.9875848e-01   3.2288174e-01   1.7999401e-01   1.0840769e-02  -2.1202381e-03   1.1175738e-02
   4.0984598e-01   3.6981327e-01   1.3721269e-01   9.2722133e-03  -1.7951098e-03   1.1040920e-02
   3.9032708e-01   2.5297297e-01   1.3224193e-01   9.9808254e-03  -8.2491397e-04   1.0266417e-02
   3.8998005e-01   2.8350721e-01   1.3446883e-01   8.5206611e-03  -1.7141907e-03   9.9412213e-03
   4.1864451e-01   2.6753216e-01   1.3897430e-01   8.9124812e-03  -3.3630507e-03   1.0474359e-02
   3.9656113e-01   1.5171963e-01   9.5128558e-02   8.1798747e-03  -3.4036835e-03   1.0253151e-02
   3.7791177e-01   2.7717298e-01   1.5838660e-01   7.2431525e-03  -3.7536792e-03   1.0259033e-02
   3.5310532e-01   1.8040195e-01   5.7602848e-02   7.9304403e-03  -4.2481690e-03   1.0063482e-02
   3.1382272e-01   1.7375585e-01   9.8062152e-02   5.4506348e-03  -4.3890289e-03   9.3613409e-03
   3.3700800e-01   2.3195350e-01   6.5953950e-02   6.7061488e-03  -3.4619283e-03   9.2599421e-03
   3.4531279e-01   5.4393338e-01   1.3127678e-01   5.2957446e-03  -3.9559850e-03   9.8295605e-03
   3.8806115e-01  -3.6626769e-02  -7.2771301e-02   4.4435785e-03  -1.3381138e-03   9.8098516e-03
   3.9012448e-01  -5.9796048e-02  -2.5415861e-03   4.2691272e-03  -3.3581909e-03   1.0278408e-02
   4.1556749e-01   3.7543849e-01  -4.6861970e-02   4.8101826e-03  -2.9900630e-03   1.0680773e-02
   3.8631552e-01   1.3585045e-01  -1.4761924e-01   4.1522335e-03  -2.4876362e-03   9.8736382e-03
   4.0269986e-01   8.8231557e-02  -1.3202962e-01   6.2692341e-03  -2.0038448e-03   9.8479582e-03
   3.9055752e-01   2.3605938e-01  -5.7596763e-02   4.7581485e-03  -2.7621995e-03   1.0031417e-02
   3.4940363e-01   3.6680439e-01  -6.1784138e-02   3.9696537e-03  -3.1082232e-03   9.2821630e-03
   3.8214338e-01  -1.0128124e-01  -1.2980621e-01   5.1724829e-03  -2.9659521e-03   9.5412875e-03
   3.9793587e-01   1.4517753e-01  -1.0042772e-01   5.6005363e-03  -2.8388363e-03   9.7647226e-03
   4.7828223e-01   2.1492791e-01  -3.6790662e-01   7.7643493e-03  -2.4304622e-03   9.8610634e-03
   5.4208134e-01   6.1330069e-01  -1.0003607e+00   2.4758070e-02   1.3572662e-03   6.2120721e-03
   5.6065398e-01   3.4055554e-01  -9.8883414e-01   2.2336362e-02   2.0472697e-03   8.6382239e-03
   7.3571086e-01   2.6461386e-01  -5.8666363e-01   9.1086969e-03   4.8026736e-03   1.3154399e-02
   7.6991927e-01   2.6216657e-01  -5.8881428e-01   8.6110210e-03   3.1477345e-03   1.4621114e-02
   7.1528023e-01   2.1891377e-01  -5.1670597e-01   6.8654792e-03   3.3729827e-03   1.4080244e-02
   6.8678106e-01   2.6467705e-01  -5.0717557e-01   7.6011507e-03   2.8852852e-03   1.3709163e-02
   6.6634873e-01   1.3689257e-01  -4.8216994e-01   4.8677352e-03   3.5197470e-03   1.3257365e-02
   6.9809216e-01   2.3728567e-01  -4.3849898e-01   4.8465116e-03   2.7119576e-03   1.3490199e-02
   6.5046872e-01   3.7450853e-01  -3.2299716e-01   4.4370403e-03   1.3847578e-03   1.3439068e-02
   6.7942667e-01  -1.6475347e-01  -4.6545968e-01   4.5500708e-03   2.8739542e-03   1.3173924e-02
   6.8817697e-01   8.5528669e-02  -4.1717477e-01   3.6955846e-03   2.5098009e-03   1.3335934e-02
   6.7969743e-01   7.0642825e-02  -4.2293756e-01   3.4224398e-03   1.8926408e-03   1.3341719e-02
   6.3439360e-01   1.2925941e-01  -3.9300543e-01   2.7823961e-03   1.6704295e-03   1.2599171e-02
   6.3753171e-01   2.2150317e-01  -3.8173498e-01   1.7289910e-03   1.0317941e-03   1.2525079e-02
   5.9739684e-01   2.3925772e-01  -4.4086629e-01   1.6426153e-03   6.9528333e-04   1.2131971e-02
   6.2695927e-01   1.7280820e-02  -4.4450658e-01   3.4488984e-03   4.7778468e-04   1.2689321e-02
   6.0409827e-01   1.6894408e-01  -4.7612210e-01   4.4398274e-03   2.4963962e-04   1.2798441e-02
   6.0935129e-01   9.8043846e-02  -4.6370952e-01   2.4009848e-03   1.5748771e-04   1.2708775e-02
   5.3572955e-01  -2.0770930e-01  -5.5625062e-01   1.4816670e-03   3.8100821e-04   1.1730379e-02
   5.7083354e-01   9.9025361e-02  -4.1281719e-01   6.9354439e-04   1.8316388e-04   1.1612281e-02
   5.5930583e-01   3.1927326e-01  -2.5630314e-01   3.3269563e-03  -9.9906817e-04   1.2304381e-02
   5.5340222e-01   7.5471634e-02  -4.3275295e-01   3.6400716e-03  -1.4100552e-04   1.1560163e-02
   5.3559613e-01  -1.9992169e-02  -3.1916433e-01   3.3444482e-03  -1.5378833e-03   1.2021157e-02
   4.1351925e-01   1.9103390e-01  -1.9596253e-01   3.0985398e-03  -2.6302367e-03   1.0986562e-02
   4.0800314e-01  -1.2381427e-01  -3.4078991e-01   2.5346803e-03  -2.2413554e-03   1.0059584e-02
   2.2530812e-01   8.9437051e-02  -2.4105364e-01   2.0118390e-03  -3.5121256e-03   7.8167523e-03
   2.0300191e-01   1.0852197e-01  -1.9254389e-01  -4.7743278e-04  -3.6716759e-03   7.2635751e-03
   2.2521792e-01   3.0230223e-01  -2.4204761e-01   1.6645007e-03  -3.4845935e-03   7.5296932e-03
   3.4594873e-01  -7.7194349e-02  -4.7972850e-01   4.5085321e-03  -3.4404343e-03   9.1348156e-03
   4.7393235e-01  -1.8084302e-01  -1.0786811e+00   5.1423610e-03  -5.2746731e-04   1.0372592e-02
   5.2095701e-01   7.4386183e-02  -8.5148879e-01   2.3699299e-03  -2.2611340e-04   1.1588431e-02
   5.3806613e-01   1.0208516e-01  -9.0909989e-01   3.4030256e-03   2.1182828e-04   1.2361393e-02
   5.2963325e-01   2.1796123e-01  -1.0359232e+00   4.0744393e-03   1.9346253e-03   1.1486691e-02
   4.6022567e-01   2.3599967e-01  -1.3695858e+00   9.4642349e-03   3.8059340e-03   9.7503162e-03
   6.0328793e-01   8.8921367e-01  -2.2654165e+00   4.3408957e-02   7.8559866e-03   8.8647005e-03
   6.0386904e-01   5.7492203e-01  -1.4772101e+00   1.5616770e-02   8.2753924e-03   1.0896298e-02
   5.9831793e-01   2.5234867e-01  -1.3187828e+00   8.8018238e-03   5.7182641e-03   1.2401071e-02
   5.7483193e-01   2.5864359e-01  -1.2735014e+00   6.9200557e-03   5.6231309e-03   1.2565070e-02
   5.7903565e-01   2.7532574e-01  -1.2581746e+00   5.5801447e-03   5.6940850e-03   1.2363223e-02
   5.8369635e-01   2.2574816e-01  -1.2058477e+00   4.2887485e-03   4.8627324e-03   1.2390706e-02
   5.7902613e-01   1.1375087e-01  -1.1702909e+00   3.1561546e-03   5.0067959e-03   1.2520158e-02
   5.9265004e-01   2.3972069e-01  -1.1632094e+00   2.3858907e-03   4.8708416e-03   1.2403098e-02
   5.7314103e-01   3.2457046e-01  -1.1785661e+00   1.4084743e-03   4.2978648e-03   1.2692574e-02
   5.3868626e-01  -1.4266414e-01  -1.1017762e+00   2.0463587e-03   2.8514938e-03   1.2587089e-02
   5.2368754e-01   3.8784031e-01  -9.4656784e-01   3.4777232e-03   1.0574607e-03   1.3809354e-02
   5.4433445e-01   1.0597537e-01  -1.0819659e+00   6.7613870e-03   1.6368630e-03   1.3666670e-02
   5.4002206e-01   8.6970040e-02  -1.0249488e+00   6.6422580e-03   7.6466330e-04   1.3924530e-02
   5.4339110e-01   2.4222023e-01  -1.0016693e+00   6.7317974e-03   5.5812068e-04   1.3761214e-02
   5.3717175e-01   2.1568595e-01  -9.7232606e-01   6.1298170e-03   4.8947453e-04   1.3550989e-02
   5.3120631e-01   2.9366266e-01  -8.9358906e-01   5.2821705e-03  -2.5415491e-04   1.3757269e-02
   4.6011055e-01   3.9673522e-01  -7.4201673e-01   4.9370458e-03  -1.4611177e-03   1.3271773e-02
   3.4976737e-01   3.7517690e-01  -7.0152937e-01   8.8631884e-03  -2.6577358e-03   1.2580234e-02
   4.0343516e-01  -1.9665344e-02  -8.2379921e-01   1.0061676e-02  -2.9820405e-03   1.2475627e-02
   3.7102824e-01   2.2816168e-01  -7.9408451e-01   8.2148604e-03  -2.1273541e-03   1.2022875e-02
   4.0064153e-01   3.8539043e-01  -7.7810873e-01   8.0618876e-03  -2.0803234e-03   1.3023154e-02
   3.8590854e-01   3.0101329e-01  -8.7182170e-01   1.0306287e-02  -2.3192960e-03   1.3067222e-02
   4.0550660e-01   2.1320501e-01  -8.5948888e-01   9.6661608e-03  -1.5869611e-03   1.2980866e-02
   4.1204315e-01   5.2872809e-01  -6.9220449e-01   1.0610768e-02  -2.9744964e-03   1.3765344e-02
   2.7972859e-01   7.2296381e-01  -4.3859688e-01   1.4750256e-02  -3.2444447e-03   1.4167189e-02
   3.4216127e-01  -3.2307541e-02  -5.4797245e-01   1.2154936e-02  -4.4185333e-03   1.3843177e-02
   3.9619999e-01   2.5010057e-01  -5.5575326e-01   1.1006164e-02  -4.1814683e-03   1.4421451e-02
   4.2359145e-01   3.1460223e-01  -5.7299859e-01   1.0718296e-02  -3.8984630e-03   1.4405041e-02
   4.7035827e-01   4.2935509e-01  -6.0693554e-01   1.1323358e-02  -3.4157212e-03   1.4719024e-02
   3.6030857e-01   9.6537478e-01  -2.1350752e-01   1.8238561e-02  -4.0063881e-03   1.5406322e-02
   4.1753218e-01  -1.0533085e-01  -4.5214040e-01   1.7468189e-02  -4.5009010e-03   1.5845217e-02
   4.6495262e-01   4.6126758e-01  -4.3853122e-01   1.6872199e-02  -4.4404515e-03   1.6004804e-02
   5.2224992e-01   5.2767661e-01  -1.1904171e+00   3.0594564e-02  -3.0433126e-03   1.3773656e-02
   7.4668588e-01   9.0530415e-01  -2.2443942e+00   5.7748289e-02   3.0887774e-04   1.4515726e-02
   5.6007798e-01   8.1451418e-01  -1.4154938e+00   2.3500843e-02  -1.8860894e-03   1.5176305e-02
   5.3362338e-01   4.6386382e-01  -1.2289903e+00   1.7560368e-02  -3.4457719e-03   1.7147362e-02
   5.0153142e-01   3.7425723e-01  -1.0425797e+00   1.3621529e-02  -4.7369537e-03   1.6770908e-02
   3.8343928e-01   5.7016171e-01  -7.9621008e-01   1.0103447e-02  -5.0064362e-03   1.5462616e-02
   3.3375221e-01  -1.5114653e-01  -8.0895659e-01   1.0982999e-02  -4.8258631e-03   1.4625313e-02
   3.3503218e-01   1.8511047e-01  -7.2136812e-01   9.2593093e-03  -5.0969915e-03   1.4614364e-02
   2.7842124e-01   5.2639701e-01  -5.8191065e-01   7.8340426e-03  -5.3560026e-03   1.4092059e-02
   2.7958435e-01  -1.5382072e-01  -7.2573991e-01   7.4597189e-03  -4.8280596e-03   1.3476145e-02
   2.7973625e-01   7.0207166e-02  -6.8892318e-01   6.0990864e-03  -5.5938451e-03   1.3041955e-02
   2.6011790e-01   1.2284021e-01  -5.5152872e-01   6.0634426e-03  -5.8354126e-03   1.3131207e-02
   2.2765803e-01   1.5132664e-01  -3.2980740e-01   5.4597472e-03  -6.8633556e-03   1.2848643e-02
   2.2938717e-01   2.8001555e-01  -2.4892535e-01   4.4718915e-03  -8.2726716e-03   1.3060703e-02
   1.6097092e-01   7.3988909e-01   3.0210051e-01   1.2360500e-02  -1.0146155e-02   1.4200397e-02
   5.9388631e-02   7.4949465e-01   8.2961132e-01   2.4306596e-02  -1.3369183e-02   1.5135870e-02
   1.4659129e-01   1.1440802e-01   6.5052857e-01   2.2779352e-02  -1.3474418e-02   1.7188984e-02
   1.8535437e-01   4.4547221e-01   4.9811764e-01   2.0256214e-02  -1.2728026e-02   1.7725508e-02
   2.7377768e-01   4.7224771e-01   4.5479405e-01   1.9065030e-02  -1.1226294e-02   1.8813042e-02
   2.5605917e-01   4.5792652e-01   3.9300233e-01   1.6814935e-02  -1.1569749e-02   1.7857380e-02
   3.2000026e-01   5.8206935e-01   2.7328087e-01   2.1240930e-02  -1.1450651e-02   1.8155084e-02
   2.7255453e-01   5.1570725e-01  -1.0932403e-01   2.1306253e-02  -1.0503944e-02   1.5337275e-02
   6.0168661e-01   1.2407049e+00  -1.3581015e+00   5.5736663e-02  -6.5398855e-03   1.3403969e-02
   5.0228148e-01   7.2364818e-01  -1.1308529e+00   3.5842411e-02  -5.1667830e-03   1.5529148e-02
   5.5824943e-01   7.2973286e-01  -6.5422925e-01   2.3663269e-02  -5.1879566e-03   1.8529214e-02
   5.8367388e-01   5.4382561e-01  -6.5005704e-01   2.2452456e-02  -5.5822746e-03   1.8662046e-02
   5.7511581e-01   7.2299553e-01  -3.9133398e-01   1.8824368e-02  -6.9921321e-03   1.9528231e-02
   5.5165866e-01   1.6707394e-01  -4.5366876e-01   1.8066282e-02  -5.1264551e-03   1.9774113e-02
   5.4017484e-01   6.7685634e-01  -3.7820270e-01   1.5788604e-02  -6.5967996e-03   1.9985438e-02
   4.6171932e-01   5.4434678e-02  -4.2762940e-01   1.5368240e-02  -5.8152880e-03   1.8899052e-02
   4.5255363e-01   2.8264275e-01  -3.6672937e-01   1.4473211e-02  -5.8729541e-03   1.8959892e-02
   3.0492661e-01   3.6181009e-01  -2.6993991e-01   1.2889437e-02  -8.3805623e-03   1.7003551e-02
   2.4058208e-01   6.3619456e-01  -2.1674837e-01   1.3541289e-02  -9.7034175e-03   1.6500106e-02
   2.8860578e-01   1.3240713e-01  -3.1334613e-01   1.4675025e-02  -9.8796552e-03   1.6537969e-02
   2.5159856e-01   7.9525843e-01  -1.8901796e-01   1.7905436e-02  -1.1296241e-02   1.5889455e-02
   2.7923080e-01   2.9649792e-02  -4.4819933e-01   1.7276361e-02  -1.1192983e-02   1.5618744e-02
   2.7815307e-01   6.4893673e-01  -2.6414168e-01   1.5016575e-02  -1.1845920e-02   1.5569165e-02
   3.1549200e-01   4.6494873e-01  -2.8673395e-01   1.8364345e-02  -1.1939212e-02   1.6411257e-02
   3.6402657e-01   1.3682325e-01  -3.6170626e-01   1.8164786e-02  -1.2748225e-02   1.6733620e-02
   3.6533299e-01   4.1322256e-01  -3.1677782e-01   1.7385168e-02  -1.2675015e-02   1.7104455e-02
   4.0580454e-01   2.4628983e-01  -3.2755256e-01   1.5701207e-02  -1.2120079e-02   1.6837052e-02
   4.5220671e-01   5.2548754e-01  -4.0984029e-01   1.4025346e-02  -1.1684138e-02   1.6889634e-02
   4.6985101e-01   7.3966444e-01  -4.3551244e-01   1.4130864e-02  -1.0523340e-02   1.6850367e-02
   4.4336404e-01   5.3742514e-02  -5.1194571e-01   1.4622069e-02  -1.0294489e-02   1.6877023e-02
   4.5975205e-01   2.7015055e-01  -4.2033109e-01   1.4535797e-02  -1.0567789e-02   1.7237193e-02
   4.7396960e-01   4.9040333e-01  -4.3276117e-01   1.5006190e-02  -1.0635559e-02   1.7040261e-02
   4.5332258e-01   2.8272843e-01  -7.1897026e-01   1.8757896e-02  -1.0089954e-02   1.5814477e-02
   5.5701381e-01   8.5472120e-01  -1.3899327e+00   3.9145517e-02  -8.1488875e-03   1.2690262e-02
   7.2575414e-01   9.5085784e-01  -1.9390323e+00   5.4984877e-02  -3.1286896e-03   1.4687859e-02
   8.0370410e-01   9.0613554e-01  -9.5569586e-01   2.1867634e-02  -3.4649625e-03   2.0899210e-02
   8.1866502e-01   3.9165234e-01  -8.5858014e-01   1.8139069e-02  -4.4642756e-03   2.1722196e-02
   8.0101577e-01   3.4087044e-01  -7.9060767e-01   1.5480108e-02  -4.9693575e-03   2.1400961e-02
   8.1125903e-01   4.5432930e-01  -7.6131971e-01   1.3394048e-02  -5.1618922e-03   2.0709675e-02
   7.3117048e-01   5.3039802e-01  -6.2769554e-01   1.2561268e-02  -4.9879105e-03   1.9973113e-02
   7.2638301e-01   9.7610419e-02  -7.2686711e-01   1.7329465e-02  -6.3725856e-03   2.0031346e-02
   7.3024327e-01   6.0741914e-01  -4.5242411e-01   2.0438675e-02  -6.0570039e-03   1.9850869e-02
   8.1282058e-01   5.2529886e-01  -5.9391537e-01   2.2128464e-02  -7.3567108e-03   2.0606793e-02
   5.7422645e-01   1.0893788e+00  -1.4583704e-02   2.6037468e-02  -1.1159555e-02   1.7927374e-02
   6.9371798e-01   6.7486086e-01  -2.6774426e-01   2.8432254e-02  -1.1439044e-02   1.8756394e-02
   7.4079367e-01   7.4114215e-01  -3.1649100e-01   2.5486372e-02  -1.0973441e-02   1.9569817e-02
   7.2418128e-01   4.8001495e-01  -3.6645250e-01   2.3123556e-02  -1.0431062e-02   1.9494968e-02
   7.0766538e-01   5.1404406e-01  -4.1009884e-01   2.0512898e-02  -1.0293172e-02   1.9098587e-02
   6.7576374e-01   5.1726500e-01  -4.1388304e-01   1.9523535e-02  -1.0374948e-02   1.8733385e-02
   6.3112863e-01   4.5807461e-01  -3.8585420e-01   1.7659596e-02  -1.0282298e-02   1.8001960e-02
   6.3835878e-01   5.7810875e-01  -3.4340196e-01   1.6608649e-02  -1.0706386e-02   1.8384548e-02
   3.9504847e-01   4.7104417e-01  -2.1547004e-01   1.5491786e-02  -1.2183975e-02   1.5437373e-02
   4.3080916e-01   2.3597616e-01  -2.9100508e-01   1.3583595e-02  -1.0975471e-02   1.6025122e-02
   3.9378511e-01   8.8887862e-01  -1.2486669e-01   2.0738103e-02  -1.2325150e-02   1.6783738e-02
   3.5202628e-01   4.3407164e-01  -1.7438573e-01   2.3388640e-02  -1.2270995e-02   1.6737456e-02
   4.4079691e-01   3.8273221e-01  -1.8544447e-01   2.0799511e-02  -1.1223449e-02   1.7938295e-02
   4.5821443e-01   5.2684647e-01  -2.3000442e-01   1.9692203e-02  -1.1526264e-02   1.7784166e-02
   4.8196433e-01   5.7906980e-01  -2.3298369e-01   1.9693991e-02  -1.1111855e-02   1.7896232e-02
   4.8191923e-01   5.5875227e-01  -2.5269077e-01   1.9344889e-02  -1.1511102e-02   1.7940371e-02
   4.6167678e-01   5.2469620e-01  -2.5019613e-01   1.9249583e-02  -1.1035515e-02   1.7498848e-02
   4.5534824e-01   4.7564609e-01  -3.0246652e-01   1.9671165e-02  -1.1223070e-02   1.7322343e-02
   4.4497412e-01   4.7660799e-01  -2.8143665e-01   1.8472250e-02  -1.1072528e-02   1.7464125e-02
   4.6527325e-01   6.0801365e-01  -3.2074379e-01   2.1222796e-02  -1.1379019e-02   1.7459580e-02
   2.7633076e-01   1.1747331e+00  -2.5174151e-02   2.2746133e-02  -1.2706998e-02   1.5941628e-02
   2.8472760e-01   5.9900340e-01  -8.6065632e-02   2.8849925e-02  -1.1399703e-02   1.4921087e-02
   3.2134685e-01   6.5038392e-01  -2.5796616e-01   2.6029631e-02  -1.1654887e-02   1.5556788e-02
