   0.0000000e+00   0.0000000e+00   0.0000000e+00   0.0000000e+00   0.0000000e+00   0.0000000e+00
   1.2331422e-02   1.1318688e-01   2.0784833e-02   2.8582222e-04  -7.0141791e-05   4.1051307e-04
  -5.1002265e-03  -3.9890520e-02  -3.7128474e-02   1.4215585e-03  -1.7222350e-04   2.0410335e-04
  -3.4873763e-02   9.3610126e-02   2.3816872e-02  -2.2072856e-04  -6.1508157e-04   2.0653405e-04
  -8.2324506e-02  -1.8166242e-02   9.6954814e-03   5.1448049e-04  -1.4694057e-03  -5.8078368e-04
  -8.0599916e-02   1.1066235e-02   1.7372191e-02   1.6607429e-04  -1.3226619e-03  -5.0457536e-04
  -5.4243407e-02   1.4724431e-01  -3.6074863e-02   2.7049016e-03  -1.2667103e-03   4.1381362e-04
  -1.2432271e-01   8.6584926e-01   3.8821019e-01   1.7874486e-02  -4.6387635e-03   1.5239907e-03
  -2.3536677e-01   4.7299622e-01   6.4707644e-01   2.1737329e-02  -7.7253425e-03   4.1220854e-03
  -1.6733263e-01   1.2722399e-01   4.5341251e-01   1.3662682e-02  -5.7639630e-03   3.5779809e-03
  -1.0567385e-01   3.0794599e-01   4.0023347e-01   1.1181602e-02  -4.1205692e-03   3.5867170e-03
  -7.7411764e-02   2.6534978e-01   3.6103846e-01   1.0374878e-02  -3.8853724e-03   3.4480868e-03
  -7.0030122e-02   2.4417550e-01   3.6477515e-01   9.2282687e-03  -3.6934629e-03   3.3655023e-03
  -5.8569097e-02   1.9174812e-01   3.3430143e-01   8.2320955e-03  -3.7064789e-03   3.1177495e-03
  -6.4501225e-02   1.2480842e-01   3.1128580e-01   8.8087827e-03  -4.1391464e-03   3.1326335e-03
  -5.5965343e-02   2.2055460e-01   3.1417789e-01   7.7587180e-03  -3.7130455e-03   2.8973720e-03
  -6.1671215e-02   1.3430790e-01   2.9010466e-01   8.7861364e-03  -3.9951424e-03   3.0326966e-03
  -4.4714546e-02   2.3983053e-01   2.9560966e-01   6.9121771e-03  -3.7905855e-03   2.8514593e-03
  -5.0709675e-02   1.6385347e-01   2.4779243e-01   6.6457542e-03  -3.8515559e-03   2.6249875e-03
  -5.7063091e-02   1.3660082e-01   2.1651252e-01   8.4395222e-03  -4.3472240e-03   2.8045219e-03
  -5.9434499e-02   1.5084923e-01   2.5648497e-01   6.9619791e-03  -4.3114023e-03   2.7311400e-03
  -5.4851514e-02   2.6226208e-01   2.5459304e-01   6.4288859e-03  -4.2530218e-03   2.5484212e-03
  -6.7172459e-02   1.6505633e-01   2.7446363e-01   6.0025055e-03  -4.5976401e-03   2.5797382e-03
  -8.2787752e-02   5.3803896e-02   2.4831590e-01   6.9411607e-03  -4.5686282e-03   2.3505592e-03
  -9.9601797e-02   1.5445830e-01   2.7117740e-01   6.8232972e-03  -4.7528979e-03   2.2622173e-03
  -1.2058057e-01   9.9887571e-02   2.6887732e-01   5.8274616e-03  -5.0605565e-03   1.9684217e-03
  -1.2431809e-01   1.4733002e-01   2.5052438e-01   6.2694246e-03  -5.1468209e-03   2.0105431e-03
  -1.2834058e-01   1.8614716e-01   2.9415496e-01   5.3907285e-03  -5.1007009e-03   2.0385989e-03
  -1.1690897e-01   1.4447081e-01   3.1523121e-01   4.6135822e-03  -5.2942846e-03   2.3297655e-03
  -9.5179427e-02   9.4368655e-03   3.2347432e-01   4.7552187e-03  -5.0023906e-03   2.3076379e-03
  -9.7178623e-02   1.0825815e-01   3.3307984e-01   4.4031877e-03  -4.6885207e-03   2.3154955e-03
  -1.0651357e-01   1.3653962e-01   3.1988993e-01   3.2018276e-03  -4.4071214e-03   2.2737299e-03
  -1.0160437e-01   5.7626710e-02   2.8639459e-01   4.0514825e-03  -4.4719602e-03   2.4089469e-03
  -1.0594936e-01   1.2723203e-01   2.8851236e-01   4.9761251e-03  -4.8365232e-03   2.5410766e-03
  -1.0030661e-01   6.1862450e-02   2.8257867e-01   3.4421500e-03  -4.7001125e-03   2.4507659e-03
  -1.0653121e-01   6.9229484e-02   2.6022973e-01   3.3831369e-03  -4.5452831e-03   2.0940105e-03
  -1.1328368e-01   9.5974953e-02   2.3535691e-01   3.6749194e-03  -4.6100251e-03   1.9296445e-03
  -1.2170479e-01   1.9538905e-01   2.3947377e-01   1.7738173e-03  -4.8249907e-03   1.9636416e-03
  -1.5101347e-01  -2.0610542e-02   1.6278048e-01   3.4216131e-03  -4.9230663e-03   1.6486883e-03
  -1.5854863e-01   8.8506842e-02   2.1295944e-01   3.0764475e-03  -5.2587158e-03   1.6040011e-03
  -1.6889475e-01   1.2839350e-01   2.0843996e-01   3.0280603e-03  -5.7553817e-03   1.5218562e-03
  -1.7655057e-01   1.4822436e-01   2.4821910e-01   2.0196478e-03  -5.8150028e-03   1.5055458e-03
  -2.3871230e-01   5.8881238e-01   2.5348187e-01   1.0109636e-02  -7.5845948e-03   2.7307402e-03
  -2.2828204e-01   1.6333077e-01   1.8658856e-01   1.3466692e-02  -7.8585012e-03   3.4850885e-03
  -2.3333118e-01   2.1150264e-01   2.8986611e-01   9.4884493e-03  -7.8218296e-03   3.0078941e-03
  -2.2179941e-01   2.1410928e-01   2.8207912e-01   9.2852779e-03  -7.5657653e-03   3.1126491e-03
  -2.2021237e-01   2.1307204e-01   2.8070169e-01   9.3214297e-03  -7.1426966e-03   2.9693964e-03
  -2.2304366e-01   2.2363097e-01   3.0028149e-01   9.0423028e-03  -7.0521046e-03   2.8603386e-03
  -2.2203899e-01   1.5485483e-01   3.1183542e-01   8.2719141e-03  -7.0179557e-03   2.6852811e-03
  -1.9788237e-01   2.0937918e-01   2.8102320e-01   7.8994019e-03  -6.6810518e-03   2.4756311e-03
  -2.0704891e-01   9.8573532e-02   3.1228389e-01   6.8387811e-03  -6.7452707e-03   2.4394501e-03
  -1.9856496e-01   1.7452598e-01   3.0991925e-01   6.7222954e-03  -6.5791291e-03   2.2876088e-03
  -1.9344521e-01   1.1583980e-01   2.8657777e-01   6.8181516e-03  -6.8856462e-03   2.3920578e-03
  -1.7619747e-01   3.6525695e-01   3.5540856e-01   6.1409670e-03  -6.2830729e-03   2.4705857e-03
  -2.0093274e-01   3.6611902e-01   4.2061053e-01   9.8634944e-03  -6.8777960e-03   2.8474993e-03
  -2.2403442e-01  -1.4494655e-01   3.0835157e-01   1.0319830e-02  -7.5578431e-03   3.1059090e-03
  -2.2259081e-01   1.9234720e-01   3.5347621e-01   9.3889987e-03  -7.4907635e-03   3.0419717e-03
  -2.4095450e-01   1.9719461e-01   3.4610494e-01   8.5459704e-03  -7.6551859e-03   2.6254815e-03
  -2.2743201e-01   1.8685513e-01   3.4281473e-01   8.2112753e-03  -7.3157155e-03   2.7286123e-03
  -2.1203578e-01   1.9176217e-01   3.2867330e-01   8.5593144e-03  -7.4358843e-03   2.8992482e-03
  -2.1587452e-01   1.6736428e-01   3.2368200e-01   8.6104645e-03  -7.5072174e-03   2.8894486e-03
  -2.1410843e-01   1.6563609e-01   3.1582235e-01   8.5574151e-03  -7.0877083e-03   2.6699302e-03
  -2.2536456e-01   2.6372305e-01   3.4605829e-01   6.5782895e-03  -7.0536782e-03   2.4724632e-03
  -2.6215511e-01   3.0919555e-02   2.7913603e-01   7.3228640e-03  -7.5942175e-03   2.1511245e-03
  -2.4893531e-01   1.3428576e-01   3.1964952e-01   6.7933171e-03  -7.4592287e-03   2.3953290e-03
  -2.4665008e-01   2.3051030e-01   3.2793396e-01   6.4717495e-03  -7.3542892e-03   2.5126225e-03
  -2.9380461e-01   5.1938958e-01   3.2551767e-01   1.1281361e-02  -8.1910461e-03   3.1865863e-03
  -3.7383610e-01   4.6228621e-01   3.7626922e-01   1.6757504e-02  -8.7780738e-03   2.9029466e-03
  -3.4123269e-01   5.0185972e-02   3.3727533e-01   1.4567980e-02  -8.3205546e-03   3.1158844e-03
  -2.9661148e-01   3.3321696e-01   3.6338209e-01   1.3553427e-02  -7.5143506e-03   3.2099440e-03
  -3.0542845e-01   4.4025897e-01   3.3136072e-01   1.1029082e-02  -7.1404535e-03   2.9883990e-03
  -3.0203593e-01   1.6651753e-01   3.3839980e-01   1.1973463e-02  -7.3457524e-03   3.2324763e-03
  -2.9105515e-01   2.6669285e-01   3.1859684e-01   1.2426199e-02  -7.2627012e-03   3.2833221e-03
  -2.8710061e-01   2.7683430e-01   3.2343461e-01   1.1688120e-02  -7.4160990e-03   2.9588262e-03
  -2.9478827e-01   2.3386684e-01   3.0050687e-01   1.1056086e-02  -7.0900350e-03   2.6287086e-03
  -2.9611944e-01   2.1442392e-01   3.2312457e-01   1.0528090e-02  -7.0247158e-03   2.6139894e-03
  -2.7802391e-01   3.7595421e-01   3.4182585e-01   9.7332047e-03  -7.5275216e-03   2.7938804e-03
  -3.6336534e-01   7.3152953e-01   6.0307567e-01   1.7882574e-02  -1.0504639e-02   2.7600268e-03
  -3.4549816e-01   7.2644233e-01   8.5683037e-01   2.7752933e-02  -9.9152468e-03   3.6275362e-03
  -3.3516094e-01   1.4411066e-01   3.2513711e-01   1.7516422e-02  -9.4942790e-03   3.2500676e-03
  -3.2219753e-01   3.6033037e-01   2.3212320e-01   1.4097763e-02  -9.0061147e-03   3.7003667e-03
  -3.1512746e-01   3.5422413e-01   2.4375466e-01   1.1170968e-02  -8.8335210e-03   3.7400051e-03
  -2.9418440e-01   3.2610094e-01   2.0629373e-01   1.0946022e-02  -8.8505871e-03   3.5806414e-03
  -3.1718654e-01   1.5825452e-01   2.2671082e-01   1.1006769e-02  -9.2320520e-03   2.9415084e-03
  -3.2486512e-01   2.3098819e-01   2.4517190e-01   1.0525131e-02  -8.9085337e-03   2.8082583e-03
  -3.4089684e-01   2.4545912e-01   2.3944926e-01   1.0628437e-02  -8.9037288e-03   2.8282090e-03
  -3.3857470e-01   2.1176613e-01   2.3934988e-01   1.0151808e-02  -9.1544126e-03   2.7623561e-03
  -3.6534361e-01   2.2626957e-01   2.2980714e-01   9.5833333e-03  -9.3348158e-03   2.4327557e-03
  -3.9123106e-01   2.0777794e-01   2.6846804e-01   8.1398743e-03  -1.0095116e-02   1.9748438e-03
  -4.4606257e-01   3.5909028e-01   4.3839529e-01   7.6573425e-03  -1.1168939e-02   2.2496882e-03
  -5.7710804e-01   8.6170913e-01   6.3618014e-01   2.0840736e-02  -1.4345564e-02   2.5306856e-03
  -6.8802726e-01   4.6439636e-01   6.4836058e-01   2.2700279e-02  -1.4551904e-02   1.5631333e-03
  -6.2239850e-01   2.4505487e-01   4.9881629e-01   1.8069883e-02  -1.3374608e-02   1.5575970e-03
  -5.6727972e-01   3.9221814e-01   4.5602760e-01   1.5299514e-02  -1.2872687e-02   1.9266059e-03
  -5.6768632e-01   3.4769430e-01   4.3218052e-01   1.3875389e-02  -1.2511424e-02   1.7399226e-03
  -5.4088722e-01   2.6861622e-01   3.4336771e-01   1.0879396e-02  -1.0945431e-02   1.1955911e-03
  -5.2185764e-01   3.0666517e-01   2.6816827e-01   1.1935264e-02  -1.0431241e-02   1.1884504e-03
  -5.2162948e-01   2.3734017e-01   3.0411059e-01   9.8806797e-03  -1.0474248e-02   1.2040996e-03
  -4.8170522e-01   2.7851117e-01   2.5501869e-01   1.0042915e-02  -1.0113670e-02   9.5179000e-04
  -3.8990085e-01   6.6554580e-01   1.0904485e-01   1.7027546e-02  -1.0384562e-02   2.9600065e-03
  -3.7151867e-01   5.1285457e-02   9.9810859e-02   1.4438141e-02  -1.1052806e-02   5.6927673e-03
  -3.5833418e-01   2.2467877e-01   2.0252404e-01   1.3254547e-02  -1.1173407e-02   6.1375636e-03
  -3.3426263e-01   3.1934211e-01   1.9250332e-01   1.2927535e-02  -1.0731226e-02   6.0895432e-03
  -3.0450700e-01   3.0913266e-01   1.8053821e-01   1.2666596e-02  -1.0746467e-02   6.2288150e-03
  -3.0091837e-01   3.7149087e-01   1.4876113e-01   1.1622077e-02  -1.0585539e-02   5.9926321e-03
  -3.0076197e-01   2.0527733e-01   1.2969578e-01   1.2275810e-02  -1.0578859e-02   5.5819861e-03
  -3.3241813e-01   2.6445252e-01   1.5393837e-01   1.1275895e-02  -1.0668990e-02   4.5261192e-03
  -3.4931654e-01   5.5037181e-01   3.0854639e-01   1.0120169e-02  -1.0809589e-02   4.8577590e-03
  -3.4749490e-01   1.2050905e-01   2.7279563e-01   9.3420814e-03  -1.0501254e-02   4.9760749e-03
  -3.2834988e-01   6.4025963e-03   2.4242643e-01   9.4967671e-03  -1.1156525e-02   5.1939602e-03
  -3.1786298e-01   2.8917281e-01   2.2236320e-01   9.4399047e-03  -1.0600653e-02   5.1735265e-03
  -2.9624877e-01   8.4566382e-02   1.8112307e-01   1.0320868e-02  -1.0572282e-02   5.0835424e-03
  -2.9589447e-01   2.1185548e-01   1.9682902e-01   1.0424871e-02  -1.0522147e-02   4.9867742e-03
  -3.0025636e-01   2.0020794e-01   2.1224163e-01   1.0218301e-02  -1.0818676e-02   4.8795319e-03
  -3.3223945e-01   1.6646913e-01   2.0609653e-01   8.4802032e-03  -1.0253651e-02   4.0977561e-03
  -3.5226642e-01   1.3771044e-01   1.9859251e-01   7.6878277e-03  -1.0350200e-02   3.7975368e-03
  -3.4568699e-01   3.4989208e-01   2.1573626e-01   6.3627996e-03  -1.0436912e-02   4.1249292e-03
  -3.8806621e-01   4.5028019e-02   5.0168902e-02   5.6588964e-03  -1.0300699e-02   3.4611588e-03
  -4.1304747e-01  -3.0608889e-02   4.1172851e-02   5.9173823e-03  -1.1244025e-02   3.1909350e-03
  -4.1261059e-01   1.1058248e-01   7.7213466e-02   4.7391681e-03  -1.1026720e-02   3.1145782e-03
  -3.9911744e-01   2.1109678e-01   5.2492397e-02   3.1621505e-03  -1.0742141e-02   3.2349628e-03
  -3.9056588e-01   1.0474454e-02   1.4756180e-02   4.1273361e-03  -1.0792378e-02   3.2896834e-03
  -3.9624227e-01   5.5191685e-02   5.0443536e-02   4.6812399e-03  -1.0978195e-02   3.1529830e-03
  -3.8848222e-01   7.0775445e-02   4.1315929e-02   5.3878955e-03  -1.1172300e-02   3.3286331e-03
  -4.2243695e-01   6.6880760e-02   6.0817186e-02   3.7383209e-03  -1.1347993e-02   2.7038456e-03
  -4.2718137e-01   1.5104491e-02   8.4084776e-02   2.6049764e-03  -1.1417245e-02   2.6518612e-03
  -4.0884376e-01   4.4342916e-02   5.3634570e-02   2.2466882e-03  -1.1348430e-02   2.9945577e-03
  -4.0940472e-01   2.2439760e-01   2.3228346e-02   3.1960201e-04  -1.1484995e-02   3.1132122e-03
  -4.3240483e-01  -1.2948000e-01  -2.6100199e-02   2.5405465e-03  -1.1611696e-02   2.7961016e-03
  -4.4052182e-01  -8.3051309e-03   1.2984377e-02   3.0228237e-03  -1.1372880e-02   2.6817588e-03
  -4.4392381e-01   8.7306139e-02   2.6505840e-02   3.5618179e-03  -1.1538097e-02   2.6948749e-03
  -5.3508595e-01   4.9817016e-01   3.1064875e-01   3.7658488e-03  -1.2543457e-02   3.6210003e-03
  -6.2890617e-01   3.4028533e-01   4.8199877e-01   1.1806385e-02  -1.4643656e-02   4.0337984e-03
  -5.6153741e-01  -1.1926500e-01   2.8522414e-01   7.7601887e-03  -1.3645467e-02   2.9457280e-03
  -4.8732555e-01   1.1053648e-01   1.6654492e-01   5.0920293e-03  -1.1886279e-02   2.7600097e-03
  -4.8453844e-01   5.4344646e-02   1.4300697e-01   3.4286809e-03  -1.1901068e-02   2.3847094e-03
  -4.8431158e-01   6.2442903e-02   1.5526305e-01   3.2456780e-03  -1.1957475e-02   2.2627159e-03
  -4.8622572e-01   2.8567498e-02   1.6577978e-01   2.9837635e-03  -1.2185788e-02   2.0060857e-03
  -4.7315865e-01  -5.3576577e-02   1.6513049e-01   2.0792894e-03  -1.1538032e-02   1.9285775e-03
  -4.7883994e-01  -3.9039731e-02   1.6023223e-01   1.8907139e-03  -1.1559285e-02   1.8765653e-03
  -4.9198075e-01   2.6588466e-02   1.4336294e-01   2.2489879e-03  -1.1713070e-02   1.7231173e-03
  -4.9627357e-01   2.2416798e-02   1.1825890e-01   2.3239802e-03  -1.1691892e-02   1.6001022e-03
  -4.9056596e-01   6.5924688e-02   1.2026623e-01   1.6005314e-03  -1.1799561e-02   1.8927034e-03
  -5.5593181e-01   4.3918430e-01   2.7322832e-01   4.0890479e-03  -1.1832383e-02   1.6329920e-03
  -6.6343132e-01   8.2023002e-01   1.0040342e+00   1.9384311e-02  -1.4005098e-02   1.6489110e-03
  -6.5356561e-01   5.4115928e-02   1.0546966e+00   1.7418389e-02  -1.4868810e-02   2.9520910e-03
  -6.0264651e-01   2.1994006e-01   9.2364741e-01   1.4565576e-02  -1.4951513e-02   3.6354016e-03
  -5.7426411e-01   3.0875278e-01   8.9647485e-01   1.4085633e-02  -1.4702511e-02   3.9744507e-03
  -5.7068788e-01   3.3523999e-01   8.6782786e-01   1.2389844e-02  -1.4596820e-02   3.8789743e-03
  -5.6240345e-01   2.1818581e-01   8.5579001e-01   1.2053175e-02  -1.4820800e-02   3.6068095e-03
  -5.9106137e-01   2.2363898e-01   8.4407201e-01   1.1819140e-02  -1.5098879e-02   2.9397334e-03
  -6.1120018e-01   1.3056538e-01   7.8422390e-01   1.1271376e-02  -1.5178559e-02   2.3797124e-03
  -5.9116943e-01   4.4442259e-01   5.8098828e-01   1.3609597e-02  -1.4183941e-02   1.2620456e-03
  -4.1028295e-01   7.0564921e-01   2.8239840e-01   2.4000500e-02  -1.3927124e-02   5.2183260e-03
  -4.3860317e-01   2.0589758e-01   4.6059175e-01   1.9192920e-02  -1.5127141e-02   5.8813520e-03
  -4.2273683e-01   4.0497855e-01   4.7002069e-01   1.7454737e-02  -1.4805267e-02   5.6099155e-03
  -4.2820864e-01   3.6944926e-01   4.4497753e-01   1.5364116e-02  -1.4822867e-02   5.1297999e-03
  -4.6368223e-01   3.9117486e-01   4.6139070e-01   1.4748957e-02  -1.4652896e-02   4.3217343e-03
  -4.6418674e-01   4.2825991e-01   4.3444918e-01   1.1494969e-02  -1.4197412e-02   3.7420899e-03
  -3.9608161e-01   4.0410901e-01   2.8699722e-01   9.6321391e-03  -1.3195065e-02   4.3097866e-03
  -4.3096063e-01   1.7164982e-02   4.2844219e-01   1.1692915e-02  -1.4154921e-02   4.8302457e-03
  -4.2912443e-01   2.4860250e-01   4.8514578e-01   1.2008855e-02  -1.4222277e-02   5.0229130e-03
  -4.2380678e-01   2.3824377e-01   4.3913516e-01   1.2393066e-02  -1.4011284e-02   4.8442523e-03
  -4.2883957e-01   2.3908207e-01   4.1213483e-01   1.2084143e-02  -1.3829227e-02   4.4828925e-03
  -4.5259242e-01   2.3835086e-01   4.3835765e-01   1.0788431e-02  -1.3948200e-02   4.0732769e-03
  -4.4634323e-01   2.7599437e-01   4.6398377e-01   9.8006122e-03  -1.3971988e-02   4.2254152e-03
  -4.3067570e-01   3.7820049e-01   3.6923167e-01   9.4167556e-03  -1.3876612e-02   4.4090981e-03
  -4.5670131e-01   5.7930922e-02   3.4728228e-01   1.1492313e-02  -1.4192789e-02   4.3225150e-03
  -4.6401284e-01   2.4975779e-01   3.7835713e-01   1.1208909e-02  -1.3986710e-02   4.0774133e-03
  -5.1523096e-01   2.6274177e-01   3.8836865e-01   1.0167730e-02  -1.4483522e-02   3.4398483e-03
  -5.3891314e-01   2.1404642e-01   3.9168105e-01   9.0959407e-03  -1.4934500e-02   3.2046735e-03
  -4.9988688e-01   2.1191534e-01   3.9071286e-01   9.4617585e-03  -1.3978073e-02   3.7074496e-03
  -4.8705242e-01   2.1562605e-01   4.0214623e-01   8.9606398e-03  -1.4026384e-02   4.0396806e-03
  -4.5353426e-01   4.3340280e-01   2.8978925e-01   8.3747150e-03  -1.3357390e-02   4.1873291e-03
  -4.8513625e-01   7.1232215e-01   5.3031174e-01   1.8503471e-02  -1.5493063e-02   6.9341189e-03
  -3.9220656e-01   1.9871631e-01   5.1305828e-01   2.2391656e-02  -1.5139714e-02   9.0858262e-03
  -3.8152041e-01   3.5317215e-01   5.7571208e-01   1.9141977e-02  -1.4864229e-02   8.9844967e-03
  -3.6623501e-01   4.4088127e-01   5.4995719e-01   1.8266686e-02  -1.4553371e-02   8.8446043e-03
  -3.5558160e-01   5.0104343e-01   5.3924837e-01   1.7594951e-02  -1.4437727e-02   8.7913092e-03
  -3.5336776e-01   3.9431870e-01   5.4338997e-01   1.8829672e-02  -1.4274159e-02   8.8359350e-03
  -3.4525975e-01   4.0947950e-01   5.6120574e-01   1.8223606e-02  -1.4205276e-02   8.6962159e-03
  -3.4340506e-01   4.3380530e-01   5.4164890e-01   1.8241065e-02  -1.3922057e-02   8.5634395e-03
  -3.3599898e-01   4.9055738e-01   5.2523770e-01   1.5385351e-02  -1.3910225e-02   8.3952759e-03
  -2.9708044e-01   2.5912098e-01   4.9354513e-01   1.7823877e-02  -1.3629144e-02   8.6770745e-03
  -3.1477097e-01   3.2400562e-01   7.2709048e-01   1.4493710e-02  -1.3629858e-02   8.7178424e-03
  -2.8189234e-01   2.5585630e-01   5.7697345e-01   1.2559441e-02  -1.1935325e-02   8.0258145e-03
  -2.3517953e-01   3.9298829e-01   3.5929841e-01   1.3293954e-02  -1.1515581e-02   8.8393969e-03
  -1.3810740e-01   6.1111741e-01   2.7977542e-01   1.9713396e-02  -1.0868553e-02   8.5245982e-03
   1.7298390e-01   4.2917082e-01  -3.0348459e-01   3.0076070e-02  -1.0106512e-02   1.5600989e-02
   1.2095695e-01   9.3824964e-02   9.0798257e-02   1.7728478e-02  -1.0534107e-02   1.7325192e-02
   1.4964592e-01   3.4155076e-01   1.9632509e-01   1.6757682e-02  -1.0408753e-02   1.7524514e-02
   1.5842988e-01   3.7052212e-01   2.2612846e-01   1.5221480e-02  -1.0195160e-02   1.7401890e-02
   1.6016851e-01   3.4580925e-01   2.5823714e-01   1.3794548e-02  -1.0312812e-02   1.7071447e-02
   1.3596760e-01   2.5286134e-01   2.5608911e-01   1.3650502e-02  -9.6620571e-03   1.6108821e-02
   1.2617301e-01   3.1968178e-01   2.7078544e-01   1.2590642e-02  -9.4906167e-03   1.5741129e-02
   8.3129559e-02   5.3981567e-01   3.0151181e-01   1.1090496e-02  -1.0155261e-02   1.5516769e-02
   5.3349229e-02  -9.8673499e-02   8.7698042e-02   1.2135963e-02  -9.8570557e-03   1.4379418e-02
   1.4001278e-02   1.8604482e-01   1.7624820e-01   1.0311918e-02  -9.9447512e-03   1.3214952e-02
  -3.5058268e-02   2.0979328e-01   1.8620130e-01   8.5312512e-03  -1.0478740e-02   1.2218458e-02
  -4.3062364e-02   1.5963980e-01   1.9511018e-01   7.8501554e-03  -1.0767962e-02   1.1899910e-02
  -7.4649027e-02   2.7547972e-01   3.2425427e-01   7.7477941e-03  -1.2528796e-02   1.2902886e-02
  -1.2183080e-01   4.9250820e-01   3.5411193e-01   1.4066191e-02  -1.4139950e-02   1.3010971e-02
  -1.9916223e-01   4.2192133e-02   3.1483245e-01   1.5439971e-02  -1.4872045e-02   1.2330514e-02
  -2.3491325e-01   1.8420352e-01   3.6925055e-01   1.2482403e-02  -1.4634777e-02   1.1192013e-02
  -2.5808743e-01   1.8656174e-01   3.7361049e-01   1.0170597e-02  -1.4755594e-02   1.0288333e-02
  -2.2264676e-01   2.0720965e-01   3.9126361e-01   1.0617881e-02  -1.4391029e-02   1.1180287e-02
  -2.2282514e-01   2.0424217e-01   3.9695785e-01   1.0481851e-02  -1.4247705e-02   1.1389595e-02
  -1.8962004e-01   2.4258216e-01   3.7749663e-01   9.9913124e-03  -1.3927458e-02   1.1498051e-02
  -1.9671712e-01   1.2876368e-01   3.6870978e-01   1.0826231e-02  -1.4329977e-02   1.1592559e-02
  -1.6559219e-01   2.8384226e-01   3.4471348e-01   1.2837545e-02  -1.3439907e-02   1.1896913e-02
