   0.0000000e+00  -1.0550399e-14   0.0000000e+00   0.0000000e+00   0.0000000e+00  -4.3800271e-19
   3.1348337e-03   1.0528942e-01  -5.2376433e-03  -1.9048353e-04  -3.3503196e-04   1.2311277e-04
   1.6407745e-02   1.8243027e-02   8.1491409e-04   1.1891939e-04  -7.9813269e-04   5.6021108e-05
   2.0549465e-02  -6.9846625e-02  -3.8483068e-02   6.3113846e-04  -6.6066385e-04   1.6678778e-04
   2.2647071e-02   9.0845328e-02  -1.8138280e-02   4.0541358e-04  -6.5368665e-04   1.5266806e-04
   1.6907067e-02   1.9822420e-02   5.1769438e-02   3.4978051e-04  -1.8238523e-04   3.7620683e-04
   4.9259209e-02  -9.3920494e-02  -2.8048015e-02   6.6723997e-04  -3.1091086e-04   7.2037691e-04
   6.2455772e-02   9.3329860e-03  -2.5570131e-02   1.9008424e-04  -6.0714733e-04   9.3119180e-04
   4.4284004e-02  -2.8889087e-03  -1.4910258e-02   2.6482801e-04  -4.8485922e-04   5.4131788e-04
   3.2856428e-02  -1.8583946e-02   1.9207275e-02  -1.8637940e-05  -6.5714141e-04   1.2869331e-04
   2.2933493e-02  -6.4154999e-02  -9.3315147e-03   1.2338430e-04  -4.4997395e-04   3.8478208e-05
   2.9410349e-02   4.1815660e-02   1.0363664e-02  -1.8434118e-04  -4.6256723e-04   1.0946681e-04
   2.1144258e-02  -2.4691968e-02   2.4583422e-02  -1.2381318e-04  -3.6580434e-04  -1.4998262e-05
   2.0466495e-02  -4.0109091e-02   3.5534578e-03   3.2706408e-04  -4.0043451e-04   1.2565073e-04
   2.3368472e-02   5.1309266e-02   2.3101944e-05   8.3855451e-05  -4.0630781e-04   1.7758419e-04
   1.6813676e-02   2.5729348e-02   3.6956464e-02  -1.4619988e-04  -4.0224057e-04   2.3557817e-04
   1.1799623e-02  -5.9744219e-02   2.5229362e-02   1.0790264e-04  -5.3121788e-04   2.1694162e-04
   1.1290999e-02   5.3935595e-02   1.2326955e-02  -3.9571600e-04  -4.4212980e-04   2.7057826e-04
   1.4321692e-02  -3.5896387e-02   2.6532158e-02  -2.2784236e-04  -3.9401994e-04   2.5932273e-04
   9.4892115e-03  -3.5140149e-02   2.4451508e-02  -1.1575932e-04  -3.9551536e-04   3.2289655e-04
   2.1507495e-02  -6.6867320e-02   6.0200609e-03   1.1189660e-04  -5.3994707e-04   2.4321476e-04
   2.7283069e-02   1.9635583e-02   1.8235379e-02  -3.1485678e-04  -4.3311941e-04   2.8249214e-04
   2.4914691e-02  -2.7894527e-03   1.4412797e-02   1.8458547e-05  -5.0714742e-04   4.0782977e-04
   1.6843040e-02  -2.5768378e-02   8.2776902e-03   2.6292783e-05  -3.3105509e-04   3.7124276e-04
   1.3836914e-02   3.6306270e-02   1.2823246e-02  -4.4759221e-04  -3.2863406e-04   4.1926899e-04
   1.8305850e-02  -8.2344128e-03   2.2318303e-02  -3.1119154e-04  -3.2022824e-04   2.6602981e-04
   1.7514334e-02  -4.8140667e-03   1.4816680e-02  -9.4682987e-05  -3.6714309e-04   3.4305499e-04
  -1.1595535e-02  -6.0394811e-02   2.6763463e-02   4.1119392e-03   1.0619054e-03  -2.9807338e-03
  -1.3418874e-02  -1.4065389e-02   1.0693935e-02   3.1965824e-03   1.2272188e-03  -2.7282668e-03
   5.6507186e-02   4.0023278e-02  -1.9539889e-02   2.7871306e-04  -1.5929607e-03   4.3265251e-04
   5.0008670e-02  -4.0843546e-02   5.7206969e-03   1.7678043e-04  -1.0475648e-03   4.7360203e-04
   5.8626947e-02  -2.5263416e-02   2.0635306e-03   9.6510042e-04  -1.2520082e-03   1.0139607e-03
   6.7256892e-02  -8.1810557e-02  -8.7494287e-03   9.8526337e-04  -1.3818632e-03   1.2614582e-03
   6.5414683e-02  -6.6452038e-02   1.8216241e-02   5.2567994e-04  -1.4600669e-03   7.6855184e-04
   5.5388006e-02  -5.9538279e-02   1.1943801e-02   5.8911536e-04  -1.3157974e-03   6.2963266e-04
   4.6075689e-02  -5.5186316e-02   1.1773789e-02   7.4713344e-04  -1.3465155e-03   4.6111787e-04
   4.7579833e-02  -3.9205261e-03   4.2158859e-02  -6.3980765e-05  -1.2822448e-03   4.2652726e-04
   4.7462846e-02  -5.2727730e-02   2.8587650e-02   5.3730850e-05  -1.2528703e-03   4.8140798e-04
   5.1415823e-02  -2.7284727e-02  -2.1122292e-03   6.3676526e-04  -1.2429377e-03   6.5766190e-04
   5.1958971e-02  -5.1525560e-02   6.7485888e-03   7.2861892e-04  -1.2864132e-03   4.6738892e-04
   4.7191290e-02  -1.0657371e-03   2.6637371e-03   4.9354574e-04  -1.3457633e-03   5.0085483e-04
   4.7852903e-02  -1.6486670e-02   2.2959743e-02   2.8964787e-04  -1.3985973e-03   5.1503395e-04
   4.5676132e-02   2.2181995e-02   3.4244937e-02  -2.7258644e-04  -1.3614055e-03   4.5450081e-04
   5.0214886e-02  -7.7459679e-02   2.2699651e-02   3.6036209e-04  -1.4219881e-03   5.0993932e-04
   5.1020442e-02   7.4399650e-03  -4.4093194e-03   3.2876089e-04  -1.4252325e-03   5.5199247e-04
   4.5232460e-02  -1.3622734e-02   2.9504881e-02   8.5375283e-05  -1.3807007e-03   3.3731731e-04
   4.5439523e-02  -1.9664528e-02   2.1963346e-02  -8.2131528e-05  -1.3842380e-03   4.8482096e-04
   6.5598668e-02  -5.1086432e-02   3.6548381e-02   9.7804609e-05  -1.5200178e-03   6.9672999e-04
   6.3735356e-02  -1.4303519e-02   2.9946286e-02  -3.5750247e-04  -1.5453760e-03   6.3389081e-04
   5.7542708e-02   9.2784849e-03   2.9168956e-02  -1.7514489e-04  -1.7007606e-03   6.9314809e-04
   4.9765596e-02   2.0857767e-03   4.1308867e-02  -1.2850547e-04  -1.6323056e-03   6.3654736e-04
   6.2460911e-02  -7.3874229e-02   3.5261874e-02   1.7787297e-04  -1.6152253e-03   7.2562928e-04
   6.1233796e-02   2.9114036e-02   1.6910268e-02  -2.3049231e-04  -1.6268001e-03   6.9298619e-04
   6.1459592e-02   1.9564981e-03   3.2679278e-02   2.5763346e-04  -1.4463201e-03   6.3981198e-04
   6.1174246e-02  -3.1886674e-02   5.1716564e-02  -7.5188237e-05  -1.7139384e-03   7.8031809e-04
   9.3853808e-02  -3.8062993e-02   7.1337554e-02  -7.1734943e-05  -2.3894873e-03   1.3713757e-03
   9.1016244e-02   2.4619765e-02   4.6618853e-02  -2.5019078e-04  -2.2038545e-03   1.3443485e-03
   9.3211631e-02  -5.2437253e-02   7.1825835e-02  -3.3488218e-04  -2.3180000e-03   1.3848611e-03
   9.6760864e-02  -1.9582552e-02   6.7636474e-02  -4.5944290e-04  -2.3492963e-03   1.4463341e-03
   9.8726008e-02  -6.3279893e-02   5.3066482e-02  -5.8532749e-05  -2.3098158e-03   1.5335635e-03
   8.9996341e-02   8.6848616e-03   3.6856415e-02  -1.2533321e-04  -2.3412679e-03   1.3719794e-03
   9.9679071e-02   2.4634771e-02   5.9264897e-02  -3.3596874e-04  -2.4080236e-03   1.4908734e-03
   8.7254200e-02  -4.6906487e-02   5.4101440e-02  -2.0155350e-04  -2.3589811e-03   1.4456617e-03
   8.8259678e-02  -2.4336633e-02   5.8466098e-02  -3.2284786e-04  -2.3525403e-03   1.4276243e-03
   9.5430325e-02  -6.6876558e-02   6.1932751e-02  -2.4115631e-05  -2.4008556e-03   1.4514786e-03
   8.7980785e-02  -1.7442898e-02   5.3090782e-02  -1.6459762e-04  -2.2682545e-03   1.5736623e-03
   8.3180869e-02  -1.4959354e-02   5.8963394e-02  -1.7224482e-04  -2.2947486e-03   1.5676532e-03
   9.6344082e-02  -5.2556531e-02   6.2733933e-02  -2.8971590e-04  -2.4286281e-03   1.5839690e-03
   9.3993189e-02  -3.9392411e-02   3.3174887e-02   7.8930954e-04  -2.3613943e-03   1.4229009e-03
   9.4014558e-02  -3.2200886e-02   3.7797435e-02   5.2893403e-04  -2.5675926e-03   1.5687259e-03
   9.5132558e-02  -6.5711802e-02   3.4633936e-02   1.0799114e-03  -2.3556005e-03   1.5637155e-03
   9.8449373e-02   2.9742531e-02   5.1567029e-02   8.8443423e-05  -2.5699813e-03   1.6179441e-03
   9.2801565e-02   2.9845099e-02   6.0056660e-02   7.7860254e-05  -2.9006993e-03   1.7481340e-03
   9.0651518e-02  -9.8535790e-02   4.1869183e-02  -3.0984566e-05  -2.8521126e-03   1.6247916e-03
   9.2705388e-02  -1.1662613e-01   4.0764147e-02   4.6863755e-04  -2.7529686e-03   1.6439570e-03
   9.2853455e-02  -1.0486858e-02   4.8487510e-02   4.5885079e-05  -2.7178721e-03   1.6785600e-03
   8.7570027e-02  -2.1276124e-03   6.8458113e-02  -3.1066537e-04  -2.6857939e-03   1.4507344e-03
   7.8952406e-02  -2.5321178e-02   7.0244002e-02  -5.8628416e-04  -2.6104348e-03   1.5644822e-03
   8.9238236e-02  -3.6521982e-02   5.4403884e-02  -1.1310532e-04  -2.7181000e-03   1.6593732e-03
   8.6816111e-02  -1.0194327e-02   4.8804013e-02  -3.3359018e-04  -2.6265000e-03   1.7453275e-03
   8.4622965e-02  -2.8753959e-03   7.0522895e-02  -2.9280026e-04  -2.6325850e-03   1.6302049e-03
   8.1548760e-02  -1.2208845e-02   5.9591767e-02  -3.2092023e-04  -2.6932521e-03   1.7320657e-03
   8.0199638e-02  -6.0841862e-02   6.0684282e-02   1.8428512e-05  -2.7739465e-03   1.8301273e-03
   8.4432773e-02  -1.7497231e-02   4.2354853e-02  -2.6521647e-04  -2.7041199e-03   1.6901123e-03
   8.8351846e-02   1.9759793e-03   4.8383252e-02  -3.4876292e-04  -2.7264217e-03   1.6037777e-03
   9.6170937e-02  -3.4052845e-02   6.0889198e-02  -2.8770746e-04  -2.7071447e-03   1.8100851e-03
   9.8651928e-02  -7.3187030e-02   5.5535816e-02  -6.0199336e-05  -2.6743816e-03   1.9574793e-03
   1.0589683e-01  -3.6519176e-02   4.9571293e-02  -1.2277636e-04  -2.7554466e-03   2.2108004e-03
   1.0068415e-01  -2.2423439e-02   5.4590629e-02   2.1819843e-04  -2.4816136e-03   2.0344537e-03
   9.9035724e-02  -2.6278547e-02   7.3887892e-02  -4.4892809e-04  -2.6941561e-03   1.9782393e-03
   8.4965134e-02  -1.0905616e-02   7.2854157e-02  -2.8579331e-04  -2.6136082e-03   1.6416717e-03
   9.1141592e-02  -5.6861080e-02   6.4015738e-02  -1.5920925e-04  -2.8549770e-03   1.6693742e-03
   8.6035553e-02   8.7749724e-03   4.9735765e-02  -4.9723767e-04  -2.9065910e-03   1.5797347e-03
   8.6478010e-02  -5.3075041e-02   6.7836881e-02  -4.9878036e-04  -2.9722221e-03   1.5651418e-03
   8.2574406e-02  -2.7198254e-02   6.2536020e-02  -6.0190312e-04  -2.9704332e-03   1.4215742e-03
   8.3767630e-02  -3.1749937e-02   6.0158819e-02  -1.8676797e-04  -2.7626988e-03   1.3907197e-03
   8.6988022e-02  -1.5520483e-02   7.3599332e-02  -7.0271500e-04  -2.9432712e-03   1.5069497e-03
   8.0971708e-02   3.6766240e-02   1.1690457e-01  -1.1742634e-03  -2.9805352e-03   1.2923201e-03
   8.2119800e-02  -1.8306697e-02   1.0933562e-01  -9.4779866e-04  -2.9418504e-03   1.4830937e-03
   7.3674770e-02  -4.8602966e-02   9.9865759e-02  -7.8101849e-04  -2.9177636e-03   1.3535357e-03
   7.2841331e-02  -3.9358890e-02   1.2552614e-01  -9.7728032e-04  -3.0944871e-03   1.4156479e-03
   6.0858217e-02   8.6729561e-03   1.2984394e-01  -1.2787435e-03  -2.7958882e-03   1.3586277e-03
   5.4845864e-02   1.4293284e-02   1.1104643e-01  -9.6387367e-04  -2.5776843e-03   1.3053858e-03
   4.9358474e-02  -1.4433201e-02   1.2941068e-01  -1.1031130e-03  -2.8068527e-03   1.4027880e-03
   4.1038166e-02  -1.2696346e-02   1.2823343e-01  -1.0591722e-03  -2.7541100e-03   1.3355562e-03
   4.9245605e-02  -4.6822065e-02   1.1863318e-01  -8.0555053e-04  -2.6617087e-03   1.3835558e-03
   5.4822487e-02  -1.2003156e-02   1.3472095e-01  -1.1343273e-03  -3.0363853e-03   1.3427994e-03
   5.1339291e-02   4.0274907e-03   1.4214546e-01  -1.3971351e-03  -3.1349870e-03   1.2357409e-03
   4.4446898e-02  -2.2071597e-02   1.5821882e-01  -1.5764024e-03  -3.2426718e-03   1.3555102e-03
   5.3936028e-02  -7.8878195e-02   1.3617712e-01  -5.4635358e-04  -3.2161515e-03   1.6245639e-03
   5.7408686e-02   5.1630299e-02   1.1158838e-01  -5.0893865e-04  -3.2640043e-03   1.6392230e-03
   5.1252714e-02  -6.7338361e-02   1.5724467e-01  -1.0191677e-03  -3.2059246e-03   1.5010384e-03
   4.3721121e-02  -6.2636520e-02   1.4097453e-01  -7.2412330e-04  -3.1483475e-03   1.6264584e-03
   4.1958935e-02  -1.9477213e-02   1.4202046e-01  -1.0435596e-03  -3.2914750e-03   1.5866697e-03
   4.3586525e-02  -7.4756898e-03   1.6559547e-01  -1.3185162e-03  -3.2350991e-03   1.6068938e-03
   4.1173116e-02  -3.3018601e-02   1.6997185e-01  -1.1333318e-03  -3.1864023e-03   1.6111032e-03
   3.3897059e-02  -6.0706556e-02   1.7314879e-01  -1.1223509e-03  -3.1631591e-03   1.6313847e-03
   3.2034156e-02  -4.8373495e-02   1.7297198e-01  -1.1381629e-03  -3.1748844e-03   1.6476980e-03
   2.7294968e-02  -4.5992162e-02   1.5045384e-01  -1.4600748e-04  -3.1191888e-03   1.2459497e-03
   3.3130799e-02   1.0873043e-02   1.1551482e-01  -5.6070155e-04  -3.3726796e-03   1.3122006e-03
   4.7718923e-02   8.1492922e-02   1.3416353e-01  -8.7888238e-04  -3.6609842e-03   1.8885800e-03
   2.8043181e-02  -1.4716386e-01   1.0786234e-01   4.8699565e-04  -3.6175923e-03   1.4654973e-03
   9.6328938e-02   2.9842348e-01   4.1533423e-02   9.8364895e-04  -3.7854883e-03   3.4316633e-03
   1.5489776e-01  -3.0019592e-01  -2.2046656e-01   2.8323223e-03  -4.6673852e-03   3.7642720e-03
   1.2722565e-01  -2.8146131e-01  -1.5780491e-01   1.7344360e-03  -3.6893354e-03   2.0265342e-03
   1.2332853e-01  -8.2350241e-02  -1.4752157e-01   2.1726951e-03  -3.5628451e-03   1.7770703e-03
   1.1567765e-01  -7.2525385e-02  -1.4885242e-01   3.3513541e-03  -3.3516597e-03   1.6798906e-03
   1.1197143e-01   6.9190189e-02  -1.0308806e-01   2.2798964e-03  -3.3986665e-03   1.7808148e-03
   1.1302587e-01  -8.1663190e-02  -1.1328883e-01   2.3406452e-03  -3.2981770e-03   1.7167029e-03
   1.1158762e-01   3.9281087e-02  -7.7008103e-02   1.6743577e-03  -3.3794533e-03   1.4071779e-03
   1.1921864e-01  -6.8333379e-02  -7.6037278e-02   1.7441315e-03  -3.7996027e-03   1.5706404e-03
   1.1908619e-01   4.2889363e-02  -7.9208066e-02   9.1874601e-04  -3.8710756e-03   1.6365406e-03
   1.1347428e-01  -7.0371301e-02  -6.0977096e-02   9.9621965e-04  -3.9087853e-03   1.7770580e-03
   1.1890497e-01  -9.5511120e-02  -9.5845535e-02   1.5786234e-03  -3.9285407e-03   1.8187533e-03
   1.2959182e-01   9.3595341e-03  -5.9497155e-02   1.1776910e-03  -3.9628196e-03   1.7389544e-03
   1.2560204e-01  -7.9459610e-02  -4.8946150e-02   1.1358337e-03  -4.0342588e-03   1.6202968e-03
   1.2177742e-01  -9.0002639e-02  -7.9295774e-02   1.3290280e-03  -4.2232400e-03   1.2687026e-03
   1.3074875e-01   1.3558985e-02  -7.1225417e-02   1.1683219e-03  -4.0609653e-03   1.4070679e-03
   1.3286743e-01  -2.8547071e-02  -6.4508394e-02   1.3650020e-03  -3.8063708e-03   1.4378012e-03
   1.4691564e-01  -1.1251724e-01  -6.2113266e-02   1.9216720e-03  -4.1185742e-03   1.4342726e-03
   1.4165908e-01   2.0169333e-02  -7.8375968e-02   1.4689537e-03  -4.0853055e-03   1.4041467e-03
   1.3631522e-01   5.3063529e-04  -7.2592018e-02   1.2560497e-03  -4.2843038e-03   1.5799607e-03
   1.3834640e-01  -7.6693236e-02  -5.9640724e-02   1.2354332e-03  -4.2218013e-03   1.6945806e-03
   1.4445400e-01  -8.0441275e-02  -7.2429761e-02   1.6744441e-03  -4.2298521e-03   1.5846562e-03
   1.5128997e-01   6.8127250e-02  -6.3204365e-02   9.5120601e-04  -4.4539426e-03   1.1930596e-03
   1.2644735e-01  -7.3070851e-02  -7.6156453e-02   2.0244312e-03  -4.2182103e-03   9.9191164e-04
   1.6609815e-01  -4.5088615e-02  -6.9696153e-02   1.4208647e-03  -4.6678426e-03   1.8282231e-03
   1.6551757e-01  -8.5418688e-02  -7.6092009e-02   1.7540593e-03  -4.5214624e-03   1.8352772e-03
   1.6088032e-01  -3.4668561e-02  -6.3465187e-02   1.3288423e-03  -4.3837387e-03   1.9390207e-03
   1.7030268e-01  -2.1856295e-02  -3.3749524e-02   1.1077690e-03  -4.6426787e-03   2.3331121e-03
   1.6228951e-01  -1.0304254e-01  -3.9135837e-02   1.8099416e-03  -4.4370495e-03   2.4594694e-03
   1.5921099e-01  -6.0985430e-02  -6.5804332e-02   1.9485575e-03  -4.5121969e-03   2.3886922e-03
   1.4849702e-01  -4.9508087e-02  -5.4115767e-02   2.1923137e-03  -4.3492641e-03   2.6619763e-03
   1.3356421e-01  -1.0295718e-01  -2.1454711e-02   2.7395128e-03  -4.3721106e-03   2.8219017e-03
   1.2270396e-01  -1.4624478e-01  -3.8601249e-02   3.0287215e-03  -4.3428398e-03   2.9658349e-03
   1.1393932e-01  -7.8949810e-02  -1.4006144e-02   2.4989704e-03  -4.2540644e-03   2.8980323e-03
   1.1568211e-01  -1.3429112e-01   2.0588173e-03   3.9278649e-03  -4.5212405e-03   3.2182777e-03
   1.0524662e-01  -1.1629604e-01  -6.9051185e-03   3.3182193e-03  -4.4650852e-03   2.9458401e-03
   9.2223077e-02  -9.5110942e-02  -1.9716205e-02   2.6006707e-03  -4.4421318e-03   2.8863575e-03
   8.5081952e-02  -7.1767196e-02   6.0361031e-04   2.4454146e-03  -4.5188233e-03   2.5880518e-03
   8.4595768e-02  -7.4170785e-02   3.4434540e-02   2.0793878e-03  -4.7960877e-03   2.5007497e-03
   8.3249345e-02  -7.4975091e-02  -1.7823452e-02   2.4386085e-03  -5.0127966e-03   2.6310794e-03
   7.9089011e-02  -6.6455241e-02   1.7210983e-03   2.2737694e-03  -4.6991726e-03   2.4810276e-03
   9.7865760e-02  -1.3716741e-01   1.2233677e-02   2.2113690e-03  -4.8669573e-03   2.6295813e-03
   8.6019413e-02  -7.6989865e-02   3.9401152e-03   2.2128990e-03  -4.8580455e-03   2.6978576e-03
   8.8517979e-02  -1.1723651e-01  -2.3142999e-03   2.3711163e-03  -5.0873247e-03   2.6429769e-03
   8.8659083e-02   8.3465163e-03   1.7757044e-02   1.7625050e-03  -5.0664035e-03   2.5192852e-03
   8.5836959e-02  -4.7549026e-02   1.8566024e-02   1.9886517e-03  -4.9483584e-03   2.2649775e-03
   8.1005285e-02  -8.7983766e-02   1.8129752e-02   2.1511507e-03  -4.8392614e-03   2.5485255e-03
   8.6416785e-02  -1.6931590e-01   1.5326595e-02   2.1361020e-03  -5.0303167e-03   2.4200439e-03
   7.9195939e-02  -4.8451760e-02   7.5618801e-03   1.7595500e-03  -5.0136018e-03   2.4606549e-03
   9.2285923e-02  -5.6053006e-02   2.8312802e-02   1.5532131e-03  -5.1472719e-03   2.4411161e-03
   9.3272855e-02  -4.1614679e-02   2.4838630e-02   1.2712038e-03  -5.0588282e-03   2.4696038e-03
   9.7835382e-02  -1.5623228e-01  -8.1697372e-03   2.0848150e-03  -5.0249615e-03   2.5729272e-03
   9.2591898e-02  -1.6931734e-02   1.6353319e-02   1.4182633e-03  -4.9786822e-03   2.6435124e-03
   8.9489343e-02  -5.1524961e-02   2.5137775e-02   1.4109652e-03  -4.9766747e-03   2.4090486e-03
   9.5918020e-02  -1.4736821e-01   9.7369792e-03   1.8781376e-03  -5.1662664e-03   2.5219712e-03
   8.8269194e-02  -2.4838099e-02   1.4670538e-03   1.7245686e-03  -5.2679823e-03   2.6858883e-03
   8.5505275e-02  -7.5904417e-02   2.4216076e-02   1.7345412e-03  -5.0819823e-03   2.4883774e-03
   9.3981519e-02  -9.8205253e-02   2.0284988e-02   1.6602579e-03  -5.1438049e-03   2.5095750e-03
   8.9807284e-02  -8.1225303e-02   4.1255627e-03   1.7878555e-03  -5.1787599e-03   2.3920320e-03
   8.5278410e-02  -5.1750609e-02   1.3083300e-02   1.5567113e-03  -5.0569429e-03   2.4459700e-03
   8.8133933e-02  -9.0203633e-02   2.7222482e-02   1.2748951e-03  -5.1513669e-03   2.4690789e-03
   8.9796978e-02  -1.7714472e-01  -2.1826048e-04   2.1968202e-03  -5.2661125e-03   2.5573045e-03
   9.0231645e-02   1.8826467e-02   2.1796826e-02   1.4511169e-03  -5.2766107e-03   2.5060671e-03
   8.8912939e-02  -1.1638373e-01   2.3504961e-02   1.8750031e-03  -5.1133559e-03   2.6135479e-03
   8.9171018e-02  -1.3138894e-01   1.8813003e-03   1.8283464e-03  -5.2279378e-03   2.6392405e-03
   8.3108690e-02  -3.1174300e-02   2.4745795e-02   1.5096299e-03  -5.4310553e-03   2.5511696e-03
   8.5903816e-02  -8.6739812e-02   1.0568186e-02   1.9347499e-03  -5.3741776e-03   2.5284557e-03
   9.5133074e-02  -1.1650494e-01  -2.5200005e-03   1.7324249e-03  -5.3914401e-03   2.4594018e-03
   9.5925821e-02  -5.6306771e-03   1.3777370e-02   1.2540450e-03  -5.4490263e-03   2.5423647e-03
   9.2922891e-02  -1.3223768e-01   3.9078912e-03   2.0013880e-03  -5.3356682e-03   2.6328092e-03
   9.6893275e-02  -1.1148571e-01  -1.4030447e-02   1.8444404e-03  -5.2200815e-03   2.5032768e-03
   6.9252379e-02  -1.8833883e-02   7.7466202e-03   1.5259406e-03  -5.6442909e-03   2.4737821e-03
   7.2817580e-02  -1.5091579e-01   2.5248945e-02   1.7587162e-03  -6.0225179e-03   2.3222130e-03
   7.7338221e-02   4.4169860e-03   1.1456631e-02   9.6834082e-04  -5.7903283e-03   2.1618362e-03
   7.2153775e-02  -1.2694758e-01  -2.5572380e-02   2.3131644e-03  -5.0197420e-03   2.0519383e-03
   9.2551910e-02   1.1016824e-02   1.4607399e-02   1.2745145e-03  -5.6939743e-03   2.4341501e-03
   7.9639153e-02  -5.1449665e-02   2.0589567e-02   1.2587041e-03  -5.7976482e-03   2.1815644e-03
   9.0343948e-02  -7.5978627e-02  -7.6183193e-03   1.9328045e-03  -5.7190698e-03   2.5736994e-03
   1.0245213e-01  -3.5968369e-02  -2.4645014e-02   1.7036817e-03  -5.8445468e-03   2.8471788e-03
   9.5250112e-02  -6.5026043e-02  -2.1777248e-03   1.7840095e-03  -5.9082263e-03   2.5989498e-03
   8.7930518e-02  -8.3476701e-02  -4.4053711e-03   2.1602176e-03  -5.5286594e-03   2.5349388e-03
   1.0760950e-01  -1.0599988e-01  -1.5075179e-02   1.9580142e-03  -5.7783614e-03   2.7030247e-03
   1.1332505e-01  -2.5238755e-02   8.1751264e-03   1.3399587e-03  -5.8631449e-03   2.6287184e-03
   1.0514828e-01  -5.2441097e-02   5.2546035e-03   1.2188108e-03  -5.6486912e-03   2.5681099e-03
   1.1059846e-01  -1.2055030e-01  -2.6666531e-02   1.7793440e-03  -5.7995865e-03   2.5088734e-03
   1.0690236e-01  -4.7120265e-03  -3.2375658e-02   1.6553341e-03  -5.8081609e-03   2.3630385e-03
   1.2230609e-01  -7.6389342e-03  -2.1443529e-02   1.9185585e-03  -5.7558911e-03   2.7809911e-03
   1.2824580e-01  -2.5507832e-02  -6.5846543e-03   1.5450354e-03  -5.9166328e-03   2.8044514e-03
