   0.0000000e+00   0.0000000e+00  -7.1054274e-15   0.0000000e+00   0.0000000e+00   0.0000000e+00
   1.1930708e-01  -1.3893572e-02   2.4156700e-02  -8.5602748e-04   1.4755699e-03   1.7713937e-03
   1.4191700e-01  -7.4737894e-02  -3.0416225e-02  -5.4303831e-04   1.5073605e-03   3.1952540e-03
   1.6767156e-01  -9.9289954e-02   3.8920594e-03  -1.6427177e-03   1.4522277e-03   3.9830409e-03
   1.9441323e-01  -7.3628917e-02   3.1010665e-02  -1.7758362e-03   2.0453083e-03   4.2488217e-03
   2.0785701e-01  -1.6623626e-01  -3.9426747e-03  -2.1084608e-03   2.2476650e-03   4.5452679e-03
   2.2451640e-01  -3.9708851e-01  -1.3626351e-01   3.4601199e-03   2.8651741e-03   5.3765446e-03
   2.4174747e-01   8.4592514e-02  -1.0443774e-03   1.6019562e-03   3.6801486e-03   4.8342330e-03
   2.2681421e-01  -1.2577863e-01  -6.0823070e-02   1.4267067e-03   3.3839965e-03   4.9474043e-03
   2.4647777e-01  -9.3447910e-02  -4.8232927e-02   7.3267641e-04   3.2957072e-03   5.2914236e-03
   2.2278804e-01  -6.4933090e-02  -3.4275937e-03   1.3484874e-03   3.2873456e-03   5.0840880e-03
   2.4334027e-01  -1.7250120e-01  -2.3100537e-03   1.7291277e-03   3.5022372e-03   5.3122049e-03
   2.3757486e-01  -7.1941490e-02   1.9857667e-02   1.6999603e-03   3.3377456e-03   5.1744907e-03
   2.2786681e-01  -1.0276011e-01   7.8893004e-03   1.8185141e-03   3.2009010e-03   4.9304777e-03
   2.4706015e-01  -7.3142888e-02   3.2722197e-02   1.6117213e-03   3.7722270e-03   5.4202450e-03
   1.9533461e-01   4.4952203e-02   1.6122835e-01   2.0443972e-03   3.5539349e-03   4.4494108e-03
   2.0439636e-01  -1.9180435e-01   9.1809100e-02   3.0203895e-03   4.1307180e-03   5.2785329e-03
   2.1995467e-01  -1.6459143e-01   1.1818722e-01   1.5235992e-03   4.6453454e-03   5.6177528e-03
   2.4158534e-01  -1.2353996e-01   1.3140057e-01   2.2275645e-03   4.4778254e-03   5.5818332e-03
   2.2259589e-01  -8.0814420e-02   1.5976581e-01   4.1067559e-03   5.1403119e-03   4.7411957e-03
   2.3618942e-01  -2.7490094e-01   1.4211826e-01   2.1504727e-03   5.3497353e-03   5.4401275e-03
   2.5671879e-01  -1.7782852e-01   1.1829540e-01   2.2793433e-03   5.4607292e-03   5.5812669e-03
   2.5599365e-01  -1.2498492e-01   1.0063612e-01   1.9330598e-03   5.2494199e-03   6.3610580e-03
   2.3276782e-01  -1.0776741e-01   1.4885043e-01   1.5852618e-03   5.1351864e-03   6.2673906e-03
   2.4322093e-01  -1.5373151e-01   1.3538694e-01   1.1373850e-03   5.3514606e-03   6.1180149e-03
   2.6758269e-01  -1.6626765e-01   1.2644912e-01   1.1486356e-03   5.5913821e-03   6.2264308e-03
   2.8073415e-01  -1.1848520e-01   1.0056521e-01   1.1122742e-03   5.9880054e-03   6.5212421e-03
   2.8340912e-01  -1.7378975e-01   7.4957772e-02   7.8102414e-04   5.9509375e-03   6.2150182e-03
   4.1887557e-01  -1.2919015e-01   3.7312011e-02   2.3638946e-03   5.3599159e-03   7.8615194e-03
   3.5170011e-01  -3.3815899e-01  -8.5108594e-02  -3.2383799e-04   4.6952145e-03   6.8135732e-03
   3.5188838e-01  -3.0232295e-01  -5.6144255e-02   1.6753186e-03   5.5251741e-03   7.8931770e-03
   3.9504896e-01  -2.3965930e-01  -1.2567830e-02   2.2969921e-03   6.0851938e-03   8.9091467e-03
   3.8349177e-01  -1.7966582e-01   2.8123968e-02   2.2117403e-03   6.7095248e-03   9.0457599e-03
   4.0238099e-01  -3.5815692e-01  -3.6955858e-02   2.5024038e-03   6.5945399e-03   9.0187745e-03
   4.0153505e-01  -2.8551544e-01  -4.7750812e-02   2.0928988e-03   7.0583706e-03   8.8179599e-03
   3.9209382e-01  -2.5293078e-01  -6.9031071e-02   2.3445230e-03   6.6403541e-03   9.1893932e-03
   3.8395609e-01  -2.7649021e-01  -5.4654304e-02   2.3603145e-03   7.0007393e-03   9.0492612e-03
   3.9256343e-01  -2.6625986e-01  -3.6759413e-02   1.9381131e-03   6.9491018e-03   9.1900114e-03
   4.0070713e-01  -2.1677193e-01  -4.4669657e-02   1.9216624e-03   7.1448705e-03   9.0126672e-03
   4.1952992e-01  -2.0552991e-01  -2.0985712e-02   2.4533924e-03   7.3435838e-03   9.1677981e-03
   4.2638826e-01  -3.0093810e-01  -3.8497284e-02   1.9556784e-03   7.4530953e-03   8.9058764e-03
   4.2101429e-01  -2.1786036e-01  -5.0565447e-02   2.0255198e-03   7.4647691e-03   8.8716117e-03
   4.2185984e-01  -1.3128792e-01   3.1343878e-02   2.7786257e-03   7.3597193e-03   8.7565481e-03
   4.0912227e-01  -1.9820209e-01   1.8982733e-02   1.9632470e-03   7.5570981e-03   8.6881278e-03
   3.8994732e-01  -1.9599791e-01   3.2222269e-02   1.9298306e-03   7.4809005e-03   8.7927020e-03
   3.8435092e-01  -7.4085916e-02   7.3308584e-02   2.2707327e-03   7.7241486e-03   8.1744569e-03
   3.9696930e-01  -3.1113832e-01   3.2795236e-02   2.3229782e-03   8.0507259e-03   8.9393353e-03
   4.1245780e-01  -2.5028295e-01   7.9743342e-03   2.0348939e-03   7.9673505e-03   9.2088658e-03
   4.1550009e-01  -1.9421541e-01   5.1390770e-03   1.8204068e-03   7.5091800e-03   9.5714049e-03
   4.2502940e-01  -1.7663671e-01   2.0552421e-02   1.9806086e-03   7.3773194e-03   9.6790301e-03
   4.6147760e-01  -2.3291398e-01   9.7756660e-03   1.9030897e-03   7.2600910e-03   9.9580993e-03
   4.4910404e-01  -2.4874698e-01   1.4218370e-02   1.7555803e-03   7.5592292e-03   1.0098954e-02
   4.5480045e-01  -1.7015141e-01   1.5681726e-02   1.8491600e-03   7.4700732e-03   1.0950054e-02
   4.6357497e-01  -2.2940755e-01   1.2791883e-02   1.4593054e-03   7.3615745e-03   1.0174480e-02
   4.5095184e-01  -1.5083520e-01   4.9884369e-02   2.1457951e-03   7.4330039e-03   1.0087657e-02
   4.5439868e-01  -2.4196864e-01   2.1673540e-01   6.9065172e-03   7.1246729e-03   9.7136627e-03
   4.5683742e-01  -2.6505529e-01   9.5149439e-02   3.0813838e-03   5.9308633e-03   1.0722178e-02
   3.8302036e-01  -1.5482091e-01   1.1699502e-01   2.0352197e-04   6.2115268e-03   1.0676724e-02
   4.2126749e-01  -2.1834104e-01   2.9317701e-02   1.6003945e-04   6.4183809e-03   1.1338475e-02
   4.2627612e-01  -1.5845957e-01   8.3666969e-02   4.9870330e-04   6.7110043e-03   1.1240200e-02
   4.9777712e-01  -2.0868660e-01   4.1517539e-02   3.1980759e-03   6.0642335e-03   1.1183845e-02
   4.9967470e-01  -1.4990890e-01   2.2324948e-02   4.0567763e-03   6.4771767e-03   1.0844560e-02
   4.8210505e-01  -2.0894431e-01   1.2180862e-02   4.0698107e-03   6.7066343e-03   1.0434718e-02
   4.6154753e-01  -2.4757424e-01  -1.8598665e-03   4.4387630e-03   6.5754139e-03   1.0269743e-02
   4.6244699e-01  -1.5412211e-01   5.3017944e-02   3.8228823e-03   6.6374322e-03   1.0092128e-02
   4.7201707e-01  -1.5975341e-01   5.9288110e-02   3.9410469e-03   6.8338978e-03   9.8285496e-03
   4.4563297e-01  -1.7236361e-01   1.3327024e-01   8.1215934e-03   6.5874587e-03   9.0391453e-03
   4.3361814e-01  -4.1868862e-02   1.9625312e-01   6.7292860e-03   7.5884143e-03   9.0107176e-03
   3.9118759e-01  -1.2911858e-01   2.0020889e-01   9.1054432e-03   7.4844233e-03   8.4164882e-03
   3.8342776e-01  -3.7879458e-01   3.7866735e-02   8.9083646e-03   7.7474103e-03   9.3480354e-03
   4.3822306e-01  -9.7258672e-02   1.3996117e-01   8.2547748e-03   8.5895452e-03   1.0338251e-02
   4.6471434e-01  -2.4193882e-01   7.6636595e-02   8.0558045e-03   8.6966691e-03   1.1099639e-02
   4.7454330e-01  -2.7567668e-01   4.5813269e-03   6.9073820e-03   8.1278273e-03   1.1376077e-02
   4.7602583e-01  -1.3312680e-01   5.4371129e-02   7.0224586e-03   7.3205676e-03   1.1328230e-02
   4.8951628e-01  -2.5308830e-01  -2.3687358e-02   5.9910073e-03   7.0400645e-03   1.2436452e-02
   4.9007187e-01  -1.9821185e-01  -2.1019761e-02   4.8518180e-03   6.1756259e-03   1.2441971e-02
   4.7483800e-01  -1.3464652e-01  -1.3759343e-02   4.9828011e-03   6.2141439e-03   1.2335078e-02
   4.8686944e-01  -2.0320151e-01  -4.7215261e-02   4.6454346e-03   5.6185791e-03   1.2652897e-02
   5.0591187e-01  -1.3044991e-01  -3.0212575e-02   4.6619425e-03   5.8061804e-03   1.2783659e-02
   4.9627869e-01  -1.7294394e-01  -4.7810693e-02   4.7304351e-03   6.2808589e-03   1.2823208e-02
   5.0471702e-01  -1.2838567e-01  -1.1741003e-02   4.0207114e-03   6.4106706e-03   1.2906387e-02
   5.3363085e-01  -1.6702093e-01  -6.1874649e-02   3.2341817e-03   5.1440170e-03   1.1980981e-02
   4.8726649e-01  -1.4281791e-01  -8.3927239e-02   1.9097835e-03   3.7791945e-03   1.1091242e-02
   4.8386514e-01  -1.8457085e-01  -7.0803951e-02   1.9197033e-03   3.9931705e-03   1.1051634e-02
   5.5596056e-01  -8.0665713e-02  -4.7646593e-02   1.4629658e-03   4.3613871e-03   1.2170072e-02
   5.8411120e-01  -1.6970095e-01  -6.6236976e-02   1.6379840e-03   4.3885928e-03   1.2771689e-02
   6.3191400e-01  -1.7230509e-01  -7.8252153e-02   1.0319191e-03   4.3180534e-03   1.3223534e-02
   6.2980518e-01  -1.3503652e-01  -7.1909957e-02   1.7813018e-03   4.2949252e-03   1.3135711e-02
   6.2999498e-01  -1.8274210e-01  -1.0721635e-01   8.8490353e-04   4.2265808e-03   1.3307570e-02
   6.3351842e-01  -1.6282028e-01  -7.6571237e-02   9.6815696e-04   4.3593427e-03   1.3361036e-02
   6.5111356e-01  -1.1260152e-01  -7.8470759e-02   7.0789212e-04   4.1652642e-03   1.3372388e-02
   6.4001554e-01  -5.4542391e-02  -2.2771431e-02   2.0724177e-03   4.2538982e-03   1.2934577e-02
   7.7579443e-01   4.6594684e-02   4.1345302e-01   9.8795771e-03   8.7087979e-03   1.1664253e-02
   5.9867187e-01  -6.9515141e-01   1.2904604e-02   6.3466258e-03   6.7164286e-03   1.1196277e-02
   5.8882082e-01  -3.9021103e-01  -1.2047230e-01   8.5467102e-03   5.4059289e-03   1.0662516e-02
   6.1637980e-01  -1.7912512e-01  -1.1935730e-01   9.7856956e-03   5.8475209e-03   1.2339556e-02
   6.3104852e-01  -2.7905622e-01  -1.6439958e-01   8.1154030e-03   5.8787980e-03   1.3179346e-02
   6.3095672e-01  -1.9723299e-01  -1.9164290e-01   7.1310938e-03   5.7055930e-03   1.2690932e-02
   6.9079173e-01  -1.5966390e-01  -1.4174436e-01   4.7053658e-03   5.4845675e-03   1.3807237e-02
   6.8724525e-01  -1.4444934e-01  -1.4508552e-01   5.2249320e-03   5.5816954e-03   1.5260011e-02
   6.5465870e-01  -1.9527846e-01  -1.4174623e-01   4.1973018e-03   4.7661600e-03   1.4582561e-02
   7.0299825e-01  -1.5086396e-01  -1.4668435e-01   4.4895491e-03   4.3830009e-03   1.4864575e-02
   7.1168975e-01  -1.6274554e-01  -1.6290979e-01   3.5184745e-03   4.5288953e-03   1.5165705e-02
   7.4925966e-01  -1.1773838e-01  -9.5949182e-02   5.1515686e-03   4.6702584e-03   1.5613337e-02
   7.9097469e-01  -2.2375774e-01  -1.4923116e-01   4.2794651e-03   4.5660596e-03   1.6646027e-02
   7.7708678e-01  -1.2456658e-01  -1.3152962e-01   2.7151474e-03   4.7449526e-03   1.5935936e-02
   7.7723901e-01  -1.6895634e-01  -1.4231509e-01   1.8257282e-03   4.5570193e-03   1.6066798e-02
   7.6972883e-01  -8.5098501e-02  -1.4165021e-01   1.9678581e-03   4.5157103e-03   1.5698564e-02
   7.4810941e-01  -9.4464765e-02  -1.4488458e-01   2.4858998e-03   4.2296106e-03   1.5395876e-02
   7.3067213e-01  -2.1867332e-01  -1.7125637e-01   1.5991649e-03   3.8832242e-03   1.5287862e-02
   7.5355545e-01  -1.6343755e-01  -1.8086691e-01   1.4819094e-03   4.0398368e-03   1.5862398e-02
   7.7841641e-01  -9.1786253e-02  -1.5441418e-01   1.3977754e-03   3.9842021e-03   1.6073669e-02
   7.4653329e-01  -1.1468668e-01  -1.6078114e-01   9.4392922e-04   2.9215575e-03   1.5863466e-02
   7.4711290e-01  -1.9729792e-01  -1.7262960e-01   3.7900343e-04   2.3949008e-03   1.6293571e-02
   7.3571954e-01  -1.2673473e-01  -1.5143545e-01   3.6124500e-04   2.7713920e-03   1.5927633e-02
   7.0827424e-01  -7.1720329e-02  -1.0738197e-01  -4.9752404e-05   1.9130267e-03   1.5631722e-02
   7.2064740e-01  -1.3641523e-01  -1.4302178e-01  -9.3318015e-05   2.0742819e-03   1.5930237e-02
   7.3902633e-01  -1.4301398e-01  -1.5441764e-01  -5.7005510e-04   2.3348644e-03   1.6043903e-02
   7.6042113e-01  -1.4657648e-01  -1.4942366e-01  -8.5968829e-04   1.7777355e-03   1.6031298e-02
   7.8549735e-01  -1.0432672e-01  -1.5049732e-01  -8.6521693e-04   1.6860385e-03   1.5701611e-02
   7.3779725e-01  -7.4036768e-02  -1.4518428e-01  -2.6172799e-04   2.0865463e-03   1.5192768e-02
   7.2636976e-01  -2.0298072e-01  -1.4841289e-01  -3.6433906e-04   2.0999957e-03   1.4963426e-02
   7.8584612e-01  -1.7228361e-01  -1.7258542e-01  -9.4627511e-05   1.9625580e-03   1.4963850e-02
   7.8999000e-01  -1.3436484e-01  -1.6677393e-01  -3.8528056e-04   2.2652227e-03   1.5106989e-02
   8.0540757e-01  -1.3412819e-01  -1.4939437e-01  -7.0833861e-04   1.9709287e-03   1.5531248e-02
   7.8709501e-01  -5.8387100e-02  -6.3322719e-02  -1.4995148e-04   2.0750364e-03   1.5082161e-02
   7.7145069e-01  -1.9902162e-01  -1.6336910e-01   1.4706816e-04   2.2322271e-03   1.5025882e-02
   7.7682459e-01  -1.3468110e-01  -1.5943489e-01  -3.3273046e-04   1.7242517e-03   1.4878291e-02
   7.6525880e-01  -8.7344293e-02  -1.3052210e-01  -4.8540602e-04   1.2100802e-03   1.4165785e-02
   7.8999539e-01  -1.4472128e-01  -1.9717181e-01   1.3250994e-04   1.5177074e-03   1.4436551e-02
   8.2588149e-01  -1.9034393e-01  -2.3533030e-01  -2.5873174e-05   1.1154216e-03   1.4717926e-02
   8.5450253e-01  -2.2357530e-01  -2.4994437e-01   4.4672147e-04   9.4618724e-04   1.4886302e-02
   8.6841589e-01  -1.6790552e-01  -2.4399024e-01   5.3068858e-04   1.2960375e-03   1.4983688e-02
   8.1461277e-01  -7.7552646e-02  -1.8022591e-01   8.4518024e-04   1.3952853e-03   1.4520564e-02
   7.8374768e-01   2.2950655e-02  -2.3464197e-02   5.1526223e-03   1.5795416e-03   1.4032882e-02
   7.6399551e-01  -3.2597272e-01  -8.1098248e-02   4.2184423e-03   2.6015150e-03   1.4389419e-02
   7.8154546e-01  -1.0172933e-01  -1.4317764e-03   3.2520960e-03   2.7337864e-03   1.4881463e-02
   8.0234278e-01  -3.1993674e-01  -1.1193888e-01   3.0565689e-03   2.8889547e-03   1.5794511e-02
   8.3664037e-01  -1.4821514e-01  -1.3854528e-01   2.6751478e-03   2.7700152e-03   1.6091399e-02
   8.1042702e-01  -9.9992664e-02  -9.8325360e-02   2.2626174e-03   1.8663427e-03   1.5858435e-02
   8.2687632e-01  -1.7004931e-01  -1.2102651e-01   9.5118268e-04   2.2779109e-03   1.6429897e-02
   8.2140676e-01  -1.7335739e-01  -1.4613531e-01   1.0097331e-03   2.1714164e-03   1.6296371e-02
   8.4111487e-01  -2.8924445e-02  -1.6957400e-02   1.3929373e-03   2.5637152e-03   1.6451413e-02
   8.4047168e-01  -2.6510053e-01  -1.3313347e-01   5.5197838e-04   2.0510980e-03   1.6705826e-02
   8.2452116e-01  -1.4708365e-01  -1.0383154e-01  -4.7196786e-04   1.6071139e-03   1.6712063e-02
   8.0594286e-01  -1.8564513e-01  -1.1959510e-01  -5.8488487e-04   1.7398020e-03   1.6903346e-02
   8.1533280e-01  -2.0226046e-01  -1.9016188e-01   6.0847601e-04   1.1235010e-03   1.6936583e-02
   8.3121761e-01  -1.7956431e-01  -2.1530415e-01   2.3661207e-03   4.7825495e-04   1.7087615e-02
   8.4702125e-01   1.0059154e-01  -1.8980424e-02   4.4575983e-03   9.7041704e-04   1.6864029e-02
   8.0291192e-01  -1.5617689e-01   9.7046251e-02   7.1153345e-03   1.0601491e-03   1.6838517e-02
   7.8540254e-01   2.2732989e-01   6.0910352e-01   2.0264142e-02   2.5429373e-03   1.4165240e-02
   7.4281344e-01  -5.5238272e-01   1.7206028e-01   1.3779273e-02   3.7457724e-03   1.5222528e-02
   7.5627839e-01  -4.6587068e-02   1.6014467e-01   1.2151424e-02   2.5565545e-03   1.6334467e-02
   7.1525350e-01   4.1932222e-01   6.2429950e-01   1.7684393e-02   3.0555048e-03   1.4957006e-02
   6.6448848e-01  -4.2054084e-01   1.6045697e-01   1.4041818e-02   1.8859064e-03   1.6102332e-02
   7.5225231e-01  -3.8605034e-01   1.3381521e-01   1.2151524e-02   1.9155877e-03   1.7302276e-02
   7.5944596e-01   3.6592030e-02   4.4929706e-01   1.4240006e-02   2.8463116e-03   1.6864679e-02
   7.5534083e-01  -3.0856156e-01   1.7902807e-01   1.2897142e-02   2.6219155e-03   1.7680775e-02
   7.3877515e-01  -1.5277499e-01   1.3863613e-01   1.1747705e-02   1.9708873e-03   1.7991318e-02
   7.6144460e-01   9.5141844e-02   3.5563606e-01   1.3381596e-02   2.9977572e-03   1.7746131e-02
   7.0277812e-01  -1.4882792e-01   1.9902343e-01   1.1048610e-02   1.8024377e-03   1.6900619e-02
   7.3094112e-01  -3.2933082e-01   1.0171725e-01   1.0761943e-02   1.7620258e-03   1.8383950e-02
   7.7571235e-01  -1.6987865e-01   1.1930718e-01   1.0147832e-02   1.5551465e-03   1.9357745e-02
   8.0214309e-01   5.2428700e-02   3.4784503e-01   1.1701620e-02   2.3357093e-03   1.8311356e-02
   8.6349633e-01   1.0195797e-01   5.8500491e-01   1.5303359e-02   3.3936446e-03   1.7082845e-02
   7.8750735e-01  -2.4798433e-01   4.0051427e-01   1.4919357e-02   3.0719618e-03   1.6433054e-02
   7.5678724e-01  -3.8052549e-01   2.3145673e-01   1.5124676e-02   3.0945217e-03   1.6686795e-02
   8.1596979e-01  -2.2836551e-01   2.3331717e-01   1.7256295e-02   3.2932053e-03   1.7679168e-02
   8.4996086e-01  -2.1925082e-01   2.2471882e-01   1.5688592e-02   3.6278920e-03   1.7863705e-02
   8.6319836e-01  -2.4027270e-01   1.2825778e-01   1.9094337e-02   2.7762111e-03   1.7704856e-02
   8.2775261e-01  -2.2375684e-01   1.3582012e-01   1.4756642e-02   2.2387890e-03   1.8246859e-02
   8.3316094e-01  -2.3795954e-03   2.3448695e-01   1.4967010e-02   2.6456062e-03   1.8419674e-02
   8.3978527e-01  -2.7062422e-01   7.2919572e-02   1.3679223e-02   2.4196330e-03   1.8311983e-02
   8.6878345e-01  -1.5355351e-01   7.2857266e-02   1.3311180e-02   1.9654704e-03   1.8932683e-02
   8.0704846e-01   4.0637690e-01   5.1061909e-01   1.7618518e-02   3.2872933e-03   1.6609790e-02
   7.7755067e-01  -3.4839938e-02   3.8214919e-01   1.8268401e-02   2.2509367e-03   1.7271204e-02
   6.6895499e-01  -4.5995605e-01   1.5655887e-01   2.6833312e-02   5.8319765e-03   1.3938645e-02
   5.4487140e-01  -1.1725418e-01   6.7535033e-01   2.2784405e-02   3.3424494e-03   1.0497465e-02
   6.8836012e-01  -2.4057841e-01   5.0201405e-01   2.0029372e-02   4.3618469e-03   1.5255181e-02
   6.8681947e-01  -6.3501266e-02   5.8552953e-01   1.8452926e-02   4.9498878e-03   1.6261954e-02
   6.9062020e-01   4.0412320e-02   7.3224476e-01   1.8136803e-02   4.7835035e-03   1.5533004e-02
   6.8971068e-01  -2.0660156e-01   6.6679120e-01   1.9748925e-02   5.2682393e-03   1.5926839e-02
   7.2517800e-01  -2.3361467e-01   5.9267515e-01   1.8523917e-02   5.2391044e-03   1.7156607e-02
   7.4656538e-01  -9.4588905e-02   5.7154654e-01   1.7980016e-02   5.0767139e-03   1.8047504e-02
   7.3726090e-01  -9.1589035e-02   5.0709537e-01   1.7427286e-02   4.8213952e-03   1.9162118e-02
   6.8672959e-01   6.8792768e-02   6.0788053e-01   1.7507615e-02   4.9801241e-03   1.9210098e-02
   6.9927902e-01  -1.9808942e-02   6.3489055e-01   1.7229087e-02   5.2694587e-03   1.8767225e-02
   7.3391316e-01  -1.3447059e-01   5.8800879e-01   1.8350754e-02   5.4181848e-03   1.8906479e-02
   7.7858898e-01  -1.6616962e-01   5.2726367e-01   1.8417359e-02   5.3288282e-03   2.0055012e-02
   7.9289612e-01  -7.9747653e-02   5.1995080e-01   1.8001000e-02   5.2753763e-03   2.0240445e-02
   7.8551539e-01  -5.3209862e-02   5.3008521e-01   1.8053114e-02   4.9730967e-03   2.0527666e-02
   7.8901626e-01   4.3144530e-02   5.8547811e-01   1.8126668e-02   5.2012420e-03   2.0795448e-02
   7.9081934e-01  -1.5298764e-01   5.3115004e-01   1.8005450e-02   5.1119706e-03   2.0797372e-02
   8.0458994e-01  -1.2120314e-01   4.9023440e-01   1.7974117e-02   4.9984420e-03   2.1396944e-02
   8.5496835e-01  -7.4086455e-02   4.6935852e-01   1.8129226e-02   4.6980257e-03   2.2201417e-02
   8.5891834e-01   8.7329859e-02   7.0063207e-01   1.8808762e-02   5.8017456e-03   2.1083767e-02
   8.4072464e-01  -2.2617200e-01   5.8646410e-01   1.7962721e-02   5.5913757e-03   2.0910337e-02
   8.4931870e-01  -1.0179332e-01   5.3945522e-01   1.8087282e-02   5.6219447e-03   2.1347639e-02
   8.4895393e-01   1.3797670e-01   7.5682150e-01   2.0456425e-02   5.7523562e-03   2.0639097e-02
   8.3074188e-01  -2.2247530e-01   6.0992501e-01   2.0233749e-02   5.9498444e-03   2.0410704e-02
   8.3051670e-01  -2.6128910e-01   4.3080115e-01   1.8124332e-02   4.7272525e-03   2.0484573e-02
   8.3910876e-01   1.3268100e-01   5.8149477e-01   1.7585326e-02   5.4594484e-03   2.0297564e-02
   8.4220238e-01  -2.2340973e-01   5.5408483e-01   1.7805789e-02   5.7006436e-03   2.0293784e-02
   7.9251625e-01  -1.5804012e-01   4.4252659e-01   1.7035847e-02   4.2686765e-03   1.9851589e-02
   7.7644718e-01  -9.4009796e-02   3.8225049e-01   1.6261851e-02   4.1732604e-03   1.9556774e-02
   7.8265950e-01  -7.6882749e-02   3.7799094e-01   1.6438013e-02   3.4648140e-03   2.0525099e-02
   8.2010782e-01   1.2170851e-03   4.7891953e-01   1.6746503e-02   4.0635762e-03   1.9583852e-02
   7.8038328e-01  -1.5541331e-01   3.6091160e-01   1.6360585e-02   4.4421118e-03   1.9599047e-02
   7.9610854e-01  -7.4859253e-02   3.5292682e-01   1.6456874e-02   4.3170815e-03   2.0307709e-02
   7.6752830e-01  -5.5080003e-02   3.6912354e-01   1.6128312e-02   3.9931755e-03   2.0383190e-02
