   0.0000000e+00   0.0000000e+00   0.0000000e+00   0.0000000e+00   0.0000000e+00   0.0000000e+00
  -3.7111676e-03  -8.2587728e-03  -2.2724312e-02   4.7357809e-04   2.0437640e-04  -6.8022439e-05
  -1.8810016e-02   5.7152187e-02  -5.8201018e-02   1.7311721e-04   2.2205422e-04  -3.3929722e-04
  -2.7346709e-02   4.9462104e-02  -2.8970571e-03   9.7474061e-04  -2.1955438e-04  -1.9050523e-04
  -1.8336759e-01   1.7175019e-01  -9.5595520e-02  -5.0296783e-03   6.1979481e-04  -2.0317155e-03
  -2.1687614e-01   4.6047363e-02  -4.3851789e-02  -4.8201510e-03   3.0414594e-03  -2.3158975e-03
  -1.8177858e-01  -5.5425187e-02  -4.3209659e-02  -4.5488368e-03   2.8694936e-03  -1.8669550e-03
  -1.9559647e-01   2.5565274e-02   2.2386039e-02  -5.2295920e-03   3.6854308e-03  -1.9644001e-03
  -2.0234987e-01  -4.7708154e-02   1.3525419e-01  -6.4510914e-03   3.8582237e-03  -1.7689701e-03
  -1.5838974e-01  -1.1630681e-01   1.5723671e-01  -7.0454954e-03   3.4594803e-03  -1.6317110e-03
  -1.5078469e-01  -1.3155388e-02   1.2658739e-01  -7.6920126e-03   3.0233872e-03  -1.7393294e-03
  -1.5483503e-01  -2.5740402e-02   1.6089242e-01  -7.9935565e-03   3.1395924e-03  -1.7292760e-03
  -1.4365286e-01  -4.7213613e-02   1.7185840e-01  -7.0460325e-03   2.9907308e-03  -1.6077957e-03
  -1.3695167e-01  -4.2151942e-02   1.6007417e-01  -7.3990221e-03   2.9791475e-03  -1.6006171e-03
  -1.7211120e-01   6.5498146e-02   1.7994384e-01  -7.7919422e-03   2.7563709e-03  -2.1029989e-03
  -4.4444397e-01   2.5574324e-01  -3.6560857e-02   8.3837119e-03  -2.5650470e-03  -8.8971233e-03
  -7.6722906e-01   2.8912423e-02   3.7087281e-01   2.8989550e-02  -7.0391281e-03  -1.5190105e-02
  -5.5690698e-01  -6.8814902e-01   3.5109313e-02   1.8664277e-02   5.0388731e-04  -1.1147164e-02
  -3.2292658e-01  -3.7032498e-01  -2.5697407e-01   1.8722794e-04   1.9447020e-03  -7.6959416e-03
  -3.2122288e-01  -5.2326904e-03  -1.7668441e-01   4.2820099e-05   2.6549263e-03  -7.4998597e-03
  -3.1492646e-01  -3.5354905e-02  -1.7517629e-01   3.5983492e-05   2.6105768e-03  -7.6305854e-03
  -3.0532845e-01  -4.6792130e-02  -1.5310415e-01  -9.2518018e-04   2.7700423e-03  -7.5502359e-03
  -2.9974285e-01  -1.0397515e-01  -1.0004883e-01  -1.1124023e-03   3.0846507e-03  -7.4913310e-03
  -2.9264183e-01  -4.7072235e-02  -9.4941427e-02  -1.8040132e-03   2.9595255e-03  -7.3687673e-03
  -2.7485720e-01  -1.2679102e-01  -7.1930473e-02  -1.7508342e-03   2.8563925e-03  -7.1904642e-03
  -2.8048273e-01  -6.8417308e-02  -7.6678802e-02  -2.3504417e-03   2.5259292e-03  -7.4262071e-03
  -2.6948472e-01  -1.0777768e-01  -6.4813624e-02  -1.9560348e-03   2.2421298e-03  -7.8391212e-03
  -2.8075345e-01  -8.7453429e-02  -5.1930732e-02  -1.8114849e-03   2.0573525e-03  -8.1933160e-03
  -3.5252996e-01   4.7753385e-02  -3.4100043e-02  -2.2841269e-03   1.5871002e-03  -9.4780764e-03
  -4.3012885e-01  -4.9223544e-01  -1.2005522e+00  -1.1823885e-03   3.4480632e-03  -8.8820814e-03
  -3.5159701e-01   1.0774002e-01  -5.9667066e-01  -3.7822564e-03   4.7880479e-03  -8.6317174e-03
  -3.2958278e-01  -4.9769699e-02  -4.8393402e-01  -3.4740469e-03   4.6350111e-03  -8.6874716e-03
  -3.2792962e-01  -4.2715187e-02  -4.4358086e-01  -3.6945510e-03   4.6770380e-03  -8.6125094e-03
  -3.2980447e-01   4.9013982e-03  -4.3724157e-01  -4.3591375e-03   4.5744148e-03  -8.7323043e-03
  -3.3332426e-01  -1.1321250e-01  -4.3458216e-01  -3.9677198e-03   4.3058643e-03  -8.8294579e-03
  -3.5988399e-01  -3.9678772e-02  -4.0758003e-01  -4.5511372e-03   4.5647742e-03  -9.1541865e-03
  -3.3920586e-01  -1.2860182e-01  -3.9137017e-01  -3.8502086e-03   4.2833663e-03  -9.2174845e-03
  -3.4738688e-01  -2.8923047e-02  -3.8483025e-01  -4.3922681e-03   4.3929254e-03  -9.2682051e-03
  -3.5449287e-01  -1.0863943e-01  -3.7145593e-01  -3.9531759e-03   4.2372709e-03  -9.5330375e-03
  -3.8192001e-01  -1.1076374e-02  -3.8074016e-01  -4.2281560e-03   3.9906732e-03  -9.9468757e-03
  -4.0016301e-01   5.0398324e-03  -3.0555330e-01  -2.8914415e-03   3.1753687e-03  -1.0585004e-02
  -1.2808217e+00   8.1047711e-01   2.4064197e-02   4.8416879e-02  -7.8757831e-03  -2.6242906e-02
  -1.1539783e+00   3.6520416e-02   1.0641854e+00   3.9390992e-02  -5.9410036e-03  -2.6685871e-02
  -1.0188770e+00   1.6510484e-02   1.0090023e+00   3.5722752e-02  -4.4996871e-03  -2.5414684e-02
  -9.6442741e-01   2.7826869e-01   8.8509718e-01   3.1657586e-02  -3.8528100e-03  -2.4751427e-02
  -9.1439831e-01   2.4214420e-01   9.0256980e-01   2.9706141e-02  -4.2080447e-03  -2.4275562e-02
  -8.9308935e-01   2.0421220e-01   9.4405771e-01   2.9360522e-02  -4.3886828e-03  -2.4384283e-02
  -8.6992642e-01   1.6057820e-01   9.4255826e-01   2.8661182e-02  -4.6483544e-03  -2.4189734e-02
  -8.5097739e-01   1.1997104e-01   9.5050678e-01   2.7915354e-02  -4.7018914e-03  -2.3837707e-02
  -8.5223770e-01   1.3793690e-01   9.1968574e-01   2.8092833e-02  -4.0377600e-03  -2.3718757e-02
  -8.6214713e-01   2.6890581e-01   8.8418520e-01   2.6310148e-02  -5.4850753e-03  -2.4336503e-02
  -8.7093879e-01   2.1478487e-01   8.7190499e-01   2.6267324e-02  -6.2204639e-03  -2.5198620e-02
  -8.2673033e-01   1.0448425e-01   9.9612930e-01   2.6982400e-02  -6.2290975e-03  -2.4477450e-02
  -8.3042232e-01   2.0795848e-01   9.6695738e-01   2.6451839e-02  -6.3875828e-03  -2.4736365e-02
  -8.4060082e-01   2.0573124e-01   9.2255838e-01   2.6289145e-02  -6.2370527e-03  -2.4847483e-02
  -8.2413062e-01   1.6386874e-01   9.8526348e-01   2.6995853e-02  -5.7380418e-03  -2.4476733e-02
  -8.4141668e-01   2.5330834e-01   9.7394252e-01   2.6490412e-02  -6.0380284e-03  -2.4880603e-02
  -8.1812001e-01   1.6104542e-01   9.9418893e-01   2.7056826e-02  -5.9885229e-03  -2.4597104e-02
  -8.4134839e-01   2.3865806e-01   9.8040665e-01   2.6313975e-02  -5.8032722e-03  -2.4639066e-02
  -8.3032721e-01   1.7247456e-01   9.7905249e-01   2.6785641e-02  -5.8305530e-03  -2.4586460e-02
  -9.1419040e-01   2.3128191e-01   9.9968172e-01   2.6442867e-02  -5.0964771e-03  -2.5874403e-02
  -9.5158317e-01   2.0225051e-01   1.0349386e+00   2.6090858e-02  -4.7634109e-03  -2.6732439e-02
  -9.7232710e-01   2.0034883e-01   1.1350745e+00   2.6075986e-02  -4.5740994e-03  -2.6876159e-02
  -8.6838663e-01   2.1279196e-01   1.1668342e+00   2.4455955e-02  -6.6341913e-03  -2.5667884e-02
  -8.3497788e-01   7.1614918e-01   2.6084108e+00   1.2990461e-02  -7.7833725e-03  -2.5243603e-02
  -7.5385192e-01   1.9685339e-01   3.2195768e+00   9.7226586e-03  -8.1392472e-03  -2.5153108e-02
  -7.5581267e-01  -1.1585942e-01   2.4581682e+00   1.3856738e-02  -8.6885563e-03  -2.4618585e-02
  -7.9752044e-01   2.6248857e-01   2.4608336e+00   1.3833767e-02  -8.9362852e-03  -2.5400253e-02
  -7.7016638e-01   8.9203289e-02   2.3430575e+00   1.6304357e-02  -9.4015325e-03  -2.4985469e-02
  -1.0280987e+00   1.9110900e-03   1.7771302e+00   2.3400032e-02  -8.3339287e-03  -2.8436086e-02
  -1.5401336e+00  -4.5188123e-01   7.4984462e-01   4.2691006e-02  -8.8787079e-03  -3.2557802e-02
  -7.5011954e-01   2.4883192e-01   1.7614893e+00   1.3220809e-03  -5.6303612e-03  -2.2087892e-02
  -6.4762676e-01  -3.0292352e-01   1.6331694e+00   4.3532211e-03  -5.7690516e-03  -2.0215463e-02
  -6.5130441e-01  -8.0896156e-02   1.5567940e+00   5.8148493e-03  -5.4844304e-03  -1.9999359e-02
  -6.5207961e-01  -1.1397853e-01   1.5350558e+00   6.2181855e-03  -5.8124024e-03  -2.0016389e-02
  -6.4389634e-01  -1.4790513e-01   1.5749856e+00   5.9215089e-03  -5.8918370e-03  -1.9971262e-02
  -6.8354744e-01   1.3776283e-02   1.7460870e+00   5.9135813e-03  -7.0780246e-03  -2.1852475e-02
  -6.5088130e-01  -1.2364223e-01   1.7881783e+00   6.7276942e-03  -7.0651303e-03  -2.1990124e-02
  -6.6251086e-01  -9.4677022e-02   1.8271426e+00   7.0115457e-03  -7.1434881e-03  -2.2313627e-02
  -6.8015602e-01  -5.6202052e-02   1.8256990e+00   8.7339711e-03  -7.0438344e-03  -2.2434933e-02
  -7.5428602e-01   1.2950086e-01   2.2403310e+00   7.0584249e-03  -7.4511857e-03  -2.4883689e-02
  -7.1490202e-01  -4.0213640e-02   2.2729895e+00   9.0352879e-03  -7.7785160e-03  -2.3850480e-02
  -6.2991731e-01   2.0169614e-01   3.4498854e+00  -3.2576253e-03  -6.3472949e-03  -2.2005842e-02
  -6.1259436e-01  -2.7456376e-01   2.7445983e+00   2.8389686e-03  -5.0155603e-03  -2.2187442e-02
  -5.4810340e-01  -2.9353273e-01   6.3776517e-01   1.2238672e-02  -5.7532930e-03  -2.0323794e-02
  -5.5244550e-01   9.5785481e-02   6.9112905e-01   1.4760684e-02  -5.6071616e-03  -2.0508496e-02
  -5.5873193e-01   7.8116647e-02   7.3354735e-01   1.5412905e-02  -5.7610110e-03  -2.0494156e-02
  -5.8009762e-01   1.3891923e-01   7.4478392e-01   1.4828713e-02  -6.1868033e-03  -2.0877819e-02
  -5.6645118e-01   5.9363538e-02   8.0011039e-01   1.5408550e-02  -6.4715008e-03  -2.1003843e-02
  -5.8470673e-01   1.1319043e-01   7.8729703e-01   1.5067004e-02  -6.6745708e-03  -2.1266848e-02
  -5.9341820e-01   8.3301444e-02   8.0006885e-01   1.5638709e-02  -6.6701225e-03  -2.1437650e-02
  -5.9039477e-01   1.3780408e-01   7.8995358e-01   1.5505644e-02  -7.0719022e-03  -2.1490828e-02
  -5.8922776e-01   7.1318640e-02   8.2741988e-01   1.6352508e-02  -7.1007392e-03  -2.1640481e-02
  -6.1040594e-01   1.6345531e-01   8.0178614e-01   1.5765661e-02  -7.4656707e-03  -2.1860473e-02
  -6.0532063e-01   4.3955037e-02   8.3119070e-01   1.6949617e-02  -7.4403583e-03  -2.1950925e-02
  -6.8735272e-01   2.3863815e-01   9.7840993e-01   1.6688834e-02  -8.1327395e-03  -2.3394086e-02
  -7.0479845e-01   1.6773969e-01   1.1344698e+00   1.8028388e-02  -7.9338727e-03  -2.3693442e-02
  -6.7289307e-01   1.4400239e-01   1.0217745e+00   1.8365463e-02  -8.3378485e-03  -2.3262773e-02
  -6.9083496e-01   1.9685800e-01   1.0679413e+00   1.7946056e-02  -8.4046399e-03  -2.3519519e-02
  -6.9057655e-01   1.0148705e-01   1.0836731e+00   1.8642013e-02  -8.5313424e-03  -2.3702085e-02
  -7.2129268e-01   1.6210482e-01   1.0958747e+00   1.7695443e-02  -8.4200078e-03  -2.3902136e-02
  -7.6298274e-01   1.1038974e-01   1.0518556e+00   1.9344396e-02  -7.9952628e-03  -2.4737132e-02
  -1.1887419e+00   1.9823364e-01   5.4398520e-01   4.0416653e-02  -8.8637575e-03  -2.9923785e-02
  -1.2472114e+00  -8.1036463e-01  -2.1127807e-01   6.8331796e-02  -7.1825282e-03  -2.9488626e-02
  -1.0267804e+00  -1.4212648e-01   2.2965393e-01   4.0003859e-02  -5.0741438e-03  -2.6353826e-02
  -6.7126041e-01   1.5165589e-01   6.6020900e-01   1.0052287e-02  -5.9910402e-03  -2.3593707e-02
  -6.3999960e-01   1.3048551e-01   7.9358187e-01   1.1091222e-02  -5.3103376e-03  -2.3197434e-02
  -6.3446064e-01   4.0269624e-02   7.8611196e-01   1.1524869e-02  -5.6132902e-03  -2.3155794e-02
  -6.1316784e-01   3.3783958e-02   8.5296241e-01   1.1318739e-02  -6.3985918e-03  -2.3550229e-02
  -6.1504463e-01   2.2495400e-02   8.7337979e-01   1.1571449e-02  -6.5582424e-03  -2.3820355e-02
  -6.6078266e-01   1.0582766e-01   9.7708628e-01   1.1105127e-02  -7.0776437e-03  -2.4962302e-02
  -6.5644781e-01  -5.8799456e-03   9.8410589e-01   1.0928834e-02  -6.8954559e-03  -2.5055490e-02
  -7.0406738e-01   1.0875177e-01   9.9761959e-01   1.1048601e-02  -7.5283956e-03  -2.5700269e-02
  -7.4325207e-01   6.7509658e-02   1.0713186e+00   1.1821835e-02  -7.0742581e-03  -2.6549359e-02
  -7.2503163e-01   1.5891024e-02   1.0956675e+00   1.2244898e-02  -7.0867754e-03  -2.6399199e-02
  -7.2382897e-01   6.9729938e-02   1.0690039e+00   1.2322994e-02  -7.1383844e-03  -2.6251454e-02
  -7.4225958e-01   1.1403073e-01   1.1099414e+00   1.1960429e-02  -7.5819744e-03  -2.6687309e-02
  -7.4877397e-01   3.3031660e-02   1.1439255e+00   1.2407688e-02  -7.5731571e-03  -2.6938296e-02
  -7.5920547e-01   5.1752100e-02   1.1332809e+00   1.2774060e-02  -7.6876917e-03  -2.6961743e-02
  -9.1617762e-01  -1.7862655e-01  -1.0802457e+00   1.5871541e-02  -1.1769415e-02  -2.8837475e-02
  -2.0187449e+00   2.5670681e+00   1.2848284e+00   9.1032762e-03  -2.9474961e-02  -3.5666270e-02
  -1.2740293e+00  -1.0576605e+00  -3.4833528e-01   7.5040152e-03  -7.7799235e-03  -2.7953396e-02
  -1.0710431e+00   3.0761858e-01   6.6779615e-01  -4.4286684e-04  -4.9294291e-03  -2.6804845e-02
  -1.0346153e+00   1.5139021e-01   9.5485964e-01  -2.6523156e-03  -7.1946174e-03  -2.6697787e-02
  -1.0442190e+00   1.6398686e-01   9.6814372e-01  -3.1607996e-03  -7.2015771e-03  -2.6939400e-02
  -1.0355278e+00   6.6970241e-02   1.0468476e+00  -3.2648288e-03  -7.0253595e-03  -2.6979604e-02
  -1.0435772e+00   1.5098238e-01   1.0816186e+00  -4.2091665e-03  -7.3026159e-03  -2.7456786e-02
  -1.0061038e+00   3.4056850e-03   1.1757475e+00  -3.9746763e-03  -6.8763760e-03  -2.7123527e-02
  -1.0287097e+00   1.4634295e-01   1.1157675e+00  -4.1533661e-03  -7.3107938e-03  -2.7315644e-02
  -1.0271323e+00   6.3663669e-02   1.2974325e+00  -3.3675305e-03  -6.6679623e-03  -2.7574910e-02
  -1.0377365e+00   6.3227079e-02   1.1180669e+00  -2.2954489e-03  -6.7092216e-03  -2.7517533e-02
  -1.0646149e+00   2.9213132e-01   1.9023601e+00  -4.6568001e-03  -3.9500847e-03  -2.7492509e-02
  -1.2926586e+00   4.2499574e-01   1.8720381e+00   4.4775902e-03  -6.3078341e-03  -3.1345152e-02
  -1.6402807e+00   9.6814285e-02   1.4320891e+00   3.4521259e-02  -7.5966199e-03  -3.6326349e-02
  -1.0880463e+00  -3.5104002e-01   9.4264154e-01   4.6060714e-02  -3.6170388e-03  -2.7276906e-02
  -8.2707253e-01   5.3864728e-01   1.4479717e+00   2.4867482e-02  -4.4346055e-03  -2.6015179e-02
  -7.1294722e-01   2.9826039e-01   1.6676514e+00   1.5922214e-02  -6.2016755e-03  -2.4164958e-02
  -7.4187726e-01   1.9562939e-01   1.6852742e+00   1.4981151e-02  -5.2341525e-03  -2.4260700e-02
  -7.4319471e-01   2.0405036e-01   1.7178275e+00   1.4908126e-02  -5.3826236e-03  -2.4631432e-02
  -7.4055551e-01   1.7307639e-01   1.7660260e+00   1.4697011e-02  -5.2434175e-03  -2.4682422e-02
  -7.4017525e-01   1.7149295e-01   1.7667321e+00   1.4497380e-02  -5.2800805e-03  -2.4638942e-02
  -7.4324840e-01   1.8079686e-01   1.7613233e+00   1.4453805e-02  -5.5377588e-03  -2.4696927e-02
  -7.5810055e-01   2.0497174e-01   1.8137456e+00   1.3645227e-02  -6.0476593e-03  -2.5139178e-02
  -7.5867617e-01   1.3810522e-01   1.8298894e+00   1.2864983e-02  -6.5998892e-03  -2.5528209e-02
  -2.2569580e-01   5.7420090e-01   2.1100386e+00   2.1086548e-02  -4.1813628e-02  -4.3769271e-04
  -6.0463885e-01  -5.9275398e-02   2.2171507e+00   3.2658284e-03  -1.1076709e-02  -2.0706173e-02
  -6.6053313e-01   3.4729905e-01   2.5789186e+00   3.1629266e-03  -1.0947010e-02  -1.9527892e-02
  -6.3384216e-01   1.5277739e-01   2.4385123e+00   4.4903178e-03  -1.2220476e-02  -1.9079297e-02
  -9.5902436e-01   5.0105223e-01   2.2250653e+00   1.7754658e-02  -1.4399053e-02  -2.5143247e-02
  -1.3975740e+00   1.2072907e-01   1.8960086e+00   4.3883906e-02  -1.4992907e-02  -3.0912490e-02
  -1.1386263e+00  -7.2445439e-01   8.6592851e-01   6.4753312e-02  -1.6717890e-02  -2.4482027e-02
  -6.6151832e-01   3.7935052e-01   1.7103914e+00   1.4017475e-02  -1.6144991e-02  -2.1131609e-02
  -5.7586851e-01   1.1518757e-01   2.0340345e+00   1.1716626e-02  -1.3827408e-02  -1.9254822e-02
  -5.5899103e-01   1.9796401e-01   2.0947782e+00   1.0987843e-02  -1.3784309e-02  -1.8976587e-02
  -5.2974425e-01   1.5615608e-01   2.1277788e+00   1.0487901e-02  -1.4196224e-02  -1.8646934e-02
  -5.0213645e-01   9.8730832e-02   2.1405729e+00   1.0049360e-02  -1.4265557e-02  -1.8373604e-02
  -5.0875041e-01   9.4429035e-02   2.1559283e+00   9.7101520e-03  -1.4428721e-02  -1.8552494e-02
  -6.4499598e-01   3.5294894e-01   2.4464277e+00   9.8510737e-03  -1.5739184e-02  -2.1083998e-02
  -6.5711571e-01  -7.5541410e-02   2.1689672e+00   1.3685535e-02  -1.5405611e-02  -2.2598730e-02
  -6.3117468e-01   4.2448398e-01   2.6414586e+00   1.0803037e-02  -1.6212261e-02  -2.1738355e-02
  -6.1451077e-01   3.3790444e-01   2.9415202e+00   1.1030703e-02  -1.5823847e-02  -2.2014205e-02
  -7.9685622e-01   6.9648252e-01   3.7772013e+00   1.5408277e-02  -1.6520798e-02  -2.6373364e-02
  -7.8548084e-01   3.1624635e-01   3.5161012e+00   2.1109901e-02  -1.7139892e-02  -2.6035491e-02
  -6.8113986e-01   6.6722622e-02   2.9803226e+00   1.8082485e-02  -1.7798869e-02  -2.4571329e-02
  -7.3376350e-01   2.9389405e-01   2.8809934e+00   1.5260638e-02  -1.5972877e-02  -2.5560741e-02
  -6.4866194e-01   3.5169895e-01   2.8546307e+00   1.1390612e-02  -1.6631270e-02  -2.3823281e-02
  -6.6272822e-01   2.7370580e-01   2.9021293e+00   8.9477313e-03  -1.6425548e-02  -2.3608690e-02
  -6.7055682e-01   3.4680632e-01   2.9362880e+00   1.0204284e-02  -1.7366875e-02  -2.4085630e-02
  -6.6040854e-01   2.4445799e-01   2.9747985e+00   1.1582413e-02  -1.7479494e-02  -2.4155438e-02
  -6.8231215e-01   3.1554534e-01   2.9797072e+00   1.1233280e-02  -1.8374228e-02  -2.4596020e-02
  -7.4924773e-01   1.6340868e-01   2.6204492e+00   1.1358894e-02  -1.6024813e-02  -2.4003220e-02
  -8.4940462e-01   3.4450858e-01   2.2502298e+00   1.5807158e-02  -1.2719920e-02  -2.4087986e-02
  -9.9030400e-01   6.8854974e-01   2.3520800e+00   2.9023989e-02  -1.4308906e-02  -2.8466226e-02
  -8.1692995e-01   2.3714046e-01   2.7804836e+00   2.6653605e-02  -1.6705716e-02  -2.7172714e-02
  -7.7757611e-01   2.8873409e-01   2.7105066e+00   2.5075539e-02  -1.6728662e-02  -2.6334888e-02
  -7.7022173e-01   3.2115716e-01   2.6292616e+00   2.3485649e-02  -1.6404274e-02  -2.5953095e-02
  -7.8027103e-01   4.0006787e-01   2.5830931e+00   2.3720411e-02  -1.6342692e-02  -2.6142891e-02
  -7.5200262e-01   2.9636388e-01   2.5443939e+00   2.3901219e-02  -1.6604018e-02  -2.5747826e-02
  -7.4880382e-01   3.7992789e-01   2.6016006e+00   2.3239980e-02  -1.6913512e-02  -2.5836162e-02
  -7.5316147e-01   2.5634604e-01   2.5751700e+00   2.3571776e-02  -1.6513617e-02  -2.6056149e-02
  -7.6080804e-01   3.6090205e-01   2.6018228e+00   2.3325506e-02  -1.6654706e-02  -2.6199829e-02
  -7.4706128e-01   2.6654701e-01   2.6202058e+00   2.4077075e-02  -1.6820318e-02  -2.6080202e-02
  -7.8396676e-01   4.4627177e-01   2.6247035e+00   2.3151766e-02  -1.6876718e-02  -2.6435527e-02
  -9.5290991e-01   5.3991229e-01   2.5575380e+00   2.6607678e-02  -1.7070839e-02  -2.8487917e-02
  -8.5677961e-01   2.1875816e-01   2.6347894e+00   2.5834661e-02  -1.7091873e-02  -2.7633941e-02
  -7.8083114e-01   1.0063776e-01   2.4671451e+00   2.2874955e-02  -1.6178533e-02  -2.5576311e-02
  -7.6039618e-01   3.1823270e-01   2.3753117e+00   2.3058633e-02  -1.6012830e-02  -2.5045869e-02
  -7.6932332e-01   3.6686230e-01   2.3531760e+00   2.4247958e-02  -1.5815484e-02  -2.5582923e-02
  -7.5534555e-01   3.0498626e-01   2.4408049e+00   2.4513303e-02  -1.6009476e-02  -2.5541530e-02
  -7.4576221e-01   3.3030558e-01   2.4816977e+00   2.4153337e-02  -1.6208996e-02  -2.5512192e-02
  -7.4864388e-01   2.7848821e-01   2.4714037e+00   2.3885249e-02  -1.6012725e-02  -2.5532983e-02
  -7.6173908e-01   2.9075683e-01   2.4567676e+00   2.3717160e-02  -1.5810973e-02  -2.5566339e-02
  -7.5759375e-01   2.7830452e-01   2.4192688e+00   2.3815094e-02  -1.6130087e-02  -2.5701546e-02
  -7.9252155e-01   3.8286632e-01   2.4315879e+00   2.2763044e-02  -1.6146381e-02  -2.6078349e-02
  -8.3081608e-01   3.6730185e-01   2.4248068e+00   2.3344757e-02  -1.5776084e-02  -2.6607850e-02
  -7.7691454e-01   2.3894610e-01   2.4584221e+00   2.3957199e-02  -1.6231966e-02  -2.6118422e-02
  -8.1739779e-01   3.8402044e-01   2.5049009e+00   2.4161225e-02  -1.5777010e-02  -2.6829678e-02
  -7.7534686e-01   2.8122216e-01   2.5833244e+00   2.1803854e-02  -1.5648589e-02  -2.5978502e-02
  -7.4425336e-01   3.4902987e-01   2.3746790e+00   2.1466670e-02  -1.5855606e-02  -2.4939501e-02
  -7.8592294e-01   4.6334096e-01   2.3870284e+00   2.1885874e-02  -1.5753423e-02  -2.5789125e-02
  -8.0625829e-01   3.4150226e-01   2.4480586e+00   2.3288537e-02  -1.5718055e-02  -2.6551424e-02
  -7.6917653e-01   2.8246211e-01   2.5036625e+00   2.3131035e-02  -1.6172132e-02  -2.6260435e-02
  -7.7612705e-01   3.2398543e-01   2.4995185e+00   2.3036058e-02  -1.6042278e-02  -2.6467405e-02
  -7.9095165e-01   3.7805178e-01   2.4923486e+00   2.2560005e-02  -1.6037923e-02  -2.6359640e-02
  -7.8272687e-01   3.1100830e-01   2.5131309e+00   2.2951674e-02  -1.6096882e-02  -2.6255452e-02
  -8.0118821e-01   3.8923205e-01   2.5074209e+00   2.2160758e-02  -1.6054718e-02  -2.6415620e-02
  -7.9687293e-01   3.1708968e-01   2.5459440e+00   2.2163535e-02  -1.6167186e-02  -2.6359105e-02
  -7.9432744e-01   3.0340564e-01   2.5354896e+00   2.2797938e-02  -1.6056869e-02  -2.6361861e-02
  -7.9811173e-01   3.6438160e-01   2.5414145e+00   2.2007670e-02  -1.6240493e-02  -2.6634974e-02
  -8.0034693e-01   3.2329177e-01   2.5129139e+00   2.1706273e-02  -1.6188051e-02  -2.6431726e-02
