   0.0000000e+00  -1.0722557e-14  -7.7062129e-15  -2.9704810e-18  -3.4386620e-19   2.5226430e-19
   4.8704758e-02   3.5023057e-03  -1.3499768e-01   4.9786361e-03  -7.8516014e-04   1.5630074e-03
   4.9705882e-02  -5.3891064e-04  -1.1033706e-01   3.6550938e-03  -7.1114763e-04   1.5190252e-03
   4.5960469e-02   9.5959618e-03  -9.3833306e-02   3.6002233e-03  -6.7348325e-04   1.6224737e-03
   4.4188166e-02   1.5753685e-02  -7.1340732e-02   3.7819954e-03  -8.8854425e-04   1.5925602e-03
   4.3194865e-02  -5.0576768e-03  -8.5178862e-02   3.9365942e-03  -5.5659006e-04   1.5362908e-03
   5.3888901e-02   4.3340512e-02  -9.7829056e-02   3.3767354e-03  -7.8353997e-04   1.6113094e-03
   5.3364575e-02   1.4850175e-02  -1.1198280e-01   3.2403884e-03  -6.2850650e-04   1.6970683e-03
   5.0375758e-02   3.4893030e-02  -1.0045379e-01   3.9016755e-03  -7.2809332e-04   1.6778266e-03
   6.1216937e-02   1.9940613e-02  -9.9193927e-02   3.8457758e-03  -9.2213656e-04   1.8908797e-03
   6.1153862e-02   3.1033204e-02  -9.6164788e-02   3.3199116e-03  -5.4133564e-04   1.7836932e-03
   6.0141052e-02   3.5282507e-02  -9.3331339e-02   3.1743851e-03  -8.0908130e-05   1.7107147e-03
   6.7474449e-02   1.3661782e-02  -9.7942619e-02   3.1884172e-03   2.5566621e-06   1.7324902e-03
   7.5101944e-02   2.1446715e-02  -9.6461196e-02   3.0960773e-03   3.2968138e-05   1.8547680e-03
   7.8380948e-02   3.4970782e-03  -1.0091981e-01   3.1951052e-03  -1.8045167e-05   1.8740428e-03
   7.7455531e-02   1.6183630e-02  -9.7305842e-02   3.0328805e-03   3.1765023e-04   1.6546600e-03
   7.4163300e-02  -1.1689447e-02  -1.0047027e-01   3.3263796e-03   1.3057715e-04   1.6558116e-03
   7.3521383e-02   6.8252917e-03  -9.9379228e-02   3.1396710e-03   2.0682740e-04   1.6377691e-03
   7.0563926e-02   1.1413640e-02  -9.7591336e-02   3.3405041e-03   2.8735783e-04   1.7916342e-03
   6.5524352e-02  -5.3232577e-03  -9.5861895e-02   2.9021768e-03   7.3946122e-05   1.8136809e-03
   7.7672326e-02  -6.1018109e-03  -8.9231117e-02   2.8009576e-03   1.5894622e-05   1.8051663e-03
   8.4913588e-02  -1.8304788e-02  -8.9874944e-02   2.6299416e-03   2.5218494e-04   1.8319162e-03
   7.6008394e-02  -8.4518491e-03  -8.5745017e-02   2.2837424e-03   3.6181411e-04   1.5903338e-03
   6.7454479e-02   3.5307715e-03  -7.9439830e-02   2.0558100e-03   4.5396354e-04   1.4447322e-03
   7.2134943e-02  -1.0963878e-02  -6.9885133e-02   2.0272575e-03   4.8232452e-04   1.4939945e-03
   7.2682349e-02  -9.5708968e-03  -7.0213774e-02   2.0266131e-03   4.3130441e-04   1.4900951e-03
   7.6258184e-02  -1.1532534e-02  -8.1969987e-02   2.5203941e-03   2.3957756e-04   1.6474290e-03
   7.8058842e-02  -8.3285529e-04  -9.6254353e-02   3.5229534e-03  -1.7415823e-04   1.8784223e-03
   7.0102494e-02  -1.0971682e-03  -9.6014448e-02   3.1433698e-03   1.8160616e-04   1.6285331e-03
   6.7707720e-02   3.2328696e-02  -9.0315257e-02   3.2649206e-03  -5.6868133e-05   1.6754217e-03
   6.8779251e-02   1.9461591e-02  -9.2557775e-02   3.4149718e-03  -7.2108045e-05   1.7455435e-03
   7.2420269e-02   7.3361733e-05  -9.4148901e-02   3.2956614e-03  -5.8234152e-05   1.6703275e-03
   7.7134319e-02  -3.2727354e-02  -8.2414222e-02   3.4042062e-03  -3.3490809e-05   1.9067413e-03
   8.2921267e-02  -5.9879417e-03  -1.0113126e-01   4.1178507e-03  -1.8871937e-04   2.1176142e-03
   8.1810088e-02   2.9606673e-02  -8.7132238e-02   3.7523296e-03   8.5801228e-05   1.9625206e-03
   7.8620182e-02   2.5090172e-02  -8.0930041e-02   3.5067156e-03   1.0829592e-04   1.8682755e-03
   8.8388942e-02  -5.7608075e-03  -8.7973065e-02   3.3818720e-03   1.6927334e-05   1.8980729e-03
   9.4113268e-02  -9.4796344e-03  -9.9765439e-02   3.4871943e-03   2.0905971e-04   1.9086238e-03
   9.1183728e-02  -4.5496080e-03  -8.7363657e-02   3.5430832e-03   3.0857965e-04   1.8984015e-03
   8.6232239e-02   8.4346769e-03  -8.5100588e-02   3.4953733e-03   4.3730439e-04   1.7874822e-03
   8.0211615e-02   2.4361591e-02  -1.3183660e-01   4.0674271e-03   8.1141516e-04   1.3852151e-03
   6.8789774e-02   1.9742690e-02  -1.0977261e-01   3.2522642e-03   5.5512113e-04   1.4659172e-03
   7.4492087e-02  -4.8215218e-02  -1.2007524e-01   3.7392886e-03   8.9040927e-04   1.4398224e-03
   8.5376762e-02   2.4559650e-02  -1.0082404e-01   3.4726804e-03   5.4231446e-04   1.6985202e-03
   7.9675251e-02   3.9937754e-02  -1.0377853e-01   3.5852726e-03   4.0565786e-04   1.7970077e-03
   7.7283212e-02   2.8207034e-02  -8.8968519e-02   3.4662306e-03   6.5710083e-04   1.7683728e-03
   8.0772331e-02   1.4229135e-02  -8.8285851e-02   3.1764670e-03   6.5126600e-04   1.7129507e-03
   7.5753565e-02   3.0924591e-02  -9.1403935e-02   3.0463075e-03   6.8428564e-04   1.5337000e-03
   7.6576801e-02   1.1580689e-02  -7.8820659e-02   3.1584817e-03   5.8158300e-04   1.5435914e-03
   7.4186939e-02   1.2139025e-02  -8.5767433e-02   3.1886769e-03   5.0806121e-04   1.6314465e-03
   7.1456237e-02   8.6940503e-03  -8.4505580e-02   2.9005332e-03   6.3828216e-04   1.5740260e-03
   6.5107607e-02   3.4269001e-02  -8.7577482e-02   2.6778055e-03   9.2241833e-04   1.4466208e-03
   7.2101410e-02   1.6928098e-02  -7.4911293e-02   2.9094786e-03   8.9616655e-04   1.4261427e-03
   8.5083614e-02  -6.4603146e-04  -8.0657402e-02   3.5414362e-03   7.2965528e-04   1.5759884e-03
   7.0073951e-02   3.1096369e-02  -9.1529059e-02   3.3591106e-03   8.3130124e-04   1.3674033e-03
   7.9117239e-02   4.6191319e-02  -9.1894268e-02   3.2410671e-03   4.4242354e-04   1.6012589e-03
   7.2886607e-02   2.5594180e-02  -8.0714280e-02   2.4959060e-03   6.0431640e-04   1.5539658e-03
   7.9455289e-02   1.1621338e-02  -8.2037208e-02   2.5184954e-03   1.7190380e-04   1.5630393e-03
   7.4608820e-02   1.4021465e-02  -8.7515360e-02   2.3519038e-03   2.3911853e-04   1.7102614e-03
   7.1872015e-02  -8.6553399e-03  -9.0910974e-02   2.2439091e-03   3.5375778e-04   1.6599813e-03
   7.0947532e-02  -1.8514198e-03  -9.2805094e-02   2.4352905e-03   5.5338820e-04   1.7089220e-03
   6.6657487e-02   1.2917854e-02  -9.6948810e-02   2.6809080e-03   3.8290223e-04   1.6244727e-03
   6.7904043e-02  -1.6938614e-03  -7.6831531e-02   3.0582039e-03   4.7052359e-04   1.6002607e-03
   7.0529773e-02   2.5338721e-03  -7.1678184e-02   3.7107806e-03   1.6585557e-04   1.6617335e-03
   7.1749373e-02   3.1264083e-03  -7.9824146e-02   3.4127073e-03   3.3367494e-04   1.6413918e-03
   5.6143144e-02   9.1743127e-03  -7.7201356e-02   3.0092697e-03   6.2814763e-04   1.4988574e-03
   6.8042065e-02   1.9204732e-02  -6.4652060e-02   2.7333971e-03   2.7949697e-04   1.6021608e-03
   6.5241320e-02   1.5676798e-02  -6.5345386e-02   2.4168334e-03   5.2120190e-04   1.6012986e-03
   7.4389862e-02   3.9822749e-03  -7.7133740e-02   2.6687912e-03   3.9265633e-04   1.6150273e-03
   7.1791466e-02   1.9175877e-02  -7.0103432e-02   2.2462947e-03   9.5585766e-04   1.5016880e-03
   6.4978868e-02   1.2242553e-02  -5.1168630e-02   2.4215533e-03   6.3477579e-04   1.4711875e-03
   6.7574701e-02  -1.3315996e-02  -5.5872049e-02   2.2409644e-03   6.9568945e-04   1.6172108e-03
   6.9130892e-02   2.0330874e-02  -5.8075728e-02   1.9622908e-03   7.8561018e-04   1.6006609e-03
   7.4736668e-02   1.5249382e-03  -6.5043071e-02   2.4666831e-03   6.3987248e-04   1.6704313e-03
   7.7149278e-02   2.0630877e-04  -7.8422004e-02   2.7137790e-03   6.6721046e-04   1.8416429e-03
   7.2934193e-02   3.9909721e-03  -8.0317409e-02   2.7744346e-03   7.2915357e-04   1.6396074e-03
   6.3450957e-02   2.9131490e-02  -7.0780040e-02   2.4804981e-03   7.7433643e-04   1.4641358e-03
   6.1966713e-02   2.2109480e-04  -7.6021928e-02   2.6036905e-03   8.1530732e-04   1.3957877e-03
   6.4198428e-02   2.6882763e-02  -9.1784928e-02   2.3829159e-03   7.7356207e-04   1.3724026e-03
   5.3701593e-02   3.8146055e-02  -8.3755203e-02   2.4761509e-03   8.6619910e-04   1.2752417e-03
   5.2900576e-02   2.3852697e-02  -7.8940135e-02   2.3659018e-03   9.7117520e-04   1.3621585e-03
   6.3034027e-02   3.9284663e-02  -8.9816018e-02   2.8682717e-03   9.7281500e-04   1.4198451e-03
   7.4014517e-02   1.3029947e-02  -7.5987834e-02   2.6289737e-03   6.7913277e-04   1.3628174e-03
   7.3295933e-02   1.4938517e-02  -7.2685633e-02   2.2567906e-03   8.5276888e-04   1.4151840e-03
   8.2785462e-02   2.6306344e-02  -7.9760338e-02   2.5954056e-03   6.8080373e-04   1.6048542e-03
   7.4900249e-02   7.0104556e-03  -7.0914278e-02   2.4894349e-03   7.8752921e-04   1.4610217e-03
   6.7153879e-02   3.9980516e-03  -7.2578159e-02   2.4909958e-03   1.0492241e-03   1.3879682e-03
   6.4426516e-02   1.7640371e-02  -7.4343220e-02   2.6154257e-03   8.5384893e-04   1.4933105e-03
   4.8513691e-02   8.0091012e-03  -8.8711074e-02   2.5980111e-03   9.1598640e-04   1.3220619e-03
   4.2148315e-02   2.9706748e-02  -9.0995207e-02   2.5984424e-03   1.0531198e-03   1.3159164e-03
   4.8201424e-02   3.2605895e-02  -6.0970842e-02   2.6867356e-03   1.0382270e-03   1.1715485e-03
   4.6775263e-02   3.2294478e-02  -6.1674489e-02   2.3517512e-03   1.3329419e-03   1.1241308e-03
   4.2990306e-02   2.1508855e-02  -6.6526119e-02   2.2120918e-03   1.1503289e-03   1.0607546e-03
   4.1075383e-02   3.6616486e-02  -7.2361187e-02   2.0228726e-03   1.1351445e-03   1.0711626e-03
   4.4448720e-02   3.5078009e-02  -8.9068316e-02   2.3013389e-03   1.0764989e-03   8.6611001e-04
   4.2176195e-02   1.7651606e-02  -1.1654799e-01   2.2443683e-03   1.2193680e-03   8.4325608e-04
   3.8567246e-02   2.4718761e-02  -9.0484012e-02   2.2230798e-03   1.1253908e-03   1.0185776e-03
   5.5260266e-02   1.6580677e-02  -7.8978463e-02   2.5390087e-03   1.0907441e-03   1.2199585e-03
   5.2380360e-02   4.0186305e-02  -7.7923564e-02   2.5931958e-03   1.1153304e-03   1.1943671e-03
   6.1226757e-02   1.4422331e-02  -8.0999415e-02   2.3595749e-03   1.1513103e-03   1.2502491e-03
   5.7622277e-02   1.0552862e-02  -7.9024493e-02   2.4677220e-03   1.1109161e-03   1.2071242e-03
   6.0618076e-02   1.1095316e-02  -8.8318554e-02   2.5299781e-03   1.2694226e-03   1.1841913e-03
   6.1331887e-02   1.4691894e-02  -8.5332587e-02   2.2766874e-03   1.3528940e-03   1.1861420e-03
   6.0764839e-02   2.6556934e-03  -9.1354676e-02   2.7688804e-03   1.2221372e-03   1.2643295e-03
   5.6359498e-02   4.0314970e-02  -8.0532835e-02   2.4894327e-03   1.4830811e-03   1.1793841e-03
   6.0131493e-02   1.1732441e-02  -9.1005017e-02   2.6811860e-03   1.1352044e-03   1.0541664e-03
   5.5565350e-02   2.8987849e-02  -7.8641848e-02   1.7649419e-03   1.7006387e-03   7.8299581e-04
   4.7492644e-02   2.3617639e-02  -8.7753946e-02   1.9666251e-03   1.8849917e-03   5.7637161e-04
   3.3450995e-02  -8.0353403e-03  -7.8798518e-02   2.1512438e-03   1.7236725e-03   4.8073554e-04
   3.7193609e-02  -4.0739407e-03  -8.1152037e-02   2.1688949e-03   1.8265986e-03   5.4703690e-04
   4.6307070e-02   5.0645238e-02  -7.3881545e-02   1.8010582e-03   1.2377048e-03   9.3435564e-04
   5.5757014e-02   2.0465057e-02  -8.5472374e-02   1.5011804e-03   1.3243184e-03   1.0986732e-03
   5.3935585e-02   2.5685354e-02  -7.9987047e-02   1.3188687e-03   1.3269242e-03   1.0652813e-03
   5.4776217e-02   2.8022003e-02  -7.1400894e-02   1.4501649e-03   1.5265766e-03   9.5730785e-04
   5.7298113e-02   3.3425394e-03  -6.5629399e-02   1.4942073e-03   1.5329660e-03   8.8446407e-04
   5.5513507e-02  -7.1836831e-03  -5.9826126e-02   1.2610138e-03   1.5526450e-03   9.3985642e-04
   4.4015259e-02  -1.0086582e-02  -4.5988856e-02   1.0846547e-03   1.5635522e-03   9.0884498e-04
   4.6858735e-02  -2.7982884e-02  -4.5794563e-02   8.3195099e-04   1.5872912e-03   8.8236653e-04
   4.9083089e-02  -3.3796639e-02  -5.7083669e-02   6.5994645e-04   1.5855019e-03   8.2539866e-04
   4.6218644e-02   9.2938812e-03  -6.9952948e-02   9.2314475e-04   1.6047770e-03   7.8146068e-04
   4.5031194e-02   2.7257193e-03  -5.9996259e-02   1.0841685e-03   1.4372763e-03   7.5302981e-04
   4.8552592e-02  -1.1648139e-02  -5.9192758e-02   1.1078842e-03   1.3489816e-03   7.7552369e-04
   4.2952321e-02  -2.2877543e-02  -5.8391340e-02   1.2703778e-03   1.2786302e-03   6.7217725e-04
   4.3439274e-02   1.2847998e-02  -6.4337253e-02   1.2434260e-03   1.1778387e-03   8.6656655e-04
   4.4645399e-02   1.5819379e-02  -4.4376896e-02   1.1253709e-03   1.1512224e-03   9.9862931e-04
   4.8851220e-02  -6.3111049e-03  -4.9383063e-02   7.8073904e-04   1.3614922e-03   1.0217472e-03
   6.0068999e-02   1.7639341e-02  -5.1177088e-02   8.0169138e-04   1.3589861e-03   1.0814706e-03
   6.1914528e-02  -5.6901823e-03  -5.4116997e-02   8.2668795e-04   1.4361177e-03   1.0309345e-03
   5.7875812e-02   3.4484554e-03  -5.8807483e-02   8.5739069e-04   1.3765170e-03   1.1146594e-03
   5.5961194e-02   7.1844365e-03  -6.2824329e-02   7.9626236e-04   1.3411889e-03   1.0558070e-03
   5.6651595e-02   9.0146341e-03  -6.2854421e-02   8.7167377e-04   1.5169768e-03   1.0470269e-03
   5.8823610e-02  -2.8103291e-02  -6.6318178e-02   9.3248839e-04   1.4429022e-03   1.1184946e-03
   6.4519321e-02   6.3872335e-02  -6.3391697e-02   2.6295932e-03   1.6069519e-03   9.1499546e-04
   6.3045970e-02  -3.8646154e-02  -7.9970098e-02   1.9806583e-03   1.5226043e-03   7.5487533e-04
   6.1168953e-02   4.4463092e-02  -6.2881718e-02   1.8916204e-03   1.4133801e-03   8.6888143e-04
   6.2374808e-02  -1.8763916e-02  -4.3487087e-02   1.7913738e-03   1.4858230e-03   9.3285760e-04
   5.9514741e-02   5.7747170e-03  -6.1024728e-02   1.7199951e-03   1.2402463e-03   8.8266079e-04
   6.7028452e-02   1.7288061e-02  -6.8571346e-02   1.7124222e-03   1.2635250e-03   1.0995415e-03
   6.4992832e-02   1.0899463e-02  -5.9587457e-02   1.6167923e-03   1.4841518e-03   1.1180445e-03
   6.1231449e-02   1.9833945e-02  -5.5157701e-02   1.5292802e-03   1.5698986e-03   1.0040073e-03
   5.6093413e-02   8.3905416e-03  -5.1049335e-02   1.5181819e-03   1.4040833e-03   9.2198179e-04
   5.7555663e-02  -1.5190979e-02  -5.7060539e-02   1.6573133e-03   1.5084281e-03   8.8332064e-04
   5.8496647e-02  -1.2979950e-02  -5.9952483e-02   1.4074204e-03   1.6761247e-03   8.7070834e-04
   6.6905309e-02   1.6666833e-02  -7.3789726e-02   1.8556605e-03   1.2169172e-03   1.0927527e-03
   5.7109936e-02   3.1754254e-02  -5.9685617e-02   1.5540294e-03   1.5556828e-03   8.3294632e-04
   6.2155137e-02   4.3369331e-03  -6.8332609e-02   1.3716656e-03   1.6422220e-03   8.7108147e-04
   5.3665743e-02   2.7756416e-02  -3.8621603e-02   9.8379687e-04   1.6317956e-03   6.8538648e-04
   6.5661735e-02   8.1247516e-04  -3.1727647e-02   8.9456480e-04   1.4763101e-03   9.9143036e-04
   5.3664842e-02   1.0504110e-02  -3.1509367e-02   5.5123261e-04   1.5287055e-03   9.3388376e-04
   5.2353884e-02  -6.0403887e-03  -4.5376311e-02   4.5288466e-04   1.4355992e-03   9.1446719e-04
   5.1592003e-02   1.9961077e-02  -4.4983361e-02   4.4848179e-04   1.5248970e-03   8.3545070e-04
   4.3070859e-02   5.3223935e-02  -1.9653182e-02   7.5203193e-04   1.5537569e-03   7.6765035e-04
   4.2391253e-02   2.0388062e-02  -1.9906342e-02   7.2070052e-04   1.7610273e-03   6.6289135e-04
   4.6362975e-02   1.1318976e-02  -2.3740784e-02   6.4378035e-04   1.7300827e-03   6.9403968e-04
   5.6361482e-02  -1.3659704e-02  -1.5525767e-02   9.7096771e-04   1.4606552e-03   7.8222012e-04
   5.6240156e-02   3.5289384e-02  -3.0473340e-02   9.5570232e-04   1.4153962e-03   8.0543428e-04
   5.0150805e-02   4.5934100e-02  -4.2277930e-02   1.0893086e-03   1.1564081e-03   7.4399135e-04
   3.8874613e-02  -4.8072251e-03  -3.5697910e-02   9.1338482e-04   1.3349438e-03   7.0201100e-04
   2.9956839e-02   1.1815802e-02  -3.7278372e-02   7.1075893e-04   1.4844312e-03   4.7471963e-04
   3.2534146e-02  -2.0511413e-02  -3.4861131e-02   6.2782459e-04   1.8321011e-03   3.8828065e-04
   3.7854108e-02   2.0398422e-02  -3.9150485e-02   2.4300974e-04   1.5966112e-03   3.6408979e-04
   4.7710456e-02   2.6925069e-03  -5.2825208e-02   5.4378069e-04   1.5371224e-03   4.8192658e-04
   4.4729321e-02   1.9732123e-02  -4.3662294e-02   7.0127013e-04   1.3514706e-03   6.8506706e-04
   4.0209533e-02   3.5819753e-02  -3.5697588e-02   4.3611799e-04   1.3248681e-03   7.0303703e-04
   4.1518705e-02   6.1186451e-03  -4.8076002e-02   5.8831100e-04   1.5240795e-03   6.9279674e-04
   5.6364254e-02   3.5734461e-04  -4.5638810e-02   5.3462524e-04   1.5642051e-03   8.5660217e-04
   5.0218712e-02   1.6403597e-02  -4.4858895e-02   5.4190367e-04   1.4787789e-03   7.5203702e-04
   4.6431001e-02   2.8090488e-02  -3.1691223e-02   3.1650151e-04   1.7294169e-03   7.2537739e-04
   4.5491548e-02   2.1360459e-02  -3.2477467e-02   3.8086162e-04   1.5819687e-03   6.0188299e-04
   4.8569128e-02  -1.5852966e-02  -5.0255982e-02   4.0178786e-04   1.7566537e-03   6.8240035e-04
   4.3928976e-02   5.7908214e-02  -4.0660658e-02   3.4228270e-04   1.5958794e-03   7.5238609e-04
   4.0473641e-02   2.0958023e-02  -7.8459231e-02   8.8449874e-04   1.1468655e-03   8.5060792e-04
   5.6938966e-02  -6.1154910e-03  -8.0468465e-02   1.2442365e-03   1.3914104e-03   1.5964286e-03
   5.7959866e-02   4.3391551e-02  -7.0437683e-02   9.4431133e-04   1.3772416e-03   1.8024694e-03
   5.6612345e-02   6.9854551e-03  -8.0777392e-02   8.7736932e-04   1.4841498e-03   1.6959886e-03
   5.6380949e-02   4.3944434e-02  -7.6368865e-02   9.8333798e-04   1.2364306e-03   1.8173438e-03
   7.3873125e-02   6.3636118e-02  -7.5010298e-02   1.1544559e-03   1.0841745e-03   2.1503872e-03
   8.1124438e-02   3.8105482e-02  -7.1411037e-02   7.9195312e-04   1.1332170e-03   2.1843999e-03
   7.8925380e-02   1.8339491e-02  -8.0558444e-02   6.7778079e-04   1.2828987e-03   2.1022135e-03
   8.1049462e-02   4.6547561e-02  -8.3310919e-02   6.8229090e-04   1.3003052e-03   2.0722403e-03
   8.4386803e-02   5.3946910e-02  -7.0442787e-02   1.0501655e-03   1.2059756e-03   2.1125170e-03
   7.8500408e-02   2.0871824e-02  -7.4668643e-02   9.6564861e-04   1.2536982e-03   2.0602723e-03
   7.9036890e-02   1.3956814e-02  -6.7804438e-02   9.2688899e-04   1.2093336e-03   2.0527333e-03
   9.1182022e-02   3.0390557e-02  -5.3476321e-02   5.1446276e-04   1.2844009e-03   2.0670674e-03
   9.1506357e-02  -9.6164238e-03  -4.8689266e-02   8.6832262e-04   8.6884251e-04   2.1457356e-03
   7.9286290e-02  -1.8858637e-02  -1.0970044e-01   8.6278711e-04   1.0726288e-03   1.9463680e-03
   5.3684521e-02   4.7696097e-02  -1.2999841e-01   1.1070557e-03   1.2342881e-03   1.7831391e-03
   6.2034091e-02  -7.8680683e-03  -1.2529583e-01   1.4015652e-03   9.8432645e-04   1.8846689e-03
   6.7247293e-02   3.1790885e-02  -6.2131764e-02   1.0147804e-03   9.4153942e-04   1.9829535e-03
   7.5260188e-02   3.8717572e-02  -6.0509280e-02   1.0750638e-03   1.1133409e-03   2.0144620e-03
   7.2915260e-02   1.7111011e-03  -5.8183458e-02   1.1676250e-03   1.2955593e-03   1.8870314e-03
   7.3473885e-02  -2.0359393e-03  -5.6252542e-02   1.2362693e-03   1.2344985e-03   1.8541732e-03
   6.6634193e-02  -1.1607861e-03  -5.0235557e-02   1.1492037e-03   1.2193601e-03   1.8005433e-03
   6.8908268e-02   2.9508600e-02  -5.9713472e-02   1.5001936e-03   7.0507117e-04   2.1041130e-03
   6.6440320e-02   3.4487004e-02  -6.3293019e-02   1.5720176e-03   8.4824489e-04   2.0542648e-03
   7.6539245e-02  -5.7161519e-03  -5.5894567e-02   1.8873493e-03   8.2217082e-04   2.0212049e-03
   7.3656459e-02   3.8882436e-03  -4.1451448e-02   1.4903050e-03   7.6385690e-04   1.9335908e-03
   7.1831939e-02   1.4805835e-02  -4.7109958e-02   1.2503712e-03   8.0058959e-04   1.8853496e-03
   6.0367732e-02   3.0084994e-02  -5.2290089e-02   1.1317121e-03   8.3311603e-04   1.5608166e-03
   7.0310677e-02   2.7447810e-02  -2.8379349e-02   5.6639650e-04   5.6393250e-04   1.7925486e-03
   6.8237047e-02   1.7926368e-02  -3.4110539e-02   8.3446517e-04   2.6621317e-04   1.9846771e-03
   6.5050393e-02   1.2977348e-02  -1.5171005e-02   3.8300941e-04   9.9622810e-05   1.9321417e-03
   7.7162433e-02   5.7109484e-03  -1.9694988e-02   4.6911045e-04   1.2288754e-04   2.0364726e-03
   7.5282469e-02  -1.0352198e-03  -8.6023477e-03   2.5889290e-04   3.2685651e-04   1.9907172e-03
   7.6676830e-02  -2.5527247e-03  -1.7717842e-02   2.6840243e-04   4.2225411e-04   2.0754171e-03
   7.4169954e-02   5.4142952e-02  -1.8254904e-02   1.9799785e-04   2.6062354e-04   2.1536961e-03
   7.1482246e-02   2.3703349e-02  -2.2600493e-02   2.1718811e-04   6.3878785e-04   1.9742396e-03
   8.2111162e-02   3.6158842e-02  -1.9666709e-02   3.1979289e-05   7.7555344e-04   2.0760240e-03
   7.3550454e-02   2.3800165e-02  -1.9782377e-02   6.8590843e-05   6.3795265e-04   2.0255800e-03
   6.9188586e-02   3.5198326e-02  -1.7285061e-02   2.3903353e-05   4.6933410e-04   2.0530397e-03
