   1.0887484e-14   0.0000000e+00   0.0000000e+00  -2.0711344e-53  -9.6296497e-35   0.0000000e+00
   3.6033722e-03   1.1213784e-01  -1.7890966e-01   3.3973511e-03   5.6442757e-04  -5.2103789e-04
   7.3051916e-03   2.1709024e-01  -8.6815085e-02   2.5791205e-03   3.8305091e-04  -6.1572860e-04
   2.1949538e-02   2.0457213e-01  -4.9954161e-02   2.9377244e-03   5.2419699e-04  -3.5783686e-04
   2.7434154e-02   1.6336528e-01  -7.0122917e-03   2.2502382e-03   3.3114447e-04   2.0879623e-06
   3.6680155e-02   1.6962689e-01  -1.0991189e-02   2.3658014e-03   3.7158575e-04   9.7446035e-05
   5.3832227e-02   1.5552509e-01  -7.1313024e-03   2.6928418e-03   1.6327058e-04   6.6793707e-04
   5.8763167e-02   1.5910417e-01   1.1360595e-02   2.4003579e-03  -1.5930966e-04   9.0852372e-04
   5.8080659e-02   1.3012036e-01   5.7865211e-03   2.2395991e-03  -1.9134552e-04   7.7136345e-04
   7.6568878e-02   1.6882455e-01   2.6100309e-02   2.2452941e-03  -2.8080856e-04   9.4207416e-04
   7.1931450e-02   1.4951754e-01   2.7376894e-02   2.3103149e-03  -2.2069462e-04   9.2082839e-04
   7.2999236e-02   1.3941350e-01   1.6489060e-02   2.2465739e-03  -2.9334809e-04   8.8843920e-04
   7.5090979e-02   1.3342614e-01   4.8377848e-02   2.0799372e-03  -2.5507049e-04   9.4577103e-04
   7.2946138e-02   1.1107938e-01   4.9318288e-02   2.1351633e-03  -1.9408492e-04   8.4194185e-04
   8.0361540e-02   1.0845669e-01   5.7280152e-02   2.5097333e-03   6.8818049e-06   8.6802463e-04
   7.7597697e-02   1.5173257e-01   5.0790527e-02   2.1549950e-03  -2.1499247e-04   1.0487804e-03
   8.5140913e-02   1.3566920e-01   6.1277472e-02   1.7464397e-03  -3.3127811e-04   1.1295808e-03
   8.6845143e-02   1.4097748e-01   5.3995780e-02   2.3345780e-03  -2.5640570e-04   1.1204024e-03
   9.0624085e-02   1.2494915e-01   5.3670039e-02   1.4726173e-03  -4.3138390e-04   1.2497538e-03
   9.2216699e-02   1.3344441e-01   5.8528921e-02   1.7248586e-03  -6.2422896e-04   1.3374222e-03
   8.5715434e-02   1.0824532e-01   4.0583857e-02   2.0025859e-03  -5.5342424e-04   1.2799911e-03
   8.5389640e-02   1.3826320e-01   4.3893998e-02   1.9066463e-03  -6.6281454e-04   1.3213797e-03
   7.5660124e-02   1.3804584e-01   3.8674199e-02   1.8441694e-03  -6.1856370e-04   1.1479776e-03
   7.2763902e-02   1.3567277e-01   3.7232698e-02   1.8448555e-03  -6.3366759e-04   1.1945548e-03
   7.7668049e-02   1.5622558e-01   5.3396474e-02   1.8248488e-03  -7.1566481e-04   1.3298911e-03
   8.2986410e-02   1.2776906e-01   4.6652740e-02   1.5621467e-03  -6.3685464e-04   1.3634533e-03
   7.9222132e-02   1.3307616e-01   5.4765036e-02   1.3474169e-03  -8.1918202e-04   1.4185042e-03
   8.1577636e-02   1.2412413e-01   4.8935668e-02   1.7616195e-03  -7.6263586e-04   1.3482077e-03
   8.0551303e-02   1.7138641e-01   3.5612440e-02   1.7039999e-03  -6.5009244e-04   1.3295478e-03
   8.5776203e-02   1.3291010e-01   3.6529530e-02   1.2399576e-03  -5.1035990e-04   1.2784060e-03
   8.4403366e-02   1.5361723e-01   2.1201156e-02   9.8498099e-04  -7.1276308e-04   1.3807568e-03
   8.4891575e-02   1.8210088e-01  -1.7513488e-03   8.4555588e-04  -7.2170880e-04   1.4081471e-03
   8.6084106e-02   1.8287714e-01  -1.9162171e-02   6.4595602e-04  -5.8759201e-04   1.1974461e-03
   8.8093527e-02   1.4598144e-01  -1.0514508e-02   7.8313994e-04  -8.5916501e-04   1.4295451e-03
   9.8277809e-02   9.8714283e-02  -1.4661700e-02   1.2448002e-03  -7.5525440e-04   1.4828397e-03
   9.1922372e-02   1.8466169e-01  -8.7946791e-04   1.2985395e-03  -6.2330377e-04   1.3816084e-03
   9.3985670e-02   1.7503575e-01   2.3812878e-02   8.5608109e-04  -7.4980058e-04   1.5272277e-03
   8.7492716e-02   1.6488170e-01   6.9433172e-02   4.9983478e-04  -7.7708711e-04   1.5040933e-03
   9.5814365e-02   1.2640511e-01   3.6467918e-02   4.9553663e-04  -7.5052952e-04   1.5528483e-03
   9.7097671e-02   1.5394315e-01   5.5753340e-02   5.8538770e-04  -7.5181913e-04   1.6163562e-03
   8.8417410e-02   1.6274965e-01   3.8353504e-02   7.7517851e-04  -7.5152431e-04   1.4435271e-03
   8.7081473e-02   1.7363675e-01   4.8890416e-02   4.5272881e-04  -7.3671257e-04   1.5119025e-03
   9.1897543e-02   1.8284156e-01   4.2191838e-02   2.7502285e-04  -9.4445039e-04   1.6800200e-03
   1.0821954e-01   1.5752317e-01   4.6352851e-02   4.1565100e-04  -7.4828021e-04   1.7571893e-03
   9.6040231e-02   1.4091916e-01   5.9430133e-02   1.3241480e-04  -9.1575727e-04   1.8092964e-03
   9.4263946e-02   1.3696162e-01   2.8439166e-02   1.2050888e-05  -9.9210602e-04   1.7451721e-03
   1.0148622e-01   1.6072196e-01   4.3533262e-02   1.2314864e-04  -1.0411432e-03   1.8746716e-03
   9.2495443e-02   1.4246567e-01   7.3506799e-02   2.0200256e-05  -1.0151410e-03   1.8409871e-03
   9.1334874e-02   1.5717766e-01   7.6744516e-02   1.8734871e-04  -1.0907281e-03   1.8216845e-03
   9.4591187e-02   1.5380819e-01   9.0123353e-02   2.6123995e-04  -1.1147582e-03   1.8703580e-03
   8.9066420e-02   1.4433389e-01   9.4863954e-02   1.0477214e-04  -1.0794790e-03   1.8440757e-03
   8.8750910e-02   1.6431937e-01   7.9135709e-02   6.9155218e-05  -1.0831332e-03   1.8503303e-03
   8.9296582e-02   1.8392219e-01   9.6071811e-02   1.9504631e-06  -1.0901169e-03   1.8773033e-03
   9.0953926e-02   1.3890497e-01   9.0256068e-02   4.9157085e-05  -1.0784099e-03   1.8304796e-03
   9.7869665e-02   1.5357630e-01   6.4286663e-03   9.5523677e-04  -8.8581753e-04   1.7534812e-03
   1.2081184e-01   1.8442402e-01   8.7547402e-03   1.5188371e-03  -6.9640634e-04   2.1102195e-03
   1.2173769e-01   1.8671575e-01   1.2191938e-02   1.3471167e-03  -6.2970048e-04   2.0310014e-03
   1.2211054e-01   2.3751084e-01   4.8287823e-03   1.1146982e-03  -8.0751827e-04   1.9602367e-03
   1.2691020e-01   1.9172492e-01   1.5447080e-02   1.1923763e-03  -8.3355989e-04   1.9043566e-03
   1.2409661e-01   2.0740406e-01   1.2903655e-02   1.4334446e-03  -7.8237877e-04   1.9161783e-03
   1.3584335e-01   1.9325143e-01   2.5713121e-03   1.5094619e-03  -9.9872257e-04   2.1920535e-03
   1.5213587e-01   2.5170474e-01   7.7609544e-03   1.3135305e-03  -6.4738158e-04   2.2918650e-03
   1.4887699e-01   2.0029892e-01   1.9787004e-02   1.2944139e-03  -8.9033737e-04   2.4326909e-03
   1.5131899e-01   1.8554251e-01   2.7053097e-02   1.0993652e-03  -6.3520491e-04   2.2970542e-03
   1.5165619e-01   1.8621470e-01   1.9940527e-02   1.0569938e-03  -6.3459812e-04   2.1970685e-03
   1.7047110e-01   1.8499502e-01   5.0783066e-02   6.9669559e-04  -4.7553706e-04   2.4885035e-03
   1.7972388e-01   1.6932001e-01   3.6610126e-02   8.3236906e-04  -3.3552788e-04   2.5223712e-03
   1.7009081e-01   1.4979700e-01   2.4108892e-02   7.4161522e-04  -6.1581067e-04   2.4615246e-03
   1.6767341e-01   1.8691051e-01   4.2657398e-03   6.4850312e-04  -6.6218824e-04   2.4246485e-03
   1.7095288e-01   1.8936327e-01  -2.7422888e-03   7.0641403e-04  -6.5536199e-04   2.3657584e-03
   1.7454992e-01   2.3512584e-01  -2.3224544e-02   6.8652512e-04  -6.9694603e-04   2.4273199e-03
   1.8473159e-01   1.7982657e-01  -3.6062246e-02   8.1920136e-04  -9.1198304e-04   2.4249325e-03
   1.8629087e-01   1.9219682e-01  -3.2552597e-02   9.4843821e-04  -8.7549940e-04   2.4960164e-03
   1.8949306e-01   1.6980508e-01  -2.7405547e-02   9.2004522e-04  -1.0145102e-03   2.7273226e-03
   1.6608659e-01   1.9488733e-01  -3.8411194e-02   6.3873741e-04  -8.9601514e-04   2.4588712e-03
   1.6983347e-01   2.1088876e-01  -1.8961182e-02   9.3230563e-04  -9.2668272e-04   2.4581160e-03
   1.6783779e-01   1.9504704e-01   2.0232671e-03   8.6266146e-04  -9.1616826e-04   2.4946397e-03
   1.7113347e-01   1.7059147e-01   3.7355707e-02   7.2313569e-04  -8.7027497e-04   2.5531829e-03
   1.7574502e-01   2.0365757e-01   6.0217419e-02   6.4123280e-04  -6.7922063e-04   2.6121282e-03
   1.8611807e-01   1.4796607e-01   3.3690750e-02   8.1711053e-04  -7.5408813e-04   2.7198245e-03
   1.8930340e-01   1.8415877e-01   4.6325871e-02   6.5372839e-04  -7.0373824e-04   2.9094923e-03
   1.9902436e-01   1.7442869e-01   3.0630838e-02   1.0520048e-03  -5.2037534e-04   2.9122480e-03
   1.9255129e-01   2.1138860e-01   6.6659505e-02   4.4651782e-04  -7.3689250e-04   2.8935761e-03
   1.9449469e-01   1.6107361e-01   5.5148230e-02   6.2769115e-04  -6.6318602e-04   2.8187515e-03
   2.0153198e-01   1.8354518e-01   6.6312954e-02   5.4882163e-04  -7.1355220e-04   2.9328471e-03
   1.9568607e-01   1.7010146e-01   6.1307376e-02   4.9831696e-04  -7.8128710e-04   2.9401263e-03
   1.8980391e-01   1.9284435e-01   4.5875076e-02   5.6787690e-04  -8.4632484e-04   2.9034123e-03
   1.9695308e-01   2.0126965e-01   6.1581050e-02   5.3302939e-04  -8.2385950e-04   2.9867872e-03
   1.9011593e-01   1.8686257e-01   7.3483519e-02   5.7189284e-04  -8.1303003e-04   2.9835708e-03
   1.9022869e-01   1.6485204e-01   5.8278149e-02   4.5695700e-04  -8.2656265e-04   3.0062108e-03
   1.9033539e-01   1.6689602e-01   6.6466245e-02   4.8532201e-04  -7.9132537e-04   2.9621473e-03
   1.8712381e-01   1.7790363e-01   9.3405734e-02   3.8188565e-04  -8.8389005e-04   3.0152767e-03
   1.9387076e-01   1.8746172e-01   6.9044923e-02   3.3535340e-04  -8.8330644e-04   3.0277958e-03
   1.9945052e-01   1.7735443e-01   8.0437030e-02   4.0230205e-04  -7.6998419e-04   3.0765060e-03
   1.9920156e-01   1.7704195e-01   8.9408696e-02   5.3931643e-04  -8.4756041e-04   3.1052545e-03
   1.9373563e-01   1.7793717e-01   8.8284070e-02   6.5935207e-04  -8.5998332e-04   3.0502998e-03
   2.0576958e-01   1.6329644e-01   8.7797665e-02   6.2349253e-04  -8.2921112e-04   3.2554691e-03
   2.0535112e-01   1.9986707e-01   1.1061561e-01   5.1387950e-04  -8.5729326e-04   3.3520133e-03
   2.0546336e-01   1.8762365e-01   9.4176869e-02   5.2191059e-04  -9.6385577e-04   3.3132018e-03
   2.0664130e-01   1.9646554e-01   9.2821110e-02   4.1195953e-04  -1.0380081e-03   3.3271457e-03
   2.0368426e-01   1.9502589e-01   8.7152266e-02   3.2873481e-04  -9.6831586e-04   3.2399886e-03
   2.0846422e-01   1.3858605e-01   7.1913301e-02   6.6173560e-04  -8.6475545e-04   3.3433898e-03
   1.9857129e-01   1.9793797e-01   6.9175538e-02   1.2589574e-03  -7.5894835e-04   3.2497885e-03
   2.0320554e-01   1.8350512e-01   9.1362341e-02   5.2788352e-04  -1.0487750e-03   3.5668940e-03
   2.0861892e-01   1.7775979e-01   9.0574398e-02   7.8415484e-04  -9.1195050e-04   3.5731164e-03
   2.0760389e-01   2.0294550e-01   7.0524223e-02   5.2728319e-04  -8.4274632e-04   3.4593324e-03
   2.1002974e-01   1.7771907e-01   7.5035211e-02  -4.5209279e-05  -1.0814949e-03   3.6793033e-03
   2.1538318e-01   1.6480460e-01   6.3997449e-02   4.5513527e-04  -8.3583485e-04   3.6063128e-03
   2.2621733e-01   1.8895800e-01   5.9941072e-02   9.4838797e-04  -5.4525651e-04   3.6712038e-03
   2.1897302e-01   1.8537031e-01   5.3659248e-02   6.9104194e-04  -7.7564627e-04   3.6869576e-03
   2.3419043e-01   2.0577938e-01   8.5740236e-02   5.7537821e-04  -6.6975100e-04   3.9427792e-03
   2.3219846e-01   2.0858986e-01   6.2451269e-02   7.1383715e-04  -8.5693330e-04   3.8413532e-03
   2.2969032e-01   2.1810546e-01   5.8299645e-02   6.2369645e-04  -8.9081110e-04   3.7974561e-03
   2.1907344e-01   2.0630758e-01   7.2526251e-02   6.8154505e-04  -9.7203795e-04   3.7502194e-03
   2.1920305e-01   1.3916929e-01   9.6601835e-02   1.2820848e-03  -8.1563688e-04   3.6728333e-03
   1.9853762e-01   2.5584502e-01   8.3227287e-02   7.6733156e-04  -9.9579570e-04   3.4684331e-03
   2.0205612e-01   2.2395448e-01   7.8806896e-02   1.1807378e-03  -1.0778379e-03   3.5071845e-03
   1.9968062e-01   2.3785799e-01   1.1957149e-01   3.5723286e-04  -1.2323697e-03   3.5434452e-03
   2.2083422e-01   2.0281225e-01   1.1570524e-01   3.0222237e-04  -1.1237858e-03   3.8210722e-03
   2.1550404e-01   1.8422008e-01   1.0796494e-01   3.0906288e-04  -1.0185407e-03   3.7880337e-03
   2.3124184e-01   8.7457041e-02   1.0472135e-01  -1.3999606e-04  -9.3567610e-04   4.0167844e-03
   2.2377007e-01   2.4370849e-01   1.1154639e-01   1.0403437e-03  -1.0864981e-03   3.9212413e-03
   2.2449132e-01   1.9017866e-01   1.3726432e-01   9.0014889e-04  -1.2385969e-03   4.1067808e-03
   2.2321325e-01   1.9664766e-01   1.2793351e-01   8.5529706e-04  -1.1929658e-03   4.1582948e-03
   2.2404909e-01   1.8322317e-01   1.2247111e-01   7.8919612e-04  -1.1281950e-03   4.1403736e-03
   2.1920413e-01   2.0146200e-01   1.0818750e-01   5.8709632e-04  -1.3124157e-03   4.1452015e-03
   2.1424047e-01   2.0259067e-01   1.0362016e-01   6.4638912e-04  -1.2450962e-03   4.0231434e-03
   2.0945756e-01   2.0455673e-01   9.9084082e-02   6.6392491e-04  -1.1713247e-03   3.9363446e-03
   2.0685848e-01   1.9996297e-01   1.1407944e-01   6.4266791e-04  -1.1888317e-03   3.9221064e-03
   2.0432017e-01   2.1086305e-01   1.2378751e-01   6.2700292e-04  -1.2600168e-03   3.9202478e-03
   2.0400314e-01   2.2451743e-01   1.3945531e-01   5.4774072e-04  -1.3615448e-03   3.9968703e-03
   2.2073984e-01   2.3090687e-01   1.3700106e-01   8.0828856e-04  -1.1387574e-03   4.0653433e-03
   2.0571629e-01   1.9185393e-01   1.3776512e-01   7.4498096e-04  -1.2810029e-03   3.9702016e-03
   1.9824768e-01   2.5275225e-01   1.3832396e-01   7.6386789e-04  -1.3520365e-03   3.8014597e-03
   2.0158439e-01   2.2792936e-01   1.2926562e-01   6.7847922e-04  -1.3677568e-03   3.8202633e-03
   2.0131010e-01   1.8754286e-01   1.2996343e-01   3.9125828e-04  -1.3936377e-03   3.8722096e-03
   2.1006561e-01   1.8888953e-01   1.6010428e-01   1.9222645e-04  -1.3228996e-03   3.9520023e-03
   2.1178610e-01   1.9785869e-01   1.6004307e-01   2.5575455e-04  -1.4158553e-03   4.0026935e-03
   2.1318915e-01   2.0822907e-01   1.5919915e-01   2.5466104e-04  -1.3844095e-03   4.0518783e-03
   2.0847871e-01   1.7903703e-01   1.7258439e-01   4.4018373e-04  -1.2429476e-03   4.0683086e-03
   2.0657087e-01   1.7936091e-01   1.6896981e-01   2.4651044e-04  -1.4304686e-03   4.1806916e-03
   1.9713856e-01   1.7458947e-01   1.6773674e-01   2.6607940e-04  -1.2785611e-03   4.0474193e-03
   2.0325180e-01   1.9561062e-01   1.6335213e-01   2.5942206e-04  -1.2360130e-03   4.1457006e-03
   2.0062919e-01   1.9420822e-01   1.8093265e-01   1.0671080e-04  -1.3582898e-03   4.1253726e-03
   2.0376106e-01   2.0699179e-01   1.9302941e-01   9.0701035e-05  -1.2805701e-03   4.1129157e-03
   2.1009234e-01   1.6364964e-01   2.1194565e-01   1.1625024e-04  -1.2612471e-03   4.1682864e-03
   2.0345006e-01   1.6573901e-01   1.9959252e-01  -3.7231072e-05  -1.2776117e-03   4.1346498e-03
   2.0413466e-01   1.7546429e-01   2.2266393e-01  -5.2455480e-04  -1.4767818e-03   4.1909253e-03
   2.4262925e-01   1.8490607e-01   2.0490321e-01  -2.0632848e-04  -1.3469211e-03   4.6686614e-03
   2.1561877e-01   2.8988723e-01   2.1904467e-01  -5.7216649e-04  -1.5565003e-03   4.5046999e-03
   2.2143004e-01   1.2676796e-01   2.1061009e-01  -7.8591703e-04  -1.4419207e-03   4.7086506e-03
   2.1772797e-01   1.3738657e-01   2.1222296e-01  -7.4996614e-04  -1.5343718e-03   4.6664350e-03
   2.1547589e-01   1.2851214e-01   1.9082384e-01  -4.7083246e-04  -1.4167838e-03   4.6782624e-03
   2.1539896e-01   1.6500225e-01   2.0689433e-01  -5.7909772e-04  -1.3810389e-03   4.7332463e-03
   2.1631926e-01   1.6271778e-01   2.1734290e-01  -6.7289167e-04  -1.3705965e-03   4.7590707e-03
   2.2803129e-01   1.5175759e-01   2.3001986e-01  -5.8390275e-04  -1.3669405e-03   4.8599327e-03
   2.2049613e-01   1.6488470e-01   2.2471329e-01  -6.3636691e-04  -1.3271662e-03   4.7508270e-03
   2.6341907e-01   1.7120156e-01   3.1175721e-01  -1.7876248e-04  -1.1393966e-03   5.4293142e-03
   3.2547010e-01   3.9243745e-01   4.7810244e-01   5.9704604e-04  -1.7179743e-03   6.0776838e-03
   2.9791221e-01   2.7995830e-02   3.5190523e-01   9.3580787e-04  -1.9040331e-03   5.7376998e-03
   3.0884899e-01   1.6921827e-01   4.0746200e-01   9.5588250e-04  -1.6807873e-03   5.7653725e-03
   3.1185171e-01   1.9228754e-01   4.2031755e-01   8.7463086e-04  -1.7519325e-03   5.7823165e-03
   3.4022403e-01   1.2170231e-01   4.6794194e-01  -5.3685903e-04  -1.6018929e-03   6.3002123e-03
   3.4281171e-01   1.9736065e-01   5.0633505e-01  -7.0824173e-04  -1.8081676e-03   6.4762306e-03
   3.5676761e-01   1.0971419e-01   4.7963820e-01  -9.1388381e-04  -1.7114684e-03   6.7456884e-03
   3.6475829e-01   9.3991789e-02   4.9676945e-01  -8.8115026e-04  -1.6132016e-03   6.8331431e-03
   3.8818718e-01   1.1038248e-01   5.0172554e-01  -9.4998719e-04  -1.5041460e-03   7.2318962e-03
   4.0115986e-01   1.1950407e-01   4.8003804e-01  -1.1078181e-03  -1.6303307e-03   7.4917568e-03
   4.0596425e-01   1.5864002e-01   4.8861248e-01  -4.5141337e-04  -1.6083057e-03   7.4912630e-03
   4.0253230e-01   1.2378330e-01   5.0772796e-01  -9.0600108e-04  -1.6636444e-03   7.5586028e-03
   4.0898437e-01   1.3631723e-01   5.2344875e-01  -9.5489363e-04  -1.6123716e-03   7.6187708e-03
   4.1638464e-01   1.4568878e-01   5.0896395e-01  -1.0234122e-03  -1.6759812e-03   7.8114411e-03
   4.2526213e-01   1.3415206e-01   4.9923928e-01  -7.0926414e-04  -1.6045526e-03   7.8724254e-03
   4.2619257e-01   1.4686181e-01   5.3449698e-01  -6.1410951e-04  -1.5811509e-03   7.7765613e-03
   4.2549371e-01   1.5299407e-01   5.2330009e-01  -7.3524042e-04  -1.6904676e-03   7.7478903e-03
   4.2743504e-01   1.5504822e-01   5.2924209e-01  -5.6557500e-04  -1.8088089e-03   7.8864806e-03
   4.3433196e-01   1.4500174e-01   5.4144040e-01  -4.1483450e-04  -1.6995449e-03   7.9347963e-03
   4.3629585e-01   1.4269561e-01   5.2993724e-01  -3.6071470e-04  -1.7039356e-03   8.0123917e-03
   4.4575153e-01   1.8501474e-01   5.4229542e-01  -2.0381529e-04  -1.6920290e-03   8.0051568e-03
   4.4085518e-01   1.6225127e-01   5.5180205e-01  -3.8229823e-04  -1.7729811e-03   8.0143551e-03
   4.4106943e-01   1.5384177e-01   5.4784781e-01  -5.1490388e-04  -1.7756808e-03   7.9723348e-03
   4.4874511e-01   1.6433423e-01   5.6826879e-01  -4.2158454e-04  -1.7918601e-03   8.0913668e-03
   4.5610309e-01   1.6763959e-01   5.4619395e-01  -4.1712961e-04  -1.7319268e-03   8.2238414e-03
   4.5557286e-01   1.6865637e-01   5.3269595e-01  -2.3497649e-04  -1.7302651e-03   8.1849295e-03
   4.5620239e-01   1.7968387e-01   5.3489792e-01  -3.7336321e-04  -1.7097535e-03   8.2031575e-03
   4.6607239e-01   1.7105191e-01   5.3702179e-01  -1.9391459e-04  -1.4930663e-03   8.2882436e-03
   4.6414740e-01   2.1326212e-01   5.3142698e-01  -1.9646006e-04  -1.4861995e-03   7.9786393e-03
   4.5172415e-01   2.3419597e-01   4.9135151e-01  -3.5604872e-04  -1.7330425e-03   7.8796937e-03
   4.5492552e-01   1.4020735e-01   4.8611378e-01  -9.8395816e-05  -1.7403494e-03   7.8550940e-03
   4.6421761e-01   1.5109194e-01   5.3116792e-01  -4.1553966e-04  -1.9009235e-03   8.0917980e-03
   4.6242213e-01   1.6433459e-01   5.2382344e-01  -6.0372272e-04  -2.0306311e-03   8.0233511e-03
   4.6118740e-01   1.6155160e-01   5.1705319e-01  -4.5101147e-04  -1.9481095e-03   8.0380966e-03
   4.6625631e-01   1.3083019e-01   5.4164133e-01  -4.5419427e-04  -1.9428410e-03   8.1919935e-03
   4.6711371e-01   1.3699150e-01   5.7108101e-01  -5.8235968e-04  -1.9075483e-03   8.1827996e-03
   4.7419704e-01   1.4568095e-01   5.5816278e-01  -4.4094803e-04  -1.7212190e-03   8.2541454e-03
   5.0220991e-01   1.1257880e-01   5.2449570e-01  -9.6529387e-04  -1.4236973e-03   8.4175813e-03
   4.9047678e-01   1.9176903e-01   5.0003036e-01  -1.3598039e-04  -1.3482539e-03   8.3688723e-03
   4.8658802e-01   2.2584148e-01   5.1904083e-01  -5.0898768e-04  -1.4716790e-03   8.3798932e-03
   5.0471406e-01   1.7741846e-01   5.3744615e-01  -8.5879074e-04  -1.3732607e-03   8.5961863e-03
   5.1057190e-01   1.5903862e-01   5.6339728e-01  -4.2440673e-04  -1.1126912e-03   8.5139713e-03
   5.1677672e-01   1.4594235e-01   5.6234332e-01  -1.2559302e-03  -1.3470283e-03   8.6901492e-03
   5.1467690e-01   1.4892458e-01   5.7127992e-01  -1.4615878e-03  -1.6854641e-03   8.6980852e-03
   5.0827047e-01   1.4433395e-01   5.8211759e-01  -1.3291530e-03  -1.7482346e-03   8.7575205e-03
   5.0986473e-01   1.1871444e-01   5.8302786e-01  -1.1580978e-03  -1.6353692e-03   8.7435965e-03
   5.1234555e-01   1.4113639e-01   6.0927919e-01  -1.3606664e-03  -1.6360647e-03   8.8121110e-03
   5.1176644e-01   1.4198796e-01   6.1834218e-01  -1.5049493e-03  -1.6974995e-03   8.8359769e-03
   5.0528042e-01   1.0288014e-01   6.2642481e-01  -1.6366603e-03  -1.8005709e-03   8.8183859e-03
   5.0370780e-01   6.6431923e-02   6.4001181e-01  -1.4034691e-03  -1.8452984e-03   8.7599259e-03
   4.9239980e-01   1.3793787e-01   6.3421498e-01  -1.6102949e-03  -1.8139929e-03   8.6468146e-03
   5.0044966e-01   1.3003024e-01   6.0907581e-01  -1.6912301e-03  -1.7417090e-03   8.8962850e-03
