   0.0000000e+00   0.0000000e+00   1.4210855e-14   0.0000000e+00   0.0000000e+00   0.0000000e+00
   3.5787825e-03   4.3179004e-02   1.4306416e-03   4.4069337e-04  -4.8093484e-05   5.2530383e-05
   5.1755886e-03   5.3690807e-02   3.9712942e-03   6.0528839e-05  -1.5283493e-04   1.8598480e-04
   1.1889106e-02   4.0231424e-02  -7.5528643e-03   1.1892646e-04  -3.9929942e-04   3.2025205e-04
   1.7190649e-02   2.1269493e-02   2.9407272e-03   2.1343802e-04  -5.8343200e-04   3.9546528e-04
   2.0245717e-02   3.2474671e-03  -2.0630347e-02   7.3729333e-04  -5.7450048e-04   4.9483768e-04
   7.4451097e-03   5.1083205e-02   1.2129338e-03   3.1682958e-05  -5.1952766e-04   4.1763839e-04
   1.4944048e-02   1.4962253e-02  -1.2040594e-02  -5.7185287e-05  -4.7187448e-04   4.3757030e-04
   1.5292140e-02   3.7864258e-02  -1.2065001e-02   2.0356293e-04  -3.5879271e-04   2.9850806e-04
   1.4578007e-02   2.4801012e-02  -3.1266056e-02   8.7921829e-04  -3.4271896e-04   1.1692185e-04
   1.9823220e-02   3.3931525e-02  -8.1195927e-03   4.4644109e-04  -4.2896597e-04   2.5394726e-04
   1.5078379e-02   1.9190080e-02   1.9056591e-03   4.8748978e-04  -5.2374074e-04   2.2515921e-04
   1.7722683e-02   3.0726521e-02  -7.8790437e-03   3.0515426e-04  -2.5223937e-04   2.5982040e-04
   1.9513081e-02   2.6110631e-02  -1.5297258e-02   2.8607180e-04  -3.3260478e-04   2.3012390e-04
   2.5344027e-02   3.7937911e-02  -2.9216925e-02   4.0292464e-04  -4.8594280e-04   3.2617561e-04
   2.6468151e-02   2.1903447e-02  -2.7583178e-02   6.6150305e-04  -7.0576053e-04   4.2096371e-04
   1.7255930e-02   3.1002482e-02  -1.5504458e-02   6.7504264e-04  -7.2166833e-04   1.8618161e-04
   1.2863224e-02  -2.6632836e-03  -1.4477705e-02   6.0930893e-04  -4.6002065e-04   2.0169545e-04
   1.2478430e-02   3.5528141e-02  -2.4078357e-02   6.6499088e-04  -5.5434626e-04   3.0148754e-04
   6.3454456e-03   4.7667574e-02  -5.9378814e-03   4.8474902e-04  -7.7985787e-04   2.9357337e-04
   1.9069180e-02   3.8682418e-02  -1.2525312e-02   3.1013590e-04  -6.0431031e-04   4.9979184e-04
   2.9240335e-02   5.5592070e-02  -2.5108101e-02   3.3703938e-04  -3.3124834e-04   4.7747166e-04
   3.3693057e-02   5.5208146e-02  -2.9836695e-02   3.6124521e-04  -3.8204455e-04   4.9410297e-04
   4.1230333e-02   5.4725145e-02  -3.5328912e-02   4.6706945e-04  -3.4345157e-04   5.2828323e-04
   3.0805318e-02   4.2474035e-02  -3.2561365e-02   6.2848041e-04  -3.4086527e-04   3.9891296e-04
   3.5393725e-02   4.4029221e-02  -3.5844721e-02   8.1450994e-04  -3.8042464e-04   5.3081074e-04
   2.9522948e-02   5.9781018e-02  -2.3924010e-02   6.4622319e-04  -3.5137808e-04   4.8832080e-04
   3.5182694e-02   3.2477387e-02  -2.1828178e-02   6.7404480e-04  -3.1301663e-04   4.9548362e-04
   3.7236086e-02   3.9306013e-02  -3.1567630e-02   5.6161944e-04  -3.1106152e-04   5.2056799e-04
   2.6011072e-02   1.4129271e-02  -3.8288089e-02   1.3279094e-03  -5.4928835e-04   3.6750823e-04
   9.7010359e-03   5.3677942e-02  -2.4096340e-02   8.6682762e-04  -5.9864062e-04   3.1513414e-04
   1.4800810e-02   2.6184319e-02  -7.6531360e-03   9.8589048e-04  -6.9308299e-04   3.8097569e-04
   1.7753529e-02   7.9843872e-03  -5.8223598e-03   5.9511136e-04  -5.6645667e-04   4.8366566e-04
   1.0009149e-02   6.3459442e-02   2.9483817e-03   4.6123795e-04  -7.0504448e-04   5.2722418e-04
   1.4648676e-02   2.4272180e-02   1.9899300e-03   2.9179964e-04  -6.9407430e-04   6.4793001e-04
   1.8328053e-02   5.8046798e-02   3.3132148e-03   2.9721207e-04  -5.9775932e-04   6.2420124e-04
   1.6091659e-02   4.5247958e-02  -9.9572787e-03   2.7463820e-04  -7.6910057e-04   5.1666236e-04
   7.0672581e-03   5.1610659e-02   5.6098958e-03   1.4302111e-04  -5.5959782e-04   4.4549505e-04
   1.3010691e-02   3.6793395e-02   3.7516803e-03   1.8084231e-04  -6.2638181e-04   4.5037191e-04
   1.2749052e-02   3.1985298e-02   1.3859370e-02   2.8369515e-04  -7.2448065e-04   4.1681657e-04
   8.5416241e-03   4.3992550e-02   1.8618495e-02   1.9298253e-04  -5.8315642e-04   4.7278936e-04
   1.1936265e-02   5.8155287e-02   1.5756956e-02   2.1267728e-04  -9.2505887e-04   4.7627716e-04
   8.6814189e-03   4.2342238e-02  -8.7670955e-03   1.6301980e-04  -1.2976430e-03   4.7974614e-04
  -2.4814352e-03   2.2514696e-02   5.7231269e-03  -1.3161893e-04  -1.3524219e-03   1.7957438e-04
  -6.5056743e-03   4.2396487e-02   1.5924192e-03  -5.2211646e-05  -1.4986180e-03   1.4996091e-04
  -1.9797357e-02   2.4055338e-03  -5.7993018e-04  -1.3579768e-04  -1.4960082e-03  -3.0363307e-04
  -2.1665765e-02   4.7677885e-02   2.3424366e-03  -5.3459382e-04  -1.4395034e-03  -2.1779349e-04
  -1.2358870e-02   2.0049454e-02   7.1827542e-03  -4.8680785e-04  -1.4928789e-03  -9.3381776e-05
   4.1358225e-03   2.4262705e-02  -1.2726890e-02  -4.3149221e-04  -1.5240216e-03   2.3296636e-04
  -4.0473495e-03   4.7590575e-02  -1.3544948e-02  -5.4324453e-04  -1.4010242e-03  -8.2817988e-05
  -3.7638195e-03   3.4106892e-02  -1.6455017e-02  -6.3111016e-04  -1.2637376e-03   3.9419057e-06
  -3.4578828e-03   5.8350864e-02  -1.5378624e-02  -5.7048510e-04  -1.3641196e-03  -4.4428830e-05
  -1.3055682e-03   2.1875759e-02  -1.9901917e-02  -5.0396466e-04  -1.4162683e-03  -7.1605447e-05
  -1.0244545e-03   4.8786594e-02  -1.4115824e-02  -4.4159891e-04  -1.4752566e-03  -5.1402537e-05
  -2.9684388e-03   3.8529626e-02  -1.2061951e-02  -1.0235165e-03  -1.2836769e-03  -1.5544602e-04
   4.7873917e-03   2.6105553e-02  -2.7670545e-03  -1.0115685e-03  -1.5557529e-03   1.7211970e-05
  -1.1300233e-02   5.6161287e-02  -1.6106569e-02  -9.8208875e-04  -1.6203572e-03  -4.3512848e-04
  -1.7043844e-02   3.6100697e-02  -9.0679440e-03  -1.3624981e-03  -1.8396948e-03  -5.2318759e-04
  -8.7066682e-03   9.7653546e-03  -2.3951601e-03  -1.1729171e-03  -1.9735873e-03  -3.6299187e-04
   1.9908931e-03   1.3231882e-02  -1.4715303e-03  -1.3823726e-03  -1.9063958e-03  -1.0908428e-04
  -4.2401075e-03   2.9693667e-02  -5.0726969e-03  -1.7117455e-03  -1.8005466e-03  -2.6233147e-04
   7.5266699e-03   2.2909484e-02   2.7295516e-03  -1.7496035e-03  -1.8984784e-03  -1.7040468e-04
   9.9075250e-03   6.5618858e-02  -4.5355003e-03  -1.7326837e-03  -2.0240560e-03  -2.2037478e-04
   5.7720793e-03   4.6168872e-02  -7.3758978e-03  -1.8564699e-03  -1.9152680e-03  -3.0556668e-04
   7.4190562e-03   1.0153773e-02  -1.7128007e-02  -1.9739827e-03  -1.8666547e-03  -5.0723399e-04
   8.6090260e-03   3.7703379e-02  -8.1645310e-03  -1.8445019e-03  -1.9532136e-03  -5.0371960e-04
   1.2631627e-03   2.8488445e-02   4.0097200e-03  -2.1197907e-03  -1.9852278e-03  -6.9107708e-04
   5.6935923e-03   1.9560687e-02  -4.2128905e-03  -2.0212755e-03  -1.9341982e-03  -4.7521577e-04
   5.3990797e-03   1.0693212e-02  -7.9998738e-03  -2.0318281e-03  -2.0267782e-03  -5.2124418e-04
   6.5095379e-03   4.1990416e-02  -1.4652661e-02  -2.0313916e-03  -2.3326641e-03  -6.1532882e-04
  -4.9239472e-03   4.1811672e-02  -7.8536642e-03  -2.0712837e-03  -2.1485794e-03  -8.5645771e-04
   3.1342957e-03   1.8780023e-02  -1.3664164e-02  -2.1430209e-03  -2.2088525e-03  -6.8400226e-04
  -6.2739778e-04   2.4430093e-02   7.2834323e-04  -2.3283999e-03  -2.0292411e-03  -8.1982935e-04
  -9.6920056e-03   1.6834093e-02   1.1887336e-03  -2.1318765e-03  -2.0957706e-03  -8.3504859e-04
  -1.1617674e-02   3.1681460e-02  -8.6129791e-03  -2.1167555e-03  -2.0787813e-03  -8.6018725e-04
  -1.6428826e-02   5.8267690e-02  -9.1936011e-03  -2.1226758e-03  -2.1152644e-03  -1.0236817e-03
  -1.8624649e-02   2.0596988e-02   5.4143444e-03  -1.9499260e-03  -2.2497397e-03  -1.0815399e-03
  -2.5882133e-02   7.7126453e-03   1.2948776e-02  -2.0430992e-03  -1.9431119e-03  -1.0917748e-03
  -3.4081222e-02   1.2577228e-02   1.8453735e-03  -2.2314255e-03  -2.2741687e-03  -1.2243703e-03
  -3.3933280e-02   1.3235929e-02   3.7514464e-03  -2.3459460e-03  -2.2545974e-03  -1.2072580e-03
  -3.7103363e-02   1.2185612e-02  -2.2767696e-03  -2.4674655e-03  -2.4836502e-03  -1.2309511e-03
  -4.1708377e-02   2.4927066e-02   1.2482450e-02  -2.7646428e-03  -2.1810351e-03  -1.3550524e-03
  -4.7966072e-02   8.8298228e-03   1.9025280e-02  -3.2757173e-03  -2.5126145e-03  -1.4936716e-03
  -4.0327770e-02   4.0338852e-02   4.0316807e-03  -2.9585222e-03  -2.4327517e-03  -1.4548555e-03
  -2.7290123e-02   3.6732833e-02   1.4079936e-02  -3.3089459e-03  -2.5015400e-03  -1.4542923e-03
  -3.1742153e-02   4.2949569e-02   4.8758004e-03  -2.8810225e-03  -2.7883614e-03  -1.4953734e-03
  -3.5968246e-02   2.4942752e-02   1.9087102e-02  -3.1753443e-03  -2.6142832e-03  -1.3328965e-03
  -3.2649399e-02  -9.2017061e-04   1.0949205e-02  -3.4797227e-03  -2.6542346e-03  -1.3054078e-03
  -2.6894867e-02   4.8674198e-02   1.4403583e-02  -3.6628690e-03  -2.6270737e-03  -1.2473992e-03
  -2.0464896e-02  -1.2040827e-03   8.8066519e-03  -3.7156513e-03  -2.3467688e-03  -1.1882583e-03
  -2.0627450e-02   8.7055010e-03   1.2314256e-03  -3.7263147e-03  -2.3174470e-03  -1.2037013e-03
  -2.5061883e-02   4.4644301e-02  -3.0715962e-03  -3.8427651e-03  -2.3150828e-03  -1.3371148e-03
  -2.2253702e-02   3.7571016e-02   1.0059464e-03  -3.7763129e-03  -2.4624843e-03  -1.3296453e-03
  -3.0961309e-02   4.4349777e-02   6.1016579e-03  -3.5939700e-03  -2.7492655e-03  -1.4295927e-03
  -3.4546841e-02   2.1046160e-02   2.0096077e-03  -3.5663766e-03  -2.5749383e-03  -1.4475003e-03
  -3.7702755e-02   3.7146407e-02  -1.1411803e-03  -3.5937093e-03  -2.4612860e-03  -1.5484969e-03
  -3.5558374e-02  -2.2501656e-02   2.3848007e-03  -3.5265833e-03  -2.7720668e-03  -1.6160962e-03
  -4.7771964e-02   4.4924821e-02   5.3022195e-03  -3.8765128e-03  -2.4103805e-03  -1.7111234e-03
  -5.3027275e-02   3.6241196e-02   2.4667505e-02  -4.1102744e-03  -2.6115413e-03  -1.8048159e-03
  -6.0327059e-02   2.4470235e-02   4.4237198e-02  -4.2019165e-03  -2.4279856e-03  -1.9529472e-03
  -5.2109678e-02   3.5726141e-02   3.8535202e-02  -4.4178922e-03  -2.5771611e-03  -1.6615533e-03
  -5.3821353e-02   2.1020174e-02   3.4508545e-02  -4.5442208e-03  -2.4647064e-03  -1.8400643e-03
  -5.0805130e-02   1.5715508e-02   2.8647061e-02  -4.5582519e-03  -2.7383481e-03  -1.7490396e-03
  -6.1015731e-02   1.5486949e-02   2.2820091e-02  -4.5241525e-03  -2.7681318e-03  -1.9109778e-03
  -8.0294346e-02   1.1222748e-02   2.2688539e-02  -4.3439891e-03  -2.8001122e-03  -2.2368161e-03
  -8.6641565e-02   4.3387568e-02   3.3250917e-02  -4.3851570e-03  -2.9170589e-03  -2.3369863e-03
  -7.3892778e-02   2.2800367e-02   2.9438740e-02  -4.1930570e-03  -2.7019841e-03  -2.0823800e-03
  -7.2655693e-02   3.3394846e-02   4.2071552e-02  -4.2957552e-03  -2.8397376e-03  -2.0504116e-03
  -8.4596362e-02   4.2009526e-02   4.1477984e-02  -4.4659215e-03  -2.5744252e-03  -2.2576253e-03
  -9.5035137e-02   4.4359051e-02   3.7003737e-02  -4.5281029e-03  -2.7244376e-03  -2.5480977e-03
  -9.2581461e-02   3.1829941e-02   4.3892775e-02  -4.5818591e-03  -2.8756523e-03  -2.5298181e-03
  -8.9837411e-02  -1.6149779e-02   4.9327983e-02  -4.5301849e-03  -2.8392340e-03  -2.6248158e-03
  -9.4507564e-02   2.2988624e-02   8.0829385e-02  -5.1524947e-03  -2.7882511e-03  -2.6550482e-03
  -9.3879075e-02   3.9754117e-02   9.5681566e-02  -5.2650790e-03  -2.6643481e-03  -2.6899397e-03
  -9.1607888e-02   3.7440109e-02   9.5200943e-02  -5.2388786e-03  -3.1493737e-03  -2.6803043e-03
  -9.6742606e-02   4.9349843e-03   8.7536442e-02  -5.3130596e-03  -3.0200270e-03  -2.6414904e-03
  -8.7144775e-02   3.6125621e-03   8.4529626e-02  -5.1596034e-03  -3.0258753e-03  -2.6589080e-03
  -9.0871824e-02   2.6413379e-02   8.9533725e-02  -5.2955593e-03  -2.7977017e-03  -2.6394788e-03
  -9.5360432e-02   3.8719322e-02   8.2793246e-02  -5.3890464e-03  -2.8580013e-03  -2.7032901e-03
  -9.8073843e-02   4.1974767e-02   8.4371870e-02  -5.2157729e-03  -2.9112380e-03  -2.7806800e-03
  -1.0507281e-01   2.1340406e-02   8.4536013e-02  -5.2901452e-03  -2.7786784e-03  -2.8946947e-03
  -1.1170829e-01   3.0972660e-02   8.0657091e-02  -5.2002274e-03  -2.6363257e-03  -3.2752583e-03
  -1.0829005e-01   2.5302274e-02   7.4624673e-02  -5.2508170e-03  -2.9741263e-03  -3.1639783e-03
  -1.0213594e-01   1.9402982e-02   6.9562676e-02  -5.0542311e-03  -3.0798585e-03  -3.0104678e-03
  -1.0748007e-01   1.3331766e-02   8.1887361e-02  -5.1613438e-03  -3.2950051e-03  -2.8581204e-03
  -1.0671935e-01  -6.7413415e-04   7.1431781e-02  -5.0966495e-03  -3.4170621e-03  -2.8377501e-03
  -1.0363447e-01   1.3280257e-04   6.0972926e-02  -5.0542285e-03  -3.3927612e-03  -2.6563388e-03
  -1.0664244e-01   2.8136119e-02   6.6295230e-02  -5.1641651e-03  -3.3625696e-03  -2.7220056e-03
  -9.5509958e-02   2.2273028e-03   5.8804109e-02  -5.1550855e-03  -3.1055277e-03  -2.6405551e-03
  -9.3253953e-02   2.4815032e-02   5.5153560e-02  -5.0424152e-03  -2.9796493e-03  -2.8079349e-03
  -9.2981995e-02  -1.1947800e-04   5.8383292e-02  -5.0431592e-03  -3.1192244e-03  -2.7475605e-03
  -9.6267130e-02   2.8733822e-03   5.3744246e-02  -5.0355168e-03  -3.0110329e-03  -2.8475883e-03
  -1.0047701e-01   1.2965881e-02   5.6741404e-02  -5.1646045e-03  -3.0144884e-03  -2.8462236e-03
  -1.0290298e-01   2.5124188e-03   4.0981485e-02  -5.1099382e-03  -3.1917600e-03  -2.9086462e-03
  -1.0252165e-01   1.8138523e-02   3.6617911e-02  -5.0314545e-03  -3.0543791e-03  -2.9531820e-03
  -1.1516728e-01   1.2949560e-02   5.7177031e-02  -4.9541386e-03  -3.0093455e-03  -3.2057679e-03
  -9.8665598e-02   1.3651095e-02   6.7964104e-02  -4.8874436e-03  -3.0597864e-03  -2.9050710e-03
  -9.1432691e-02  -3.9346324e-02   6.7097751e-02  -4.8348885e-03  -2.9628501e-03  -2.9575703e-03
  -9.7603258e-02   1.9958029e-02   8.0640778e-02  -4.9933690e-03  -3.0743045e-03  -2.9516181e-03
  -1.0144255e-01   4.4551955e-03   7.0245793e-02  -5.1612833e-03  -3.1717474e-03  -2.9822061e-03
  -9.9692926e-02   1.3397454e-02   7.2387338e-02  -5.1653928e-03  -3.1229176e-03  -3.0065628e-03
  -9.6439700e-02   1.1989910e-02   7.2999423e-02  -5.0359243e-03  -3.1564304e-03  -2.9962574e-03
  -9.9996965e-02   2.9622955e-02   5.7649744e-02  -4.5499877e-03  -3.3117299e-03  -3.0300276e-03
  -1.0906936e-01   3.7382254e-02   5.3850556e-02  -5.2331850e-03  -3.1909486e-03  -3.1150521e-03
  -1.1199045e-01  -2.9288730e-02   6.0415459e-02  -5.0852048e-03  -3.1950082e-03  -3.1933005e-03
  -1.1569862e-01   3.5824358e-02   8.6531858e-02  -4.9776911e-03  -2.9597497e-03  -3.3312792e-03
  -1.1033762e-01   2.7982737e-02   9.2225989e-02  -5.3676287e-03  -3.0003237e-03  -3.2192341e-03
  -1.1840842e-01   1.9185024e-02   8.2900437e-02  -5.5599479e-03  -2.6954529e-03  -3.5453109e-03
  -1.2299153e-01   1.5853497e-02   6.9670319e-02  -5.4586500e-03  -3.0242570e-03  -3.5023834e-03
  -1.1280001e-01   2.6124629e-02   6.7873603e-02  -5.5929047e-03  -3.2594368e-03  -3.3993492e-03
  -1.0813348e-01  -1.1771914e-02   6.8594115e-02  -5.4667456e-03  -2.9530629e-03  -3.5268412e-03
  -1.3473277e-01   2.6129314e-02   7.5100107e-02  -5.4454524e-03  -2.9839326e-03  -3.7756964e-03
  -1.1891376e-01   5.4557486e-02   8.9483642e-02  -5.7908332e-03  -3.1416697e-03  -3.4640223e-03
  -1.0781632e-01   1.4943554e-02   6.7324270e-02  -6.1335143e-03  -3.2764231e-03  -3.2194559e-03
  -1.0339563e-01   2.1535975e-02   4.9703275e-02  -5.6399183e-03  -3.2201036e-03  -3.2339154e-03
  -1.0770906e-01   1.2938568e-02   5.5834281e-02  -5.3600765e-03  -3.1118173e-03  -3.2909380e-03
  -1.0866576e-01   1.5743426e-02   5.5888370e-02  -5.4484449e-03  -3.0703256e-03  -3.2254518e-03
  -1.0456826e-01   1.0215075e-02   5.3539401e-02  -5.3404167e-03  -3.2432339e-03  -3.3022603e-03
  -1.1068904e-01  -5.2673890e-03   6.3071328e-02  -5.1661167e-03  -3.2665383e-03  -3.3286292e-03
  -9.5769950e-02  -2.3313260e-02   5.1975563e-02  -5.1910591e-03  -3.1984439e-03  -3.0512039e-03
  -1.0158856e-01   5.5787909e-02   4.4279830e-02  -4.7120313e-03  -3.2511591e-03  -3.0858741e-03
  -1.1316815e-01   1.9336960e-02   4.7502504e-02  -5.1535010e-03  -3.3395770e-03  -3.4190168e-03
  -1.0498209e-01  -2.5272271e-02   4.7457103e-02  -5.3712816e-03  -3.3235389e-03  -3.2434359e-03
  -9.9230538e-02   1.9276550e-03   5.2271605e-02  -5.7433527e-03  -3.3460032e-03  -3.1129671e-03
  -9.5148259e-02  -7.6789828e-03   6.5197163e-02  -5.7702536e-03  -3.3325994e-03  -3.0541434e-03
  -9.6685007e-02   1.6152052e-02   5.9556094e-02  -5.6385069e-03  -3.2521032e-03  -3.0920576e-03
  -9.4060437e-02  -1.3212145e-02   4.9242527e-02  -5.6403755e-03  -3.1016330e-03  -3.1554455e-03
  -9.0216572e-02  -2.4414516e-02   5.4171934e-02  -5.7267244e-03  -3.2613557e-03  -3.1434439e-03
  -9.6068914e-02   3.8286483e-04   4.9006688e-02  -5.6985460e-03  -3.2116375e-03  -3.3189038e-03
  -9.9083069e-02  -1.3835270e-02   3.4437807e-02  -5.5460696e-03  -3.1272440e-03  -3.2950217e-03
  -1.1157923e-01   1.2526974e-02   2.9006718e-02  -5.7133376e-03  -3.3516808e-03  -3.5098327e-03
  -1.1811577e-01  -4.3541636e-05   3.5784731e-02  -5.6901528e-03  -3.2319229e-03  -3.5686437e-03
  -1.0847837e-01  -1.5984021e-02   4.1460051e-02  -5.5884476e-03  -3.2788426e-03  -3.6206222e-03
  -1.1605261e-01   6.6577808e-03   6.6504238e-02  -6.0198690e-03  -3.3752207e-03  -3.7626166e-03
  -1.3395226e-01   2.0672966e-02   8.5142394e-02  -6.4754162e-03  -3.1940365e-03  -4.2077029e-03
  -1.3671867e-01  -3.1629857e-02   7.8376127e-02  -6.4329134e-03  -3.2360145e-03  -4.1568266e-03
  -1.2511609e-01  -4.1555516e-02   7.1291083e-02  -6.1240677e-03  -3.2082132e-03  -4.1818045e-03
  -1.4446422e-01  -1.5534131e-02   8.8976236e-02  -6.1519210e-03  -3.0238447e-03  -4.8097335e-03
  -1.4193068e-01  -4.8910715e-03   7.6484658e-02  -6.0783687e-03  -3.2761078e-03  -4.4554445e-03
  -1.3865248e-01  -1.3091965e-02   8.0916686e-02  -6.4498672e-03  -3.4346098e-03  -4.3384968e-03
  -1.2511078e-01   1.4471172e-02   7.1378753e-02  -6.3440960e-03  -3.2863256e-03  -4.2325612e-03
  -1.2373903e-01  -3.7939786e-03   7.2507282e-02  -6.1209214e-03  -3.1577688e-03  -4.3373505e-03
  -1.3592977e-01  -5.0960786e-03   8.2021786e-02  -6.1939574e-03  -3.4831673e-03  -4.4996662e-03
  -1.3769237e-01  -8.2891152e-03   6.1729227e-02  -6.1598812e-03  -3.0926187e-03  -4.5701029e-03
  -1.3772757e-01   1.2558871e-04   6.4853879e-02  -6.0823271e-03  -3.0171083e-03  -4.5655483e-03
  -1.3529445e-01  -1.2103572e-02   7.3662295e-02  -6.1065179e-03  -3.2559164e-03  -4.4257451e-03
  -1.3816268e-01  -1.5598331e-02   7.6352474e-02  -6.0674950e-03  -3.3692220e-03  -4.6396886e-03
  -1.4523752e-01  -1.7737998e-02   5.5350579e-02  -5.8386616e-03  -3.3293447e-03  -4.7363549e-03
  -1.5238793e-01  -2.2706873e-02   6.9363300e-02  -5.9445424e-03  -3.5814212e-03  -4.6488080e-03
  -1.7183820e-01   9.8398200e-03   8.2097936e-02  -6.1382002e-03  -3.5064386e-03  -4.9574406e-03
  -1.5967346e-01  -4.8331312e-03   8.5915638e-02  -6.1397358e-03  -3.5597801e-03  -4.7534106e-03
  -1.7632307e-01   1.2703901e-03   8.5455152e-02  -6.3282247e-03  -3.6128064e-03  -4.9633899e-03
  -1.7450746e-01   2.7241264e-03   8.4940751e-02  -6.7090725e-03  -3.5773444e-03  -5.0115500e-03
  -1.7766761e-01   2.2783160e-02   9.0602437e-02  -6.8647871e-03  -3.6050128e-03  -5.0945857e-03
  -1.7763269e-01   1.7757548e-02   8.7540583e-02  -6.7773784e-03  -3.6282169e-03  -5.2184773e-03
  -1.9076262e-01   2.1290724e-02   9.4982140e-02  -6.8482458e-03  -3.4874812e-03  -5.4303489e-03
  -1.8521403e-01   1.2458282e-02   8.8923824e-02  -6.6754884e-03  -3.3944998e-03  -5.3665975e-03
  -1.9679076e-01   8.5145321e-04   9.6984448e-02  -6.7397254e-03  -2.9776227e-03  -5.6900058e-03
  -1.8846758e-01   1.3937118e-02   9.5201190e-02  -6.8183164e-03  -3.0998549e-03  -5.6041221e-03
  -1.9181526e-01  -1.0605648e-03   8.9721876e-02  -6.5454717e-03  -3.0788434e-03  -5.7300106e-03
  -1.9205138e-01   1.1549680e-02   7.6410455e-02  -5.8129217e-03  -3.0314863e-03  -6.0086170e-03
  -1.6906373e-01  -3.2382416e-02   3.9596151e-02  -5.0586367e-03  -3.3480135e-03  -5.3711267e-03
  -1.6766627e-01   3.0185153e-02   6.5061894e-02  -5.4321348e-03  -3.4550966e-03  -5.2246900e-03
  -1.6603292e-01   1.0338150e-02   5.1445789e-02  -4.8688189e-03  -3.4362492e-03  -5.2752659e-03
  -1.6724460e-01  -8.4246687e-03   5.9965049e-02  -5.4216629e-03  -3.4812371e-03  -5.1938026e-03
  -1.7190323e-01   2.4478224e-02   6.7902225e-02  -5.9553947e-03  -3.2496677e-03  -5.0875383e-03
  -1.6940775e-01   1.4484437e-02   6.1297664e-02  -6.0591115e-03  -2.9343279e-03  -5.2413075e-03
  -1.5743872e-01   4.8255318e-03   5.4355030e-02  -5.9436275e-03  -3.1444302e-03  -5.1836765e-03
  -1.5691335e-01  -9.5385113e-03   5.1777663e-02  -5.9045651e-03  -3.2159003e-03  -5.1050894e-03
  -1.5525189e-01   2.0054000e-02   4.3732781e-02  -5.6649079e-03  -3.1047077e-03  -5.1754050e-03
