   0.0000000e+00   0.0000000e+00   0.0000000e+00   0.0000000e+00   0.0000000e+00   0.0000000e+00
   3.3843688e-02   3.3903928e-02  -8.7483416e-02   2.6446382e-03   9.3282996e-04   8.1617791e-04
   2.3233501e-02   1.1638428e-02  -1.2836642e-01   3.3074200e-03   5.6990086e-04   4.9007432e-04
   1.8480323e-02   2.3763524e-02   1.4573996e-01  -3.8464799e-03  -1.5407319e-04  -5.3765839e-04
  -3.2824978e-02   2.1194767e-02   1.9672735e-01  -5.2775990e-03   1.1577985e-04  -1.0899729e-03
   1.3649069e-02  -5.7445305e-02  -3.7322601e-01   4.5494652e-03  -8.3506684e-04  -8.3166897e-04
   3.3811751e-02   1.9972709e-02  -5.4548531e-02  -8.3419406e-05  -2.8686314e-04  -4.5878366e-04
   3.6621646e-02   4.5355299e-02   3.5127120e-02  -4.8517725e-04  -5.4675435e-04  -1.5474681e-04
   2.7231065e-02  -9.8314378e-03   5.5175808e-02  -3.5084541e-04  -6.1705127e-04  -7.6864446e-05
   2.3100877e-02  -1.9298646e-02   7.4581515e-02  -9.3204518e-04  -3.6646674e-04  -1.0334387e-04
   1.6082991e-02   1.6583878e-02   1.0279018e-01  -9.1903135e-04   9.8961865e-06   1.1011660e-04
   2.1813319e-02  -3.4958014e-02   1.0899871e-01  -8.0703494e-04   8.0715061e-05  -2.3395244e-04
   2.3957880e-02  -1.1062484e-02   1.3451706e-01  -1.8322017e-03   4.0354318e-04  -1.3178910e-04
   4.0848960e-02  -8.2899532e-03   9.5330690e-02  -1.7327324e-03   5.5385773e-04   4.7063376e-05
   1.2283361e-01   1.1850861e-01  -4.8272964e-01   1.9181400e-02   4.7223072e-03   3.6279157e-03
   1.0586352e-01   8.5112720e-02  -2.7632010e-02   7.2679246e-03   5.0456623e-03   3.4530386e-03
   1.2432782e-01   4.5866004e-02   2.9760898e-02   5.2859421e-03   4.3537457e-03   3.2641847e-03
   9.2991794e-02   6.6691221e-02   8.9347841e-02   4.3031812e-03   4.1519876e-03   2.6231702e-03
   5.8078599e-02   4.5616976e-02   1.5333528e-01   2.4523496e-03   4.1974646e-03   2.1167412e-03
   7.5325802e-02   2.4913938e-02   1.7324983e-01   1.7360660e-03   4.1896567e-03   2.0800533e-03
   5.5191291e-02   1.4177019e-02   2.0904375e-01   9.7934787e-04   3.8775647e-03   1.8456532e-03
   5.2956031e-02   9.2877981e-03   2.2462394e-01   4.6367989e-04   3.8639198e-03   2.0074420e-03
   6.5326372e-02   5.2334731e-03   2.0523977e-01   1.7262074e-04   3.7496907e-03   2.0080788e-03
   7.8386214e-02  -1.5548006e-03   2.2406781e-01   2.1301754e-04   3.6304800e-03   2.2505354e-03
   9.4932913e-02   1.3449297e-02   2.3800659e-01  -2.9763998e-04   3.8857042e-03   2.5248639e-03
   1.0873568e-01   3.1623582e-02   2.6098060e-01  -8.0443187e-04   4.0000689e-03   2.8075841e-03
   1.0670341e-01  -4.6410259e-02   2.8413753e-01  -1.1505524e-03   3.8552882e-03   2.7111623e-03
   8.8088418e-02  -1.2524293e-02   2.8071056e-01  -1.4020097e-03   3.8944823e-03   2.4002354e-03
   7.9046845e-02   4.1766746e-02   2.8826233e-01  -6.9812195e-04   3.7680447e-03   2.4041521e-03
   6.6315765e-02   1.1652033e-02   3.3084147e-01  -1.6306462e-03   3.3475940e-03   2.0876918e-03
   4.3647569e-02   9.1800233e-03   3.6882087e-01  -2.1934110e-03   3.7634080e-03   1.6942017e-03
   3.9745251e-02   2.0571569e-02   3.6889636e-01  -2.7703464e-03   4.1968971e-03   1.8855812e-03
   3.4932130e-02   1.0913500e-02   3.5398790e-01  -2.7029075e-03   3.8599155e-03   1.6750832e-03
   3.8908010e-02   3.0141879e-02   3.5990250e-01  -2.8377261e-03   3.6462329e-03   1.6288331e-03
   4.4319671e-02   2.0939106e-02   3.5815025e-01  -2.7482432e-03   3.8409687e-03   1.8810210e-03
   3.5875833e-02   2.4855520e-02   3.5537445e-01  -2.8731317e-03   3.9735295e-03   1.7524892e-03
   3.1438623e-02   6.5838865e-02   3.6368444e-01  -3.1796978e-03   4.3312262e-03   1.6719862e-03
   2.5650147e-02   2.8424900e-02   3.8745377e-01  -3.3486259e-03   4.5400995e-03   1.5224792e-03
   4.4688540e-02   6.2568211e-03   3.6329261e-01  -3.0330842e-03   4.4769513e-03   1.5613285e-03
   3.7438390e-02   1.4569759e-02   3.6584746e-01  -3.2313626e-03   4.3319972e-03   1.5194457e-03
   5.3379281e-02  -7.6829113e-03   3.3712225e-01  -2.7149180e-03   4.4455111e-03   1.7147615e-03
   9.0036268e-02   2.8979154e-03   3.2282761e-01  -2.9419909e-03   4.5659159e-03   1.9228347e-03
   1.0445209e-01   5.3271305e-02   4.0207150e-01  -4.9694375e-03   5.0097803e-03   2.3987623e-03
   7.9680808e-02   4.9480324e-02   4.2817844e-01  -4.8578291e-03   4.6789331e-03   2.3366070e-03
   8.5486270e-02   1.6906696e-02   4.1262930e-01  -4.9398186e-03   4.7801121e-03   1.9795816e-03
   1.0527205e-01   1.1327131e-02   4.1700690e-01  -4.7585833e-03   4.8295136e-03   2.4103116e-03
   1.0172753e-01   1.3403609e-02   4.1393138e-01  -5.1486483e-03   4.6369050e-03   2.6585121e-03
   1.1640674e-01   1.6104154e-02   4.0125313e-01  -4.9785953e-03   4.7428708e-03   2.9394539e-03
   1.1775073e-01   1.9254431e-02   4.0660306e-01  -5.0422764e-03   4.7449218e-03   2.9477415e-03
   1.2344990e-01   8.4229580e-03   3.9973517e-01  -4.9052528e-03   4.7636644e-03   2.9829469e-03
   1.2995526e-01   1.3610433e-02   3.8400457e-01  -4.9786728e-03   4.8681377e-03   3.0295733e-03
   1.1315868e-01   2.6879268e-02   3.9635968e-01  -5.1035409e-03   4.7865674e-03   2.7733347e-03
   1.0820796e-01   3.6540213e-02   3.9935741e-01  -5.0492769e-03   4.8770408e-03   2.8066709e-03
   1.0891243e-01   6.0740927e-02   3.7793333e-01  -4.5508663e-03   5.4409194e-03   3.1510390e-03
   1.1031102e-01   4.2482357e-02   3.9940906e-01  -4.5262558e-03   4.9955862e-03   3.0843739e-03
   9.6981220e-02   3.4529934e-02   4.1281617e-01  -4.9456588e-03   5.0407984e-03   2.6837752e-03
   9.0354257e-02   3.0041753e-02   4.1461106e-01  -4.7996996e-03   5.2142601e-03   2.9764026e-03
   1.1391638e-01   4.2595785e-02   2.8261397e-01  -2.0078458e-03   4.9844219e-03   3.1157443e-03
   1.7575016e-01  -1.5581426e-01  -5.8769833e-01   1.3813394e-02   6.3589576e-03   4.8602917e-03
   2.0766727e-01   9.6279162e-02  -1.7068755e-01   7.9370141e-03   5.9369173e-03   5.7698135e-03
   2.1065964e-01   7.2588597e-02  -5.7319213e-02   6.5433642e-03   5.5792070e-03   5.7381716e-03
   2.0366515e-01   5.5691926e-02  -2.0417055e-02   5.5634852e-03   5.4514663e-03   5.6273064e-03
   2.0983940e-01   5.7666743e-02  -1.2515208e-02   5.4224208e-03   5.2903806e-03   5.7596280e-03
   2.0509974e-01   4.8502648e-02   2.4561578e-02   5.0988057e-03   5.4911809e-03   5.6971534e-03
   2.0647538e-01   4.8923629e-02   3.4034229e-02   4.5413099e-03   5.5471904e-03   5.4847770e-03
   2.0598695e-01   5.1868950e-02   5.4055487e-02   4.3108494e-03   5.5199696e-03   5.2961368e-03
   1.8704363e-01   6.2041823e-02   7.4169827e-02   3.4188187e-03   5.6860415e-03   5.1425285e-03
   1.8365009e-01   6.7745289e-02   9.1186372e-02   3.7121422e-03   5.7632489e-03   5.1520652e-03
   1.6584211e-01   3.8490622e-02   1.6580697e-01   2.4915995e-03   5.9573331e-03   4.8769364e-03
   1.4724443e-01   4.9329239e-02   1.8732345e-01   2.4196781e-03   5.9104260e-03   4.8934041e-03
   1.2995642e-01   2.3519627e-02   2.1130751e-01   1.5504403e-03   6.6568555e-03   4.8027644e-03
   1.4419762e-01   4.8587888e-02   2.3895391e-01   1.0867150e-03   6.8619814e-03   4.9440108e-03
   1.6738699e-01  -3.9985386e-04   2.0717435e-01   9.1851621e-04   6.5903063e-03   5.1549353e-03
   1.7473826e-01   2.3176534e-02   1.8682308e-01   9.7644000e-04   6.5063630e-03   5.0701878e-03
   1.8729541e-01   4.3498646e-02   1.9742624e-01   1.1387964e-03   6.4819187e-03   5.1667341e-03
   1.8594445e-01   2.2748381e-02   2.0462116e-01   1.2490318e-03   6.4450695e-03   5.1046337e-03
   2.1707487e-01   2.0115947e-03   1.9744350e-01   1.1955581e-03   6.4993740e-03   5.4388541e-03
   2.3257497e-01   2.9654471e-02   1.9704857e-01   9.5550524e-04   6.5252675e-03   5.7471554e-03
   2.3524974e-01   2.8541142e-02   1.9267043e-01   9.4073495e-04   6.3625252e-03   5.8430653e-03
   2.4086252e-01   2.4565768e-02   1.9505703e-01   1.2941348e-03   6.2568757e-03   5.7744812e-03
   2.1469111e-01   6.7167244e-02   2.1423068e-01   1.1444075e-03   6.5145063e-03   5.5036325e-03
   2.0738337e-01   6.3329453e-02   2.5155405e-01   1.1681079e-03   6.4967830e-03   5.5368996e-03
   1.8820581e-01   5.8974579e-02   2.4880017e-01   1.1423828e-03   6.2611071e-03   5.1608447e-03
   1.6875568e-01   5.6122190e-02   2.3682109e-01   6.6880688e-04   5.9427028e-03   4.9478802e-03
   1.8569832e-01   7.6809039e-02   2.7348151e-01   3.7604665e-04   6.2557448e-03   4.9933259e-03
   2.0791523e-01   1.1463301e-02   2.6101854e-01   7.0678826e-04   6.2362998e-03   5.1761549e-03
   2.3675155e-01   3.0429391e-02   2.3188556e-01   5.5182998e-04   5.7911938e-03   5.4111624e-03
   2.4995496e-01   4.2568072e-02   2.2639198e-01   1.1077825e-03   5.4221080e-03   5.5891418e-03
   2.3791456e-01   2.5801874e-02   2.4891931e-01   5.1781301e-04   5.6771030e-03   5.5267114e-03
   2.3793614e-01   2.0069555e-02   2.4568579e-01   2.7503711e-04   5.6798469e-03   5.7059469e-03
   2.3963365e-01   5.2210606e-03   2.2697309e-01   4.7381581e-05   5.6492174e-03   5.8156291e-03
   2.2995414e-01   5.2255030e-02   2.1573530e-01  -2.2597180e-04   5.8192001e-03   5.6744559e-03
   2.1204162e-01   3.0188145e-02   2.3022162e-01  -8.7741137e-05   5.7089661e-03   5.4043302e-03
   2.2540815e-01   2.8434375e-02   2.0446673e-01  -1.4284893e-04   5.5715907e-03   5.3299112e-03
   2.5010025e-01   6.2481076e-02   1.7860618e-01  -4.0027744e-04   5.9855304e-03   5.7122180e-03
   2.5972089e-01   8.3329738e-02   2.0730468e-01  -6.0956085e-04   5.5884949e-03   6.1259134e-03
   1.8504714e-01   5.8197598e-02   2.3845301e-01  -8.4422014e-04   5.2348004e-03   5.3495317e-03
   2.0243718e-01   5.5352182e-02   2.4653535e-01  -8.8102095e-04   5.6966495e-03   5.6132607e-03
   2.1715212e-01   4.8634929e-02   2.4083529e-01   1.2183679e-05   5.7967001e-03   5.7636997e-03
   2.4052438e-01   2.3589185e-02   2.5332189e-01  -3.1615101e-04   5.9117674e-03   6.2918049e-03
   2.4616922e-01   2.5801100e-02   2.4090285e-01  -3.1700871e-04   6.0062446e-03   6.4383973e-03
   2.5375132e-01   3.3660049e-02   2.7056096e-01  -4.8812129e-04   6.0630701e-03   6.5730791e-03
   2.5422278e-01   4.6968676e-02   2.7448610e-01  -2.1648390e-04   6.2289340e-03   6.3252660e-03
   2.6688631e-01   1.1975378e-02   2.7678823e-01  -6.2056730e-04   6.1526919e-03   6.5586204e-03
   2.8262145e-01   4.1436311e-02   2.5789475e-01  -5.1220897e-04   5.5683313e-03   6.6397351e-03
   2.7999235e-01   1.6965855e-02   2.4226839e-01   6.3760009e-04   5.1285888e-03   6.8095599e-03
   3.0580574e-01   1.6997876e-02   2.3581423e-01   2.4338313e-04   5.1390712e-03   7.2306169e-03
   2.7495611e-01   7.2860314e-02   2.5596639e-01  -2.5908447e-04   5.4712946e-03   6.8450303e-03
   2.6049077e-01   8.0304948e-02   3.3210700e-01  -6.1709234e-04   5.1413652e-03   6.7073247e-03
   2.3876803e-01   5.9808554e-02   3.2757522e-01  -5.4529098e-04   5.1046358e-03   6.3868038e-03
   2.5111464e-01   3.5802067e-02   3.3736508e-01  -7.9357576e-04   5.1492205e-03   6.7432716e-03
   2.5221128e-01   4.0066938e-02   3.1513901e-01  -6.4226178e-04   4.9518289e-03   6.6366924e-03
   2.5625983e-01   3.7033642e-02   3.1112751e-01  -1.0300351e-03   4.9447095e-03   6.6683925e-03
   2.7457480e-01   4.4799232e-02   3.1499568e-01  -1.0498824e-03   4.8412217e-03   6.9950689e-03
   2.6407459e-01   4.0331030e-02   3.0750943e-01  -1.0148750e-03   4.8650441e-03   6.7564692e-03
   2.5539086e-01   2.9960673e-02   3.1172970e-01  -9.0925117e-04   4.6870036e-03   6.4130756e-03
   2.3906593e-01   4.1168601e-02   3.2604183e-01  -7.8482486e-04   4.5168193e-03   6.3912238e-03
   2.5478632e-01   2.0394129e-02   3.1759427e-01  -7.8207415e-04   4.4763569e-03   6.6849110e-03
   2.3247810e-01   2.5997820e-02   3.2981592e-01  -7.7223969e-04   4.5739636e-03   6.5764466e-03
   2.4513052e-01   2.2350387e-02   3.4594819e-01  -6.2293205e-04   4.9008107e-03   6.7447540e-03
   2.4106933e-01   3.6927062e-02   3.3155345e-01  -9.7801997e-04   5.0997900e-03   6.7355480e-03
   2.0429787e-01   2.7498014e-02   3.6294040e-01  -9.4066559e-04   4.7999218e-03   6.4243122e-03
   1.6949728e-01   5.1205069e-02   3.6819700e-01  -1.0220042e-03   4.6111113e-03   5.8541983e-03
   2.1828295e-01   2.2555461e-02   3.0993071e-01  -2.6236597e-04   4.4193001e-03   6.2461007e-03
   2.2964821e-01   3.4463770e-02   3.2863474e-01  -1.0916193e-03   4.7578235e-03   6.3932331e-03
   2.3884163e-01   4.9832191e-02   3.1318132e-01  -7.6477864e-04   4.7418611e-03   6.2518769e-03
   2.1833846e-01   6.9406113e-02   3.5284128e-01  -9.2757450e-04   4.8500377e-03   6.1449649e-03
   2.0603809e-01   3.5549998e-02   3.5900703e-01  -7.2386796e-04   4.6868891e-03   5.9208388e-03
   2.1574828e-01   5.1786716e-02   3.4894819e-01  -7.3702883e-04   4.6410292e-03   6.0278713e-03
   2.1660764e-01   4.1728624e-02   3.4607607e-01  -7.4461195e-04   4.7101262e-03   6.0914451e-03
   2.2599702e-01   1.4091627e-02   3.5801284e-01  -8.3397476e-04   4.8378328e-03   6.1386941e-03
   2.3940545e-01   2.5667205e-02   3.1575292e-01   3.2800242e-04   4.6143461e-03   6.1506669e-03
   2.3392176e-01   3.2680672e-02   3.5122738e-01  -1.0323967e-03   5.0562297e-03   6.0389228e-03
   2.1493070e-01   5.9198909e-02   3.8410460e-01  -1.0964876e-03   4.9849682e-03   6.0543755e-03
   2.0756446e-01   3.1538040e-02   3.8067407e-01  -1.1221227e-03   4.8979038e-03   6.1405925e-03
   2.0648158e-01   4.2159212e-02   3.7983478e-01  -1.2320310e-03   5.1998424e-03   6.4707093e-03
   2.1414314e-01   2.5410307e-02   3.6708985e-01  -1.3183486e-03   4.9628922e-03   6.3653992e-03
   2.4128822e-01   2.0781605e-02   3.6948063e-01  -9.4327622e-04   4.7617187e-03   6.5075849e-03
   2.5694357e-01   4.7066955e-02   3.6552247e-01  -1.0442497e-03   4.7456132e-03   6.5272615e-03
   2.5767587e-01   4.8892564e-02   3.7749543e-01  -1.0955155e-03   4.7065671e-03   6.6249522e-03
   2.6252228e-01   1.5310575e-02   3.7549005e-01  -9.8386935e-04   4.7351109e-03   6.6106852e-03
   2.7252163e-01   1.8828192e-02   3.7759874e-01  -9.0930837e-04   4.7868815e-03   6.6863319e-03
   2.8674446e-01   1.2125385e-02   3.9020517e-01  -6.3177798e-04   4.9104369e-03   7.0598900e-03
   2.9857351e-01  -8.5903478e-03   3.7359444e-01  -7.0613544e-04   4.8449660e-03   7.0993942e-03
   2.7585649e-01   2.2012672e-02   3.9911568e-01  -9.0235830e-04   5.2134697e-03   6.8845861e-03
   2.7837579e-01   4.5581907e-02   3.8689456e-01  -8.2474377e-04   4.9828475e-03   6.9946721e-03
   2.8348879e-01   2.9008260e-02   3.8316439e-01  -1.1045890e-03   4.4210760e-03   6.8285051e-03
   2.5814658e-01   5.3127380e-02   3.7673170e-01  -1.1922329e-03   4.5213919e-03   6.7827543e-03
   2.2290584e-01   2.5868902e-02   3.6642613e-01  -1.0996188e-03   4.1909466e-03   6.5325652e-03
   2.4650853e-01   1.9158235e-02   3.9748149e-01  -1.6971259e-03   4.4676611e-03   6.7432492e-03
   2.4445155e-01   4.0332941e-02   4.1218506e-01  -1.7987754e-03   4.4191911e-03   6.5594472e-03
   2.3734255e-01   3.7614649e-02   4.2542618e-01  -1.7996443e-03   4.3283840e-03   6.5914193e-03
   2.3161758e-01   5.4094194e-02   4.5009668e-01  -1.6202793e-03   4.4194143e-03   6.2790967e-03
   2.3352163e-01   2.2915254e-03   4.7218255e-01  -1.8169545e-03   4.4327647e-03   6.4061473e-03
   2.4234814e-01   1.7901423e-02   4.3578512e-01  -1.6036779e-03   4.4259086e-03   6.6337257e-03
   2.3403417e-01   3.3048428e-02   4.5639098e-01  -1.7433898e-03   4.6297353e-03   6.4072346e-03
   2.3174140e-01   2.5121821e-02   4.7171233e-01  -1.8246629e-03   4.7091434e-03   6.4745444e-03
   2.3008374e-01  -2.4377025e-02   3.2691314e-02   7.4009080e-03   4.0234581e-03   6.5631528e-03
   1.5295659e-01  -5.5452574e-02  -2.0068485e-01   1.1636547e-02   5.0468404e-03   5.5780579e-03
   1.9311732e-01   2.2206470e-02   7.3894254e-02   5.1417012e-03   4.9869706e-03   5.8982402e-03
   2.0172434e-01   1.9102004e-01   3.0528991e-01   5.4670285e-04   5.5451473e-03   5.6928770e-03
   7.3362539e-01  -2.2002083e-02  -8.0013895e-01   1.9571355e-02   1.1063997e-02   1.3400214e-02
   4.2976939e-01   2.3059334e-01  -1.8664729e-01   1.3018659e-02   7.8762898e-03   9.0729477e-03
   3.8929846e-01   1.4287218e-01  -4.6346468e-01   1.6450910e-02   7.8060607e-03   9.1346168e-03
   3.0345697e-01  -1.0527132e-01  -9.7164523e-01   2.3361098e-02   1.3862626e-02   8.4396508e-03
   2.8279131e-01   1.8019250e-01  -4.4763844e-01   1.6335187e-02   1.1832214e-02   8.3549776e-03
   2.8729728e-01   1.3957667e-01  -3.1406055e-01   1.4983933e-02   1.1241932e-02   8.4684416e-03
   3.0989494e-01   9.3413836e-02  -2.1824764e-01   1.3752370e-02   1.0918881e-02   8.7334386e-03
   3.0174731e-01   8.9513466e-02  -1.6649146e-01   1.2265871e-02   1.0568998e-02   8.4498350e-03
   3.0987755e-01   9.6966326e-02  -1.1429645e-01   1.1842629e-02   1.0268039e-02   8.7186859e-03
   3.1290138e-01   9.3619265e-02  -6.8157467e-02   1.0616923e-02   1.0231387e-02   8.8849333e-03
   2.9123902e-01   1.1545616e-01  -1.0693825e-02   9.0453898e-03   9.9905783e-03   8.7883518e-03
   2.6932061e-01   1.1807614e-01   3.4966605e-02   8.1242004e-03   9.8525705e-03   8.4989099e-03
   2.5035974e-01   1.1226533e-01   3.5776405e-02   8.1410593e-03   9.9894319e-03   8.2455774e-03
   3.1667407e-01   4.2103014e-02  -2.8815214e-01   1.3649448e-02   9.8208182e-03   9.5467249e-03
   2.2467564e-01   1.0023248e-01  -3.0225226e-01   1.2049359e-02   9.6273403e-03   7.8197762e-03
   2.2355082e-01   1.1988082e-01  -1.0959606e-01   1.1009274e-02   9.8647336e-03   8.2217205e-03
   2.4438824e-01   8.8785995e-02  -4.9320208e-02   1.0528671e-02   9.9590819e-03   8.5828156e-03
   2.6773981e-01   8.2437466e-02  -8.4999136e-03   9.4429989e-03   1.0179325e-02   8.7485560e-03
   2.7346043e-01   8.5664705e-02   1.0017065e-02   8.6931826e-03   1.0182345e-02   8.6016131e-03
   2.7330819e-01   9.9901468e-02   2.0092580e-02   8.6606024e-03   9.9776883e-03   8.9528881e-03
   2.6868520e-01   7.9728008e-02   4.5478933e-02   8.1616501e-03   1.0148610e-02   9.0075060e-03
   2.5235590e-01   7.2707864e-02   9.4158450e-02   7.6107034e-03   9.9107448e-03   8.6184982e-03
   2.4167750e-01   9.5123152e-02   1.0938232e-01   7.7714615e-03   9.7821516e-03   8.4013561e-03
   2.1996520e-01   6.6126163e-02   1.9035985e-01   6.1643340e-03   9.3674317e-03   8.2717351e-03
   2.2622755e-01   8.3475714e-02   2.1612950e-01   6.0269734e-03   9.2779407e-03   8.3055955e-03
   2.3960708e-01   1.1866111e-01   2.2028804e-01   5.7684706e-03   9.2138910e-03   8.5152248e-03
   2.4157818e-01   9.0918422e-02   2.2375973e-01   4.9906461e-03   9.5055940e-03   9.1568762e-03
   2.3971747e-01   6.6750823e-02   2.1715180e-01   5.0132703e-03   9.4130019e-03   9.1059849e-03
   2.5410375e-01   7.3472560e-02   2.3554720e-01   4.9566085e-03   9.4648898e-03   9.3551910e-03
   2.8730297e-01   5.6871260e-02   2.2822412e-01   4.7462648e-03   9.6170460e-03   9.7520539e-03
   3.1913850e-01   5.9106698e-02   2.2692067e-01   4.5074558e-03   9.7374291e-03   1.0169336e-02
   3.2830937e-01   6.5989224e-02   2.4171940e-01   4.2943641e-03   9.7358008e-03   1.0409049e-02
   3.2296477e-01   5.2182377e-02   2.5694483e-01   4.0889518e-03   9.8037617e-03   1.0226912e-02
   3.2188589e-01   5.8052998e-02   2.4999859e-01   4.1919844e-03   9.6790093e-03   1.0217222e-02
   3.1635617e-01   6.8033571e-02   2.6323519e-01   4.1680813e-03   9.2864299e-03   1.0166201e-02
   3.0621868e-01   6.6281125e-02   2.7045861e-01   4.8161992e-03   9.4341598e-03   1.0413680e-02
   3.0822582e-01   8.0538016e-02   2.7358608e-01   4.1030453e-03   9.4713137e-03   1.0759662e-02
   2.7218389e-01   8.8297079e-02   3.0444766e-01   3.8843360e-03   8.7145886e-03   9.9534855e-03
   2.5569338e-01   8.8937857e-02   3.2109005e-01   3.9732277e-03   8.4717416e-03   9.6974719e-03
   2.5568288e-01   8.2025083e-02   2.9298952e-01   4.5152151e-03   8.3785831e-03   9.9012734e-03
   2.8456215e-01   7.2562856e-02   2.7890474e-01   4.0094214e-03   8.6146584e-03   1.0126175e-02
   2.9020622e-01   9.2031496e-02   2.7465246e-01   3.7566431e-03   8.7767217e-03   1.0055526e-02
   2.7410370e-01   9.7686664e-02   2.9282441e-01   3.4325064e-03   8.8005494e-03   9.8674437e-03
   2.7016206e-01   6.6613594e-02   3.0012358e-01   3.7903730e-03   8.8718528e-03   9.8291022e-03
   2.7582102e-01   6.7361884e-02   3.0645927e-01   3.8278367e-03   8.8395409e-03   9.9628690e-03
   2.9116938e-01   7.3435812e-02   2.8407850e-01   3.9393006e-03   8.8109629e-03   1.0138957e-02
   2.8753139e-01   5.3415389e-02   2.8002699e-01   3.9298601e-03   8.7777469e-03   9.9563838e-03
   2.7194955e-01   6.1154246e-02   3.0807414e-01   3.9764644e-03   8.8774662e-03   9.8977759e-03
   2.3608491e-01   5.4285792e-02   3.1153977e-01   3.7500913e-03   8.6506615e-03   9.3947392e-03
