   0.0000000e+00   0.0000000e+00   0.0000000e+00   0.0000000e+00   0.0000000e+00   0.0000000e+00
   6.8380888e-04   4.1620942e-02   9.3889002e-02  -1.9151116e-03   1.2093681e-04   1.6473714e-04
  -1.6352028e-03   5.3303257e-02   1.0873870e-01  -2.1424111e-03  -2.9814682e-05   2.6196314e-04
   1.3268164e-02   3.1723795e-02   1.2771745e-01  -2.2173488e-03  -1.5716181e-04   4.1220307e-04
   2.5607223e-03   4.4155278e-02   1.2546605e-01  -2.4511261e-03  -3.3402217e-04   8.6783623e-05
   1.4477297e-02   3.1388518e-02   1.8046360e-01  -3.7810594e-03  -6.5138067e-04   2.5375680e-05
   9.5154645e-03   1.5827450e-02   1.5687499e-01  -3.5765597e-03  -8.5520560e-04  -1.0375304e-04
   9.4333503e-03   7.6765155e-03   1.4431103e-01  -3.4382237e-03  -6.7267968e-04   3.3931749e-05
   1.6899039e-02   6.1630114e-03   1.3906872e-01  -3.3373371e-03  -6.5306960e-04   1.3462910e-05
   3.2604454e-02  -1.4881022e-02   1.5038157e-01  -3.6322158e-03  -5.8976592e-04   2.7454751e-04
   2.6066857e-02  -1.1858026e-02   1.3628154e-01  -3.5813443e-03  -4.2798017e-04  -1.2837143e-04
   3.0509034e-02  -2.4695915e-02   1.4419012e-01  -3.4444885e-03  -6.7152509e-04   1.0583512e-04
   2.4239208e-02  -1.8820972e-02   1.3733937e-01  -3.8442303e-03  -4.0632813e-04  -5.2360095e-05
   1.2645600e-02  -1.9413768e-02   1.3718705e-01  -4.1945788e-03  -6.8749167e-04  -2.3416524e-04
   4.6501260e-02   1.2880464e-02   1.8140506e-01  -4.4429707e-03  -7.2306300e-04   3.1101648e-04
   1.2310004e-02  -1.3505249e-02   2.0512552e-01  -4.8291830e-03  -1.0185422e-03  -2.5080733e-04
   3.2015120e-02   1.2590468e-02   2.0447066e-01  -4.9542715e-03  -1.1304618e-03  -2.3297746e-04
   7.0501544e-03  -5.4093069e-03   2.0349337e-01  -4.7796333e-03  -1.0548032e-03  -6.0825503e-04
  -2.4726669e-02  -1.8973075e-03   2.1894953e-01  -5.4285149e-03  -1.0164971e-03  -1.0943504e-03
  -4.6615386e-02  -4.2357856e-03   2.5319516e-01  -5.1345974e-03  -1.3980109e-03  -1.2587461e-03
  -5.8479447e-02   1.9537078e-02   2.2871282e-01  -5.2305354e-03  -1.5768848e-03  -1.5414473e-03
  -5.6878922e-02  -4.2301916e-03   2.0199287e-01  -4.4127294e-03  -1.8024118e-03  -1.5563059e-03
  -7.6678960e-02  -2.0921497e-02   2.3887764e-01  -5.0890053e-03  -1.6394669e-03  -1.8822435e-03
  -8.4881180e-02   4.3113850e-03   2.0874123e-01  -5.0301630e-03  -1.6480822e-03  -2.0280634e-03
  -8.6228703e-02   9.0082104e-03   2.2918369e-01  -5.0436143e-03  -1.9244934e-03  -2.0100989e-03
  -6.4557829e-02  -1.2555852e-02   2.3011075e-01  -4.1440611e-03  -1.9323994e-03  -2.0043541e-03
  -6.7981117e-02  -2.9552434e-02   2.3163151e-01  -5.1070982e-03  -1.7667898e-03  -1.9431079e-03
  -7.4917376e-02   3.5497118e-03   2.2285014e-01  -5.2013676e-03  -1.7444628e-03  -1.8756133e-03
  -6.2260487e-02  -5.4059197e-04   2.3928594e-01  -5.1111726e-03  -1.5381185e-03  -1.7916426e-03
  -5.7977574e-02   3.3418725e-03   2.2098167e-01  -4.5463072e-03  -1.6766499e-03  -1.7404170e-03
  -6.9308442e-02   6.7572255e-02   2.7257956e-01  -5.2704144e-03  -1.4440193e-03  -1.7700911e-03
  -9.5700508e-02   3.6085504e-02   2.6493232e-01  -5.0912819e-03  -1.8206867e-03  -2.1454499e-03
  -8.4495233e-02   6.8095415e-03   2.5325393e-01  -5.2147548e-03  -1.8835303e-03  -2.1493791e-03
  -8.7500664e-02   2.5198037e-02   2.5279587e-01  -5.3663579e-03  -1.7207903e-03  -2.2232140e-03
  -7.3509797e-02   7.2528946e-03   2.2937262e-01  -4.8643388e-03  -1.9804340e-03  -1.9735186e-03
  -5.1926471e-02  -7.1085582e-03   2.2220367e-01  -4.9724103e-03  -1.8716229e-03  -1.5881739e-03
  -2.6677836e-02  -1.6841315e-02   2.0496798e-01  -5.1076580e-03  -1.6054741e-03  -1.2254807e-03
  -2.4478509e-02   3.9551469e-03   2.1317621e-01  -5.2356890e-03  -1.5059003e-03  -1.0619415e-03
  -1.3023855e-02   2.0287123e-02   2.5052578e-01  -5.6174742e-03  -1.5839862e-03  -7.4137038e-04
   2.3793840e-02  -5.6399392e-03   2.4338677e-01  -5.0027941e-03  -1.3366973e-03  -2.5500244e-04
   4.1778765e-02  -2.8434126e-03   2.4190759e-01  -6.0221102e-03  -6.5999000e-04   1.8648286e-04
   2.1887859e-02  -1.5312932e-02   2.5596058e-01  -6.2655218e-03  -1.2113525e-03  -2.4237750e-04
   5.0767500e-02   4.1097315e-02   2.3906353e-01  -6.3656032e-03  -1.0119955e-03   2.6815236e-04
   3.4272798e-02   4.1174628e-02   2.6625640e-01  -6.4507718e-03  -1.0294994e-03   8.8007766e-05
   6.0017487e-02   2.8485983e-02   2.6521229e-01  -5.9406073e-03  -7.3879354e-04   5.1422512e-04
   8.4361357e-02   2.9913176e-02   2.6747913e-01  -6.6336371e-03  -4.4452509e-04   9.5182317e-04
   9.2292268e-02   4.3246454e-02   2.6012030e-01  -6.6512456e-03  -6.6416828e-04   1.0259787e-03
   9.6740046e-02   3.7569240e-02   2.5141897e-01  -6.6369458e-03  -7.0939919e-04   1.0286559e-03
   8.2769372e-02   1.4704575e-02   2.5052528e-01  -6.5879730e-03  -8.8909392e-04   8.9003560e-04
   6.1274103e-02   3.9537691e-02   2.5693597e-01  -6.5502451e-03  -1.0160117e-03   6.2050741e-04
   5.7461608e-02   5.3347587e-03   2.5970952e-01  -6.5513350e-03  -7.6765088e-04   5.9600479e-04
   7.7062513e-02   3.8872591e-02   2.9014989e-01  -6.6340067e-03  -8.2952496e-04   7.1913013e-04
   6.8369422e-02   1.6262808e-04   2.9897960e-01  -6.6126717e-03  -1.0114424e-03   5.7076970e-04
   5.6770574e-02   3.2658224e-02   2.7733764e-01  -5.9924214e-03  -9.2779506e-04   5.6354825e-04
   4.3710148e-02   3.2219519e-02   3.1518222e-01  -6.4621324e-03  -1.0597253e-03   4.2748388e-04
   4.7609382e-02   9.2282454e-03   3.4675167e-01  -7.2869306e-03  -1.0202782e-03   2.6265062e-04
   3.0486532e-02   3.1215196e-02   3.5102349e-01  -7.3371042e-03  -8.1237011e-04   2.2309786e-04
   1.7071793e-02   2.7754060e-02   3.6459321e-01  -7.5086068e-03  -7.5327737e-04   1.2372111e-04
   3.0355260e-02   1.5269376e-02   3.7200704e-01  -7.8604169e-03  -9.1142363e-04   9.9907319e-05
   4.6948142e-02   7.7495034e-03   3.2372795e-01  -6.8703306e-03  -1.3595680e-03   4.4526236e-04
   4.6536229e-02   4.2873310e-02   3.2645732e-01  -7.6036599e-03  -1.0483171e-03   3.5703988e-04
   6.0841915e-02   3.1807140e-02   3.1568947e-01  -7.4141067e-03  -1.0758695e-03   5.2783474e-04
   5.5923891e-02   1.1625523e-02   3.4244310e-01  -7.4008178e-03  -9.2064167e-04   4.3391643e-04
   5.7108105e-02   2.1161798e-02   3.4984376e-01  -7.3811645e-03  -9.2144375e-04   3.9057126e-04
   5.8002150e-02  -9.2652954e-04   3.3892104e-01  -7.2961233e-03  -9.7165126e-04   5.6257478e-04
   5.7094440e-02   1.1710659e-02   3.4083080e-01  -7.1956686e-03  -9.8035409e-04   4.0883183e-04
   4.9500554e-02   2.6059186e-02   3.6488233e-01  -7.4114459e-03  -1.0403020e-03   3.4434802e-04
   4.7832829e-02   3.3928691e-02   3.8213829e-01  -7.0484242e-03  -1.2506319e-03   1.4556262e-04
   5.5364320e-02   2.2913246e-02   3.6663877e-01  -6.8439955e-03  -1.2164281e-03   6.3604628e-04
   4.5563224e-02   4.5554164e-02   3.8761387e-01  -7.4319486e-03  -1.0759446e-03   2.6794788e-04
   6.7628810e-02  -7.0545796e-03   2.8229648e-01  -7.3037081e-03  -1.3448932e-03   4.0890344e-04
   6.3926614e-02   8.5474040e-02   3.7455385e-01  -8.2408331e-03  -7.9910620e-04   6.3348846e-04
   4.0273157e-02   6.9797903e-03   3.7793379e-01  -8.1235733e-03  -1.1310848e-03   3.7026451e-04
   4.4220665e-02   5.6208213e-02   3.6835290e-01  -7.9777804e-03  -1.1225040e-03   4.4414330e-04
   4.0635299e-02   2.8636468e-02   3.5890957e-01  -7.8819655e-03  -9.7422104e-04   3.9138153e-04
   7.1255657e-02   1.9279660e-02   3.2359574e-01  -8.0065628e-03  -7.0391855e-04   6.7290222e-04
   8.2049586e-02   3.3701534e-02   3.3026408e-01  -7.6701935e-03  -7.9240810e-04   9.5906056e-04
   1.0092761e-01   2.3948326e-02   3.5804334e-01  -7.7939445e-03  -7.6653114e-04   1.2390656e-03
   1.1355220e-01   2.9710302e-02   3.6209848e-01  -7.7604931e-03  -6.6573364e-04   1.4464889e-03
   1.2383688e-01   3.6760293e-02   3.5997784e-01  -7.6220969e-03  -5.2334847e-04   1.8708100e-03
   9.7714219e-02  -2.8070957e-04   4.2194052e-01  -8.1590643e-03  -3.7429817e-04   1.3748223e-03
   8.8819794e-02  -2.5892865e-03   4.1735439e-01  -8.5829818e-03  -5.0640259e-04   9.4588214e-04
   7.6140315e-02  -1.9071096e-02   2.4732290e-01  -6.1169828e-03  -2.4931882e-04   8.7599483e-04
   1.3133917e-01  -8.9231322e-02  -3.5635313e-01   5.7190420e-03   3.1036716e-03   3.1615747e-03
   8.6005428e-02   9.2466458e-02   3.0063068e-01  -8.7479776e-03   2.5226931e-03   1.4087366e-03
   2.4871905e-01  -8.6141916e-03  -4.8678350e-01   8.2737062e-03   4.5561376e-03   4.5838220e-03
   2.5229322e-01   2.6478520e-02  -3.6784736e-01   5.7643159e-03   5.4668671e-03   5.0027745e-03
   2.6229254e-01   8.7755884e-02  -2.2735123e-01   3.2258991e-03   5.1800869e-03   5.1641216e-03
   2.5735394e-01   5.4990672e-02  -1.7867695e-01   1.6040056e-03   5.6145378e-03   5.0868409e-03
   2.1869116e-01   1.7529280e-02  -4.9552763e-01   1.0111943e-02   7.2801008e-03   5.2568725e-03
   2.3446347e-01   7.9515379e-02  -2.5152779e-01   4.5269550e-03   7.3456805e-03   5.3519987e-03
   2.4156768e-01   4.1604443e-02  -1.8266349e-01   2.7446838e-03   7.1207559e-03   5.1856331e-03
   2.0917279e-01   6.3395234e-02  -7.1880062e-02   7.4839163e-05   6.7936735e-03   4.4125333e-03
   1.9239985e-01   6.0854327e-02   2.4585343e-02  -2.1536700e-03   6.4692393e-03   3.7499400e-03
   2.2007755e-01   2.2655435e-02  -2.4778423e-03  -1.7681990e-03   6.5690449e-03   4.1513980e-03
   1.9712303e-01   3.3652246e-02   1.6782444e-02  -1.9644973e-03   5.8605079e-03   3.7729999e-03
   1.9486603e-01   4.7508702e-02   1.2703260e-01  -3.9581464e-03   6.2005981e-03   3.4823954e-03
   1.9081030e-01   4.1414113e-02   1.1193919e-01  -4.0543072e-03   5.8201376e-03   3.2525400e-03
   1.7751341e-01   5.2723558e-02   1.3318157e-01  -4.3605275e-03   5.9047312e-03   3.1348071e-03
   1.7945974e-01   1.9225854e-02   1.6273209e-01  -5.0457789e-03   5.6741108e-03   3.2349931e-03
   1.8211122e-01   2.2831752e-02   1.7341752e-01  -5.2341796e-03   5.4309818e-03   3.0816094e-03
   1.6684905e-01   1.4579629e-02   1.8825967e-01  -5.2080892e-03   5.5031363e-03   3.0127046e-03
   1.7583670e-01   1.0494637e-02   2.0067657e-01  -5.5266907e-03   5.6737084e-03   2.9939101e-03
   1.7314334e-01   3.7789078e-02   2.1015649e-01  -6.0361083e-03   5.5987068e-03   2.9781444e-03
   1.6788541e-01   1.9625446e-02   2.1417569e-01  -5.9246262e-03   5.4781647e-03   2.9484977e-03
   1.4912101e-01   3.9045350e-02   2.2651297e-01  -6.3153968e-03   5.4102954e-03   2.7376117e-03
   1.5688835e-01   3.0162436e-02   2.4629678e-01  -6.3974164e-03   5.4569559e-03   2.8198479e-03
   2.6378190e-02   3.5930774e-03   2.6048769e-01  -5.2839438e-03   4.2277759e-03   8.3347002e-04
  -1.0048180e-01   4.8485525e-02   2.8457095e-01  -1.0127081e-02  -5.2808175e-03  -4.6379736e-03
  -1.9491480e-01  -6.0899647e-02   2.4248173e-01  -1.3354026e-02  -3.1451444e-03  -5.0785805e-03
  -1.6230591e-03  -2.0550626e-02  -2.8369049e-01   1.1587127e-03  -3.9261478e-03  -3.3397278e-04
  -1.6283264e-01  -5.7369388e-02   8.6936406e-02  -7.1292457e-03  -6.1820213e-03  -3.9979976e-03
  -1.2790080e-01   2.2500680e-02   1.8709580e-01  -1.0152219e-02  -3.8052612e-03  -3.5405674e-03
  -8.7688930e-02   1.8510362e-02   1.9292658e-01  -1.0681183e-02  -3.2225201e-03  -2.9636885e-03
  -7.8100283e-02   1.8202907e-02   1.8887259e-01  -1.0956198e-02  -3.2049532e-03  -2.9596198e-03
  -7.3375516e-02  -4.2858967e-03   2.1411393e-01  -1.0961015e-02  -2.9528565e-03  -2.7972047e-03
  -6.0902600e-02  -3.0239707e-02   2.2854767e-01  -1.0832527e-02  -2.6605270e-03  -2.5613348e-03
  -3.3604263e-02  -2.6061234e-02   2.1175461e-01  -1.0788704e-02  -2.1912922e-03  -2.1970577e-03
  -5.8413388e-02   1.4225820e-02   1.9615744e-01  -9.4441866e-03  -2.7573902e-03  -2.7078517e-03
   1.4254257e-01  -5.0945780e-02   2.2202892e-01  -1.0360025e-02  -5.5657502e-04   2.7729249e-03
   1.2454006e-01  -7.8761942e-03   3.3280611e-01  -1.4360672e-02  -9.2263811e-04   2.6032293e-03
   1.9721996e-01  -2.1564151e-02   3.1536852e-01  -1.3188743e-02  -1.4321528e-03   3.5448627e-03
   1.5447379e-01  -3.3965298e-02   3.2784100e-01  -1.3297096e-02  -2.4936118e-03   2.8046283e-03
   1.3202837e-01  -3.1832465e-02   3.4603195e-01  -1.3456326e-02  -2.1673518e-03   2.4666923e-03
   1.2048836e-01  -5.0687501e-02   3.6416109e-01  -1.3441264e-02  -1.7120958e-03   2.4171420e-03
   1.2008713e-01  -2.2625426e-02   3.6366540e-01  -1.3319720e-02  -1.3922363e-03   2.5168234e-03
   1.2384558e-01  -5.0469881e-02   3.7161272e-01  -1.3188873e-02  -1.2941818e-03   2.7021643e-03
   1.0532539e-01  -6.6784075e-02   3.8035006e-01  -1.3335967e-02  -1.4203005e-03   2.4597188e-03
   1.2044030e-01  -5.7949611e-02   3.7497089e-01  -1.3529458e-02  -1.3749100e-03   2.5426917e-03
   1.0260416e-01  -4.7416722e-02   3.8821006e-01  -1.3666232e-02  -1.7452046e-03   2.2144407e-03
   9.6396165e-02  -3.9877465e-02   4.0036971e-01  -1.3695532e-02  -1.9925485e-03   2.3480697e-03
   3.2239936e-01  -2.4629737e-03  -2.9167470e-01   4.4648545e-03  -2.6350159e-03   5.2347397e-03
   1.0025002e-03   1.1555516e-01   3.2700836e-01  -1.2722603e-02  -2.7254515e-03  -3.2061674e-04
  -6.4978502e-02   1.2856361e-02   3.6573438e-01  -1.2319012e-02  -2.4382633e-03  -1.2204349e-03
   1.0713441e-02   8.0583634e-03   3.7331810e-01  -1.3070699e-02  -1.0907055e-03  -1.6176766e-04
   2.8758355e-02  -3.0966239e-02   3.6707648e-01  -1.3520276e-02  -1.5604371e-03  -2.3773250e-04
   1.8995522e-02   2.6416661e-03   3.2475757e-01  -1.3301393e-02  -1.1386893e-03  -9.5519425e-05
  -9.4764464e-03  -1.0286766e-02   3.5012043e-01  -1.3577922e-02  -1.4713116e-03  -4.9642409e-04
  -1.0260414e-02  -2.0261761e-02   3.5646843e-01  -1.3939811e-02  -9.5903818e-04  -2.8755783e-04
  -6.8148751e-03   1.3412058e-02   3.6772257e-01  -1.3961556e-02  -7.8184250e-04  -2.6696581e-04
   7.9793324e-04  -3.2794851e-02   3.7359744e-01  -1.3746832e-02  -1.2585273e-03  -3.7012129e-04
   2.5245703e-04  -9.0929118e-03   3.9474291e-01  -1.3580672e-02  -1.9349501e-03  -4.8549491e-04
   4.9989802e-02  -2.9384596e-02   3.7458278e-01  -1.3265861e-02  -1.5579145e-03   2.0912500e-04
   5.0791037e-02  -4.7996622e-02   3.5473606e-01  -1.3074036e-02  -2.3098990e-03   2.5979632e-04
   3.1353939e-02  -1.6430320e-02   3.3094112e-01  -1.3371458e-02  -2.3339925e-03   4.1049725e-05
   1.2600537e-02  -1.0369582e-02   3.4062009e-01  -1.4130140e-02  -2.0997878e-03  -9.4850239e-05
  -1.5530834e-02   1.0815452e-02   3.4072284e-01  -1.3311689e-02  -2.5126092e-03  -3.5604432e-04
   8.9770376e-02  -2.9325533e-02  -9.3109949e-03  -2.5744514e-03  -1.8689200e-03   1.2250095e-03
  -4.5104939e-02  -4.6122743e-02   2.3572562e-01  -1.0433365e-02  -5.1392693e-03  -2.0100267e-03
  -2.9779551e-02   3.9259114e-02   2.4181842e-01  -1.0958982e-02  -5.1885713e-03  -1.8648199e-03
  -1.1379675e-02   1.0285899e-02   2.6040382e-01  -1.1764541e-02  -4.3832504e-03  -1.3427104e-03
  -5.0856988e-02   4.3358412e-02   3.0539709e-01  -1.2465841e-02  -4.4718591e-03  -1.7823800e-03
  -9.5057717e-02  -4.5635976e-03   3.1541455e-01  -1.2382614e-02  -4.8030836e-03  -2.3473470e-03
  -1.1362764e-01  -7.3843806e-03   2.8927566e-01  -1.2438160e-02  -5.1063820e-03  -2.7177900e-03
  -9.5861512e-02  -8.5560635e-03   3.0915229e-01  -1.2260433e-02  -5.1804873e-03  -2.3866059e-03
  -8.0444417e-02  -1.5650638e-02   3.1884644e-01  -1.2236957e-02  -5.0315590e-03  -2.1420453e-03
  -7.8250097e-02  -1.9680160e-02   3.0477965e-01  -1.2336001e-02  -5.1582159e-03  -2.1232788e-03
  -8.2910355e-02  -6.2509751e-03   3.3475643e-01  -1.2776197e-02  -5.1199561e-03  -2.1998972e-03
   6.1703660e-02  -5.7095753e-02   2.8238285e-01  -1.0810493e-02  -4.5245230e-03   5.6015290e-04
   7.1605992e-02  -5.3590129e-02   3.3426527e-01  -1.2780948e-02  -5.3043146e-03   6.8718882e-04
   2.8170386e-02  -3.3241927e-02   3.2297864e-01  -1.2855220e-02  -5.5737321e-03  -8.2012701e-05
   1.4056225e-02   4.1332768e-02   3.9982521e-01  -1.3248236e-02  -5.5734992e-03  -3.4734313e-04
   3.4490717e-02  -3.9005773e-02   3.4892003e-01  -1.3556227e-02  -5.4005945e-03   1.0721306e-04
   3.7153091e-02  -8.8235505e-03   3.4092133e-01  -1.3441901e-02  -5.4647764e-03   5.4323244e-05
   4.6340427e-02   7.7196715e-03   3.2327019e-01  -1.3188273e-02  -5.3257602e-03   1.6338744e-04
   5.1535888e-02  -3.2777116e-02   3.3767136e-01  -1.2941222e-02  -5.4038409e-03   2.2665879e-04
   4.3988149e-02  -1.7820849e-02   3.5431513e-01  -1.2930397e-02  -5.4095546e-03   2.2586794e-05
   4.9827117e-02   1.1479899e-02   3.7208166e-01  -1.2822045e-02  -5.2911407e-03  -1.9299706e-05
   7.4553149e-02  -1.1179401e-02   3.5674736e-01  -1.2877851e-02  -5.0474733e-03   4.3786612e-04
   7.6674584e-02  -3.8501129e-02   3.4936340e-01  -1.3230336e-02  -5.0985738e-03   4.9295349e-04
   9.4769315e-02   3.2817500e-02   3.6757003e-01  -1.3300132e-02  -4.5835718e-03   1.1478881e-03
   1.2101064e-01  -4.3852810e-03   3.5531953e-01  -1.3087901e-02  -4.9317761e-03   1.3500661e-03
   1.0856019e-01   1.8103901e-02   3.6660329e-01  -1.3067556e-02  -5.1749107e-03   1.1319326e-03
   8.7871878e-02  -1.4496166e-02   3.6480501e-01  -1.3400531e-02  -5.1873769e-03   7.9737019e-04
   1.2340903e-02   4.4637617e-02   3.7084235e-01  -1.3307174e-02  -5.5080111e-03   6.3988345e-06
   7.1649958e-02  -2.5186826e-02   3.7867950e-01  -1.3232061e-02  -4.9358504e-03   6.6685562e-04
   8.7328625e-02  -2.2512709e-02   3.6414726e-01  -1.3123788e-02  -5.0900990e-03   6.6943989e-04
   1.0020678e-01  -1.1014581e-02   3.5676746e-01  -1.3129214e-02  -4.6725243e-03   1.1112455e-03
   1.2310777e-01  -6.6419063e-03   3.9702033e-01  -1.3712916e-02  -4.7041344e-03   1.2063517e-03
   1.2496981e-01  -2.3877358e-02   3.6964021e-01  -1.3749092e-02  -5.5390980e-03   1.0567761e-03
   1.3638607e-01  -2.9228763e-02   3.7202620e-01  -1.3624410e-02  -5.1602423e-03   1.1939524e-03
   1.2491803e-01  -5.4595043e-03   3.7834390e-01  -1.3219143e-02  -5.2272832e-03   1.0454873e-03
   1.4318152e-01  -5.2603785e-03   3.9397762e-01  -1.4087151e-02  -5.0125132e-03   1.4621899e-03
   1.4838041e-01  -8.8050062e-03   4.0233692e-01  -1.4714634e-02  -4.4632069e-03   1.7770161e-03
   1.5957152e-01   2.2247784e-03   4.1965986e-01  -1.4446182e-02  -4.1197237e-03   2.1283454e-03
   1.5812431e-01   1.1509276e-02   4.1029049e-01  -1.4426653e-02  -3.9648285e-03   2.0971594e-03
   1.4000381e-01  -5.8658327e-03   4.1306391e-01  -1.4457756e-02  -3.7671707e-03   1.9885701e-03
   1.5377010e-01   1.5607695e-02   4.3737980e-01  -1.4859631e-02  -3.3988913e-03   2.0615103e-03
   1.3557775e-01  -1.1619264e-02   4.3309941e-01  -1.4990697e-02  -4.1561810e-03   1.7807325e-03
   1.4540552e-01  -2.9415835e-03   4.0666295e-01  -1.4612506e-02  -4.8807449e-03   1.5965059e-03
   1.4320699e-01   1.7030356e-02   4.0478787e-01  -1.4592527e-02  -4.8374000e-03   1.4560009e-03
   1.4987045e-01   4.5395316e-03   4.3674660e-01  -1.4583847e-02  -4.4468579e-03   1.7094111e-03
   1.6959269e-01  -4.6444696e-02   4.0249332e-01  -1.4492173e-02  -4.5290410e-03   1.9613034e-03
   1.8109493e-01  -1.2745822e-02   4.0750092e-01  -1.4151684e-02  -4.6603688e-03   2.1123884e-03
   1.7533075e-01   5.2639463e-03   4.1574242e-01  -1.4569736e-02  -4.6271345e-03   2.0139023e-03
   1.9246989e-01  -4.1577418e-02   4.3181486e-01  -1.4809879e-02  -4.3883760e-03   2.4829038e-03
   1.7118293e-01  -2.5843616e-02   4.2259724e-01  -1.4808018e-02  -4.8157822e-03   2.1079892e-03
   1.4924796e-01   2.2732062e-02   3.9586849e-01  -1.4030937e-02  -5.4570719e-03   2.0679677e-03
   2.6469065e-01  -1.1146172e-01  -3.4958949e-01   4.3624850e-03  -3.9672329e-03   5.7630608e-03
   1.0896418e-01   1.4254100e-01  -4.4224626e-02  -3.4882449e-03  -3.9984193e-03   3.2755171e-03
   1.4334160e-02  -8.0082279e-02   9.4765664e-02  -6.6727809e-03  -4.3980511e-03   1.7810527e-03
   2.3276668e-03   2.9001066e-02   2.6080156e-01  -1.1551016e-02  -3.8337153e-03   4.8379625e-04
   7.6947443e-02   1.4915502e-01   1.2998982e-01  -7.5819388e-03  -3.5667570e-03   1.9126038e-03
   1.5022119e-01  -1.0258822e-01  -3.9991334e-01   5.8735236e-03  -1.0614409e-03   4.0393783e-03
   9.0866212e-02   7.4941823e-02  -1.6417860e-01   1.1456257e-03  -1.9200074e-03   2.7148017e-03
   8.4694330e-02   5.8497174e-02  -9.4360955e-02   3.6164645e-04  -2.1791122e-03   2.5600478e-03
   9.7857674e-02   2.4599828e-02  -3.6506983e-02  -5.2241428e-04  -2.0981970e-03   2.5629306e-03
   1.0392185e-01   2.6485672e-02  -5.0134242e-02  -7.2950438e-04  -1.8928755e-03   2.5751670e-03
   1.0971912e-01   1.3451255e-02  -1.1508685e-02  -1.2504340e-03  -1.8206163e-03   2.6976174e-03
   1.0980112e-01  -2.6779231e-02   1.1685409e-02  -1.4767939e-03  -1.8960871e-03   2.8267364e-03
