   0.0000000e+00  -9.5847533e-15  -1.4210855e-14   0.0000000e+00   0.0000000e+00  -1.8933624e-19
   1.3011457e-02   1.1841308e-01   6.1741936e-02  -9.0811155e-04  -2.5319176e-04  -3.9559642e-04
  -2.0928890e-02   1.8941296e-01  -3.8864728e-02  -7.7014935e-04  -5.6021520e-04  -1.8197529e-03
  -1.5209418e-02  -1.9136794e-02  -1.9911866e-02   1.3889343e-04  -3.6766592e-04  -8.3754201e-04
  -3.8138108e-03  -9.9264799e-03   3.7697346e-02   1.8757815e-04  -6.6739636e-04  -6.2229550e-04
   1.9282237e-02   3.7104405e-02   1.0048711e-02  -4.6892793e-04  -6.3583593e-04  -3.3394137e-04
   3.1528059e-02   9.9598243e-03   5.8822491e-03   1.4565458e-05  -1.0415398e-03  -4.1502689e-04
   2.0362752e-02   5.7681080e-02   4.9099652e-02  -7.2887463e-05  -1.3043268e-03  -4.1824971e-04
   2.4408797e-03   7.8895432e-03   1.1917673e-02   2.7095710e-04  -1.3452914e-03  -6.7119196e-04
   1.8740928e-02   7.7720184e-03   3.7235027e-02   1.3880798e-04  -1.6243457e-03  -8.6079288e-04
   1.0600389e-02   8.8092996e-02   3.2304394e-02  -2.9899417e-04  -1.6761125e-03  -8.1187149e-04
   3.5751499e-03  -4.3913206e-02   5.1415186e-02   2.4257992e-04  -2.0211663e-03  -1.2311464e-03
  -1.5097845e-02   1.0723381e-01   4.5498851e-02  -7.9835685e-04  -1.8390782e-03  -1.2358632e-03
   1.0717383e-02  -4.5646780e-02   4.3520307e-02   8.2565449e-05  -2.0532465e-03  -1.3825039e-03
  -7.4427809e-03   7.1539819e-02   1.0185003e-01   4.2701103e-05  -2.2114643e-03  -1.2425358e-03
  -3.5696150e-02  -2.6350630e-02   9.4846891e-02   1.1387656e-04  -2.2091011e-03  -1.6833154e-03
  -1.6540057e-02  -1.2637869e-02   1.4767504e-01   2.1113382e-04  -2.3819510e-03  -1.5352835e-03
  -4.4124914e-02   1.2733372e-01   1.4497429e-01  -6.4769050e-04  -2.4927883e-03  -1.6535208e-03
  -5.0021846e-02  -5.7204578e-02   1.0182960e-01   8.9143294e-05  -2.4989039e-03  -2.2116790e-03
  -3.2415093e-02   1.3772718e-02   1.3851693e-01  -6.9583835e-05  -2.6027276e-03  -2.3715184e-03
  -4.8464055e-02   1.9209043e-02   1.3301723e-01  -1.5393845e-04  -2.5184095e-03  -2.1569337e-03
  -5.4284817e-02   8.1083593e-03   1.4624144e-01  -4.6216110e-04  -2.6460029e-03  -2.1816912e-03
  -1.9338222e-02  -2.5639498e-02   1.0197291e-01  -4.2284374e-05  -2.3997116e-03  -1.9426410e-03
  -9.4174675e-03   2.2819027e-02   1.2914524e-01  -2.8820579e-04  -2.5992205e-03  -1.6691240e-03
   1.5444726e-02  -4.3037073e-04   1.4071697e-01   5.1782039e-06  -2.6488077e-03  -1.4480420e-03
  -3.4064177e-02   7.2482113e-02   1.5349216e-01  -5.2942934e-04  -2.8287152e-03  -1.6916876e-03
  -3.8933395e-02  -6.2260739e-03   1.4764664e-01  -4.5743248e-04  -2.6967554e-03  -1.9465875e-03
  -4.7898518e-02   3.6945197e-02   1.4120298e-01  -5.3307041e-04  -3.0660248e-03  -2.2132804e-03
  -3.0448377e-02   6.6278001e-03   1.6372162e-01  -6.9364292e-04  -3.1874171e-03  -2.1606243e-03
  -7.1427843e-02   1.9024105e-01   1.0731515e-01  -1.5499572e-03  -3.4892185e-03  -2.6302164e-03
  -9.0577022e-02  -1.8210096e-02   9.8004429e-02  -5.8877942e-04  -3.0548833e-03  -2.8128046e-03
  -7.7361454e-03  -5.1246649e-02   1.4406420e-01   1.8232304e-04  -3.0973054e-03  -2.2285501e-03
  -3.8406105e-02   5.9443189e-02   1.7400721e-01  -7.4199836e-04  -3.0079754e-03  -1.9411613e-03
  -2.6001268e-02  -6.4931566e-02   1.5289539e-01  -1.8724990e-04  -3.5012449e-03  -2.4763630e-03
  -6.0458270e-02   3.8046340e-02   1.7460086e-01  -7.6824885e-04  -3.3671145e-03  -2.5405400e-03
  -2.8633299e-02  -3.7482114e-02   1.7008023e-01  -3.6308358e-04  -3.4797713e-03  -2.3385692e-03
  -2.9017393e-02   2.6669028e-02   1.4065174e-01  -4.5915183e-04  -3.6595204e-03  -2.3788132e-03
  -5.4820848e-02   4.0812158e-02   2.0716670e-01  -5.2984066e-04  -4.2023652e-03  -2.5339616e-03
  -3.5378624e-02  -5.3525466e-02   1.9087958e-01   1.7177894e-04  -4.2348022e-03  -2.9174406e-03
  -2.1332396e-02   5.7059470e-02   1.8919760e-01  -4.5518529e-04  -4.3499223e-03  -2.4855375e-03
  -1.0575681e-02   6.4728204e-03   2.2598685e-01  -3.6993657e-04  -4.3001283e-03  -2.4320721e-03
  -1.9099103e-02  -1.9738926e-02   2.2946141e-01  -1.5250437e-04  -4.3490309e-03  -2.5260940e-03
  -4.2068936e-02   7.3145575e-02   1.9173209e-01  -1.8717133e-04  -3.8311832e-03  -3.1321404e-03
   2.4487542e-02  -1.8064836e-02   2.4286508e-01  -3.3115970e-04  -3.5872705e-03  -2.2898937e-03
  -7.7583518e-03   1.4524591e-01   1.7512523e-01  -1.2216601e-03  -4.2162435e-03  -2.7411522e-03
  -3.1862307e-02   4.2917676e-03   1.8244557e-01  -8.5213028e-04  -4.0388422e-03  -2.9694781e-03
  -7.1334551e-03  -5.0906781e-02   2.0638866e-01  -7.0001915e-04  -4.2033645e-03  -2.8692047e-03
  -3.0366122e-02   4.4272589e-02   2.0833337e-01  -9.4489654e-04  -4.1602655e-03  -3.1132171e-03
  -1.6016554e-02   5.1069507e-03   2.3836698e-01  -8.3967535e-04  -4.1322994e-03  -2.9606965e-03
   2.9414696e-03  -2.8109349e-02   2.2254127e-01  -5.2039248e-04  -3.9018279e-03  -3.3295000e-03
  -3.2945384e-02  -4.3299761e-03   2.4348069e-01  -1.1231399e-03  -4.2491446e-03  -3.2269852e-03
   5.1029165e-03  -3.3424564e-02   2.5162727e-01  -6.7905799e-04  -4.2102441e-03  -2.8203510e-03
   1.2509344e-02   2.3521546e-02   2.3445360e-01  -7.1313085e-04  -4.4556296e-03  -2.7346761e-03
   1.4191920e-02   3.9190400e-02   2.7922183e-01  -1.0077553e-03  -4.1529985e-03  -2.1457915e-03
   4.1528011e-02  -3.0812316e-02   2.4179677e-01  -4.2449208e-04  -4.0911242e-03  -2.1996542e-03
   1.1954100e-02   8.9517613e-02   2.7608479e-01  -1.1746661e-03  -4.0688459e-03  -2.1993298e-03
   4.0647005e-03  -1.8261292e-02   2.1983682e-01  -9.1611656e-04  -4.0852174e-03  -2.4074346e-03
   4.5989999e-03  -4.0602889e-02   2.9459989e-01  -3.6547454e-04  -4.3401865e-03  -2.9396222e-03
  -2.0581756e-02   4.1289133e-02   3.1423480e-01  -1.0562866e-03  -4.5803516e-03  -2.7284381e-03
  -1.9918143e-03  -2.9697218e-02   2.8626153e-01  -7.1411715e-04  -4.7496441e-03  -2.8585454e-03
  -1.7910520e-02   5.5661961e-02   2.5707751e-01  -1.2613549e-03  -4.3082460e-03  -3.2222408e-03
   6.7822168e-03   6.2966180e-03   2.7162903e-01  -8.8619541e-04  -4.5097041e-03  -2.6471578e-03
   1.8812114e-02   1.3983585e-02   2.5667683e-01  -8.7292084e-04  -4.6994659e-03  -2.6222457e-03
   5.3882744e-03   5.0524826e-02   2.8312129e-01  -9.6727464e-04  -4.4222421e-03  -2.5269248e-03
   4.2819260e-02   8.5813497e-03   2.7913650e-01  -6.7477420e-04  -4.1662777e-03  -2.2730454e-03
   4.6234064e-02   1.9631671e-02   2.5160140e-01  -1.0090196e-03  -3.7587205e-03  -2.8313048e-03
   6.1541288e-02   3.5812589e-02   2.9119941e-01  -1.3522659e-03  -3.8944351e-03  -1.7372742e-03
   6.7655622e-02  -1.2267601e-02   3.0378991e-01  -9.1663755e-04  -4.6322774e-03  -2.4250063e-03
  -1.6783686e-02   9.9472389e-02   3.4177020e-01  -1.8129948e-03  -5.0477280e-03  -3.1381017e-03
   6.6705728e-03  -2.8724656e-02   3.0804089e-01  -9.9313286e-04  -5.0855028e-03  -3.0815779e-03
  -1.9668708e-03   7.9103034e-02   3.3171394e-01  -1.8613346e-03  -5.0469205e-03  -2.8883164e-03
   9.7440560e-03  -3.2927296e-02   3.4080392e-01  -1.2442803e-03  -5.2272903e-03  -3.0253671e-03
  -2.4466898e-03   4.5594971e-02   3.2228762e-01  -1.8321859e-03  -5.0283266e-03  -3.0256119e-03
   3.5785146e-02  -3.6207985e-02   3.0299820e-01  -1.4914299e-03  -4.9531758e-03  -2.5024008e-03
   4.1886675e-02  -1.5575363e-02   2.9847754e-01  -9.3277871e-04  -5.1083119e-03  -2.3849486e-03
   2.5801237e-03   1.5954558e-01   2.8862201e-01  -1.9699321e-03  -5.6471035e-03  -2.7053972e-03
   1.8326056e-02  -4.9787280e-02   2.6796242e-01  -7.4775711e-04  -5.5396692e-03  -3.0679461e-03
  -1.0716763e-02   3.2418579e-02   3.5054950e-01  -1.1110758e-03  -5.8287773e-03  -3.1058860e-03
   7.6674212e-03  -4.6947274e-02   3.3142469e-01  -6.8350591e-04  -6.0440722e-03  -3.3934012e-03
  -4.1412259e-02   6.3596346e-02   3.5129036e-01  -1.4926641e-03  -5.9666058e-03  -3.6852404e-03
  -7.8645774e-05  -2.5401530e-02   3.5431808e-01  -1.0916415e-03  -5.9292285e-03  -3.2327156e-03
  -7.1817242e-03   1.5561638e-03   3.3545005e-01  -8.7391605e-04  -5.6062372e-03  -3.5451703e-03
  -3.1182681e-04   1.2691795e-02   3.5874343e-01  -9.5740368e-04  -5.5460617e-03  -3.3007372e-03
   4.7372319e-02  -2.3843719e-02   3.3278385e-01  -3.4460800e-04  -5.4919558e-03  -3.0710413e-03
   4.0997911e-02   6.5498155e-02   3.4542809e-01  -1.0296423e-03  -5.2462780e-03  -2.7616543e-03
   4.5813764e-02   1.4797319e-02   3.1221741e-01  -1.0183833e-03  -5.1410668e-03  -2.3781438e-03
   5.1807459e-02   2.3064221e-02   3.0273748e-01  -9.6652890e-04  -4.8062759e-03  -2.2423173e-03
   1.5875261e-02   4.5539343e-02   3.3114210e-01  -1.2254769e-03  -4.7250515e-03  -2.6371163e-03
   5.3047967e-02  -9.3666266e-03   3.2129981e-01  -1.1257262e-03  -5.0057904e-03  -2.2875197e-03
   3.9813531e-02   5.4351557e-02   3.0916803e-01  -1.3286269e-03  -4.8830904e-03  -2.1705217e-03
   4.3745271e-02   1.2149879e-01   3.5969550e-01  -1.3561894e-03  -4.5699134e-03  -1.8105095e-03
   1.1973056e-01   2.8789273e-02   3.2333088e-01  -1.1890406e-03  -4.0488228e-03  -1.6255862e-03
   2.8190260e-02   8.4773406e-02   3.6936086e-01  -1.7699811e-03  -4.8368831e-03  -2.5220899e-03
   2.7366015e-02   2.8155095e-02   4.0611993e-01  -1.8594169e-03  -5.1734461e-03  -2.5635926e-03
   2.2526343e-02   2.0694011e-02   3.9415653e-01  -1.4606461e-03  -5.1302342e-03  -2.8529601e-03
  -3.1467086e-02   5.7741840e-02   4.4192206e-01  -1.8530371e-03  -5.3259445e-03  -3.2314700e-03
  -3.1464951e-03  -2.8051283e-02   4.5736445e-01  -1.8611372e-03  -5.6082836e-03  -3.1679167e-03
  -3.3054174e-02   1.2859855e-01   4.3880959e-01  -3.0374175e-03  -5.3074675e-03  -3.7193345e-03
  -3.5496621e-04  -3.7476553e-02   4.4884248e-01  -2.3193992e-03  -5.8296536e-03  -3.0477764e-03
  -2.2427373e-02   6.5832976e-02   4.3269050e-01  -2.8675929e-03  -5.9765753e-03  -3.3128539e-03
  -1.0741967e-02   1.3632221e-02   4.5606815e-01  -2.6257172e-03  -5.7376375e-03  -3.2135236e-03
   3.0437361e-02   1.6345792e-02   4.4249947e-01  -2.2518118e-03  -5.7991459e-03  -2.7902187e-03
  -1.4496873e-02   6.5703103e-02   4.7235935e-01  -2.9240001e-03  -6.0180238e-03  -3.0050328e-03
   2.6389053e-02   1.0967472e-02   4.5041011e-01  -2.4482303e-03  -6.1567481e-03  -2.6054007e-03
   2.4829788e-02   5.7576405e-02   4.5634844e-01  -2.5263717e-03  -6.0073554e-03  -2.6761557e-03
   1.9994453e-02   4.2468630e-02   4.9078389e-01  -2.7673502e-03  -6.1202942e-03  -2.3501468e-03
   4.1581896e-03  -1.8953558e-02   5.0868111e-01  -2.4423950e-03  -5.2969143e-03  -3.2499584e-03
   2.1325253e-03   5.1274740e-02   5.0813830e-01  -3.3200012e-03  -5.6015357e-03  -2.8243406e-03
   1.8339989e-02  -2.4527008e-02   5.3268969e-01  -2.7928200e-03  -6.0717595e-03  -2.9371082e-03
   1.9142447e-02   4.6005596e-02   5.2649867e-01  -3.2392678e-03  -5.7706732e-03  -2.4658435e-03
   4.1179581e-02  -2.7032130e-02   5.6390377e-01  -3.1155459e-03  -5.9050600e-03  -2.1103403e-03
   9.6091484e-02  -1.5467935e-02   5.1028503e-01  -3.2068745e-03  -5.7718068e-03  -1.2921242e-03
   3.4332134e-02   8.3648077e-02   5.3894873e-01  -3.3563890e-03  -5.9773130e-03  -1.6780460e-03
   9.0806092e-02  -3.5429812e-02   5.7697797e-01  -3.6916915e-03  -6.0686502e-03  -1.3218942e-03
   6.3177438e-02   4.7790162e-02   5.6855446e-01  -4.2677301e-03  -6.1541730e-03  -1.0516002e-03
   9.6320012e-02   1.0529544e-02   5.6799136e-01  -4.1772683e-03  -5.9427641e-03  -8.1788415e-04
   1.1975814e-01   8.9111597e-04   5.6540180e-01  -3.9301685e-03  -6.3545997e-03  -7.4602191e-04
   9.5806164e-02   4.9397455e-02   5.4753909e-01  -4.4880386e-03  -6.0852698e-03  -1.1754092e-03
   1.2386597e-01   5.3833114e-03   5.7811030e-01  -4.4084653e-03  -5.7095699e-03  -7.8783081e-04
   1.6294789e-01  -3.9631382e-03   5.6794849e-01  -3.9215123e-03  -5.8065200e-03  -5.7161697e-04
   1.3596196e-01   6.8912876e-02   5.9947153e-01  -4.4783317e-03  -5.7015877e-03  -1.9619349e-04
   1.5506126e-01  -9.8640229e-03   6.1903013e-01  -4.0664653e-03  -5.5883431e-03  -3.7214547e-04
   1.0527375e-01   2.1673180e-01   6.3757670e-01  -5.4482369e-03  -6.1186420e-03  -5.7309437e-04
   5.7033722e-02  -3.8289862e-02   5.6385299e-01  -4.3083420e-03  -6.3634712e-03  -1.7436081e-03
   9.6588286e-02  -6.8954733e-02   6.4279060e-01  -4.2120245e-03  -6.3107994e-03  -1.4333500e-03
   1.1640961e-01   5.8838885e-02   6.0419696e-01  -4.4592265e-03  -6.6203301e-03  -7.0880489e-04
   1.3097243e-01   4.3148199e-03   6.3132273e-01  -4.2881591e-03  -6.9876131e-03  -3.2701863e-04
   1.6043848e-01   8.2067200e-03   6.1096833e-01  -3.8030124e-03  -6.8034766e-03  -1.3614097e-04
   1.5410171e-01   5.3969316e-02   6.4646921e-01  -4.2775985e-03  -7.0449031e-03   2.3359969e-04
   1.8548102e-01  -1.6090361e-02   6.2298133e-01  -3.9870394e-03  -7.1675112e-03   2.4417823e-04
   1.9309068e-01   7.0185612e-02   6.6775467e-01  -4.7923892e-03  -7.3323825e-03   5.0816030e-04
   2.2983213e-01  -6.0887318e-03   6.8788810e-01  -4.8102951e-03  -7.7923935e-03   1.2310336e-03
   2.1979429e-01   1.2033369e-02   6.8049408e-01  -4.8299248e-03  -8.3744648e-03   8.7236807e-04
   1.7130054e-01   9.6305057e-02   7.1913139e-01  -5.0570458e-03  -8.4278416e-03   5.3648671e-04
   1.6143094e-01   2.6977951e-02   6.7823785e-01  -4.3519791e-03  -8.1201043e-03  -1.4312310e-04
   1.4019801e-01   6.9767891e-02   7.1818882e-01  -4.8187499e-03  -8.5092319e-03   3.6394485e-04
   1.5673874e-01  -1.5068688e-03   6.7763060e-01  -4.3950898e-03  -8.4463300e-03   6.8683669e-05
   1.6391781e-01   4.7984581e-02   7.1338364e-01  -4.8219131e-03  -8.4913179e-03   5.8629697e-04
   2.1005500e-01   1.9179330e-02   6.6506584e-01  -4.2755892e-03  -8.2113137e-03   1.0866465e-03
   2.0209164e-01   6.3865495e-02   6.5455512e-01  -4.7125360e-03  -8.1708767e-03   1.2139911e-03
   2.0774562e-01   5.5212404e-02   6.9679016e-01  -4.7931738e-03  -8.1008682e-03   1.5846727e-03
   2.3461941e-01   2.8907029e-02   6.9864589e-01  -4.2290969e-03  -8.2626774e-03   1.7113893e-03
   2.0160435e-01   8.5955405e-02   6.4849892e-01  -4.7059466e-03  -7.1506104e-03   3.0364817e-03
   2.0551372e-01   3.6111806e-02   7.0047197e-01  -4.7648760e-03  -8.2424998e-03   2.5536386e-03
   2.2648662e-01   2.5324886e-02   6.8039842e-01  -4.5061051e-03  -8.2128402e-03   2.4895195e-03
   1.6804204e-01   8.2855672e-02   7.0444993e-01  -5.4066039e-03  -8.3325669e-03   1.4065053e-03
   1.4758796e-01   2.8906851e-02   7.4473368e-01  -4.9568671e-03  -8.5291285e-03   7.7347979e-04
   1.2065262e-01   9.1704875e-02   7.0280328e-01  -5.2565760e-03  -8.5228059e-03   5.9747821e-04
   1.2755528e-01   4.8003475e-02   7.4974336e-01  -4.9469438e-03  -8.5592653e-03   7.9436808e-04
   8.9741612e-02   3.8882580e-02   7.2147180e-01  -4.9100962e-03  -8.8165492e-03   2.5925382e-05
   7.7338706e-02   7.5499388e-02   7.5394676e-01  -5.8799016e-03  -8.3178668e-03   1.0876469e-04
   1.2764978e-01   3.0206022e-02   7.6488456e-01  -5.7917366e-03  -8.5412957e-03   8.9655820e-04
   1.6111814e-01   6.1057627e-02   7.1229629e-01  -6.0351276e-03  -8.3148623e-03   1.3581783e-03
   1.9068573e-01   7.0332567e-02   7.5644371e-01  -6.3793308e-03  -8.0973151e-03   2.0491796e-03
   2.1327263e-01   6.9616756e-02   7.5818817e-01  -6.4837234e-03  -8.1670070e-03   3.2658179e-03
   2.4658400e-01   4.0774193e-02   7.4559442e-01  -6.0125414e-03  -8.0967895e-03   3.3677830e-03
   2.3237604e-01   1.0958875e-01   7.6999706e-01  -6.6245594e-03  -8.4627796e-03   3.4274346e-03
   2.7524642e-01   1.1977618e-01   7.5829877e-01  -6.5751662e-03  -8.0514988e-03   3.9796846e-03
   2.7379483e-01   2.8500194e-02   7.7207214e-01  -6.4910600e-03  -8.7538182e-03   4.2358177e-03
   2.6453063e-01   8.9208306e-02   7.4865184e-01  -6.5475421e-03  -8.8563597e-03   3.8923840e-03
   2.8043312e-01   1.1116035e-01   7.7715901e-01  -6.7642207e-03  -8.7507307e-03   4.8756409e-03
   3.0301461e-01   4.4995788e-02   7.9315289e-01  -6.4100735e-03  -9.0810630e-03   4.7260300e-03
   3.1063927e-01   1.1716608e-01   7.7541256e-01  -6.8595178e-03  -9.0366154e-03   5.0725528e-03
   3.3523541e-01   6.1919258e-02   7.7744154e-01  -6.7821340e-03  -8.9318778e-03   5.5411818e-03
   3.5692439e-01   4.7738627e-02   7.8962035e-01  -6.2305020e-03  -9.0305569e-03   5.7408169e-03
   3.4370316e-01   1.2406279e-01   7.8348312e-01  -6.8670918e-03  -9.0695811e-03   5.7010944e-03
   3.4301771e-01   8.4013129e-02   7.9654979e-01  -6.7387561e-03  -9.0685511e-03   6.0488373e-03
   3.1780889e-01   5.1420424e-02   8.2369867e-01  -6.5889510e-03  -9.4140572e-03   5.8015781e-03
   3.4910357e-01   6.5373054e-02   8.0087701e-01  -6.4054157e-03  -8.8215481e-03   5.8708157e-03
   3.5649453e-01   9.6398819e-02   8.2883143e-01  -6.8664385e-03  -9.2309441e-03   6.4107560e-03
   3.8624582e-01   6.6160482e-02   8.3978314e-01  -6.7044135e-03  -9.3348364e-03   6.9004344e-03
   3.7999297e-01   7.2369562e-02   8.2646134e-01  -6.6546439e-03  -9.1883816e-03   6.8146036e-03
   3.7733081e-01   1.1218521e-01   8.0812163e-01  -7.2467278e-03  -9.5248376e-03   6.8393059e-03
   3.8349247e-01   6.0270746e-02   8.3208031e-01  -7.2614603e-03  -9.1236783e-03   7.0416701e-03
   3.6864595e-01   5.1723790e-02   8.5816156e-01  -6.6390278e-03  -9.1142971e-03   6.5785292e-03
   3.6028708e-01   9.6499953e-02   8.4308913e-01  -7.4155858e-03  -8.7398742e-03   6.7089293e-03
   4.1360076e-01   4.6220930e-02   8.3154484e-01  -7.6535502e-03  -8.5111266e-03   7.4231799e-03
   4.2050314e-01   4.8960775e-02   8.1202387e-01  -7.6063031e-03  -8.6862958e-03   7.3160919e-03
   4.0023599e-01   1.3911988e-01   8.1709383e-01  -8.1838653e-03  -8.6070201e-03   7.3457043e-03
   4.0992627e-01   4.7864546e-02   8.0869055e-01  -7.9824621e-03  -7.8793436e-03   7.2835896e-03
   4.6634572e-01   6.6203637e-02   8.2913346e-01  -7.5547221e-03  -8.5136400e-03   8.0805837e-03
   4.4935053e-01   1.3490050e-01   7.7209636e-01  -8.2988012e-03  -8.5247433e-03   7.8620049e-03
   4.7065082e-01   4.1618888e-02   8.4271573e-01  -7.7916189e-03  -8.6136747e-03   8.2509335e-03
   4.5375952e-01   7.7030547e-02   8.1166449e-01  -7.7099036e-03  -8.6410705e-03   7.7319859e-03
   4.0720093e-01   1.2856899e-01   8.5295846e-01  -8.1516670e-03  -9.3856054e-03   6.9751499e-03
   4.1445526e-01  -2.8372959e-02   1.0471311e+00  -8.7649095e-03  -8.6601225e-03   7.7201375e-03
   4.4593991e-01   4.3620011e-02   1.0150440e+00  -8.2109774e-03  -8.0812011e-03   8.2287407e-03
   4.2255936e-01   8.9181724e-02   9.5646612e-01  -9.0915655e-03  -8.5531447e-03   8.7648856e-03
   4.0271524e-01   1.3443935e-02   9.9463086e-01  -8.8968906e-03  -8.8354124e-03   8.0622646e-03
   4.5372079e-01   4.0446080e-02   9.2571779e-01  -8.8700928e-03  -8.9306097e-03   8.6207440e-03
   4.7021446e-01   6.7606026e-02   7.7907813e-01  -1.0205662e-02  -7.4903885e-03   9.3100597e-03
   5.0591506e-01   6.3638197e-02   8.7030926e-01  -9.7442625e-03  -7.6427953e-03   9.5085065e-03
   5.2186650e-01   2.7966879e-02   8.6324694e-01  -9.3772041e-03  -8.0334622e-03   9.7866219e-03
   5.3024610e-01   7.0158570e-02   8.5543623e-01  -9.7960171e-03  -7.7094220e-03   9.6817910e-03
   5.5110908e-01   6.1926375e-02   8.6033007e-01  -9.8629497e-03  -7.7902259e-03   1.0277182e-02
   5.9541739e-01   5.1381296e-02   8.8862363e-01  -9.2354775e-03  -7.0953980e-03   1.0616668e-02
   6.0841726e-01   5.9290460e-02   8.7304480e-01  -9.0918248e-03  -7.3813183e-03   1.0894212e-02
   6.3263452e-01   1.1437559e-01   8.6125929e-01  -9.6167812e-03  -7.1954807e-03   1.1353387e-02
   6.4264959e-01   3.3615123e-02   8.9755050e-01  -8.7879566e-03  -6.9576882e-03   1.1440839e-02
   6.3793050e-01   1.2196093e-01   8.5020420e-01  -9.7054585e-03  -7.1011425e-03   1.1640016e-02
   6.6205561e-01   3.5810913e-02   9.0141673e-01  -9.4538630e-03  -6.8393223e-03   1.2051528e-02
   6.6294009e-01   5.7688889e-02   8.6645774e-01  -9.3713218e-03  -7.1611173e-03   1.1842069e-02
   6.7207456e-01   8.4710388e-02   8.9354038e-01  -9.7300052e-03  -7.2288816e-03   1.2295572e-02
   6.6249372e-01   2.2409849e-02   9.0466801e-01  -9.4045012e-03  -7.2875359e-03   1.1767853e-02
   6.6668053e-01   5.0557731e-02   8.7153596e-01  -9.8670515e-03  -7.0005060e-03   1.1945944e-02
   6.7931576e-01   2.9940189e-02   9.1120856e-01  -9.9147335e-03  -7.1562445e-03   1.2425430e-02
   7.1085001e-01  -3.8816545e-03   8.9790052e-01  -9.4417711e-03  -7.0647648e-03   1.2539864e-02
   7.0901375e-01   8.5827893e-02   8.6694542e-01  -1.0128682e-02  -6.8024713e-03   1.2812373e-02
   7.6052684e-01   7.2939239e-03   9.1417208e-01  -9.7038838e-03  -6.6025774e-03   1.3558961e-02
   7.6293339e-01   2.7201224e-02   8.8322485e-01  -9.3433359e-03  -6.7261052e-03   1.3454216e-02
