   1.1057057e-14   0.0000000e+00   0.0000000e+00   8.8937706e-54   0.0000000e+00   0.0000000e+00
  -6.7149366e-03   7.6257298e-02   7.9480358e-02  -1.5155944e-03   1.4553427e-04  -1.6799465e-04
  -1.4342670e-02   1.1344359e-01   1.0848265e-01  -2.5340823e-03   3.6135715e-04  -4.3009910e-04
  -1.4355721e-02   1.2677381e-01   1.2005856e-01  -2.2623879e-03   3.0552265e-04  -3.4071209e-04
  -2.6093005e-03   9.9696434e-02   1.4883061e-01  -2.8368795e-03   1.6535069e-04  -1.4431327e-04
  -2.5000994e-03   1.1167853e-01   1.5783886e-01  -3.2427838e-03   1.5711155e-04  -1.9038499e-04
  -4.1806435e-04   1.4884279e-01   2.4696432e-01  -4.2235966e-03   7.5498644e-04   3.5024085e-04
  -1.7977524e-02   1.8395679e-01   3.4731395e-01  -6.1718139e-03   7.3682148e-04  -1.2218346e-04
  -2.8213022e-02   1.5112622e-01   4.6120193e-01  -7.2399977e-03   3.0810226e-04  -8.2355510e-04
  -8.4557278e-02   3.0128150e-01   6.8718107e-01  -1.2506194e-02   1.5430082e-03  -1.4020773e-03
  -8.2102671e-02   3.0903072e-01   6.5531057e-01  -1.1350911e-02   1.7572383e-03  -1.0721996e-03
  -7.9084286e-02   2.8906450e-01   6.5330785e-01  -1.0736841e-02   1.8163238e-03  -1.0383280e-03
  -5.9342348e-02   1.3112447e-01   4.2212903e-01  -8.8182253e-03   1.5785895e-03  -6.0488520e-04
  -6.4531942e-02   2.9527942e-01   4.2409979e-01  -7.6606779e-03   1.6296227e-03  -7.2124844e-04
  -6.7945825e-02   2.0407973e-01   4.7085953e-01  -7.6884111e-03   1.7586753e-03  -6.7189287e-04
  -6.4123892e-02   1.9946217e-01   4.9844407e-01  -8.3023606e-03   1.6559728e-03  -8.6291981e-04
  -6.9971069e-02   2.1839606e-01   4.9920321e-01  -8.5613137e-03   1.8549956e-03  -7.6381804e-04
  -6.3255669e-02   2.5169681e-01   4.9305206e-01  -8.6552196e-03   1.8338029e-03  -7.2748415e-04
  -4.7679639e-02   2.4156630e-01   4.7837886e-01  -8.5974726e-03   1.7839591e-03  -5.5259729e-04
  -4.3159770e-02   2.8855710e-01   4.6823581e-01  -8.5948567e-03   1.6680472e-03  -5.3085896e-04
  -5.5945265e-02   2.5807761e-01   4.9578517e-01  -8.2674129e-03   2.0750754e-03  -7.3317255e-04
  -6.7538399e-02   2.5693365e-01   5.1456625e-01  -8.5657038e-03   1.9847155e-03  -7.9621032e-04
  -8.2935209e-02   2.9742324e-01   5.7282797e-01  -1.0076809e-02   2.3938115e-03  -7.7601889e-04
  -7.5680132e-02   2.7683124e-01   5.5701395e-01  -9.5412303e-03   2.3105511e-03  -5.3980370e-04
  -6.6738102e-02   2.4533063e-01   5.5660386e-01  -9.2927928e-03   2.4142397e-03  -4.3679742e-04
  -7.4476369e-02   2.5660321e-01   5.6290431e-01  -8.8326819e-03   2.5931169e-03  -6.7838180e-04
  -6.8871891e-02   2.7819171e-01   5.6044010e-01  -8.8606275e-03   2.5115774e-03  -4.7117713e-04
  -6.1617964e-02   2.6787993e-01   5.5982414e-01  -9.0784065e-03   2.2729799e-03  -6.2602511e-04
  -5.8490169e-02   2.8054798e-01   5.4455093e-01  -9.3054090e-03   2.3688629e-03  -3.3531286e-04
  -6.4979556e-02   2.9866736e-01   5.5225987e-01  -9.2771697e-03   2.6893356e-03  -2.7273757e-04
  -6.9120908e-02   2.8423106e-01   5.6322660e-01  -9.1412292e-03   2.9367037e-03  -1.7084376e-04
  -7.3680764e-02   2.7057652e-01   5.6496692e-01  -9.1300605e-03   3.0920758e-03  -9.6313667e-05
  -6.9168824e-02   2.7396533e-01   5.6405295e-01  -8.8996557e-03   2.9331901e-03  -1.6974392e-04
  -7.3613616e-02   2.4493199e-01   5.5493262e-01  -8.8999959e-03   3.0041348e-03  -1.6896057e-04
  -8.0795739e-02   2.5067388e-01   5.7031058e-01  -9.0546935e-03   3.1507800e-03  -2.0821198e-04
  -8.3957328e-02   2.5478044e-01   5.5659537e-01  -8.8914841e-03   3.4780762e-03  -3.7268117e-05
  -9.5364252e-02   2.6020593e-01   5.4245551e-01  -8.8371121e-03   3.6764022e-03  -3.4524279e-04
  -8.9037522e-02   2.9404599e-01   5.3696583e-01  -8.9794635e-03   3.4747180e-03  -3.5649435e-04
  -7.5815386e-02   2.4618392e-01   5.3881745e-01  -8.9670092e-03   3.1532085e-03  -4.3673555e-04
  -8.1360352e-02   2.6174576e-01   5.4076463e-01  -9.0956495e-03   3.2121200e-03  -4.2971276e-04
  -8.4324269e-02   2.7702064e-01   5.5087588e-01  -9.0864839e-03   3.3370508e-03  -1.5262186e-04
  -8.2567025e-02   2.7009963e-01   5.4781187e-01  -8.7377170e-03   3.0901087e-03  -4.3504549e-04
  -7.8517550e-02   2.7461758e-01   5.7875052e-01  -8.8561693e-03   3.2662484e-03  -4.7570401e-04
  -8.8379181e-02   3.1187334e-01   5.7240026e-01  -9.5395868e-03   3.3293426e-03  -5.6953777e-04
  -8.4396437e-02   2.5574322e-01   5.4803287e-01  -9.0063171e-03   3.5696485e-03  -4.2266500e-04
  -8.6465131e-02   2.5666941e-01   5.3840530e-01  -7.9640561e-03   3.7363954e-03  -2.5084181e-04
  -7.8854296e-02   2.8856907e-01   6.3703904e-01  -8.5769327e-03   3.3435264e-03  -7.4964924e-04
  -1.0253207e-01   3.7901066e-01   7.5154100e-01  -1.3116129e-02   7.2535327e-03   1.1430397e-03
  -1.0057499e-01   7.3412374e-02   4.1385159e-01  -4.6628586e-03   4.8897103e-03   4.3611314e-04
  -1.1365924e-01   2.6321669e-01   4.8330702e-01  -6.5823633e-03   4.8014654e-03   6.7596872e-05
  -1.2021166e-01   2.7433381e-01   5.0213312e-01  -6.7854664e-03   5.0483637e-03   1.8401903e-04
  -1.0722102e-01   2.4326818e-01   5.3507916e-01  -6.4311686e-03   5.0958925e-03   8.6548726e-05
  -1.1149122e-01   2.5330169e-01   5.6056121e-01  -6.7243347e-03   5.4578846e-03   5.5516920e-07
  -1.0587694e-01   2.1719545e-01   5.5541047e-01  -6.7934558e-03   5.2482125e-03   7.4634323e-05
  -1.1382049e-01   2.7109727e-01   5.6897909e-01  -7.2795154e-03   5.2931597e-03  -1.2192419e-04
  -1.0952308e-01   2.9511364e-01   5.6174847e-01  -6.7489269e-03   5.3748586e-03   9.8393161e-05
  -1.0960102e-01   2.8967712e-01   5.6416934e-01  -6.5059063e-03   5.4511278e-03   2.0064592e-04
  -1.1601899e-01   2.8608482e-01   5.6037429e-01  -6.7315784e-03   5.2834928e-03   1.8868780e-04
  -1.2067145e-01   2.8252248e-01   5.3763939e-01  -6.1623855e-03   5.4929959e-03   9.1638500e-05
  -1.0993230e-01   2.6666120e-01   5.5553373e-01  -6.2340184e-03   5.5054483e-03   3.0075709e-04
  -1.3020070e-01   3.3782298e-01   5.6316312e-01  -4.9976869e-03   5.0600439e-03   5.9128953e-05
  -1.3408505e-01   2.7542117e-01   5.8668728e-01  -6.3134829e-03   5.1542857e-03   2.3222979e-05
  -1.2886541e-01   2.8069886e-01   5.8724448e-01  -6.3079311e-03   5.1622817e-03   4.9631371e-05
  -1.2089945e-01   2.5470371e-01   5.8927575e-01  -6.6853014e-03   4.8925889e-03  -1.5730996e-04
  -1.3009411e-01   2.6182986e-01   5.7861689e-01  -6.5851681e-03   5.1386571e-03  -1.5315213e-04
  -1.2731471e-01   3.0343615e-01   5.8789261e-01  -6.6216785e-03   5.2279116e-03  -1.1602097e-04
  -1.4254770e-01   2.8354158e-01   6.2046259e-01  -7.1411954e-03   5.3651470e-03  -2.1672666e-04
  -1.2724899e-01   3.2467392e-01   6.3594418e-01  -7.6255262e-03   5.1947699e-03  -2.4142584e-04
  -1.1147449e-01   2.9178295e-01   6.2842572e-01  -8.1463437e-03   5.0535912e-03   3.9604337e-06
  -9.8099450e-02   3.4799957e-01   6.5190049e-01  -7.6712953e-03   5.2079441e-03   3.0821572e-04
  -6.2709575e-02   3.5763031e-01   6.2015388e-01  -7.2270427e-03   4.9548759e-03   1.1699160e-03
  -8.6319765e-02   3.2722137e-01   6.0492000e-01  -6.9188294e-03   5.1236813e-03   7.0406280e-04
  -8.6323524e-02   3.2077818e-01   6.0849795e-01  -6.5913877e-03   5.3598182e-03   8.6216383e-04
  -8.5930296e-02   3.6088129e-01   6.1559267e-01  -6.7314324e-03   5.0704439e-03   6.8556428e-04
  -9.6351078e-02   3.0580456e-01   6.1407134e-01  -6.5029800e-03   5.1028743e-03   6.1394274e-04
  -9.8020055e-02   3.3189932e-01   5.9867653e-01  -7.0936111e-03   5.0240180e-03   3.7118903e-04
  -9.6826053e-02   3.3098008e-01   6.1185771e-01  -7.2675908e-03   4.9361831e-03   2.5798400e-04
  -1.0819610e-01   3.1118108e-01   6.1383646e-01  -7.1243724e-03   5.0471593e-03  -7.3515569e-06
  -1.0378039e-01   3.3951911e-01   6.2481381e-01  -7.0745765e-03   4.8410092e-03  -1.6433192e-04
  -1.0530108e-01   3.3430933e-01   6.3346390e-01  -6.9321145e-03   4.8100215e-03  -3.1080491e-04
  -1.1111119e-01   2.9375149e-01   5.4042185e-01  -6.5574731e-03   4.7053174e-03  -3.9743683e-04
  -1.5722369e-01   2.5369026e-01   4.3523086e-01  -3.4808328e-03   5.4705636e-03  -1.2756601e-03
  -1.6301596e-01   2.6100033e-01   4.7483796e-01  -4.2631255e-03   5.9847339e-03  -1.6587231e-03
  -1.6749412e-01   3.1133725e-01   5.0394214e-01  -5.1344406e-03   5.6822435e-03  -2.0394364e-03
  -1.6087877e-01   2.5779454e-01   4.9481454e-01  -4.7936108e-03   5.6933432e-03  -1.8682777e-03
  -1.7001566e-01   2.8252670e-01   5.1581818e-01  -5.1841515e-03   5.9468497e-03  -1.6563128e-03
  -1.6871558e-01   2.8419983e-01   5.2736566e-01  -5.6098404e-03   5.8907990e-03  -1.7408633e-03
  -1.7426820e-01   3.0714061e-01   5.2459324e-01  -5.5272264e-03   5.9935149e-03  -1.6635725e-03
  -1.8170412e-01   3.1256742e-01   5.4769909e-01  -5.6261975e-03   5.9783356e-03  -2.0144276e-03
  -1.7681834e-01   3.2434598e-01   5.8438558e-01  -6.3942731e-03   5.9192148e-03  -2.2409834e-03
  -1.7611517e-01   3.2083921e-01   5.8533155e-01  -6.1860486e-03   6.0000518e-03  -2.3051970e-03
  -1.7463785e-01   3.1362526e-01   5.8007066e-01  -6.0671191e-03   5.9669293e-03  -2.3297895e-03
  -1.8127131e-01   3.1496419e-01   5.8696319e-01  -6.3683784e-03   5.9693338e-03  -2.4943307e-03
  -1.8143873e-01   3.1859355e-01   5.6354792e-01  -6.4626358e-03   6.0145077e-03  -2.6061487e-03
  -1.7540768e-01   3.3381837e-01   5.7298985e-01  -6.7039062e-03   6.0604535e-03  -2.5473588e-03
  -1.6759206e-01   3.3899436e-01   5.9292852e-01  -7.1288504e-03   5.8829751e-03  -2.5738507e-03
  -1.6648112e-01   3.4025907e-01   5.8571626e-01  -6.8937618e-03   5.8202731e-03  -2.4614244e-03
  -1.7521956e-01   3.5977492e-01   5.6646176e-01  -6.5783836e-03   6.0320269e-03  -2.3876269e-03
  -1.7584910e-01   3.7212973e-01   5.9113132e-01  -7.3858457e-03   5.9008028e-03  -2.3865098e-03
  -1.7464210e-01   3.5845689e-01   5.7368453e-01  -6.9770695e-03   5.8098867e-03  -2.5406963e-03
  -1.8342509e-01   3.3117808e-01   5.8567102e-01  -6.5258051e-03   6.1742942e-03  -2.3753045e-03
  -1.8892558e-01   3.2097562e-01   5.8441760e-01  -6.3379369e-03   6.3220400e-03  -2.2710718e-03
  -1.6554803e-01   3.3068608e-01   5.9673390e-01  -6.8519135e-03   6.1425206e-03  -1.8024282e-03
  -1.6847879e-01   3.3063014e-01   5.9530140e-01  -6.5634497e-03   5.9298247e-03  -2.2631210e-03
  -1.8182245e-01   3.6140094e-01   5.8078050e-01  -6.7630649e-03   6.0715951e-03  -2.4398741e-03
  -1.7803869e-01   3.4996377e-01   5.7537152e-01  -6.8042782e-03   6.1213764e-03  -2.4758959e-03
  -1.6755976e-01   3.4961627e-01   5.7648128e-01  -6.6357596e-03   5.8693990e-03  -2.3580255e-03
  -1.5780534e-01  -1.3355008e-02  -5.4906426e-02   9.0803478e-04   4.7758579e-03  -3.1390361e-03
  -1.6652157e-01   8.0232219e-02   6.4210358e-02   2.3794412e-03   5.2805690e-03  -2.6725756e-03
  -1.4936419e-01   1.0208946e-01   1.4455631e-01   1.6902193e-03   4.9395377e-03  -2.4398523e-03
  -1.7800838e-01   1.6812184e-01   1.2467612e-01   1.1014538e-03   5.1209369e-03  -2.8273701e-03
  -1.7608773e-01   1.2958423e-01   1.4940889e-01   7.7148737e-04   5.3254773e-03  -2.7088548e-03
  -1.8978083e-01   1.6521980e-01   1.9051616e-01   1.2809201e-04   5.5574401e-03  -2.8607657e-03
  -1.9263110e-01   1.5392654e-01   2.0061849e-01   1.7400440e-04   5.6779462e-03  -2.9233293e-03
  -1.8504022e-01   1.4451680e-01   2.0870442e-01  -3.6926139e-07   5.5838570e-03  -2.9202515e-03
  -1.8865074e-01   1.6783036e-01   2.0867475e-01  -6.8657026e-05   5.5647840e-03  -3.1201084e-03
  -1.8377317e-01   1.5322173e-01   2.0897399e-01  -1.7404035e-04   5.4542649e-03  -3.1463366e-03
  -1.9292361e-01   1.8400584e-01   2.0716835e-01  -3.9871876e-04   5.4894397e-03  -3.1144500e-03
  -1.9762065e-01   1.8730911e-01   2.0210670e-01  -7.5157988e-05   5.5361467e-03  -3.1668330e-03
  -1.9186434e-01   1.7093612e-01   2.0739003e-01  -5.0299191e-04   5.3596228e-03  -3.2994640e-03
  -1.9541587e-01   1.7603521e-01   2.1193928e-01  -8.6160117e-04   5.3955379e-03  -3.2230862e-03
  -2.0846113e-01   2.2286051e-01   2.2003956e-01  -3.3536985e-04   5.7957676e-03  -3.1341032e-03
  -1.9177500e-01   2.1006294e-01   2.0168444e-01  -5.3274334e-05   5.6862926e-03  -2.9299985e-03
  -1.8902591e-01   1.9524768e-01   2.1016132e-01  -1.9720915e-04   5.5407896e-03  -3.0072550e-03
  -1.8332932e-01   1.5848842e-01   2.1481938e-01  -4.1843768e-05   5.4795560e-03  -2.9692638e-03
  -1.8253780e-01   1.8336985e-01   2.0976673e-01  -1.1533929e-04   5.2122105e-03  -2.9051426e-03
  -1.8194214e-01   1.7136028e-01   2.1924196e-01  -3.3392933e-05   5.2750380e-03  -2.8826609e-03
  -1.6518096e-01   2.1420906e-01   2.0743593e-01  -4.5552179e-04   5.1136200e-03  -2.5795665e-03
  -1.7408438e-01   2.0803461e-01   1.9555808e-01  -2.5578977e-04   5.3873001e-03  -2.8258611e-03
  -1.8449755e-01   1.9359007e-01   1.9246901e-01  -3.7146928e-04   5.6031236e-03  -2.9929303e-03
  -1.9208521e-01   2.2138362e-01   2.5284215e-01  -1.4312893e-03   5.2546144e-03  -3.4938510e-03
  -1.9495422e-01   2.0940827e-01   2.4203376e-01  -1.0269379e-03   5.2646121e-03  -3.3285034e-03
  -2.0318847e-01   1.9267834e-01   2.3084496e-01  -8.9577744e-04   5.5251770e-03  -3.2311816e-03
  -2.1969093e-01   2.1724534e-01   2.1583786e-01  -1.1054016e-03   5.4992641e-03  -3.6619399e-03
  -2.1783580e-01   2.2087553e-01   2.1017129e-01  -9.7393788e-04   5.6607976e-03  -3.6996385e-03
  -2.0215063e-01   2.3825809e-01   2.3389544e-01  -8.8820970e-04   5.4402044e-03  -3.6060192e-03
  -1.9136899e-01   3.1854625e-01   7.7559314e-02  -9.0640850e-04   4.7037843e-03  -3.5218072e-03
  -1.7663789e-01   7.2848954e-03   3.9754332e-02   2.7547040e-04   4.6515763e-03  -3.3951494e-03
  -2.1842313e-01   1.5312513e-01   2.3245888e-01   3.2456436e-04   5.6834073e-03  -3.9703832e-03
  -2.2598294e-01   1.7617884e-01   2.3436544e-01   2.5916579e-04   5.7144669e-03  -4.1081452e-03
  -2.2851449e-01   1.7252244e-01   2.7148713e-01   4.6714764e-04   5.8297371e-03  -4.0988559e-03
  -2.2595842e-01   1.2612647e-01   2.9382564e-01   2.7109556e-04   5.7626337e-03  -4.2460254e-03
  -2.2786775e-01   1.6412750e-01   3.0630367e-01  -5.1683041e-04   5.7469682e-03  -4.3413468e-03
  -2.3675995e-01   1.5201901e-01   2.9504131e-01  -4.7312763e-04   6.0647241e-03  -4.3151346e-03
  -2.2739364e-01   2.1711748e-01   2.5331304e-01  -1.0765362e-03   5.7355032e-03  -4.7134966e-03
  -2.4126042e-01   2.4649131e-01   2.3469671e-01  -1.3583191e-03   5.8863456e-03  -4.6071117e-03
  -2.3497366e-01   2.0594288e-01   1.9972535e-01  -8.5468430e-04   6.0190237e-03  -4.5133025e-03
  -2.2639769e-01   2.1337614e-01   1.8581132e-01  -1.0748042e-03   5.9859406e-03  -4.3614885e-03
  -2.3272362e-01   2.6577824e-01   1.7093619e-01  -1.2345508e-03   6.1274686e-03  -4.5585741e-03
  -2.2998268e-01   2.5639259e-01   1.6134585e-01  -9.0293795e-04   6.0428803e-03  -4.4360680e-03
  -2.2478758e-01   2.5552003e-01   1.6670673e-01  -5.8340574e-04   5.8722505e-03  -4.2802973e-03
  -2.2712571e-01   2.5662778e-01   1.9498675e-01  -1.0753227e-03   6.0564260e-03  -4.2980093e-03
  -2.2894096e-01   2.3955289e-01   1.8776323e-01  -6.1035679e-04   6.1154821e-03  -4.2618861e-03
  -2.2295624e-01   2.3775773e-01   1.8974881e-01  -6.7860063e-04   5.9949461e-03  -4.3321637e-03
  -2.3047368e-01   2.5334763e-01   2.0507351e-01  -6.7201108e-04   6.0603690e-03  -4.4472889e-03
  -2.2900758e-01   2.6248688e-01   2.0436467e-01  -8.0725698e-04   6.0511549e-03  -4.4289483e-03
  -2.3045304e-01   2.6240761e-01   1.9990458e-01  -1.9588574e-04   5.9040328e-03  -4.5217937e-03
  -2.3535574e-01   2.7635090e-01   2.0170548e-01  -6.9525430e-04   5.9618360e-03  -4.8116802e-03
  -2.4429149e-01   2.3753219e-01   2.0557353e-01  -8.1857061e-04   6.0988328e-03  -4.7438773e-03
  -2.5487948e-01   2.8765582e-01   2.0115495e-01  -9.0858849e-04   6.2042443e-03  -4.7939931e-03
  -2.4902970e-01   2.5853735e-01   2.0071038e-01  -9.4284907e-04   6.0801028e-03  -4.7163663e-03
  -2.4265335e-01   2.4914243e-01   2.0816806e-01  -8.3098696e-04   6.0566479e-03  -4.8163238e-03
  -2.3803572e-01   2.1799891e-01   1.9340694e-01  -2.9912603e-04   6.0195418e-03  -4.6969477e-03
  -2.4089735e-01   2.5735688e-01   2.0036797e-01  -4.6675419e-04   6.1230024e-03  -4.5650229e-03
  -2.5193410e-01   2.8014176e-01   2.1247858e-01  -7.1156986e-04   6.3051301e-03  -4.7161213e-03
  -2.4994493e-01   2.6635668e-01   2.0796421e-01  -8.1485522e-04   6.1735615e-03  -4.7414808e-03
  -2.5506239e-01   2.6175965e-01   1.9032820e-01  -7.6124364e-04   6.1535263e-03  -4.8001455e-03
  -2.5979675e-01   2.6633419e-01   1.9779555e-01  -7.4632886e-04   6.2505196e-03  -4.7816984e-03
  -2.5615262e-01   2.4798494e-01   1.9936434e-01  -5.6608434e-04   6.2519559e-03  -4.7874027e-03
  -2.5441022e-01   2.7274445e-01   2.0920364e-01  -3.5753797e-04   6.3405884e-03  -4.7846622e-03
  -2.4886546e-01   2.4906232e-01   2.1945110e-01  -2.6379721e-04   6.2468039e-03  -4.8033824e-03
  -2.4593246e-01   2.3557886e-01   2.1847326e-01  -2.0938862e-04   6.1140613e-03  -4.8326330e-03
  -2.5308243e-01   2.7446351e-01   2.1254802e-01  -6.6779646e-04   6.1342653e-03  -5.0409024e-03
  -2.3199329e-01   2.5029828e-01   1.5571357e-01   3.7446807e-04   5.8887589e-03  -4.5775400e-03
  -2.2530439e-01   2.1508815e-01   1.5868674e-01   7.0591969e-04   5.8412525e-03  -4.4739589e-03
  -2.3530720e-01   2.4382736e-01   1.7429205e-01   1.6050381e-04   5.9509822e-03  -4.6592861e-03
  -2.3338216e-01   2.1202963e-01   1.6484995e-01   4.2649201e-04   6.0507080e-03  -4.6114229e-03
  -2.3850307e-01   2.1688984e-01   1.6920065e-01   7.2017655e-04   6.2458685e-03  -4.5492417e-03
  -2.4190508e-01   2.3687419e-01   1.7872755e-01   5.6969517e-05   6.1170634e-03  -4.6101879e-03
  -2.4969287e-01   2.3914976e-01   1.6842958e-01   1.3102542e-04   6.2758560e-03  -4.7277210e-03
  -2.4524432e-01   2.3787962e-01   1.6740228e-01   1.9772300e-04   6.2348300e-03  -4.7619309e-03
  -2.3412796e-01   2.5845646e-01   1.7623336e-01   1.7176189e-04   6.1229443e-03  -4.6621904e-03
  -2.4111723e-01   2.4233661e-01   1.4747599e-01   6.1537346e-04   5.9566012e-03  -4.5772625e-03
  -2.4613713e-01   2.9242561e-01   1.5199579e-01   4.8516137e-04   6.1745693e-03  -4.4754506e-03
  -2.3743248e-01   2.1371416e-01   1.7146195e-01   9.4802793e-04   6.2523899e-03  -4.3752025e-03
  -2.3172106e-01   2.2755964e-01   1.6641454e-01   8.0527555e-04   6.2619286e-03  -4.3419701e-03
  -2.3810792e-01   2.1865543e-01   1.5610390e-01   5.9960690e-04   6.3552578e-03  -4.5853725e-03
  -2.4970238e-01   2.6118577e-01   1.3585635e-01   3.2880417e-04   6.3304896e-03  -4.7785641e-03
  -2.5379947e-01   2.5267791e-01   1.4937814e-01   6.7791213e-04   6.2213008e-03  -4.6348387e-03
  -2.3969295e-01   2.3324465e-01   1.4852574e-01   7.5509725e-04   6.1593559e-03  -4.5835255e-03
  -2.3771356e-01   2.0201172e-01   1.6087303e-01   7.6455352e-04   6.2422484e-03  -4.5393365e-03
  -2.4704232e-01   2.3306061e-01   1.5788121e-01   4.4835653e-04   6.1796817e-03  -4.7399886e-03
  -2.6167667e-01   2.4254721e-01   1.5732934e-01   4.3953155e-04   6.3623145e-03  -4.8743587e-03
  -2.4152006e-01   3.0734617e-01   2.8032548e-01  -2.3209181e-05   6.0605778e-03  -4.8530962e-03
  -2.1769706e-01   2.4179331e-01   3.9817209e-01  -1.5873156e-03   5.3825259e-03  -4.1035425e-03
  -2.0900304e-01   2.2176327e-01   4.4372588e-01  -8.0925969e-04   5.3024237e-03  -4.6932102e-03
  -1.8737646e-01   2.6435694e-01   4.3959878e-01  -1.9071867e-03   5.3738367e-03  -4.8361317e-03
  -1.6502782e-01   3.7303947e-01   4.1588072e-01  -3.1544241e-03   4.4797410e-03  -5.5911164e-03
  -2.3850911e-01   4.0354825e-01   5.1944260e-01  -3.1131029e-03   5.1988559e-03  -6.5240948e-03
  -2.5996630e-01   3.4930842e-01   5.1785141e-01  -3.2806981e-03   5.8811356e-03  -6.6920285e-03
  -2.6961497e-01   3.5652357e-01   4.9043891e-01  -3.2565054e-03   5.9772104e-03  -6.8158263e-03
  -2.8039776e-01   3.7257004e-01   4.8929214e-01  -4.3370536e-03   5.7831297e-03  -7.0499523e-03
  -2.8397595e-01   4.0364129e-01   4.7931346e-01  -4.3334453e-03   5.7466436e-03  -7.2567278e-03
  -2.6826043e-01   3.9756933e-01   4.6152081e-01  -4.2310583e-03   5.6878654e-03  -7.2189737e-03
  -2.6996732e-01   4.2510734e-01   4.6455357e-01  -4.4946459e-03   5.5544973e-03  -7.4018656e-03
  -2.9321855e-01   4.4551463e-01   5.0068337e-01  -3.7175255e-03   5.2711439e-03  -7.3871438e-03
  -2.7615902e-01   4.0368102e-01   5.3381837e-01  -4.6773321e-03   6.0341081e-03  -6.9103540e-03
  -2.7383586e-01   3.8444071e-01   5.2640417e-01  -5.0589094e-03   6.1213876e-03  -7.3980739e-03
  -2.8609584e-01   4.0003795e-01   5.3313422e-01  -4.9117250e-03   6.1407316e-03  -7.5283624e-03
  -2.7980536e-01   3.9563942e-01   5.2806196e-01  -4.8820268e-03   6.0877085e-03  -7.4772898e-03
