   0.0000000e+00   0.0000000e+00   0.0000000e+00   0.0000000e+00   0.0000000e+00   0.0000000e+00
   1.3906650e-02   4.2040787e-02  -1.0084590e-01   2.1653937e-03   1.7564048e-04   4.2770546e-04
   1.2018471e-02  -2.4778565e-03  -1.1835835e-02   1.1092238e-03  -5.2351199e-04   5.8968456e-04
   2.4775164e-03   1.6830573e-01  -2.6414984e-02   2.1774491e-03   4.9782332e-04  -1.2289388e-04
   2.4849095e-01  -3.9868322e-01  -1.3661024e+00   2.3156269e-02   2.7602684e-03  -5.4433027e-04
   8.5573712e-02  -6.6752290e-01  -1.7038020e+00   3.2039506e-02   2.3881422e-03  -2.8813879e-03
  -3.3557310e-02   4.8937246e-02  -4.6750394e-01   1.1515414e-02   3.3201014e-04  -1.5740550e-04
  -3.6201773e-02  -2.2316550e-02  -7.7945611e-02   5.4406449e-03   1.6338193e-04  -5.9971026e-04
  -4.9915201e-02  -2.3568116e-02   4.7556641e-02   4.8418597e-03   9.9325562e-04  -8.7213217e-04
  -2.2379894e-01  -2.1243843e-01   1.0155322e-01   2.6559113e-03   1.5090963e-03  -4.5842844e-03
  -2.1746894e-01  -9.7338117e-01   4.5874028e-01  -5.7841747e-03   3.8891396e-03  -5.9151900e-03
  -1.8559389e-01  -1.8473943e-01   6.7081200e-01  -1.2173883e-02   3.8390400e-04  -4.0587015e-03
  -2.3445752e-01  -1.3230902e-01   8.1468112e-01  -1.4508086e-02  -6.3493856e-04  -5.3591702e-03
  -2.7478666e-01  -1.1117203e-01   8.8178134e-01  -1.3342016e-02   1.3494898e-03  -7.6328807e-03
  -2.4804168e-01  -5.6566412e-02   9.5636883e-01  -1.6479205e-02   1.7978619e-03  -8.4853068e-03
  -3.5744730e-01   1.3062074e-01   1.2733296e+00  -2.1522621e-02   1.8976155e-03  -1.1288033e-02
  -8.3773414e-02   4.9113988e-01   1.1167458e+00  -1.3754854e-02  -2.8443219e-03  -2.4632508e-03
  -7.8432862e-02  -1.8429776e-01   8.9055679e-01  -8.6049344e-03  -2.8638986e-03  -9.2627381e-04
  -9.3267901e-02  -2.4286294e-01   8.0595227e-01  -7.2515408e-03  -2.0807939e-03  -9.8934289e-04
  -5.8403797e-02  -1.3559921e-01   7.6074949e-01  -4.1937875e-03  -9.1428371e-04  -7.3474057e-04
  -5.7085338e-02  -1.7181974e-01   9.7026212e-01  -4.4231485e-03  -5.9754725e-04  -7.8715869e-04
  -3.1244763e-02  -3.2808033e-02   9.2987030e-01  -2.8289711e-03  -4.2608422e-04  -4.5766618e-04
  -1.7759800e-02  -1.4471488e-01   1.0960333e+00  -1.7080353e-03  -3.5674806e-04   3.4619475e-05
  -2.5295541e-02  -4.6352962e-02   1.1088853e+00  -1.6126781e-03  -2.1623245e-04   5.8431606e-05
  -9.9379592e-03  -1.7122966e-01   1.2459032e+00  -9.2917457e-04  -9.9308211e-05   2.0147611e-04
  -1.2975139e-02  -9.9036737e-02   1.2116387e+00  -8.6356080e-04  -1.8057259e-04   9.9633348e-05
  -8.5131596e-03  -1.6443281e-01   1.1872077e+00  -7.9661910e-04  -1.8446196e-04   4.0059321e-04
  -4.1118990e-02  -1.6261395e-01   1.0616586e+00  -1.3472082e-03   2.5235510e-04   3.3723275e-04
  -3.8542378e-02  -4.3674152e-02   9.4910773e-01  -9.2120634e-04   3.2226212e-04   4.5690301e-04
  -3.1377950e-02  -1.1695901e-01   1.0426389e+00  -1.3769064e-03   6.8350405e-04   5.0393174e-04
  -2.0078880e-02  -1.0812179e-01   1.1710058e+00  -7.6411828e-04   8.0825663e-04   4.5388542e-04
  -1.8862490e-02  -7.4759962e-02   1.2269710e+00  -1.1334810e-03   1.0229034e-03   4.1568785e-04
  -2.1050152e-02  -1.0487870e-01   1.2151830e+00  -4.3367770e-04   9.9789900e-04   5.2997513e-04
  -1.0384254e-02  -1.4854229e-01   1.2697840e+00  -1.0129194e-03   1.2864407e-03   6.6087945e-04
  -1.8325643e-02  -4.8642662e-02   1.2841473e+00  -8.2158848e-04   1.3767148e-03   5.0604653e-04
  -5.4010331e-03  -1.6552036e-01   1.3293514e+00  -7.5729174e-04   1.2594699e-03   6.1740342e-04
  -6.0353187e-03  -1.3597390e-01   9.7375178e-01   1.2389907e-04   9.4627206e-04  -1.2962458e-03
   1.0021659e-01  -3.2523352e-01   1.1860720e+00  -2.1354106e-03  -7.1784109e-03   2.6327370e-03
   7.5372327e-02  -3.5110775e-01   1.0718681e+00  -3.3620071e-03  -1.2835587e-03   1.0490152e-04
   5.8682319e-02   1.3227332e-01   1.0316280e+00   2.5740301e-05  -1.6450886e-03  -3.0076687e-03
  -4.4403334e-03  -1.7368448e-01   6.5001082e-01   2.3187464e-03  -2.1072069e-03   4.5075346e-04
  -1.0994651e-01  -2.1994058e-01   3.5312961e-01   2.4109804e-03  -2.9964541e-03   2.6029600e-04
  -7.1726640e-02  -1.0516236e-01   7.2919044e-01  -1.1736460e-03  -3.9632312e-03   7.6129699e-04
  -6.1361249e-02   1.7355243e-02   7.5097451e-01  -4.5990159e-04  -3.7891178e-03   7.2148604e-04
  -4.9803654e-02  -1.0567161e-01   9.5880739e-01   4.4280433e-04  -3.7429998e-03   9.8421190e-04
  -4.0434184e-02  -6.6868865e-02   1.0509496e+00  -3.5806356e-04  -3.8593838e-03   1.2309502e-03
  -6.3847739e-02  -7.8084858e-02   1.0493608e+00  -9.1986347e-04  -3.0047259e-03   9.3600702e-04
  -5.9438651e-02  -1.4800523e-01   1.0204373e+00  -2.7633766e-04  -3.1412641e-03   6.8348046e-04
  -6.5161820e-02  -1.1377129e-01   1.0773672e+00   8.0801827e-06  -3.5355217e-03   7.5974687e-04
  -6.8795233e-02  -8.8402503e-02   9.9378888e-01   8.1859713e-04  -3.1727644e-03   7.1735973e-04
  -6.6573480e-02  -1.4626749e-01   1.0134609e+00   1.1956974e-03  -3.6156595e-03   7.1882522e-04
  -8.3292963e-02  -2.7170020e-02   9.2287040e-01   1.8060878e-03  -3.3875050e-03   2.6330339e-04
  -8.0303345e-02  -1.3402128e-01   9.3131517e-01   1.3701819e-03  -3.6147967e-03   3.2000214e-04
  -6.1492231e-02  -8.0083502e-02   9.7455622e-01   2.3792903e-03  -3.8885970e-03   7.2993615e-04
  -7.6103368e-02   2.3088705e-02   9.3908002e-01   2.0524223e-03  -3.3240848e-03   4.1038375e-04
  -5.4998725e-02  -2.4186363e-01   5.7235814e-01   2.9048789e-03  -3.8271256e-03   4.4313948e-04
  -8.8707680e-02  -1.7571874e-01   6.4289661e-01   9.6578647e-04  -2.1301947e-03  -1.9019684e-03
  -8.0960439e-02   3.0681703e-02   6.1004264e-01  -3.1595539e-03  -8.8949400e-04  -2.4405428e-04
  -8.9764014e-02  -1.0535355e-01   6.5807751e-01  -8.9136181e-04  -2.0996589e-03  -8.1683158e-04
  -8.2017893e-02  -3.9235558e-02   7.2063007e-01   4.7921797e-04  -1.9745621e-03  -7.1765345e-04
  -7.3806853e-02  -5.1575315e-02   7.7211241e-01   1.3632127e-03  -2.0967829e-03  -4.6373801e-04
  -7.3338135e-02  -9.0441128e-02   7.8150365e-01   2.1718183e-03  -2.6399135e-03  -1.5099489e-04
  -5.8396780e-02  -7.9912877e-02   8.6703987e-01   2.2983405e-03  -2.3825238e-03  -2.3674093e-04
  -3.5176312e-02  -6.0923500e-02   9.9969162e-01   2.3963498e-03  -2.1518507e-03  -9.8413372e-05
  -3.4419362e-02  -1.3812921e-01   1.0517828e+00   2.5380132e-03  -2.3026681e-03  -7.1633014e-05
  -2.6408101e-02  -8.1035617e-02   1.0040981e+00   2.8305261e-03  -1.9247585e-03   7.0722402e-05
  -4.2201704e-02  -9.7664945e-02   9.6532668e-01   2.2575319e-03  -1.8412570e-03   4.5755336e-05
  -1.0940002e-02  -1.9709362e-01   8.2836659e-01   1.9402591e-03  -2.1593415e-03   2.0705672e-04
  -4.8868531e-02  -4.4626984e-02   1.0150644e+00   1.0712284e-03  -1.1658606e-03  -4.6612391e-04
  -8.3385418e-02  -6.3540744e-02   1.1484220e+00  -1.1349111e-04  -4.0439485e-04   3.8099436e-04
  -5.3148759e-02  -1.2785596e-01   1.1169415e+00   1.2226261e-03  -2.3046668e-03   4.5555819e-04
  -5.6949213e-02  -9.2755196e-02   1.3203839e+00   3.4596304e-05  -2.4803030e-03   5.2038148e-04
  -6.4280767e-02  -1.0545672e-01   1.1939459e+00   1.1930909e-03  -2.3201147e-03   5.7892516e-04
  -5.9073401e-02  -9.2600619e-02   1.0916533e+00   2.1949665e-03  -1.9973343e-03   6.1484659e-04
  -3.8289384e-02  -1.8752732e-01   1.2595530e+00   2.3912435e-03  -2.1768047e-03   7.7503404e-04
  -5.6891959e-02  -1.2378183e-02   1.2355630e+00   3.4812354e-03  -1.9943500e-03   5.7791508e-04
  -8.0253288e-02  -1.5131567e-01   1.2169054e+00   2.5778922e-03  -1.7905391e-03   1.7412068e-04
  -8.4565307e-02  -2.0652102e-01   1.0829207e+00   1.9301188e-03  -1.5992762e-03   6.0721359e-05
  -1.0829658e-01   8.8013148e-02   1.9127442e+00  -1.6509102e-03   7.9089007e-04   3.2081359e-04
  -1.2177909e-01  -2.1910449e-01   1.7058797e+00  -3.3439345e-04   8.4184900e-05   3.1927807e-04
  -1.3111439e-01  -2.5579767e-01   8.6453788e-01   7.1371211e-03  -1.0434539e-03  -5.3688183e-04
  -1.5560147e-01  -2.5193024e-01   1.5717714e+00   6.0127946e-04   1.3148898e-04  -4.7638051e-04
  -1.3200650e-01  -1.3455495e-01   1.5507629e+00   1.0979765e-03  -1.7541682e-03  -1.3338536e-03
  -1.4297636e-01  -6.8027578e-02   1.5109280e+00   2.8783480e-03  -1.4697721e-03  -1.4739549e-03
  -1.3726003e-01  -1.9667494e-01   1.6692949e+00   1.5210640e-03  -1.0019497e-03  -1.3894160e-03
  -1.4381727e-01  -1.1290208e-01   1.6725061e+00   1.7529278e-03  -8.1874529e-04  -1.4333679e-03
  -1.3105927e-01  -2.3581235e-01   1.7930652e+00   1.7684550e-03  -1.1223542e-03  -1.2954445e-03
  -1.6102483e-01  -7.8950945e-02   1.8014425e+00   1.7549003e-03  -6.3355286e-04  -1.2862665e-03
  -1.2212418e-01  -2.6854550e-01   1.8423098e+00   1.2631168e-03  -7.6892019e-04  -1.1249793e-03
  -1.0702054e-01  -7.6754533e-02   1.8262484e+00   1.0462731e-03  -7.4693880e-04  -9.2417829e-04
  -8.9787473e-02  -2.4051136e-01   1.9314150e+00   9.9024712e-04  -8.6789938e-04  -6.8449624e-04
  -9.6359370e-02  -1.4361215e-01   1.9279530e+00   3.3444510e-04  -9.0802453e-04  -8.1749802e-04
  -7.7116991e-02  -1.8119319e-01   1.9693585e+00   3.8301253e-04  -9.4909796e-04  -7.3008819e-04
  -6.9395094e-02  -1.9184073e-01   1.9148118e+00   5.7175527e-04  -9.6715780e-04  -7.0593994e-04
  -7.7722394e-02  -8.1077643e-02   1.8314176e+00   2.1464023e-03  -8.7566734e-04  -6.3193590e-04
  -6.3764543e-02  -1.9334076e-01   1.8519809e+00   1.3823895e-03  -1.0674338e-03  -4.9161009e-04
  -7.3563217e-02   5.3126944e-02   1.2466320e+00   4.6061744e-03  -7.9493236e-04   1.3759237e-03
  -4.4395355e-02  -3.7039603e-01   1.3928083e+00   1.2541253e-03  -2.4683482e-03   2.1642971e-03
  -2.9450534e-02  -7.3730375e-02   1.5259545e+00   1.3131240e-03  -2.2638308e-03   2.4363276e-03
  -3.5908467e-02  -4.1845132e-02   1.7129278e+00   5.7368831e-04  -2.0961205e-03   2.0431334e-03
  -2.9972342e-02  -8.7639221e-02   1.8067061e+00  -3.4928751e-04  -1.9100753e-03   2.2522213e-03
  -3.4455709e-02  -1.1795999e-01   1.7307804e+00   4.3834775e-04  -1.7408091e-03   2.2154657e-03
  -4.1456338e-02  -7.2378097e-02   1.4918889e+00   3.0422539e-03  -1.5659302e-03   2.1579531e-03
  -2.0545645e-02  -1.5525443e-01   1.6813798e+00   2.0502027e-03  -1.8551335e-03   2.3471374e-03
  -3.1506565e-02  -1.4410834e-01   1.7717882e+00   1.7096275e-03  -2.1367529e-03   2.2808172e-03
  -2.0595514e-02  -9.7300864e-02   1.8612720e+00   6.1760081e-04  -1.8514590e-03   2.5040065e-03
  -4.7755347e-02  -7.8326043e-02   1.8095992e+00   1.8015301e-03  -1.7168753e-03   2.2344980e-03
  -9.2853459e-02   4.4445170e-02   1.5713749e+00   3.7368407e-03  -3.5688933e-04   1.3477202e-03
  -4.7477812e-02  -3.8380735e-01   1.8766886e+00   6.4794321e-04  -1.6129484e-03   2.6815396e-03
  -5.0883382e-02  -9.3487004e-02   1.7690255e+00   2.6964141e-03  -8.9340161e-04   2.0117946e-03
  -4.0294552e-02  -2.3305736e-01   1.8747647e+00   1.7559422e-03  -9.0280738e-04   2.1713748e-03
  -1.9615555e-02  -2.7666864e-01   2.0449232e+00   8.1359219e-04  -1.4596227e-03   2.6591215e-03
  -1.4244499e-02  -1.9432079e-01   2.0920918e+00   7.6581995e-04  -1.3823927e-03   2.6116618e-03
  -3.4074860e-03  -2.1416649e-01   2.1165352e+00   2.8053578e-04  -1.4590787e-03   2.8098139e-03
  -3.9561392e-03  -2.1705663e-01   2.1382221e+00  -3.1484479e-04  -1.4941013e-03   2.7815480e-03
  -2.0897020e-02  -2.2311247e-01   2.1475409e+00  -7.7819350e-04  -8.3068707e-04   2.8938535e-03
   5.5651382e-03  -2.6589821e-01   2.0089200e+00  -5.0131668e-05  -1.3557798e-03   2.8493297e-03
   1.1919608e-02  -1.7067530e-01   2.1234107e+00  -8.4892351e-04  -1.4530098e-03   2.7478807e-03
   1.7736294e-02  -2.0685057e-01   2.1478765e+00  -9.6572358e-04  -1.4897247e-03   2.7804046e-03
   2.0219005e-02  -2.1279974e-01   2.0058226e+00  -2.2088497e-04  -1.5258003e-03   2.6385378e-03
   5.1378823e-02  -8.7916586e-02   1.7600717e+00   2.3048448e-03  -2.1009864e-03   3.3701381e-03
   1.4388732e-02  -5.5869973e-02   1.6777217e+00   3.4720017e-03  -1.7563953e-03   2.9603887e-03
   9.5597036e-03  -1.4573069e-01   1.8299350e+00   3.4714821e-03  -1.8367274e-03   3.1969664e-03
   1.8933196e-02  -1.7606083e-01   1.9314127e+00   2.1887298e-03  -1.8993611e-03   2.9795408e-03
   3.1337132e-02  -8.5532010e-02   1.9501307e+00   2.0916634e-03  -1.4438961e-03   2.7660614e-03
   4.1429294e-02  -1.6355057e-01   2.1165532e+00   1.3924241e-03  -1.7384764e-03   2.9942535e-03
   4.2402484e-02  -1.5389048e-01   2.1846416e+00   1.4374211e-03  -1.8058457e-03   2.8822646e-03
   2.4984416e-02  -1.1625910e-01   2.1973815e+00   2.6477023e-03  -1.9666497e-03   2.9348812e-03
   3.3801488e-02  -1.8119479e-01   2.2185450e+00   8.0881831e-04  -1.7027762e-03   2.9410436e-03
   3.0559426e-02  -1.4913484e-01   2.2537576e+00   1.0086034e-03  -1.6653383e-03   2.7872009e-03
   3.1187508e-02  -1.5081799e-01   2.2613972e+00   1.0667499e-03  -1.7542655e-03   2.8073644e-03
   3.9882782e-02  -1.6073940e-01   2.3517478e+00   7.2408795e-04  -2.1045821e-03   2.8838221e-03
   3.0920064e-03  -8.1782052e-02   2.1486774e+00   1.2113382e-03  -1.3856742e-03   2.3484512e-03
   3.8697429e-02  -2.1102534e-01   1.6594766e+00   4.4324672e-03  -1.0527638e-03   2.8929750e-03
  -6.6332572e-02  -6.9441340e-02   1.6037693e+00   7.0458725e-03  -5.0539611e-04   3.2410745e-03
   1.9982436e-02  -2.8285127e-01   2.0819963e+00   3.6228517e-03  -2.2366776e-03   3.9151628e-03
   4.6530552e-02  -1.0397160e-01   2.2561731e+00   1.7030645e-03  -1.5683706e-03   4.0109205e-03
   1.1027611e-01  -1.0476052e-01   1.6310623e+00   5.5270071e-03  -1.2247263e-03   3.4064126e-03
   3.9105576e-01  -9.5510568e-01  -3.6242249e-01   4.0637879e-02  -1.5189208e-03   5.8101556e-03
   3.6688019e-01   3.7698705e-01   6.2243604e-01   3.1576410e-02  -4.7850562e-03   5.3909745e-03
   3.0932748e-01  -1.3674241e-01   1.3345508e+00   2.4139874e-02  -5.5743270e-03   6.3308673e-03
   2.9900313e-01  -4.1434307e-02   1.8023371e+00   1.9698610e-02  -6.2636143e-03   6.4888337e-03
   2.8475607e-01  -5.2662031e-02   2.0262139e+00   1.7730499e-02  -6.4107987e-03   6.3197277e-03
   2.6956974e-01  -6.9946299e-02   2.1438286e+00   1.6296434e-02  -7.1021927e-03   6.2256183e-03
   2.5668643e-01  -7.2438674e-02   2.1579982e+00   1.5531105e-02  -6.8893473e-03   6.2148448e-03
   2.8125013e-01  -3.3400145e-02   1.8293952e+00   1.6680868e-02  -6.3668639e-03   5.9187513e-03
   3.6598171e-01   9.2512904e-02   1.3392938e+00   2.1280021e-02  -7.3498941e-03   6.6811510e-03
   3.2266837e-01  -4.2203951e-01   2.0012823e+00   1.4066515e-02  -7.8809322e-03   6.6937449e-03
   3.3229105e-01  -1.1757840e+00   2.2804960e+00   1.3307203e-02  -5.3091321e-03   9.5354942e-03
   4.1350427e-01  -1.2997800e+00   2.4392879e+00   9.2970736e-03  -3.1792217e-03   1.4295472e-02
   3.8226437e-01  -4.7359490e-01   1.8605201e+00   8.5073451e-03  -6.7926359e-03   1.2825686e-02
   5.1679157e-01   8.1608248e-02   2.2933993e+00   7.9798440e-03  -8.8194706e-03   1.2250708e-02
   4.1373025e-01  -1.9198421e-01   2.6852976e+00   6.8087242e-03  -9.6015144e-03   1.1387338e-02
   4.0276698e-01  -1.7674067e-01   2.8022174e+00   6.2311889e-03  -9.4804149e-03   1.0705822e-02
   4.0563280e-01  -1.8544335e-01   2.8024933e+00   5.5255062e-03  -9.6943009e-03   1.0656226e-02
   3.9608601e-01  -9.7828644e-02   2.6293628e+00   7.5844139e-03  -9.5460009e-03   1.0405548e-02
   3.9095121e-01  -1.6892516e-01   2.7794147e+00   5.9005985e-03  -1.0446186e-02   1.0642575e-02
   4.0610163e-01  -1.7649833e-02   2.8272838e+00   5.5027988e-03  -1.0327793e-02   1.0982156e-02
   3.6424671e-01  -4.8052995e-02   2.8884452e+00   4.9590882e-03  -1.0422165e-02   1.0264421e-02
   3.7245134e-01  -1.2892216e-01   2.9896518e+00   4.3571100e-03  -1.0886109e-02   1.0676697e-02
   3.5310554e-01  -3.9936411e-03   2.9276565e+00   5.8086254e-03  -1.0476391e-02   1.0259444e-02
   3.6482332e-01  -1.2042878e-01   3.0882213e+00   4.0253048e-03  -1.1110730e-02   1.0539461e-02
   3.5358551e-01   6.5240281e-03   3.0452154e+00   5.9075979e-03  -1.0530428e-02   1.0258503e-02
   3.7182355e-01  -1.1456482e-01   3.1063467e+00   4.3218714e-03  -1.0627446e-02   1.0667171e-02
   3.9712683e-01  -6.3692638e-02   2.9299798e+00   7.5692193e-03  -1.0080238e-02   9.3021667e-03
   3.9101545e-01  -7.9167106e-02   2.7508834e+00   8.9652990e-03  -9.0302642e-03   8.1015182e-03
   3.7489792e-01  -2.4191134e-01   2.7527044e+00   8.3886000e-03  -9.6964379e-03   8.8846659e-03
   3.7767725e-01  -1.7507682e-01   2.7872273e+00   7.9792184e-03  -1.0103982e-02   9.0809316e-03
   3.8081510e-01  -1.8298541e-01   2.9185893e+00   7.5864144e-03  -1.0272766e-02   9.2093426e-03
   3.9068388e-01  -1.8764620e-01   3.0176545e+00   6.6342290e-03  -1.0233721e-02   9.3245733e-03
   3.9138573e-01  -1.6975913e-01   3.0589259e+00   6.6135266e-03  -1.0531947e-02   9.4879449e-03
   3.9753418e-01  -1.6194970e-01   2.9851637e+00   6.4952450e-03  -1.0306106e-02   9.4786013e-03
   3.9322878e-01  -2.1280824e-01   2.9832212e+00   6.9863149e-03  -1.0442718e-02   9.3712325e-03
   3.8761201e-01  -1.9596907e-01   2.8805835e+00   6.8571792e-03  -1.0412240e-02   8.9351118e-03
   3.5762064e-01  -1.4335307e-01   2.7818658e+00   7.2660179e-03  -1.0032770e-02   8.6101604e-03
   3.9655977e-01  -2.1087422e-01   2.8196472e+00   8.0041404e-03  -9.9998417e-03   9.0749504e-03
   3.1945461e-01  -1.0561948e-01   2.8341107e+00   6.4889981e-03  -9.9967049e-03   6.5995181e-03
   3.4784445e-01  -1.9116337e-01   3.0444182e+00   4.7879631e-03  -8.9798918e-03   7.1596766e-03
   3.2835672e-01  -1.6046233e-01   2.9680919e+00   5.9286872e-03  -8.9504897e-03   7.7806274e-03
   3.4902200e-01  -7.1103829e-02   2.9599033e+00   6.6608042e-03  -9.1922377e-03   8.1378935e-03
   3.5787394e-01  -1.8345924e-01   3.0299103e+00   6.4273621e-03  -9.0866260e-03   8.2075053e-03
   3.5029854e-01  -1.5978412e-01   3.0319202e+00   5.8882187e-03  -9.2108135e-03   8.3548353e-03
   3.3694664e-01  -1.5832775e-01   2.9678832e+00   6.2662915e-03  -9.2507213e-03   7.8790418e-03
   3.5158988e-01  -1.9314460e-01   3.0187889e+00   6.3983556e-03  -9.5134504e-03   8.3641627e-03
   3.3071047e-01  -1.5897292e-01   3.0107510e+00   5.8820755e-03  -9.2357439e-03   8.1327304e-03
   3.2923192e-01  -1.8545672e-01   3.0187421e+00   6.4705779e-03  -9.4173570e-03   8.0240821e-03
   4.2503799e-01  -2.7256234e-01   2.8516139e+00   7.0739729e-03  -8.1595258e-03   8.8903567e-03
   2.6049077e-01  -2.2290121e-01   3.1258894e+00   5.8298297e-03  -8.6793878e-03   6.8049491e-03
   3.0889963e-01  -2.2417611e-01   3.0315697e+00   4.7485686e-03  -9.6243269e-03   7.6836564e-03
   3.7030875e-01  -1.8288642e-01   3.0995267e+00   2.3309455e-03  -8.2040713e-03   6.9993430e-03
   4.3139623e-01  -8.5489574e-02   2.8756262e+00   4.2770620e-03  -6.7880881e-03   9.5028266e-03
   3.7101138e-01  -2.9770191e-01   2.3882671e+00   1.0994968e-02  -6.5905878e-03   8.6906843e-03
   2.6554045e-01  -1.1382595e-01   2.7055801e+00   6.6261580e-03  -6.6540471e-03   8.2605203e-03
   1.9126208e-01  -8.9327192e-02   2.7400609e+00   6.7800084e-03  -6.0288977e-03   7.5222745e-03
   1.8679712e-01  -2.5267519e-02   2.7667489e+00   6.6397746e-03  -5.9318390e-03   7.2831389e-03
   1.8704057e-01  -1.6569653e-01   2.8632354e+00   5.9583021e-03  -5.8496474e-03   7.3840988e-03
   1.5760682e-01  -1.0029755e-02   2.8389657e+00   5.9381816e-03  -5.7255325e-03   6.8346419e-03
   1.5524830e-01  -1.0458854e-01   2.9591886e+00   5.4319339e-03  -5.7336588e-03   6.9396037e-03
   1.7153025e-01  -1.1599048e-01   3.0148641e+00   5.6007805e-03  -5.9650376e-03   7.3882808e-03
   1.4639517e-01  -7.0562153e-02   2.9419287e+00   4.7981277e-03  -5.5612240e-03   6.7588108e-03
   1.6012501e-01  -1.0305755e-01   2.9444055e+00   4.9063373e-03  -5.5247652e-03   6.6281746e-03
   1.6687136e-01  -1.3380343e-01   2.9326787e+00   5.3307530e-03  -5.9694589e-03   7.1460833e-03
   1.5263892e-01  -5.0735847e-02   2.8885927e+00   5.9301724e-03  -5.2779686e-03   6.8960131e-03
   1.4344228e-01  -3.2269658e-02   2.8816908e+00   5.8524017e-03  -5.2967267e-03   6.7767967e-03
   1.3448134e-01  -1.2207121e-01   2.9432702e+00   5.8190888e-03  -5.2266213e-03   6.8770249e-03
   1.1339686e-01   5.0879010e-03   2.8726244e+00   6.1792161e-03  -4.8045573e-03   6.5987732e-03
   9.2572254e-02  -8.5452367e-02   2.8627799e+00   7.1066011e-03  -4.2451058e-03   6.0130748e-03
   3.9389187e-02   2.0376206e-01   2.7654196e+00   6.4821262e-03  -3.7637292e-03   3.4799682e-03
   8.7677049e-02  -2.7208096e-01   3.0074680e+00   2.7164418e-03  -4.9503418e-03   5.5258559e-03
   1.0072305e-01  -2.5199589e-02   3.0599817e+00   3.3207483e-03  -5.0909046e-03   5.9296669e-03
