   0.0000000e+00   0.0000000e+00  -7.1054274e-15   0.0000000e+00   0.0000000e+00   0.0000000e+00
   1.1321882e-02   7.3337359e-02  -7.3298105e-02   6.6926773e-04  -1.3012858e-04   9.2583982e-04
   3.2901940e-02   7.4271910e-02  -1.1643264e-01   2.1018887e-03   8.1610165e-04   1.1573262e-03
   7.6663177e-02   1.1145608e-01  -7.0164840e-02   1.6549154e-03   1.2319497e-03   2.2618193e-03
   7.8947512e-02   5.6095790e-02  -3.1417815e-02   2.5643159e-03   1.1301969e-03   2.4968137e-03
   6.5720388e-02   1.4618044e-01   2.0656301e-03   2.9646848e-03   1.7775057e-03   2.6072941e-03
   9.0024413e-02   9.3122524e-02   2.9124964e-02   1.9065710e-03   1.3912693e-03   2.9406231e-03
   8.1541243e-02   9.8200903e-02   3.8637018e-02   2.0579661e-03   1.7412583e-03   2.8852661e-03
   5.6276436e-02   1.5146418e-01   7.3553790e-02   1.6150958e-03   1.6600930e-03   2.4888300e-03
   3.1660847e-02   1.4470170e-01   1.1570609e-01   9.5284310e-04   1.4180816e-03   1.7114521e-03
   5.7863204e-03   1.3218516e-01   1.2615423e-01   1.2570773e-03   1.6765460e-03   1.3153163e-03
  -1.5454215e-02   1.5643243e-01   1.5980300e-01   5.6488436e-04   1.8719486e-03   7.4947172e-04
  -1.2346971e-02   2.4027649e-01   1.6064079e-01   1.0942170e-03   2.3299818e-03   9.3160732e-04
   9.7080227e-03   1.4380213e-01   1.6854856e-01   1.4709851e-03   2.7702555e-03   1.3813466e-03
   1.1950499e-02   1.8284446e-01   1.9314733e-01   1.5827960e-03   2.6910247e-03   1.4759830e-03
   3.4301580e-03   2.0925469e-01   2.2976666e-01   1.4394380e-03   2.3455531e-03   9.3665649e-04
   2.8442805e-03   2.3141553e-01   2.4925679e-01   2.1346910e-03   1.9135544e-03   8.0640691e-04
   7.7425353e-02   1.2891049e-01   2.6308593e-01   1.8072422e-03   2.1420499e-03   1.7696933e-03
   1.7836384e-01   1.1670061e-01   1.3943745e-01   2.3121411e-03   2.0440841e-03   3.7522701e-03
   1.2414498e-01   3.3087207e-01   1.9855442e-01   2.4087080e-03   2.1440612e-03   3.4377664e-03
   1.1030662e-01   1.7035713e-01   2.7614226e-01   9.9080955e-04   1.8187280e-03   3.0651943e-03
   1.0754767e-01   1.7129780e-01   2.8918092e-01   1.0853519e-03   1.9199392e-03   2.9591073e-03
   1.1647775e-01   2.1276695e-01   2.9630031e-01   8.2626946e-04   2.0203731e-03   3.1501623e-03
   9.7188212e-02   2.4017214e-01   3.0181412e-01   5.9641174e-04   1.7512044e-03   2.8880507e-03
   8.8181942e-02   2.0793502e-01   3.2184200e-01   4.1016980e-04   1.6670663e-03   2.8052838e-03
   9.1592828e-02   2.4563278e-01   3.2853204e-01   3.2125292e-04   1.6600359e-03   2.7050857e-03
   9.6204245e-02   2.3739081e-01   3.2345106e-01   2.7330083e-04   1.9180967e-03   2.8870816e-03
   7.2776591e-02   2.6069108e-01   3.1532017e-01   9.3491373e-04   1.9555574e-03   2.7204313e-03
   8.8455736e-02   2.2591843e-01   3.3143621e-01   3.1374459e-04   1.5367487e-03   2.6995009e-03
   1.2655132e-01   2.1463384e-01   3.2437741e-01   1.3430032e-03   2.5308025e-03   3.3101822e-03
   1.0905244e-01   2.6279683e-01   3.4565172e-01   1.2709237e-03   2.0647871e-03   3.0167492e-03
   9.2780220e-02   2.1198065e-01   3.7490938e-01   1.9303176e-03   1.8623947e-03   2.5752047e-03
   1.1075990e-01   2.6617330e-01   3.7828692e-01   1.2436527e-03   2.0377105e-03   2.8459671e-03
   9.8387033e-02   2.6402999e-01   3.5525003e-01   1.2688539e-03   1.9557018e-03   2.7327771e-03
   7.8182657e-02   2.5559595e-01   3.6458168e-01   1.6771490e-03   1.6268743e-03   2.5125650e-03
   8.2185172e-02   2.4967178e-01   3.8426880e-01   1.5334989e-03   1.7305987e-03   2.6329500e-03
   7.6997131e-02   2.4255830e-01   3.8242897e-01   1.4072048e-03   2.0034036e-03   2.3344310e-03
   4.4781783e-02   3.0376150e-01   4.0452046e-01   1.1871143e-03   1.6198980e-03   1.8705841e-03
   5.5382653e-02   2.7428073e-01   4.2489386e-01   1.1836700e-03   1.5232661e-03   1.8234109e-03
   4.7778443e-02   2.7233303e-01   4.2409045e-01   1.1909530e-03   1.6025677e-03   1.8820559e-03
   4.2307814e-02   2.7181671e-01   4.4696141e-01   1.1179428e-03   1.3439561e-03   1.7257041e-03
   4.2138195e-02   2.8479487e-01   4.6844685e-01   1.2350017e-03   1.4582034e-03   1.6888442e-03
   2.6294521e-02   3.4356834e-01   4.7546105e-01   1.8628973e-03   1.0035374e-03   1.4727409e-03
   4.0253288e-02   2.7331661e-01   4.3241692e-01   2.3608490e-03   1.3660224e-03   1.6356118e-03
   6.7277214e-02   2.5351372e-01   4.4042589e-01   1.8120458e-03   1.6905002e-03   2.3314724e-03
   8.2836769e-02   3.0985882e-01   4.1708796e-01   2.3783387e-03   1.9014670e-03   2.7052062e-03
   9.1435499e-02   2.8824038e-01   4.2949295e-01   2.3486254e-03   1.7885865e-03   2.7981101e-03
   7.2886874e-02   3.3253107e-01   4.2359810e-01   2.2049948e-03   1.4224797e-03   2.3303416e-03
   5.3559999e-02   2.9486241e-01   4.5180438e-01   2.2744837e-03   1.2061263e-03   1.9397350e-03
   5.9964585e-02   3.0300162e-01   4.7258026e-01   2.6175153e-03   1.3569938e-03   2.0887899e-03
   4.8017080e-02   3.2049140e-01   4.7478418e-01   2.5364293e-03   1.1539946e-03   1.8087844e-03
   3.4265983e-02   3.2138447e-01   4.8670825e-01   2.8195196e-03   1.0292098e-03   1.3352106e-03
   6.3672214e-02   3.2245539e-01   4.8840840e-01   2.4807700e-03   1.2201942e-03   1.7614363e-03
   1.5004911e-01   2.1325439e-01   4.4117984e-01   3.1577134e-03   2.4261331e-03   3.3547374e-03
   2.5297846e-01   1.6196680e-01   2.2874814e-01   3.8370584e-03   2.0013151e-03   4.4020388e-03
   2.1668827e-01   2.6437001e-01   2.5814808e-01   4.3665211e-03   2.6210938e-03   4.8227138e-03
   2.2642000e-01   2.2221379e-01   3.9283965e-01   3.7350084e-03   2.3189610e-03   5.3243660e-03
   2.1046636e-01   2.3876139e-01   4.0759421e-01   3.4879564e-03   2.0482716e-03   4.7243699e-03
   1.8231244e-01   3.1959870e-01   4.7550112e-01   3.3992320e-03   1.6424229e-03   4.4368168e-03
   1.5115135e-01   2.7702718e-01   5.3524744e-01   2.8252727e-03   1.1344803e-03   3.7524467e-03
   1.4945052e-01   2.8309113e-01   5.3948651e-01   3.2203391e-03   1.0496909e-03   3.9196227e-03
   1.1449330e-01   3.0653882e-01   5.7367678e-01   2.9546924e-03   1.2275115e-03   3.2282309e-03
   1.2273470e-01   3.0760779e-01   5.8078935e-01   2.4458830e-03   1.2958105e-03   3.4082763e-03
   1.1169026e-01   2.8275461e-01   5.8852997e-01   3.0150313e-03   1.0943970e-03   3.3824189e-03
   1.1895768e-01   3.2218817e-01   5.7695873e-01   3.4266229e-03   1.2185004e-03   3.5711210e-03
   1.0851482e-01   2.9962412e-01   6.0410942e-01   3.1447917e-03   1.1651308e-03   3.2562858e-03
   1.1167141e-01   3.2717739e-01   5.9218658e-01   4.0678116e-03   1.3755475e-03   3.2741551e-03
   1.0940606e-01   2.3529027e-01   5.9460090e-01   4.4114447e-03   9.5687056e-04   3.1576808e-03
   6.5888971e-02   3.7139885e-01   6.2923493e-01   4.8110791e-03  -1.8503940e-04   2.0664413e-03
   8.2196789e-02   2.7794767e-01   6.3618057e-01   4.5424589e-03  -4.0164109e-04   2.2207170e-03
   9.6605396e-02   2.6752200e-01   6.2603647e-01   4.1615435e-03   3.0642084e-05   2.5821034e-03
   1.1255551e-01   3.5456077e-01   6.0369750e-01   5.0333128e-03   1.1470192e-04   3.1584739e-03
   9.7363092e-02   3.2855913e-01   6.3508872e-01   4.6237604e-03  -5.7410460e-05   2.9256811e-03
   8.1669534e-02   3.6346856e-01   6.5729889e-01   5.3564697e-03  -1.9335192e-04   2.6621525e-03
   6.6934360e-02   3.1852316e-01   6.8458280e-01   6.0098034e-03  -2.1719625e-04   2.1983833e-03
   9.6039748e-02   3.1303205e-01   7.0268965e-01   5.2776830e-03  -3.8514352e-04   2.4353130e-03
   9.0224067e-02   3.0566469e-01   6.5836542e-01   5.2304967e-03  -3.6403880e-05   2.5365901e-03
   7.9102496e-02   3.7193249e-01   6.3603751e-01   5.5491459e-03   1.5793681e-04   2.2527903e-03
   1.2254261e-01   1.4737057e-01   6.5779416e-01   4.0084434e-03  -1.1690017e-04   2.7120838e-03
   1.2821600e-01   2.6652979e-01   6.0477060e-01   3.9664084e-03  -8.8546916e-04   3.3536717e-03
   1.6825736e-01   2.7604964e-01   6.4556494e-01   5.3985863e-03  -1.9158770e-04   4.3429628e-03
   1.7492800e-01   3.0338556e-01   6.9878105e-01   6.1543001e-03  -4.1891039e-04   4.6526531e-03
   2.5724189e-01   2.2562218e-01   6.5963531e-01   6.7471642e-03  -3.4784189e-04   5.8675234e-03
   3.1212466e-01   1.8224857e-01   6.9577481e-01   6.3822916e-03  -1.0549686e-03   6.5183264e-03
   2.6684472e-01   2.5829513e-01   7.9561271e-01   4.4315572e-03  -2.4794936e-03   5.9474931e-03
   2.5597384e-01   2.5284684e-01   8.0364409e-01   5.0013248e-03  -2.3361672e-03   5.8238268e-03
   2.3893987e-01   3.0225497e-01   8.3429113e-01   4.7604239e-03  -2.6499642e-03   5.4919002e-03
   3.0638200e-01   1.1131311e-01   8.0024021e-01   5.6184116e-03  -2.0653540e-03   6.5206801e-03
   3.1415505e-01   3.5281228e-01   7.7601029e-01   5.2178529e-03  -1.9422064e-03   6.9323023e-03
   2.7327808e-01   1.4422403e-01   7.1755929e-01   5.5729953e-03  -2.4780492e-03   6.0559792e-03
   3.2837609e-01   1.4830475e-01   7.1523010e-01   5.7041804e-03  -2.2530922e-03   6.4436316e-03
   3.5000964e-01   1.6535032e-01   7.6426325e-01   6.0098874e-03  -2.0714743e-03   6.8186577e-03
   3.1910010e-01   2.5584246e-01   7.6196568e-01   6.5869619e-03  -2.1599269e-03   6.4877629e-03
   2.8585996e-01   2.4290869e-01   7.8314171e-01   6.3990410e-03  -2.3811493e-03   5.8614440e-03
   2.4339923e-01   2.7926703e-01   8.1977431e-01   7.0285724e-03  -2.5900958e-03   5.1426142e-03
   2.6223243e-01   2.6801243e-01   8.2710657e-01   6.2958011e-03  -1.6236384e-03   5.1675358e-03
   2.5136432e-01   2.7379636e-01   7.7881674e-01   6.9433536e-03  -2.7647133e-03   4.8252822e-03
   2.6168915e-01   2.2975258e-01   7.3533624e-01   7.5928217e-03  -2.4838624e-03   5.3310141e-03
   2.3946685e-01   2.7695583e-01   7.8187945e-01   7.7467835e-03  -2.2722342e-03   5.2969854e-03
   1.8932288e-01   3.7665498e-01   8.6376908e-01   7.1653563e-03  -2.7061207e-03   4.4128229e-03
   1.2268257e-01   2.9173176e-01   9.0070650e-01   6.8386165e-03  -2.8919835e-03   3.1329841e-03
   8.0959970e-02   3.3228984e-01   9.7362752e-01   6.5114585e-03  -3.2344347e-03   2.1741982e-03
   3.2712938e-02   3.6483990e-01   1.0168684e+00   7.2912798e-03  -3.6632380e-03   1.1069616e-03
   6.0835825e-02   3.6834475e-01   1.0355729e+00   7.4869977e-03  -3.1375295e-03   1.6120507e-03
   5.8136829e-02   3.3323811e-01   1.0501548e+00   6.9533124e-03  -3.3798596e-03   1.4356915e-03
   4.2918452e-02   3.8832170e-01   1.0697980e+00   6.7987598e-03  -3.2393992e-03   1.1876471e-03
   1.4593111e-01   2.3718764e-01   1.0229596e+00   7.2569974e-03  -2.8884185e-03   2.4985691e-03
   2.5740103e-01   2.4112600e-01   9.2061090e-01   6.8086310e-03  -3.4917630e-03   3.9948480e-03
   2.3653277e-01   1.0243676e-01   7.1706721e-01   7.0297447e-03  -5.4181984e-03   3.8029471e-03
   2.2963880e-01   1.8773047e-01   7.3939333e-01   5.9166681e-03  -4.3244156e-03   4.0071672e-03
   2.2429629e-01   1.7592334e-01   7.8107510e-01   6.2314520e-03  -4.5249819e-03   3.6302946e-03
   2.0241037e-01   1.4853217e-01   8.0712267e-01   6.1436012e-03  -4.7900335e-03   3.1754341e-03
   1.8422196e-01   2.2709700e-01   8.2975542e-01   5.5190058e-03  -4.7567318e-03   3.1362937e-03
   1.5764516e-01   2.6453417e-01   8.8295563e-01   5.0770888e-03  -4.7083040e-03   2.7347038e-03
   1.8474167e-01   2.2477099e-01   9.1031899e-01   5.5005876e-03  -4.3675217e-03   3.0621798e-03
   1.9658900e-01   2.8521321e-01   9.0512575e-01   5.1646615e-03  -4.0398175e-03   3.4759333e-03
   1.8650564e-01   2.6762445e-01   8.8780723e-01   5.5559830e-03  -4.3542776e-03   3.3739483e-03
   1.8067709e-01   2.4004771e-01   9.0692714e-01   5.4066113e-03  -4.5240347e-03   3.1156717e-03
   1.9295643e-01   2.3334948e-01   8.7879623e-01   6.4313964e-03  -4.2900710e-03   3.4416215e-03
   1.8116374e-01   2.7025418e-01   8.7208137e-01   6.4194341e-03  -4.0475235e-03   3.1056998e-03
   1.6937385e-01   2.2113899e-01   9.0058442e-01   5.8322749e-03  -4.5650279e-03   2.9218458e-03
   1.5521638e-01   2.8614038e-01   9.0355216e-01   6.3968467e-03  -4.9145800e-03   2.4776763e-03
   1.6651026e-01   2.5236794e-01   9.1230383e-01   5.4140457e-03  -4.7926321e-03   2.4722491e-03
   1.9159082e-01   2.4714285e-01   9.2495798e-01   5.6551464e-03  -4.4893836e-03   3.0940289e-03
   1.7880416e-01   3.1963093e-01   9.2661244e-01   5.6246268e-03  -4.4644570e-03   3.0908521e-03
   1.6296479e-01   2.8566239e-01   9.4610402e-01   5.9631193e-03  -4.5208600e-03   2.8439335e-03
   1.7057285e-01   2.5453659e-01   9.3593355e-01   6.3702555e-03  -4.4216302e-03   2.8641070e-03
   1.6504481e-01   3.1550493e-01   9.2841917e-01   6.9586255e-03  -4.2567466e-03   2.6859656e-03
   1.7981892e-01   2.7154518e-01   9.2850351e-01   6.4822615e-03  -4.2971595e-03   2.9159263e-03
   2.3534795e-01   2.2028767e-01   9.2969561e-01   6.5625903e-03  -3.9565359e-03   3.7953362e-03
   2.5460168e-01   2.5996836e-01   9.6052070e-01   6.3849482e-03  -3.8029314e-03   4.2047355e-03
   3.4995620e-01   1.4272871e-01   9.0465757e-01   7.1938121e-03  -3.1414218e-03   5.4731398e-03
   3.7567006e-01   2.5422434e-01   8.9006579e-01   7.8534813e-03  -4.0412196e-03   6.0548664e-03
   3.1537078e-01   2.3999091e-01   9.3695645e-01   7.6720688e-03  -4.5469367e-03   4.8850157e-03
   2.4475030e-01   2.3214854e-01   9.9783858e-01   8.3305066e-03  -5.2951397e-03   3.4382910e-03
   2.2093594e-01   2.3380605e-01   9.8759786e-01   7.5391374e-03  -5.4119631e-03   2.8239733e-03
   2.5571112e-01   2.8030101e-01   1.0009190e+00   6.7376136e-03  -5.2221593e-03   3.3547366e-03
   2.5228318e-01   2.7861363e-01   9.9170968e-01   6.9450450e-03  -5.3165772e-03   3.4530321e-03
   2.6594813e-01   3.3143105e-01   9.9977260e-01   7.3156117e-03  -5.1662954e-03   3.8620889e-03
   2.9090932e-01   3.5279883e-01   9.8524569e-01   8.5849086e-03  -5.1078127e-03   4.2251473e-03
   3.4555146e-01   2.1450011e-01   9.4149574e-01   8.8257500e-03  -4.1993242e-03   4.5296393e-03
   3.5412977e-01   2.9543203e-01   9.4650560e-01   8.6625857e-03  -3.9850573e-03   4.7567093e-03
   3.4995859e-01   3.0582341e-01   1.0164674e+00   7.9859785e-03  -4.3231817e-03   4.6073055e-03
   3.1154018e-01   2.5848385e-01   1.0408994e+00   7.9431765e-03  -4.9826413e-03   3.9218137e-03
   3.3543904e-01   2.6220169e-01   1.0625527e+00   7.4069920e-03  -4.6628707e-03   4.2341251e-03
   3.5540770e-01   2.6612687e-01   1.0743017e+00   7.4442457e-03  -4.4142785e-03   4.6112033e-03
   3.3855605e-01   2.4244222e-01   1.0457649e+00   7.5966968e-03  -4.7628529e-03   4.6341259e-03
   3.6881578e-01   2.5202868e-01   9.7541458e-01   8.2938482e-03  -3.8707719e-03   4.6898117e-03
   3.7944933e-01   1.7835261e-01   9.4536555e-01   8.7207764e-03  -4.5328415e-03   5.1078158e-03
   3.6514745e-01   2.3140102e-01   9.9789070e-01   8.9841365e-03  -4.9666623e-03   4.7066176e-03
   3.3135781e-01   3.0596239e-01   1.0007389e+00   8.9535757e-03  -4.8879564e-03   3.8688322e-03
   2.5510797e-01   2.7403276e-01   1.0015143e+00   9.1581844e-03  -5.9974476e-03   2.6294099e-03
   2.0600038e-01   3.0536907e-01   1.0038852e+00   9.2364006e-03  -5.5292769e-03   2.1031461e-03
   2.1262283e-01   2.1693568e-01   8.7729037e-01   9.1799279e-03  -4.9511522e-03   1.8595887e-03
   1.8267242e-01   3.3148812e-01   8.4184149e-01   1.0373876e-02  -5.5228721e-03   2.0513226e-03
   1.8843288e-01   2.9064831e-01   8.8001335e-01   1.0383532e-02  -5.1553216e-03   2.3000253e-03
   1.7991483e-01   2.7197519e-01   9.0658903e-01   1.0413202e-02  -5.1679956e-03   1.6506466e-03
   2.0382431e-01   2.9409335e-01   8.1036595e-01   1.0454561e-02  -4.1760064e-03   1.0177598e-03
   1.8343549e-01   2.3264958e-01   9.4064291e-01   1.6567061e-02  -5.8638703e-03   3.0096252e-04
   2.9928028e-01  -1.0798542e-01   7.1408129e-01   7.5487949e-03  -7.4348611e-03   2.5848769e-03
   2.4303283e-01   3.3722742e-02   7.6049103e-01   6.5544238e-03  -8.7037019e-03   1.2248482e-03
   1.1783523e-01   1.0680801e-01   8.6619002e-01   5.2802263e-03  -9.3289406e-03  -1.0826190e-03
   7.6373888e-02   1.2513091e-01   9.2850477e-01   4.8487686e-03  -8.5620408e-03  -1.3845213e-03
   3.1944466e-03   1.6996447e-01   1.0050387e+00   4.7563470e-03  -8.7328760e-03  -2.5566898e-03
  -4.2057651e-02   1.9014708e-01   1.0554645e+00   4.0316428e-03  -9.0359109e-03  -3.5048262e-03
  -4.8141811e-02   1.7779144e-01   1.0622947e+00   3.2837479e-03  -8.6577814e-03  -3.4087941e-03
  -2.9542490e-02   1.2452166e-01   1.0835438e+00   2.9062780e-03  -7.8151228e-03  -2.6091381e-03
  -2.6667405e-02   2.8198920e-01   1.0885647e+00   2.7790142e-03  -6.9607687e-03  -2.0092633e-03
  -5.8311227e-02   2.2686466e-01   1.1249766e+00   4.7003616e-03  -7.4969512e-03  -2.6412932e-03
  -6.3506468e-02   2.5163765e-01   1.2066772e+00   3.8246654e-03  -7.4721455e-03  -2.7797448e-03
  -1.3683867e-02   1.9033036e-01   1.1013297e+00   4.5323672e-03  -6.6479134e-03  -1.8699954e-03
   4.1329960e-02   1.7170852e-01   1.0980911e+00   3.7970910e-03  -6.3558146e-03  -1.5482771e-03
   5.8047972e-02   3.1708972e-01   1.1283218e+00   4.7173982e-03  -6.7203441e-03  -5.1152998e-04
   2.3348176e-02   2.6734318e-01   1.1954616e+00   5.1098790e-03  -7.0255085e-03  -1.2130637e-03
  -4.4324059e-03   2.9028536e-01   1.2353638e+00   4.5374435e-03  -7.1027620e-03  -1.9367632e-03
  -4.9876155e-04   2.6554177e-01   1.2152840e+00   4.6524545e-03  -7.0739791e-03  -2.0936946e-03
  -2.3902399e-02   2.9664270e-01   1.2387432e+00   5.3153046e-03  -7.0183787e-03  -2.3784963e-03
  -6.4502079e-02   3.5813911e-01   1.2586446e+00   5.4719673e-03  -7.4637538e-03  -3.2132634e-03
   5.5841693e-03   2.4017759e-01   1.2878385e+00   4.9188619e-03  -6.5997109e-03  -2.0316791e-03
   2.1062435e-02   3.0758744e-01   1.2174481e+00   6.6648537e-03  -5.8878118e-03  -1.5660604e-03
   3.3606325e-02   3.5425045e-01   1.2064150e+00   6.4180448e-03  -6.6724092e-03  -1.1022591e-03
   2.2959144e-02   3.3823396e-01   1.2400391e+00   5.8877470e-03  -7.3140834e-03  -9.2349774e-04
  -3.9254723e-02   2.6600845e-01   1.3373291e+00   3.4743883e-03  -7.0127592e-03  -1.9573096e-03
  -2.2985334e-02   3.2755348e-01   1.3358043e+00   3.8310832e-03  -6.7688886e-03  -1.9224367e-03
   1.0906710e-01   6.2467053e-02   1.2604058e+00   3.8596578e-03  -6.5761925e-03   3.5532988e-04
   2.2646918e-01   1.1025110e-01   1.2115376e+00   3.9091994e-03  -6.0117784e-03   1.1982432e-03
   2.9703937e-01  -2.3473059e-01   1.1978055e+00   2.6382492e-03  -8.8786700e-03   8.4196576e-04
   2.4984265e-01  -1.3994834e-02   1.2563150e+00   3.9967370e-03  -8.1196381e-03   5.5869841e-04
   2.4825857e-01   8.9487932e-03   1.2517994e+00   4.7368752e-03  -7.6993519e-03   1.0342127e-03
   2.3710202e-01   1.0797535e-01   1.2870727e+00   3.3946136e-03  -7.6747081e-03   8.1460639e-04
   1.6317131e-01   1.2749606e-01   1.2691098e+00   4.2294758e-03  -7.9432119e-03   6.6775372e-06
   7.3645885e-02   2.0505832e-01   1.2905344e+00   4.3203697e-03  -8.4376378e-03  -1.4596283e-03
   5.7819856e-02   1.9057036e-01   1.3316232e+00   3.8379891e-03  -8.2765512e-03  -2.0567155e-03
   8.8233052e-02   1.1670607e-01   1.2546262e+00   3.6048814e-03  -7.5757460e-03  -1.7688700e-03
   5.4845495e-02   2.0201921e-01   1.2434666e+00   3.5299430e-03  -7.7289854e-03  -2.1392036e-03
   7.8006895e-02   2.2419540e-01   1.1618692e+00   5.4864919e-03  -6.2100084e-03  -1.4985764e-03
   1.3244747e-01   1.5042811e-01   1.1278933e+00   6.7841300e-03  -5.8118818e-03  -4.9341725e-04
   1.3495399e-01   2.3483799e-01   1.2134931e+00   5.5845917e-03  -5.6535314e-03  -2.3935127e-04
   5.7380668e-02   2.1611877e-01   1.2886986e+00   4.4482180e-03  -6.7521874e-03  -1.2216231e-03
   7.8715996e-02   1.4805421e-01   1.3199464e+00   4.3466954e-03  -6.4327631e-03  -7.8485433e-04
   1.6924226e-01   2.1717080e-01   1.3397160e+00   4.4702006e-03  -6.7740718e-03   3.5308728e-04
   1.7358676e-01   1.0680283e-01   1.3437359e+00   3.4080310e-03  -6.8884904e-03   4.2110023e-05
   1.3760117e-01   2.0825765e-01   1.3408151e+00   4.3754111e-03  -6.5211976e-03  -4.7242889e-04
   1.5005208e-01   1.9972660e-01   1.3519518e+00   4.2997127e-03  -6.4062407e-03  -3.4795007e-05
   1.5294847e-01   1.9284419e-01   1.3099699e+00   5.2009766e-03  -5.6835658e-03   1.5111061e-04
   1.8539037e-01   1.0813870e-01   1.2387594e+00   6.5681841e-03  -4.6726551e-03   1.0214764e-03
   1.3332032e-01   1.8131511e-01   1.3528776e+00   3.6752749e-03  -4.8173823e-03   5.5391624e-04
   6.6329094e-02   2.0141771e-01   1.4913329e+00   3.8412579e-03  -4.3844423e-03   7.2660198e-06
  -1.3040165e-02   2.6196446e-01   1.5282913e+00   3.3934291e-03  -5.5296958e-03  -1.6160575e-03
  -1.5835582e-02   2.2606112e-01   1.5423774e+00   2.5559890e-03  -5.0207441e-03  -1.8866662e-03
