   0.0000000e+00  -1.0261151e-14   7.1054274e-15   0.0000000e+00   0.0000000e+00  -5.4834270e-20
   2.6547946e-02   8.2317288e-02   1.7917676e-02  -1.2832843e-03   1.3835128e-04   3.9927395e-04
  -1.3947713e-02   3.6421901e-02  -6.7678871e-03  -4.9801397e-03   1.2439747e-04  -7.4201525e-04
   5.6139735e-03  -5.4590441e-02  -9.1017633e-02  -4.0934896e-03   5.5472897e-04  -3.9554973e-04
   1.7305128e-02  -6.7345791e-02  -8.6009375e-02  -4.3637825e-03  -1.0958249e-04  -5.0139898e-04
   5.1327717e-02  -1.2884763e-01  -1.1807417e-01  -3.8471402e-03  -8.3236716e-04  -2.8277153e-04
   3.3779574e-02  -5.9617722e-02  -1.1476032e-01  -5.0827249e-03  -2.1299820e-04  -6.5593871e-04
   2.7322973e-02  -3.2105338e-02  -1.2622237e-01  -5.4636101e-03  -4.2442170e-04  -6.3891830e-04
   1.8579689e-02  -6.3351436e-02  -1.7441556e-01  -4.1946789e-03  -1.5993243e-04  -6.9724087e-04
   3.1959643e-02   3.4167347e-03  -1.7370914e-01  -4.8284292e-03   1.8359751e-05  -5.4818770e-04
   3.6913824e-02  -5.9573237e-02  -1.7489446e-01  -5.4577565e-03  -1.4404265e-04  -5.2499074e-04
   4.1456157e-02  -4.8654151e-02  -1.7478417e-01  -4.9237269e-03   5.7967680e-05  -4.3273094e-04
   3.6687669e-02   4.5914885e-03  -1.7537719e-01  -5.1763037e-03  -4.3294111e-05  -3.7425068e-04
   3.6991235e-02  -5.7538255e-02  -1.9600257e-01  -5.2196128e-03  -1.4755017e-04  -5.9441914e-04
   3.8118662e-02  -4.2218751e-02  -2.3237122e-01  -3.1744015e-03  -5.7992778e-04  -6.0061286e-04
   5.5404361e-04  -5.9398668e-02  -1.7342152e-01  -4.7993024e-03   3.7020386e-04  -7.2122909e-04
  -2.3512618e-02   1.1777608e-02   3.5868366e-02  -5.4928626e-03   1.6481981e-04  -9.2841376e-04
  -3.0688439e-02  -1.2298554e-01   6.9680117e-03  -4.8391518e-03   1.9618349e-04  -1.0076072e-03
  -1.3012602e-02   3.7593634e-02  -2.5706339e-02  -5.4999386e-03   1.3365599e-04  -8.1378869e-04
  -1.2758289e-02  -7.4471647e-02  -3.7473166e-02  -4.5709902e-03   1.2778200e-04  -8.9238345e-04
  -5.9448710e-03  -7.7788027e-02  -8.3019951e-02  -4.5641871e-03   3.0008305e-04  -8.0232341e-04
   8.4147447e-03  -2.3030683e-02  -5.6957034e-02  -5.1848294e-03  -1.2449253e-05  -5.3920892e-04
   1.3680191e-02   1.0719830e-02  -3.8035204e-02  -4.6775989e-03   1.7041336e-04  -6.4862056e-04
   2.7022649e-02  -1.5838915e-02  -4.0641732e-02  -4.5884381e-03   1.3960042e-04  -4.5740270e-04
   2.5551354e-02  -9.3119403e-02  -3.5637677e-02  -4.2048411e-03   1.4637139e-04  -3.9955405e-04
   2.9605149e-02  -1.0589657e-02  -5.1139302e-02  -3.3976141e-03   6.8389277e-05  -5.1213179e-04
   4.0390466e-02  -3.6317094e-02  -2.0240175e-02  -4.4270131e-03   1.6629145e-05  -4.1085936e-04
   4.1812471e-02  -5.5979517e-02  -2.0248233e-02  -4.2583039e-03   1.7089460e-05  -3.1424429e-04
   5.2488843e-02  -8.9528641e-02  -5.0823697e-02  -2.7270302e-03   2.0665999e-04  -4.3682217e-04
   4.8425529e-02   3.2757720e-02  -1.6918596e-02  -2.8477439e-03   3.2135161e-04  -2.8542751e-04
   5.5749538e-02  -2.8850663e-02  -5.9917519e-03  -4.0934373e-03   3.3369051e-04  -1.6386886e-04
   6.4155692e-02  -6.6041914e-02  -3.7538333e-02  -4.6233069e-03   3.8132273e-05  -1.9178466e-05
   5.1402540e-02  -3.9544134e-02  -7.1652179e-02  -4.0131814e-03   2.4129500e-04  -1.6592819e-04
   4.7969191e-02   2.4536597e-02  -5.6048637e-02  -3.6382128e-03   2.0741337e-04  -2.2368248e-04
   6.4737955e-02  -3.9842564e-02   2.5858093e-03  -4.4997601e-03   9.9894626e-05  -6.0284710e-05
   5.2322493e-02  -4.7921670e-02   2.4175030e-02  -4.3500217e-03   1.5076137e-04  -4.1815202e-05
   2.7989187e-02  -8.5137005e-02   1.1993865e-02  -4.4457720e-03  -1.0801685e-04  -2.4414922e-04
   1.9585574e-02   8.6845592e-02   3.7841939e-02  -5.2221851e-03   5.8691260e-05  -3.9648988e-04
   1.8224122e-02  -1.0421462e-01   4.0731702e-02  -4.2675768e-03   2.3624147e-04  -2.5989638e-04
   3.4598062e-02  -2.6604013e-02   4.5344492e-02  -3.9529701e-03   1.9901490e-04  -1.6436761e-04
   5.5543984e-02   7.6351017e-02   2.6680217e-02  -3.6280473e-03   4.4595797e-05  -3.0373995e-04
   4.2652411e-02  -1.9182381e-01   2.2804575e-02  -3.0914803e-03   3.1189396e-04  -2.3080754e-04
   6.5506629e-02   2.5870356e-02   1.5523398e-02  -2.8063124e-03   1.4220829e-04  -1.4632109e-04
   5.2878300e-02  -3.9068982e-02   3.8411022e-02  -3.6637595e-03   3.4085922e-04   6.6907976e-05
   5.2475642e-02  -1.6740345e-02   1.6724981e-02  -3.6918367e-03   3.2255566e-04   2.8716295e-04
   5.3368300e-02  -6.7246836e-03  -2.8977057e-02  -3.4032285e-03   3.0595646e-04   2.1340589e-04
   5.2548002e-02   1.6643998e-02   6.6511649e-03  -4.4480053e-03   1.2546129e-04   1.5866912e-04
   7.4647668e-02   5.6560131e-03  -2.6571949e-02  -3.3668425e-03   2.3850812e-04   2.9567194e-04
   5.9947251e-02   1.7258794e-02  -4.4629293e-03  -3.5151985e-03   4.3786307e-04   2.5992883e-04
   6.5269134e-02  -1.0787724e-02   7.7997990e-03  -4.1177376e-03   2.9797605e-04   3.2384414e-04
   5.9364301e-02  -4.0202361e-02  -2.6403909e-04  -4.1107714e-03   3.2439332e-04   2.8416057e-04
   5.6924999e-02  -1.7429840e-02   1.1066678e-04  -3.9353461e-03   2.3425341e-04   3.1676344e-04
   4.0843136e-02   5.1434335e-02  -4.1856384e-03  -4.0117832e-03   6.3441212e-04   1.9969373e-04
   5.0721038e-02  -1.9259634e-02  -5.4956250e-02  -2.7724591e-03   4.4354672e-04   2.6135918e-04
   3.8649348e-02   1.7061645e-02  -8.5407778e-02  -1.9415592e-03   6.7396363e-04   5.3124143e-04
   5.6796990e-02   8.2903443e-03   1.3587365e-02  -3.7012106e-03   1.0302286e-03   7.6051002e-04
   5.1730657e-02   3.0651648e-02   4.4705688e-02  -3.9199688e-03   1.0063167e-03   7.5563039e-04
   4.9332503e-02   2.1350051e-03   3.4313214e-02  -3.7499986e-03   1.0130747e-03   6.8840705e-04
   5.2125157e-02  -1.4042415e-02   2.4552395e-02  -3.5607059e-03   9.9905405e-04   6.3461869e-04
   4.3572110e-02  -4.2355357e-03   3.3268988e-02  -3.2014646e-03   9.2139921e-04   6.0543502e-04
   4.8606694e-02   1.8992380e-02   4.3661767e-02  -2.9817028e-03   1.1686996e-03   6.1914786e-04
   4.8073710e-02  -1.7316128e-02   5.5965187e-02  -2.7235723e-03   1.2517947e-03   6.9652508e-04
   6.6054089e-02   1.4467465e-02   4.2277697e-02  -2.2852707e-03   1.1124462e-03   8.1241563e-04
   6.0076658e-02   4.8017810e-03   4.8607045e-02  -2.1703094e-03   1.4568798e-03   8.4624723e-04
   7.1040459e-02   1.3876058e-02   3.5669966e-02  -2.1992668e-03   1.4266440e-03   1.0420826e-03
   7.0919891e-02   2.0977239e-02   7.3844765e-02  -2.2302875e-03   1.4106493e-03   1.1916190e-03
   6.1576826e-02   3.0338034e-02   4.3672640e-02  -2.5435044e-03   1.2869120e-03   1.0278750e-03
   6.0860904e-02   2.7175343e-02   5.0767567e-02  -2.6502051e-03   1.2459833e-03   9.4743851e-04
   6.3659767e-02   1.5107467e-02   1.2197650e-02  -1.3398990e-03   1.4234399e-03   9.1033443e-04
   4.9531543e-02  -6.8235043e-03   5.9579655e-02  -2.7648790e-03   1.4242823e-03   1.0046430e-03
   5.3374736e-02  -2.1711466e-02   2.9301915e-02  -2.0269651e-03   1.8114695e-03   9.8282661e-04
   5.7041344e-02   8.5647523e-02   1.1743728e-02  -2.3095346e-03   1.6143995e-03   1.0598739e-03
   3.0015695e-02   4.3198383e-02   2.5934793e-01  -4.7336983e-03   1.5884424e-03   3.7958635e-04
   4.7443954e-02  -3.4851463e-02   5.4073074e-01  -5.9781048e-03   5.5588966e-04   4.0852232e-05
   8.7525981e-02  -6.5703769e-02   4.1625882e-01  -4.6316490e-03   1.0786913e-03   3.8832200e-04
   6.7121229e-02  -5.7965207e-02   4.1602600e-01  -3.5442978e-03   1.6627037e-03   7.8980919e-04
   6.1535379e-02  -5.7105517e-02   3.8811463e-01  -3.7487058e-03   1.7962356e-03   6.6521980e-04
   3.5040160e-02  -4.8852928e-02   3.5566175e-01  -2.9758923e-03   1.9382800e-03   6.5930749e-04
   3.8387765e-02  -7.0583924e-02   3.0202569e-01  -2.4421866e-03   1.7448693e-03   5.3752083e-04
   3.6190604e-02  -1.8547782e-02   2.5040651e-01  -1.6901834e-03   1.6292503e-03   5.0938975e-04
   3.1500665e-02  -4.4925601e-02   3.4476474e-01  -2.5730742e-03   2.3435325e-03   3.3163462e-04
   4.1569147e-02  -2.9458116e-02   3.7312640e-01  -2.4365926e-03   2.5515983e-03   6.9474583e-04
   5.8339212e-02  -5.5526415e-02   3.0044468e-01  -1.7539290e-03   2.7280390e-03   7.8068618e-04
   4.9550017e-02  -4.6093055e-02   3.8020926e-01  -1.6006219e-03   2.8094342e-03   1.0957957e-03
   3.7606445e-02  -4.9894605e-02   3.4349778e-01  -1.0440729e-03   3.1399332e-03   1.2550775e-03
   5.2550968e-02   2.3419545e-02   3.2185198e-01  -1.0472570e-03   2.6562853e-03   1.4105935e-03
   5.1440081e-02  -9.7790586e-03   3.3220472e-01  -5.7165274e-04   2.9224230e-03   1.3695553e-03
   5.2921444e-02   1.2220516e-02   3.5372907e-01  -5.7194527e-04   3.0650533e-03   1.5109611e-03
   4.5153937e-02   8.7432207e-03   3.7645964e-01  -2.5680595e-04   3.2522683e-03   1.4425602e-03
   2.7982114e-02  -3.1182343e-02   4.0667192e-01  -1.8910978e-04   3.1783758e-03   1.4137987e-03
   1.9334884e-02  -1.4380997e-02   3.8625579e-01  -3.6008150e-04   3.2205143e-03   1.3755617e-03
   3.0958056e-02   4.7595326e-02   3.6375558e-01   5.0829910e-04   3.3897677e-03   1.4254541e-03
   4.9348137e-02  -1.0752180e-02   2.0467037e-01  -2.5575989e-05   3.2529182e-03   1.5505890e-03
   5.4217443e-02  -5.0619853e-02   1.8644965e-01   3.3035094e-04   2.6253288e-03   1.4999678e-03
   5.7078120e-02  -1.4593323e-02   1.7957740e-01   1.5935077e-03   2.8972546e-03   1.2934309e-03
   8.8259449e-02   6.5859027e-02   2.2355819e-01   4.8604252e-04   3.5835805e-03   1.7482384e-03
   1.1211152e-01  -6.4706600e-04   2.5788048e-01   1.0775181e-03   3.9504174e-03   2.0670602e-03
   9.2461876e-02  -1.2616161e-02   2.7614273e-01   1.3657464e-03   3.8532556e-03   2.1366148e-03
   8.9847242e-02   7.9166246e-02   3.6850023e-01   1.6305849e-03   4.1611303e-03   2.1263683e-03
   7.5228631e-02   4.6382138e-04   3.9349442e-01   1.5708348e-03   4.1115263e-03   2.1263082e-03
   7.2013971e-02   2.8931199e-02   3.9152056e-01   2.9554499e-03   4.2384301e-03   1.9296013e-03
   6.5125343e-02   1.5636878e-03   4.3026842e-01   3.1248070e-03   4.5536122e-03   2.0795185e-03
   5.7371157e-02   4.4068218e-02   5.0897776e-01   3.3712087e-03   4.8432183e-03   2.1844648e-03
   5.9530000e-02  -6.8092183e-03   5.2460215e-01   3.4352693e-03   4.8626054e-03   2.1695479e-03
   4.6673577e-02  -2.0914579e-02   5.3544247e-01   3.4973292e-03   5.0008115e-03   2.0273855e-03
   3.6879969e-02   2.7562855e-03   5.3098720e-01   3.4171658e-03   4.9826461e-03   2.0371492e-03
   4.0365831e-02   3.6741935e-01   7.5138263e-01   4.4227856e-03   4.6074942e-03   1.8360042e-03
   3.0311133e-02  -2.4570344e-01   9.7604796e-01   4.7531104e-03   4.8418654e-03   1.6334622e-03
  -1.6001543e-02  -2.3884506e-01   9.4648577e-01   6.0988475e-03   5.7565465e-03   1.6143400e-03
  -6.5694420e-04  -2.1878077e-02   9.8092953e-01   5.9291721e-03   6.1968219e-03   2.1335977e-03
   1.0654286e-02  -2.8514544e-02   9.6510381e-01   6.6677572e-03   6.2162874e-03   2.2498991e-03
   2.5247445e-02  -7.4834306e-02   9.2997276e-01   7.2471776e-03   6.3346415e-03   2.5017522e-03
   3.9949529e-02  -6.4591942e-03   9.5072634e-01   6.2804352e-03   6.5705514e-03   2.4339155e-03
   5.3797841e-02  -8.4175940e-02   9.1397321e-01   6.7530510e-03   6.1655967e-03   2.7624136e-03
   3.3982855e-02  -7.9887965e-02   9.0354469e-01   6.5985970e-03   6.1993132e-03   2.7305041e-03
   4.7598233e-02  -4.0698000e-02   8.6672758e-01   5.5319263e-03   6.3359311e-03   2.3882903e-03
   3.5176618e-02  -9.3125587e-02   9.1516448e-01   5.3786149e-03   6.3947786e-03   2.4413717e-03
   2.6656741e-02  -7.3096337e-02   9.3890584e-01   6.4299356e-03   6.7074390e-03   2.2492036e-03
   4.3820970e-02  -1.8972120e-02   6.7929060e-01   6.4880333e-03   7.0080980e-03   3.0239932e-03
   6.5549653e-02  -1.9081175e-01   6.1903366e-01   4.2735913e-03   7.3252325e-03   2.9786945e-03
   6.6993786e-02   1.3447529e-01   9.2548454e-01   2.5870877e-03   7.4433321e-03   2.6469199e-03
   4.4861931e-02  -2.8404310e-02   1.0074350e+00   1.1391646e-03   6.8028574e-03   2.8703627e-03
   5.2806113e-02  -7.6916767e-02   9.7563665e-01   1.9705983e-03   6.6958654e-03   2.9244448e-03
   3.3318705e-02  -5.7497934e-02   1.1095575e+00   2.1418208e-03   7.3588125e-03   2.8185249e-03
   6.1382124e-02  -5.7122080e-02   1.1827492e+00   3.6842881e-03   7.4069048e-03   3.0706909e-03
   5.8348466e-02  -1.2415438e-01   1.2820096e+00   5.6477062e-03   8.3558166e-03   3.5437701e-03
   6.7029672e-02  -3.8050605e-02   1.3196784e+00   6.6477846e-03   8.8719693e-03   4.2350583e-03
   9.4959037e-02  -6.1947655e-02   1.4069972e+00   5.6725183e-03   9.0494502e-03   4.5125884e-03
   1.0240233e-01  -8.6009691e-02   1.4159425e+00   6.0361819e-03   9.5209646e-03   4.6347542e-03
   1.1315238e-01  -8.2260972e-02   1.4214920e+00   6.8075079e-03   9.3902878e-03   4.9664601e-03
   1.1205646e-01  -1.1094782e-01   1.4440828e+00   6.6262981e-03   9.5788990e-03   4.7818418e-03
   1.1093633e-01  -1.0114545e-01   1.4134380e+00   7.1292375e-03   9.8934799e-03   5.2500554e-03
   8.7901732e-02  -2.3869183e-02   1.3218912e+00   9.6730511e-03   1.0437454e-02   4.9451643e-03
   7.6488956e-02  -6.6503304e-02   1.3984727e+00   7.3442856e-03   1.0625695e-02   5.1031584e-03
   6.3989554e-02  -8.2172843e-02   1.4379957e+00   6.2447733e-03   1.0538820e-02   5.1551511e-03
   7.7354076e-02  -8.2302717e-02   1.4202143e+00   7.3727333e-03   1.0251625e-02   5.3744344e-03
   1.3178658e-01  -1.2776488e-02   1.4509874e+00   6.9812201e-03   1.0209559e-02   4.8894591e-03
   5.3503735e-02  -3.1145362e-01   1.3740265e+00   5.3984663e-03   1.0316396e-02   4.2566812e-03
  -2.2454862e-02   4.9743616e-02   1.7071123e+00   2.8922158e-03   1.0690941e-02   3.8153618e-03
  -4.9510207e-03  -2.6326132e-01   1.3516507e+00   4.8632565e-03   1.2261573e-02   3.6523087e-03
   3.2959486e-03  -8.7749680e-02   1.3648832e+00   6.3173482e-03   1.2885704e-02   3.6593332e-03
  -8.1458431e-03  -1.0243656e-01   1.3826818e+00   5.5757583e-03   1.3010325e-02   3.5664842e-03
  -1.5067580e-02  -3.5949941e-02   1.3478069e+00   6.5694040e-03   1.2779724e-02   3.5023764e-03
  -3.3170146e-02  -1.4954769e-01   1.4140594e+00   6.1710001e-03   1.3200982e-02   3.4899870e-03
  -5.6795721e-02  -2.7610857e-02   1.4161302e+00   6.8623912e-03   1.3216615e-02   3.2148332e-03
  -7.9328430e-02  -2.3927210e-02   1.4220966e+00   6.3896886e-03   1.4065293e-02   2.9586422e-03
  -7.9211525e-02  -4.9605296e-02   1.4105797e+00   6.1629311e-03   1.3613314e-02   2.9280706e-03
  -1.3087472e-01  -1.0269713e-01   1.3574248e+00   5.1916822e-03   1.3824573e-02   2.4298715e-03
  -9.8979392e-02  -1.2394377e-01   1.3321582e+00   4.8312377e-03   1.3385049e-02   2.7298154e-03
  -8.4205105e-02  -1.1613501e-01   1.3350840e+00   5.3495647e-03   1.3740921e-02   2.9688685e-03
  -7.8380126e-02   2.0896931e-02   1.3305575e+00   5.7356099e-03   1.3826712e-02   3.0272445e-03
  -7.3971761e-02  -1.0038783e-01   1.3309746e+00   5.9101987e-03   1.4092364e-02   3.1196951e-03
  -8.3903162e-02  -8.2480378e-02   1.3522064e+00   5.9981060e-03   1.4098714e-02   3.0833429e-03
  -6.6600902e-02  -5.5496775e-02   1.3240651e+00   6.7880540e-03   1.4365740e-02   3.2251571e-03
  -5.9265386e-02  -5.7741614e-02   1.3209699e+00   7.2131006e-03   1.4496204e-02   3.3753891e-03
  -4.7756985e-02  -5.6391011e-03   1.2907520e+00   6.5088181e-03   1.4453420e-02   3.4210828e-03
  -5.2657604e-02  -4.7384035e-02   1.2952752e+00   6.1009759e-03   1.4538458e-02   3.5704147e-03
  -4.1464000e-02  -3.8133735e-02   1.1840772e+00   7.5548246e-03   1.4358917e-02   3.7486134e-03
  -4.4803219e-02   4.2652702e-03   1.1113887e+00   7.9761348e-03   1.4006637e-02   4.1154128e-03
  -5.0501185e-02   6.7427845e-03   1.1643388e+00   5.9909491e-03   1.4620215e-02   3.7953297e-03
  -5.9097101e-02  -6.3132389e-02   1.1939448e+00   7.0229117e-03   1.4754582e-02   3.6231669e-03
  -4.7213016e-02  -2.9309284e-02   1.2274462e+00   6.5772309e-03   1.4819639e-02   3.7229701e-03
  -5.6522071e-02  -1.4271967e-02   1.2595956e+00   6.6697149e-03   1.5083975e-02   3.7951971e-03
  -5.0841401e-02  -3.8516031e-02   1.2743660e+00   7.0769186e-03   1.5269825e-02   3.7421331e-03
  -4.9127032e-02  -3.8652307e-02   1.2510418e+00   7.5689459e-03   1.5194065e-02   3.8966050e-03
  -4.4823197e-02   2.5605109e-02   1.2298678e+00   7.2543064e-03   1.5199880e-02   3.8727731e-03
  -3.5959925e-02  -1.2153876e-02   1.1949803e+00   7.5283683e-03   1.5380192e-02   4.3556576e-03
  -4.5800440e-02  -2.7456815e-03   1.1943149e+00   7.5219526e-03   1.5745837e-02   4.3575719e-03
  -5.5607901e-02  -8.9988042e-03   1.2189472e+00   7.4332854e-03   1.5506453e-02   4.3464701e-03
  -4.5027884e-02   5.7315807e-02   1.1891697e+00   8.0019032e-03   1.5855001e-02   4.4642163e-03
  -5.9255204e-02   6.7156498e-02   1.1022175e+00   6.8781409e-03   1.5660289e-02   4.2310122e-03
   2.8756933e-02  -1.0083972e-03   1.2629269e+00   5.6489167e-03   1.4617433e-02   6.0660425e-03
   1.5601697e-01   1.4956668e-01   1.5650523e+00   5.4066659e-03   1.7555938e-02   1.0534010e-02
   2.5355860e-01   2.7709500e-01   1.5807345e+00   6.8665030e-03   1.6800039e-02   1.0765134e-02
   1.6619585e-01   1.5023816e-01   1.7583649e+00   5.4883870e-03   1.6630653e-02   8.2883160e-03
   1.9007765e-01   1.6220840e-01   1.7086839e+00   6.1812702e-03   1.6617151e-02   7.6162893e-03
   1.9477403e-01   1.8528178e-01   1.6377814e+00   5.7578317e-03   1.6115939e-02   7.1295484e-03
   1.8743173e-01   2.0707913e-01   1.7135973e+00   6.1029982e-03   1.5375815e-02   7.1442180e-03
   1.8612546e-01   1.9540883e-01   1.7121539e+00   5.9356195e-03   1.5305576e-02   6.7340822e-03
   2.3346116e-01   1.9040650e-01   1.7193207e+00   6.0331517e-03   1.4962493e-02   7.0815939e-03
   2.2471460e-01   1.9733673e-01   1.6968192e+00   5.9732978e-03   1.4699842e-02   6.6203330e-03
   2.2576863e-01   9.4164868e-02   1.7584041e+00   4.8885298e-03   1.4793031e-02   6.8605138e-03
   2.2293349e-01   2.0711860e-01   1.7449219e+00   5.1587292e-03   1.4962410e-02   6.5368861e-03
   2.1345778e-01   1.7089678e-01   1.6548191e+00   6.2137629e-03   1.4802089e-02   5.9860212e-03
   2.2428700e-01   1.1126633e-01   1.5724102e+00   5.0924422e-03   1.4847077e-02   5.0811144e-03
   2.5127300e-01   2.8613447e-01   1.5416716e+00   5.5043391e-03   1.5461232e-02   4.8535082e-03
   3.0415117e-01   1.8772637e-01   1.5661378e+00   4.3049660e-03   1.5175818e-02   5.4027382e-03
   2.7715271e-01   1.6968151e-01   1.6955467e+00   3.9014236e-03   1.5445837e-02   5.4009370e-03
   2.6786660e-01   1.1138874e-01   1.6343470e+00   5.7292062e-03   1.5451904e-02   6.2267421e-03
   2.2495110e-01   2.9879387e-01   1.9030260e+00   2.3107927e-03   1.5072180e-02   5.6184489e-03
   2.8449552e-01   8.8284744e-02   1.8725504e+00   3.7241502e-03   1.5198379e-02   5.9063031e-03
   3.2882657e-01   1.7530515e-01   1.8003169e+00   4.7840433e-03   1.5071583e-02   6.4772599e-03
   3.6429416e-01   1.8740734e-01   1.8411872e+00   4.4222850e-03   1.5512876e-02   6.4689262e-03
   3.5072320e-01   1.1504866e-01   1.8496689e+00   3.2934189e-03   1.5410712e-02   6.4307575e-03
   3.2762468e-01   1.1403671e-01   1.8647093e+00   3.0152426e-03   1.5314225e-02   6.7261613e-03
   3.4684391e-01   2.2195756e-01   1.7806177e+00   4.0433363e-03   1.5594457e-02   6.5674391e-03
   3.3239626e-01   1.4293247e-01   1.7355750e+00   4.3290476e-03   1.5616896e-02   6.7352428e-03
   3.4121311e-01   2.2097006e-01   1.7298557e+00   4.5582045e-03   1.6156711e-02   6.5208081e-03
   2.5515971e-01   4.2836707e-01   1.7883438e+00   7.2853118e-03   1.2422535e-02   6.3066712e-03
   1.7049853e-01  -2.5095898e-01   2.1012276e+00   9.9737225e-03   1.1599156e-02   2.8917187e-03
   1.7512622e-01  -5.6987249e-02   2.1615950e+00   7.7311860e-03   1.1845500e-02   2.5983970e-03
   1.9586862e-01   2.2562665e-01   2.2768348e+00   6.5699603e-03   1.2666460e-02   2.9943316e-03
   1.7998310e-01   1.1748722e-01   2.3688498e+00   5.7490156e-03   1.3341568e-02   2.5406829e-03
   2.1048810e-01   1.4989475e-01   2.2731697e+00   6.9896238e-03   1.4454621e-02   2.9979454e-03
   2.1826931e-01   8.4604834e-02   2.3558200e+00   6.3218834e-03   1.4586275e-02   3.1026519e-03
   2.5221230e-01   1.5974797e-01   2.2898410e+00   6.5074962e-03   1.5107267e-02   3.2887096e-03
   2.6070732e-01   7.1840117e-02   2.2247695e+00   6.4548607e-03   1.5198270e-02   3.5469459e-03
   2.6938797e-01   1.8925905e-01   2.1295343e+00   7.4720727e-03   1.5182672e-02   3.5876350e-03
   2.7273724e-01   1.5926735e-01   2.0973899e+00   7.9923649e-03   1.5532904e-02   3.7817138e-03
   2.5074451e-01   1.0975349e-01   2.1129862e+00   6.9928148e-03   1.5289765e-02   3.8095351e-03
