   0.0000000e+00  -9.9219476e-15   0.0000000e+00   0.0000000e+00   0.0000000e+00   1.3628907e-20
   2.4953990e-02   6.3128435e-03  -2.7481452e-03   6.3545849e-05   4.0484793e-04   4.0898184e-05
   3.3860000e-02  -1.5628971e-02   1.8232963e-02   9.6418661e-05   2.2208225e-04  -3.1023538e-05
   4.4668374e-02   5.9512964e-02   2.2801465e-02  -1.3094288e-04   3.7363174e-04   7.9098989e-05
   4.6543841e-02  -1.2695120e-02   3.6381263e-02  -3.4518447e-04   6.2546858e-04   4.3792026e-04
   5.8787891e-02  -3.2876146e-02   4.6919576e-02  -4.6092620e-04   6.6408708e-04   5.1885037e-04
   4.8544900e-02   1.3010080e-02   4.5084337e-02  -8.3968528e-04   8.7937096e-04   4.0473598e-04
   6.1166291e-02   1.7040364e-02   5.9787429e-02  -1.0368321e-03   9.6881960e-04   5.7301926e-04
   6.0352900e-02  -7.8730101e-02   9.2650388e-02  -6.1125743e-04   8.2239719e-04   6.0288792e-04
   5.7367303e-02  -1.6039932e-02   1.0301863e-01  -9.2924186e-04   8.8036566e-04   5.9442361e-04
   6.9426134e-02   5.5207627e-02   1.0065412e-01  -1.4361743e-03   7.7440651e-04   7.4068844e-04
   7.2339830e-02  -6.4562455e-03   1.2377128e-01  -1.5093847e-03   5.2097610e-04   7.0278137e-04
   6.4857643e-02  -9.2785303e-03   1.4841640e-01  -1.6390981e-03   8.5271963e-04   7.2844899e-04
   6.8521602e-02   4.5119196e-02   1.3808404e-01  -1.8415971e-03   7.8325749e-04   7.7116867e-04
   8.4192511e-02   6.0837543e-02   1.4946020e-01  -1.9642260e-03   9.6382918e-04   9.8555370e-04
   9.0785766e-02   4.3366735e-02   2.0721989e-01  -2.7392983e-03   9.6155709e-04   9.6637208e-04
   9.1336708e-02   5.4977287e-02   2.2732478e-01  -2.9376938e-03   8.4479674e-04   9.0028136e-04
   9.1303041e-02   1.4265626e-01   2.2191099e-01  -2.9516799e-03   1.3202694e-03   1.0783039e-03
   9.3400040e-02   1.2961824e-01   2.3455817e-01  -3.3208278e-03   1.3229687e-03   1.1121193e-03
   9.1544010e-02   8.8195597e-02   2.4594988e-01  -3.2921809e-03   1.1030232e-03   9.6342026e-04
   9.5655031e-02   7.4978149e-02   2.5562959e-01  -3.3228882e-03   1.1741211e-03   8.1173835e-04
   1.0495532e-01   1.5819916e-01   2.3031629e-01  -3.4410200e-03   9.5909037e-04   8.0616205e-04
   9.2086009e-02   7.3590466e-02   2.6140056e-01  -3.1260418e-03   9.5918535e-04   4.9536748e-04
   9.1349632e-02   8.1767380e-02   2.6880441e-01  -3.2369477e-03   1.2680069e-03   5.5270391e-04
   9.9569266e-02   1.2702038e-01   2.5418534e-01  -3.5801477e-03   1.2282248e-03   5.7716000e-04
   9.4579923e-02   1.0107155e-01   2.4507324e-01  -3.6116622e-03   1.2228842e-03   7.4335392e-04
   9.2279311e-02   8.6779143e-02   2.5659236e-01  -3.5302731e-03   1.0603032e-03   6.6815380e-04
   8.7890649e-02   6.9004967e-02   2.5928624e-01  -3.5972173e-03   1.2731306e-03   6.0820022e-04
   1.0346098e-01   1.9543569e-01   2.4657940e-01  -3.9403024e-03   1.2440959e-03   8.2416594e-04
   9.9715994e-02   1.2518838e-01   2.4870244e-01  -4.1458620e-03   1.3546060e-03   1.0857413e-03
   9.6093910e-02   5.9054170e-02   2.8866706e-01  -3.6217660e-03   1.4199343e-03   1.0140573e-03
   1.2198258e-01   1.8200597e-01   2.6062066e-01  -4.0512001e-03   1.3300734e-03   1.3416054e-03
   1.1302196e-01   1.0984351e-01   2.7145592e-01  -4.0950123e-03   1.3125976e-03   1.1786279e-03
   1.1419681e-01   9.8160352e-02   2.6526168e-01  -4.1680023e-03   1.3385097e-03   1.2519216e-03
   1.2918368e-01   2.1519094e-02   1.6545487e-01  -3.1465808e-03   1.1072244e-03   1.5783791e-03
   1.6507314e-01   2.3220679e-01   1.6646278e-01  -2.9362504e-03   2.4686535e-04   2.3565946e-03
   1.3506493e-01   2.2103884e-02   2.5078199e-01  -3.7343256e-03   1.0199564e-03   1.5721377e-03
   1.3800584e-01   1.2847467e-01   2.8625682e-01  -4.0699150e-03   1.1644183e-03   1.6083632e-03
   1.2800890e-01   1.2362591e-01   3.1443365e-01  -4.4334409e-03   1.1494328e-03   1.5394327e-03
   1.1759093e-01   9.4061399e-02   3.1947099e-01  -4.6598755e-03   1.2972956e-03   1.2398830e-03
   1.0471988e-01   1.0566924e-01   2.7406752e-01  -4.4132149e-03   1.4196309e-03   1.1349120e-03
   1.0795868e-01   1.8496587e-01   2.8471947e-01  -4.6675542e-03   1.2026062e-03   1.0730454e-03
   1.1462635e-01   1.3949488e-01   2.7327831e-01  -4.7250469e-03   1.3637082e-03   1.0934317e-03
   1.2620256e-01   1.2131452e-01   2.8391411e-01  -4.3179857e-03   1.3243856e-03   1.0790322e-03
   1.5701092e-01   2.1635927e-01   2.5244413e-01  -4.6055844e-03   1.0330775e-03   1.4384443e-03
   1.3682995e-01   1.0899229e-01   3.0867466e-01  -4.9622754e-03   9.5756044e-04   1.3441251e-03
   1.3582083e-01   1.1337496e-01   3.2277052e-01  -4.6807052e-03   9.5646162e-04   1.2655420e-03
   1.7816124e-01   2.2677612e-01   3.0488592e-01  -4.9640259e-03   8.2318676e-04   1.6510994e-03
   1.6821367e-01   1.4010589e-01   3.4778192e-01  -5.2259042e-03   7.5669815e-04   1.5010791e-03
   1.6557285e-01   1.0140578e-01   3.6471375e-01  -4.7943931e-03   8.6002708e-04   1.4318591e-03
   1.8191378e-01   2.1595414e-01   3.3788052e-01  -5.0785525e-03   7.6293674e-04   1.6762998e-03
   1.6545336e-01   1.1277984e-01   3.7850341e-01  -5.5322667e-03   8.4103701e-04   1.4992072e-03
   1.6471321e-01   1.1843504e-01   3.7938639e-01  -5.1901514e-03   8.7481639e-04   1.4113870e-03
   1.8019606e-01   2.2939447e-01   3.7608096e-01  -5.5664191e-03   7.8468711e-04   1.4681777e-03
   2.0103228e-01   1.8611657e-01   3.5606000e-01  -5.4935955e-03   5.3181379e-04   1.5912814e-03
   2.0944058e-01   1.5428428e-01   3.8921001e-01  -5.9189560e-03   5.0374564e-04   1.5818151e-03
   2.0332100e-01   1.5262131e-01   3.8852540e-01  -5.4628977e-03   5.7262379e-04   1.5011404e-03
   2.0843199e-01   2.1460216e-01   3.7424249e-01  -5.6528474e-03   7.1407704e-04   1.5976374e-03
   2.0906153e-01   1.7221233e-01   4.0423939e-01  -5.7361144e-03   6.5095611e-04   1.6862845e-03
   2.0504999e-01   1.3628522e-01   4.3270455e-01  -5.4193996e-03   6.6767502e-04   1.6961985e-03
   2.1800985e-01   2.1817580e-01   4.1322557e-01  -5.5936879e-03   4.0013478e-04   1.7017599e-03
   2.2033619e-01   1.5802669e-01   4.0497226e-01  -5.6013653e-03   3.8943436e-04   1.7929232e-03
   2.1529681e-01   1.5257847e-01   4.3581403e-01  -5.6762097e-03   3.1619818e-04   1.8036935e-03
   2.1426221e-01   2.3756787e-01   4.2957362e-01  -5.8762482e-03   3.1305997e-04   1.7814673e-03
   2.2068035e-01   1.8544352e-01   4.3007319e-01  -5.5450547e-03   8.5072950e-05   1.9179520e-03
   2.1564036e-01   1.8374661e-01   4.5979603e-01  -5.7859512e-03   2.7932722e-04   1.8663333e-03
   2.1861765e-01   2.4020636e-01   4.1670356e-01  -5.7211271e-03   3.8020285e-04   1.8785110e-03
   2.0734496e-01   1.9656276e-01   4.4778075e-01  -6.3070244e-03   7.7741360e-06   1.8088386e-03
   1.9967967e-01   1.8764998e-01   4.9315118e-01  -6.5428853e-03  -2.2897515e-05   1.7136741e-03
   2.0838514e-01   2.5967767e-01   4.5422249e-01  -6.4773888e-03   7.9592954e-06   1.7381887e-03
   2.0397304e-01   2.5924310e-01   4.4625087e-01  -6.6343169e-03   1.0121246e-05   1.7653546e-03
   2.0851430e-01   2.3223262e-01   4.5442595e-01  -6.6999912e-03   1.7472039e-04   1.8763119e-03
   2.0683109e-01   1.9436482e-01   4.4385945e-01  -6.6471334e-03  -6.7868457e-05   1.7729065e-03
   2.0937313e-01   2.8276222e-01   4.4015012e-01  -6.9148977e-03  -6.0770068e-05   1.6162055e-03
   2.1859975e-01   2.0509953e-01   4.3347616e-01  -6.5661666e-03   4.9870963e-05   1.8767076e-03
   2.1298853e-01   1.5230747e-01   4.6679778e-01  -6.1874904e-03   5.5307392e-05   1.9787751e-03
   2.1302177e-01   2.9641858e-01   4.5154967e-01  -6.3819280e-03   1.1854479e-04   1.8440116e-03
   2.1260908e-01   2.2111666e-01   4.8307155e-01  -6.7295804e-03  -7.5965341e-05   1.9226590e-03
   2.0586728e-01   2.1041153e-01   4.8283870e-01  -6.5719849e-03   7.3408095e-05   1.8574524e-03
   2.2092309e-01   2.7013911e-01   4.3824068e-01  -6.2313634e-03   7.8405168e-05   2.0384808e-03
   2.2086262e-01   2.3312122e-01   4.3494351e-01  -6.1875748e-03   1.6779219e-04   1.9777693e-03
   2.2023451e-01   2.2222630e-01   4.8950356e-01  -6.4255137e-03   2.3942957e-04   1.9964924e-03
   2.1902394e-01   1.4526990e-01   4.1083986e-01  -5.9201020e-03   4.7270336e-04   2.2782539e-03
   1.9061346e-01   2.9146710e-01   4.8009988e-01  -6.3817084e-03   2.3199933e-04   2.0452277e-03
   1.9441918e-01   2.7049444e-01   4.8145742e-01  -6.8806349e-03   5.1629241e-04   2.0278538e-03
   2.0154176e-01   2.5212165e-01   4.6564331e-01  -6.8197381e-03   4.5303861e-04   2.0217074e-03
   2.0078643e-01   2.2540940e-01   5.1865580e-01  -7.3689477e-03   3.5621218e-04   2.0400545e-03
   1.9532656e-01   2.5109822e-01   5.0975123e-01  -7.1128684e-03   5.6108531e-04   2.0034423e-03
   2.0070218e-01   2.6657321e-01   5.0974081e-01  -7.1630549e-03   4.7625896e-04   2.0312539e-03
   2.1649988e-01   2.9218404e-01   4.8027369e-01  -7.3714360e-03   4.2770683e-04   2.2022787e-03
   2.1653326e-01   2.2736116e-01   5.1609012e-01  -7.1542362e-03   1.9303962e-04   2.0506867e-03
   2.0476982e-01   2.3529840e-01   5.0810108e-01  -6.8376650e-03   1.9529626e-04   1.9255051e-03
   2.1619468e-01   2.9764138e-01   4.8369864e-01  -7.3082952e-03   1.1105303e-04   2.0291621e-03
   2.3111965e-01   2.4745807e-01   4.6876530e-01  -6.7366013e-03  -1.6912761e-04   2.3012242e-03
   2.4036930e-01   1.9471596e-01   4.9754772e-01  -6.5793650e-03  -4.4942764e-04   2.6004580e-03
   2.7026685e-01   2.6367897e-01   3.8814403e-01  -6.3244262e-03  -4.2437869e-04   2.9030436e-03
   2.3212256e-01   2.0245389e-01   5.0232795e-01  -6.9292597e-03  -4.1587132e-04   2.4055788e-03
   2.3158858e-01   2.6813776e-01   4.7385598e-01  -7.1168833e-03  -3.0376326e-04   2.2668599e-03
   2.2605938e-01   2.4481416e-01   5.2359568e-01  -7.3735646e-03  -1.9345630e-04   2.4381481e-03
   2.2931156e-01   2.3768545e-01   5.2990993e-01  -7.4243116e-03  -3.6357146e-04   2.3792305e-03
   2.3682648e-01   2.9538079e-01   4.9978555e-01  -7.1860670e-03  -4.3485671e-04   2.3913295e-03
   2.3179746e-01   2.3434434e-01   5.1343582e-01  -7.2558237e-03  -4.2578757e-04   2.3827484e-03
   2.2607809e-01   2.5155541e-01   5.0116076e-01  -7.2402080e-03  -4.0990746e-04   2.2680978e-03
   2.3372136e-01   3.1723149e-01   4.8957186e-01  -7.1933468e-03  -5.2029372e-04   2.2573197e-03
   2.3912106e-01   2.5597702e-01   5.0520776e-01  -7.2586235e-03  -6.0045044e-04   2.3221336e-03
   2.4124918e-01   2.2471502e-01   5.2762890e-01  -7.3221004e-03  -6.5311433e-04   2.3008426e-03
   2.4098763e-01   3.1525806e-01   5.0193453e-01  -7.6708234e-03  -6.1122547e-04   2.1848702e-03
   2.3943399e-01   2.6819538e-01   5.2380739e-01  -7.5461928e-03  -6.8111832e-04   2.2803034e-03
   2.3990635e-01   2.2631609e-01   5.3909196e-01  -7.4604936e-03  -6.6541872e-04   2.1834692e-03
   2.5922609e-01   3.6795632e-01   4.9654519e-01  -7.9671529e-03  -6.6410998e-04   2.1500821e-03
   2.4993104e-01   2.6446402e-01   4.9249504e-01  -7.6272700e-03  -6.6906918e-04   2.2029187e-03
   2.5014034e-01   2.3135337e-01   5.1172947e-01  -7.6603517e-03  -6.6376207e-04   2.3356118e-03
   2.5041196e-01   2.7654732e-01   4.9299536e-01  -7.7185053e-03  -7.7457439e-04   2.2220524e-03
   2.5048592e-01   3.0365566e-01   4.9312068e-01  -7.7716683e-03  -6.4686492e-04   2.1946430e-03
   2.5336513e-01   2.4002620e-01   5.1301401e-01  -7.7494911e-03  -8.7741387e-04   2.2411237e-03
   2.5094344e-01   2.6808178e-01   5.2174506e-01  -7.7452347e-03  -6.1231379e-04   2.2542101e-03
   2.5295268e-01   2.9637059e-01   5.0259220e-01  -7.6186307e-03  -7.5100596e-04   2.1639760e-03
   2.6221595e-01   2.7722773e-01   5.1991582e-01  -7.8169742e-03  -7.6649680e-04   2.3641917e-03
   2.6321408e-01   2.3745671e-01   5.2306644e-01  -7.5400379e-03  -9.9147173e-04   2.3970922e-03
   2.5655417e-01   2.5713418e-01   4.4961934e-01  -6.4396865e-03  -1.4396959e-03   2.8163874e-03
   2.4056734e-01   2.7582064e-01   4.9335421e-01  -7.8974070e-03  -1.1897615e-03   2.3024679e-03
   2.3913887e-01   3.0826213e-01   5.1288586e-01  -8.0349954e-03  -1.1802725e-03   2.3256639e-03
   2.2556353e-01   2.2235947e-01   5.5736514e-01  -8.3867374e-03  -1.2048331e-03   2.1660166e-03
   2.3746055e-01   3.8824115e-01   4.7966069e-01  -8.1066435e-03  -1.1389164e-03   2.2397495e-03
   2.2968249e-01   2.4907210e-01   5.4035700e-01  -8.3999621e-03  -1.0229104e-03   2.2361384e-03
   2.4160720e-01   2.6708879e-01   4.3943611e-01  -7.7081243e-03  -1.0809686e-03   2.2672775e-03
   2.3567780e-01   2.6490399e-01   5.0768929e-01  -8.3978774e-03  -1.2164805e-03   2.1269938e-03
   2.2674690e-01   2.2815808e-01   5.0530267e-01  -7.9067824e-03  -1.0607433e-03   2.1487051e-03
   2.4320438e-01   3.2947638e-01   4.7483906e-01  -7.5586077e-03  -1.2618700e-03   2.2064167e-03
   2.3585984e-01   1.5687470e-01   4.8869128e-01  -6.9895503e-03  -1.3356467e-03   2.3091164e-03
   2.3479823e-01   2.9057544e-01   5.0532470e-01  -8.1645514e-03  -1.0823401e-03   2.1922008e-03
   2.3907699e-01   2.4695874e-01   5.2891142e-01  -8.4447413e-03  -1.3262225e-03   2.1919905e-03
   2.4802548e-01   2.7343071e-01   4.8863470e-01  -7.6458256e-03  -1.4967882e-03   2.3427080e-03
   2.5201698e-01   3.1708023e-01   4.6331138e-01  -7.4699679e-03  -1.3992054e-03   2.3767888e-03
   2.4571278e-01   1.9229778e-01   5.3343186e-01  -7.5164290e-03  -1.2821130e-03   2.6972060e-03
   2.4527280e-01   3.1367100e-01   5.0946701e-01  -8.0231307e-03  -1.1691194e-03   2.3491497e-03
   2.4386711e-01   3.0592627e-01   5.0713535e-01  -8.2607321e-03  -9.4662598e-04   2.2884073e-03
   2.4469702e-01   2.1808915e-01   5.2873126e-01  -7.8837169e-03  -1.1008857e-03   2.2908669e-03
   2.6079967e-01   3.2627746e-01   4.9909885e-01  -8.0957333e-03  -1.0531702e-03   2.3447447e-03
   2.5203532e-01   2.5830323e-01   5.1527895e-01  -8.2285366e-03  -8.5026774e-04   2.3972763e-03
   2.3787787e-01   2.0870777e-01   5.3030515e-01  -7.9595642e-03  -7.3472983e-04   2.4108448e-03
   2.6757377e-01   2.5508759e-01   2.6227865e-01  -5.3953942e-03  -3.4263626e-04   2.7168439e-03
   2.5579581e-01   2.1098133e-01   4.0338355e-01  -6.7115732e-03  -4.2355881e-04   2.4446243e-03
   2.4455603e-01   1.8367243e-01   4.6536937e-01  -7.0435347e-03  -5.2864129e-04   2.5636523e-03
   2.6420962e-01   3.3066514e-01   4.5297235e-01  -7.1371489e-03  -6.2156996e-04   2.6071969e-03
   2.5748537e-01   2.1190510e-01   4.9165826e-01  -7.3315604e-03  -5.8010819e-04   2.4628990e-03
   2.4561538e-01   2.3575336e-01   5.1108447e-01  -7.2635965e-03  -4.3405674e-04   2.3678330e-03
   2.5841803e-01   3.2965247e-01   4.8413460e-01  -7.3371144e-03  -4.3841826e-04   2.4725395e-03
   2.4745288e-01   2.1600640e-01   5.2404792e-01  -7.2697767e-03  -2.9401652e-04   2.5248852e-03
   2.4006732e-01   3.2106252e-01   4.8687840e-01  -7.3442137e-03  -4.3594775e-04   2.1641531e-03
   2.4781235e-01   3.0716027e-01   4.8319755e-01  -7.6108648e-03  -5.4837386e-04   2.1968075e-03
   2.3934655e-01   1.8660912e-01   4.2753207e-01  -6.2520485e-03  -3.7007489e-04   2.6005239e-03
   2.5064071e-01   2.9924256e-01   4.6077043e-01  -7.5970832e-03  -7.4514346e-04   2.2962509e-03
   2.4573373e-01   2.2826036e-01   4.9561869e-01  -7.3140963e-03  -4.6792524e-04   2.2218634e-03
   2.6978222e-01   3.4169686e-01   4.8949254e-01  -7.3473833e-03  -6.1111310e-04   2.3125394e-03
   2.7336908e-01   2.7128266e-01   5.1037053e-01  -7.3929212e-03  -6.5419702e-04   2.5256416e-03
   2.6229715e-01   2.4255507e-01   5.3601391e-01  -7.4224032e-03  -4.2867523e-04   2.3692353e-03
   2.6839558e-01   3.4328332e-01   4.8821334e-01  -7.8755500e-03  -5.1076090e-04   2.3708127e-03
   2.7099917e-01   2.8066862e-01   4.6476875e-01  -7.8591826e-03  -5.2711682e-04   2.4778683e-03
   2.6355193e-01   2.7703883e-01   4.5824512e-01  -7.2179185e-03  -5.2832953e-04   2.5862439e-03
   2.6334966e-01   3.1624333e-01   4.0470808e-01  -6.8866575e-03  -7.1150861e-04   2.5381828e-03
   2.4575872e-01   2.3052273e-01   4.6431603e-01  -6.6349540e-03  -1.2515030e-03   2.5354160e-03
   2.3948887e-01   3.0737887e-01   4.6893995e-01  -7.3943482e-03  -7.0696440e-04   2.4206785e-03
   2.5277909e-01   2.9641010e-01   4.7472481e-01  -7.5010396e-03  -4.2759612e-04   2.5690509e-03
   2.4566600e-01   2.0095379e-01   5.2200919e-01  -7.4023200e-03  -2.4825777e-04   2.4930622e-03
   2.5748092e-01   2.9616478e-01   4.9254776e-01  -7.6135305e-03  -3.6826809e-04   2.3544991e-03
   2.7920640e-01   1.9756682e-01   3.0615214e-01  -6.1184302e-03  -1.6010893e-04   2.5910804e-03
   2.7020891e-01   1.8505143e-01   3.1581691e-01  -4.7147951e-03  -4.9941518e-04   2.6723519e-03
   2.5790370e-01   3.0262897e-01   4.2835179e-01  -7.1506855e-03  -3.8061784e-04   2.3317516e-03
   2.6267090e-01   3.2075617e-01   4.5461488e-01  -7.2712065e-03  -3.6327893e-04   2.5376908e-03
   2.5390892e-01   2.1647494e-01   4.7566088e-01  -6.7578672e-03  -2.6543591e-04   2.6133424e-03
   2.7327452e-01   3.8773300e-01   4.4244989e-01  -7.3605889e-03  -2.8833113e-04   2.6115184e-03
   2.6774621e-01   2.6956136e-01   4.5004252e-01  -7.5286890e-03  -3.7692973e-04   2.5798309e-03
   2.6307878e-01   2.3028828e-01   4.7688918e-01  -7.3848802e-03  -3.2989268e-04   2.5021485e-03
   2.8286280e-01   3.1676091e-01   3.0911670e-01  -5.8964286e-03  -9.6811244e-05   2.9063009e-03
   2.2362247e-01   2.4773846e-01   4.5914514e-01  -6.7059778e-03   2.1068993e-04   2.4004326e-03
   2.3767304e-01   3.2984412e-01   4.4985382e-01  -7.0075159e-03   1.7399587e-04   2.4441697e-03
   2.3281225e-01   2.8142099e-01   5.1058249e-01  -7.3814134e-03   9.3319764e-05   2.4659365e-03
   2.4065249e-01   3.0298805e-01   5.0733894e-01  -7.5448070e-03  -1.6028579e-04   2.3950253e-03
   2.5065290e-01   3.3906656e-01   4.9444066e-01  -7.9332154e-03  -1.8693412e-04   2.4706049e-03
   2.5202922e-01   2.8086349e-01   5.0901112e-01  -7.6334473e-03  -2.8044008e-04   2.4643363e-03
   2.4201184e-01   2.8946194e-01   4.9674854e-01  -7.4934756e-03  -2.1302433e-04   2.4283124e-03
   2.3283754e-01   3.1588925e-01   4.9316408e-01  -7.1432839e-03  -1.7767467e-04   2.2808346e-03
   2.4709433e-01   3.3933391e-01   4.8494116e-01  -7.5748039e-03  -9.5827375e-06   2.4725275e-03
   2.4265566e-01   2.7801750e-01   5.1148821e-01  -7.4233729e-03   1.4630120e-04   2.5578276e-03
   2.4092170e-01   3.1323547e-01   5.0159492e-01  -7.4113159e-03  -1.8216594e-05   2.5700438e-03
   2.4713197e-01   3.7166148e-01   5.0890184e-01  -7.3259605e-03  -3.1110384e-05   2.5107104e-03
   2.4721738e-01   2.5738653e-01   5.0627630e-01  -7.3395892e-03   3.2320427e-05   2.6321675e-03
   2.6164242e-01   3.9208466e-01   4.4681323e-01  -7.0945863e-03  -3.2982826e-05   2.6065334e-03
   2.6212078e-01   2.5719941e-01   4.8235204e-01  -7.3497205e-03   5.9179179e-05   2.7135164e-03
   2.6962139e-01   2.4473904e-01   4.7468086e-01  -6.9696787e-03   2.6445214e-05   2.6548771e-03
   2.7282810e-01   3.0144354e-01   4.7537597e-01  -7.0605319e-03   1.7060214e-04   2.6813407e-03
   2.7193881e-01   2.8836072e-01   4.8263312e-01  -7.1190205e-03   1.7172016e-04   2.7907252e-03
   2.7505348e-01   2.4887733e-01   5.0433018e-01  -7.2037832e-03   1.1905905e-04   2.8944538e-03
   2.7231674e-01   3.1250325e-01   4.8782393e-01  -7.3714703e-03   8.1154250e-05   2.7904133e-03
   2.7260623e-01   3.2218667e-01   4.8714860e-01  -7.3814110e-03   6.2540756e-05   2.7592891e-03
   2.6129246e-01   3.0544321e-01   4.9007179e-01  -7.2863470e-03   2.8004065e-04   2.8872169e-03
   2.4171724e-01   2.7806202e-01   5.1268716e-01  -7.1572689e-03   2.8790883e-04   2.7922973e-03
   2.6275071e-01   3.5707586e-01   4.8038165e-01  -7.2794483e-03   3.2397107e-05   2.7695058e-03
   2.8009172e-01   3.1854424e-01   4.7318559e-01  -7.2868703e-03   1.1215472e-04   3.2200139e-03
   2.7841713e-01   2.4286817e-01   4.8870854e-01  -7.2690040e-03   1.6733861e-04   3.4444317e-03
   2.8073719e-01   3.6037385e-01   4.4458551e-01  -7.4352041e-03   2.2175068e-04   3.2029848e-03
   2.8684435e-01   2.8520607e-01   4.3784513e-01  -7.2293411e-03   1.6704848e-04   3.3414617e-03
   2.8508869e-01   2.5561238e-01   4.6941078e-01  -7.0804910e-03   3.0932352e-04   3.4783266e-03
   2.7845046e-01   2.7871701e-01   4.6898011e-01  -6.9979504e-03   4.2253267e-04   3.4105446e-03
   2.8223876e-01   3.2367320e-01   4.5014382e-01  -7.1325366e-03   5.4028576e-04   3.4915572e-03
   2.7511225e-01   2.6404573e-01   4.8033576e-01  -7.3493254e-03   4.4704882e-04   3.6700371e-03
   2.7472670e-01   2.6001341e-01   4.4825609e-01  -7.0326261e-03   2.3430759e-04   3.6670670e-03
   2.8365227e-01   3.2496136e-01   3.9692075e-01  -6.4737266e-03  -1.2848948e-04   3.6324343e-03
   2.7719463e-01   2.2833506e-01   4.5389659e-01  -6.5393300e-03  -8.6012858e-05   3.6745852e-03
