   0.0000000e+00  -1.0601345e-14   0.0000000e+00  -6.0185311e-36   4.1761949e-53  -4.2482240e-18
   3.1530888e-02   7.4496548e-02   7.9001426e-02   1.6094710e-03  -1.4847067e-03   5.0955678e-04
   7.1545350e-02  -8.8270966e-02  -9.4305103e-03   5.8496978e-03  -2.1861672e-03   9.7600246e-04
   1.0666904e-01  -7.3316377e-03  -2.3974716e-02   7.4565849e-03  -2.3861513e-03   6.7700321e-04
   1.0619031e-01  -6.2815898e-02   7.4776996e-02   7.5965418e-03  -1.9608347e-03   1.7581030e-03
   1.1747846e-01   3.6382536e-03   6.0051295e-02   7.7771832e-03  -1.9584297e-03   2.4941013e-03
   1.0859818e-01  -3.1035731e-02   1.2705513e-01   7.6929056e-03  -2.3426588e-03   2.4390688e-03
   1.1157686e-01  -7.4673807e-02   1.3320878e-01   7.4287437e-03  -2.2409331e-03   2.3370401e-03
   1.0643353e-01  -9.2681756e-02   1.3304571e-01   7.5545153e-03  -2.2067754e-03   2.5218110e-03
   1.0049013e-01  -2.5449014e-02   1.0200002e-01   7.3678517e-03  -2.2038860e-03   2.5127083e-03
   9.4985639e-02  -2.3290791e-02   8.9035464e-02   7.9960884e-03  -2.0626404e-03   2.7011419e-03
   9.2178825e-02  -1.1329197e-02   1.0435478e-01   8.0693701e-03  -2.1188632e-03   2.6852931e-03
   9.3888287e-02  -8.6948475e-03   1.1496506e-01   8.2233059e-03  -2.3127489e-03   2.6609694e-03
   7.8341018e-02   1.0560549e-02   1.1193135e-01   7.7248311e-03  -1.8511941e-03   2.8170725e-03
   6.9537924e-02  -3.6537103e-02   1.0828915e-01   7.4033344e-03  -1.7305286e-03   2.5457399e-03
   5.8818155e-02  -1.1871663e-03   9.0485418e-02   6.5327382e-03  -1.6726074e-03   2.1293001e-03
   7.1705149e-02  -2.2029866e-02   8.5213339e-02   6.9767747e-03  -1.7600307e-03   2.3899686e-03
   6.8512752e-02  -2.8045979e-02   1.0242249e-01   6.9461617e-03  -1.5765247e-03   2.3195008e-03
   6.7905657e-02  -5.9181139e-02   1.1750946e-01   7.1095220e-03  -1.6591847e-03   2.3780243e-03
   7.1761503e-02  -8.6596318e-02   1.0355838e-01   7.4487181e-03  -1.7909228e-03   2.4494803e-03
   6.0769582e-02   4.2056792e-02   8.6999919e-02   7.2780481e-03  -1.7725883e-03   2.4699763e-03
   6.7419171e-02  -9.5012349e-03   9.9543848e-02   7.5203946e-03  -1.9282510e-03   2.7585872e-03
   6.5882716e-02  -4.2374076e-02   1.1069737e-01   7.7857133e-03  -2.1083449e-03   2.6924482e-03
   5.9925397e-02  -5.8007801e-02   1.4084160e-01   8.3538934e-03  -1.9040938e-03   2.5469397e-03
   6.8240051e-02  -1.9155318e-02   1.2093997e-01   7.9384295e-03  -1.9486505e-03   2.6073105e-03
   7.0464021e-02   6.9398764e-04   1.3295257e-01   7.8160897e-03  -1.9677806e-03   2.6256445e-03
   7.7808220e-02  -3.8344451e-02   1.4169543e-01   8.2319104e-03  -2.0518063e-03   2.5937539e-03
   6.8702510e-02  -1.1247586e-02   2.1841885e-01   7.8246515e-03  -2.0980402e-03   2.2802556e-03
   1.9138956e-01  -3.2890127e-01  -1.0786360e-01  -4.9311448e-03  -1.2224616e-03   6.8915801e-03
   8.0556308e-02  -6.0510609e-01  -1.7426990e+00  -4.8610053e-02  -1.1385239e-03   1.1292605e-02
   9.2915626e-02   2.6857058e-01  -1.4745018e+00  -4.4895986e-02  -2.1546954e-03   9.3142642e-03
   1.1170386e-01   1.8306133e-01  -1.4351733e+00  -4.4834495e-02  -1.9986109e-03   9.7299860e-03
   1.2590564e-01   1.7996178e-01  -1.3738824e+00  -4.4560105e-02  -1.9834866e-03   9.7257039e-03
   1.1382500e-01   1.1700561e-01  -1.3228546e+00  -4.4367541e-02  -1.9911826e-03   9.2410026e-03
   1.0765757e-01   1.2934651e-01  -1.3113753e+00  -4.5039166e-02  -2.1015949e-03   9.0910911e-03
   1.3438693e-01   9.4447488e-02  -1.2969222e+00  -4.4165697e-02  -2.6059983e-03   9.2930663e-03
   1.3462942e-01   1.4023755e-01  -1.3012986e+00  -4.4627573e-02  -2.5449842e-03   9.2685364e-03
   1.2886610e-01   9.8845539e-02  -1.2962120e+00  -4.4151530e-02  -2.5458241e-03   9.1707052e-03
   1.3254581e-01   1.2461700e-01  -1.2922349e+00  -4.3563641e-02  -2.6903526e-03   9.2053378e-03
   1.2461295e-01   1.8313735e-01  -1.2910852e+00  -4.3712098e-02  -2.6663446e-03   9.2376483e-03
   1.0503816e-01   1.6060370e-01  -1.2996393e+00  -4.3504824e-02  -2.7762396e-03   8.8762582e-03
   9.6215938e-02   1.2574774e-01  -1.3034543e+00  -4.2930540e-02  -3.1209594e-03   8.4948321e-03
   8.7312687e-02   1.4626480e-01  -1.2961781e+00  -4.2144025e-02  -3.0624036e-03   8.2599786e-03
   7.9215986e-02   1.7373207e-01  -1.2832924e+00  -4.1337844e-02  -2.9336311e-03   8.1478154e-03
   7.9068791e-02   1.4815869e-01  -1.2987099e+00  -4.1172529e-02  -2.9238545e-03   8.2222106e-03
   7.5462549e-02   1.4672548e-01  -1.2751331e+00  -4.1154432e-02  -3.1135917e-03   8.0002998e-03
   5.4853892e-02   1.1559307e-01  -1.2657004e+00  -4.1030553e-02  -3.2036677e-03   7.3103490e-03
   5.3377518e-02   1.0052916e-01  -1.2638500e+00  -4.0824584e-02  -3.2265915e-03   7.3401884e-03
   4.8379741e-02   9.5767236e-02  -1.2803442e+00  -4.0199176e-02  -3.2667804e-03   7.4086274e-03
   5.5002350e-02   1.0311440e-01  -1.2646219e+00  -4.0029155e-02  -3.4936007e-03   7.5123590e-03
   5.1899674e-02   6.1800128e-02  -1.2412911e+00  -3.9358634e-02  -3.5212043e-03   7.2962082e-03
   4.0600244e-02   9.5308247e-02  -1.2426011e+00  -3.9262238e-02  -3.3697709e-03   7.3037073e-03
   4.2771200e-02   1.1163660e-01  -1.2267018e+00  -3.9001612e-02  -3.1470556e-03   7.3340766e-03
   6.1783725e-02   1.8318429e-01  -9.7714188e-01  -3.8310208e-02  -3.8218205e-03   7.2935891e-03
   2.8461329e-02  -5.3285293e-01  -1.3601805e+00  -3.7833079e-02  -4.0386715e-03   8.7109507e-03
  -2.2751005e-01  -6.8272470e-01  -1.3643120e+00  -2.3600354e-02  -3.6818726e-03   8.5814080e-03
  -9.8119244e-02   6.1395655e-01  -1.2293379e+00  -9.8479737e-03  -7.6303451e-03   5.9817450e-03
   1.0984030e-01   2.1731654e-01  -5.0609247e-01  -2.5270350e-03  -9.9824702e-03   5.3971308e-03
   1.7547847e-01  -1.6452358e-01  -3.5276284e-01  -2.6139953e-03  -9.7152670e-03   5.5870323e-03
   1.6018532e-01  -1.3714982e-01  -2.8979759e-01  -3.4354872e-03  -9.4190867e-03   4.9214070e-03
   1.5011702e-01  -1.5054776e-01  -2.6825739e-01  -4.0985337e-03  -9.2766021e-03   4.8677560e-03
   1.4219391e-01  -1.3637587e-01  -2.2690149e-01  -4.8561166e-03  -9.2291163e-03   4.4780511e-03
   1.4953375e-01  -1.5140420e-01  -2.3951747e-01  -5.1096480e-03  -9.2211812e-03   4.4510041e-03
   1.5237629e-01  -1.0679569e-01  -2.3507515e-01  -5.7961758e-03  -9.3541321e-03   4.5010428e-03
   1.7634235e-01  -7.5094368e-02  -2.3659114e-01  -5.7314063e-03  -9.1359552e-03   5.1806768e-03
   1.7188517e-01  -8.9856166e-02  -2.3845812e-01  -6.0619696e-03  -9.2177821e-03   5.2239407e-03
   1.6602508e-01  -3.8434652e-02  -2.2721487e-01  -6.8799617e-03  -9.2088660e-03   5.0607738e-03
   1.4423834e-01  -8.3150226e-02  -2.7812509e-01  -6.2802269e-03  -9.1931677e-03   5.0522339e-03
   1.4883980e-01  -1.1015332e-01  -2.9454871e-01  -5.6911774e-03  -8.9650722e-03   5.2988726e-03
   1.1807058e-01  -1.4472925e-02  -3.1196916e-01  -6.4273889e-03  -8.1043832e-03   4.6992769e-03
   1.7580948e-01  -3.5226012e-02  -2.9112418e-01  -6.0752375e-03  -8.7840574e-03   5.1772804e-03
   1.5961626e-01  -2.0551491e-02  -2.4006570e-01  -6.6516825e-03  -8.8781583e-03   5.4708231e-03
   1.5613806e-01  -1.7947173e-02  -2.5862892e-01  -6.1930026e-03  -8.9669925e-03   5.5214640e-03
   1.5847791e-01   1.6847506e-02  -1.3196899e-01  -7.0230094e-03  -8.8822850e-03   5.7047910e-03
   1.5169642e-01   5.4347390e-02   6.0851911e-02  -7.6796582e-03  -8.8379293e-03   6.0617901e-03
   1.7633821e-01  -9.1439314e-02  -1.6190766e-01  -6.6613342e-03  -8.5491246e-03   6.3193100e-03
   1.8390645e-01  -9.1661886e-02  -1.2510734e-01  -6.3629811e-03  -8.7652551e-03   6.1190972e-03
   1.7949502e-01  -1.0605590e-01  -1.6407068e-01  -6.0107769e-03  -8.6314636e-03   5.9050241e-03
   1.7653052e-01  -8.9122466e-02  -1.5672390e-01  -6.0148473e-03  -8.0409213e-03   6.2142473e-03
   1.6265970e-01  -3.4505686e-02  -1.8176420e-01  -6.1768021e-03  -7.9362049e-03   5.9729335e-03
   1.5774124e-01  -2.6273904e-02  -2.0996626e-01  -6.1386036e-03  -8.2265812e-03   5.4872771e-03
   1.2644904e-01  -3.3640966e-02  -2.3688667e-01  -5.8284694e-03  -8.2363198e-03   5.5410631e-03
   1.2267157e-01  -2.9782335e-02  -2.2923053e-01  -5.4581422e-03  -8.0025201e-03   5.8788623e-03
   1.7585367e-01  -4.9523620e-02  -2.3593525e-01  -5.8360612e-03  -6.2905256e-03   7.7682920e-03
   1.9225756e-01   3.0995875e-02  -1.8705649e-01  -5.6800440e-03  -5.9474295e-03   8.7911869e-03
   2.1767322e-01  -4.7568735e-02  -2.1431967e-01  -3.6804126e-03  -7.9445931e-03   7.9420116e-03
   2.3769950e-01  -2.8364902e-02  -2.2392466e-01  -3.1525861e-03  -8.2749332e-03   8.2212040e-03
   2.1641388e-01  -4.9397846e-02  -2.1004919e-01  -2.5664529e-03  -7.9095836e-03   7.8532632e-03
   2.1521975e-01  -7.4197335e-02  -2.0211984e-01  -2.1448497e-03  -7.7708364e-03   7.5074628e-03
   2.1338693e-01  -6.4122399e-02  -1.9445048e-01  -2.1430067e-03  -7.4709710e-03   7.4312595e-03
   2.1430132e-01  -8.1981286e-02  -1.8083846e-01  -2.1101567e-03  -7.4126775e-03   7.1856490e-03
   2.2600830e-01  -7.2415815e-02  -1.6947740e-01  -2.0465559e-03  -7.5169652e-03   7.3936985e-03
   2.1243390e-01  -7.7193242e-02  -1.6828032e-01  -2.3073713e-03  -7.5092205e-03   7.0862101e-03
   2.1370975e-01  -6.8446297e-02  -1.6322759e-01  -2.5862081e-03  -7.6384218e-03   6.9949686e-03
   2.2972509e-01  -6.0672268e-02  -1.8437024e-01  -2.2801976e-03  -7.7607947e-03   7.1239660e-03
   2.2156568e-01  -3.0627541e-02  -1.9631224e-01  -2.2128083e-03  -7.6145331e-03   6.9834005e-03
   2.1398289e-01  -1.1361353e-01  -2.4380115e-01  -7.7160238e-04  -7.3178824e-03   6.9567221e-03
   2.0165049e-01  -8.0276657e-02  -2.2647325e-01  -9.4919858e-04  -7.5399149e-03   6.6878252e-03
   1.8448750e-01  -7.1953066e-02  -2.1811416e-01  -1.0492120e-03  -7.0352235e-03   6.5238609e-03
   1.8614623e-01  -9.2802556e-02  -2.0060825e-01  -8.2928427e-04  -7.1816789e-03   6.5682626e-03
   1.8486298e-01  -8.8965858e-02  -2.1867696e-01  -7.9563686e-04  -7.2233894e-03   6.5252725e-03
   1.9544792e-01  -8.5580958e-02  -2.1494634e-01  -5.3226126e-04  -7.2708431e-03   6.5483231e-03
   1.8538646e-01  -3.4207115e-02  -2.1709493e-01  -5.7457687e-04  -7.1463970e-03   6.5313333e-03
   1.7947070e-01  -5.0702907e-02  -2.1115641e-01  -4.5938793e-04  -7.0622430e-03   6.3883672e-03
   1.7977798e-01  -7.6121438e-02  -2.0551467e-01  -3.0750369e-04  -7.0605367e-03   6.4646249e-03
   1.8943489e-01  -6.2463534e-02  -2.0373210e-01  -2.5514728e-04  -7.1757876e-03   6.5441319e-03
   1.9496812e-01  -8.3287947e-02  -2.6607380e-01  -1.9502634e-04  -7.4391020e-03   6.6758338e-03
   2.0187187e-01  -1.9661627e-01  -5.5848208e-01   1.1387957e-04  -7.4125918e-03   6.7819260e-03
   2.2254293e-01  -4.3698778e-02  -4.3858614e-01   5.7652248e-04  -7.6182113e-03   6.9659211e-03
   1.9797653e-01  -2.1268029e-02  -2.1580541e-01  -3.1412090e-04  -7.6198770e-03   6.6612699e-03
   1.9477365e-01  -7.3902061e-02  -2.3286631e-01  -6.6943315e-04  -7.2045265e-03   6.7081626e-03
   1.9379756e-01  -8.0326310e-02  -2.2531993e-01  -2.9086774e-04  -7.1287476e-03   6.7855683e-03
   1.9403218e-01  -8.5545049e-02  -2.0523283e-01   8.7484562e-06  -7.1930894e-03   6.9409433e-03
   2.0035581e-01  -1.0446200e-01  -1.7463256e-01   1.8792728e-04  -7.4159624e-03   6.8411081e-03
   1.7976430e-01  -1.0565205e-01  -1.8394297e-01   1.5657235e-05  -6.9674635e-03   6.7600033e-03
   1.8062316e-01  -8.4205365e-02  -2.0727457e-01  -7.4945222e-05  -7.0198929e-03   6.6837706e-03
   1.9526645e-01  -3.9390612e-02  -1.9579485e-01  -8.0923170e-04  -7.0245748e-03   6.9737377e-03
   2.0135522e-01  -9.8528740e-02  -2.1826259e-01  -3.5250872e-04  -7.1953656e-03   7.0101854e-03
   2.2349127e-01  -6.1055149e-02  -1.8289035e-01  -6.8207773e-05  -7.1801196e-03   7.1564208e-03
   4.3910945e-01   9.8203952e-02  -7.6005164e-03  -8.6678881e-03  -9.4708881e-03   1.3517841e-02
   5.1428706e-01  -7.8059823e-02  -1.5854078e-01  -1.2537999e-02  -1.0737841e-02   1.5879738e-02
   6.8021525e-01  -2.0273756e-01  -8.2383433e-02  -1.1364839e-02  -1.2217949e-02   1.3058305e-02
   6.5282491e-01   8.9792231e-03  -5.6374469e-02  -1.1001943e-02  -1.1056259e-02   1.1509421e-02
   6.6057718e-01   1.5830955e-01   1.1059395e-01  -1.1249588e-02  -9.4289677e-03   1.1879278e-02
   6.8859637e-01   1.5598421e-01   1.7018038e-01  -1.1879569e-02  -8.7763080e-03   1.2373318e-02
   6.8201339e-01   1.6226542e-01   1.8953395e-01  -1.2538510e-02  -8.9059669e-03   1.2050013e-02
   6.7628802e-01   1.3459426e-01   1.7130892e-01  -1.3155889e-02  -8.8193229e-03   1.1978074e-02
   6.8326759e-01   1.7236451e-01   1.5257547e-01  -1.3284526e-02  -8.7704983e-03   1.2015430e-02
   6.7275277e-01   2.0631455e-01   1.8060641e-01  -1.3596783e-02  -8.6391560e-03   1.1762725e-02
   6.7234498e-01   1.9224031e-01   1.7319513e-01  -1.3440032e-02  -8.6432562e-03   1.1841210e-02
   6.5791114e-01   2.9251893e-01   1.6605024e-01  -1.3683158e-02  -8.8161601e-03   1.1609006e-02
   5.8383398e-01   2.0103338e-01   1.0293852e-01  -1.1523616e-02  -8.5018639e-03   1.0551084e-02
   6.1028146e-01   1.6887334e-01   9.3204978e-02  -1.1877959e-02  -9.0928521e-03   1.0903641e-02
   6.0752506e-01   2.5738328e-01   7.5057889e-02  -1.1929709e-02  -8.9441533e-03   1.0947329e-02
   6.3491034e-01   2.3767008e-01   9.3413469e-02  -1.1758735e-02  -9.1005223e-03   1.1293224e-02
   6.5108583e-01   2.4288132e-01   1.1981814e-01  -1.1265757e-02  -9.3681892e-03   1.1373262e-02
   6.2473171e-01   1.9938117e-01   1.0215211e-01  -1.0784506e-02  -9.4472785e-03   1.0953435e-02
   6.2864200e-01   2.3912231e-01   9.1682707e-02  -1.0895081e-02  -9.5375334e-03   1.1021054e-02
   6.1222082e-01   2.5598229e-01   1.1237214e-01  -1.1439727e-02  -9.5582901e-03   1.0824272e-02
   6.2182036e-01   2.2521312e-01   1.4840017e-01  -1.1230459e-02  -9.5908768e-03   1.0984473e-02
   6.1663207e-01   2.0812014e-01   1.6156054e-01  -1.0762245e-02  -9.8336328e-03   1.0826890e-02
   6.0065430e-01   1.9499744e-01   1.5192303e-01  -1.0649819e-02  -9.8881177e-03   1.0413179e-02
   5.9709992e-01   2.1813752e-01   1.3911256e-01  -1.0636297e-02  -9.9052624e-03   1.0245554e-02
   6.0190147e-01   2.1734800e-01   1.2694800e-01  -1.0615645e-02  -9.7577855e-03   1.0352331e-02
   6.0209215e-01   2.4112639e-01   1.3224689e-01  -1.0628374e-02  -9.7186541e-03   1.0474562e-02
   6.0671364e-01   2.0965367e-01   1.4901249e-01  -1.0570062e-02  -9.7323611e-03   1.0496767e-02
   5.8102212e-01   2.9021259e-01   2.5713157e-01  -1.0886532e-02  -1.0171599e-02   1.0064257e-02
   6.3525116e-01   1.8432710e-01   1.3732987e-01  -9.8230799e-03  -1.0051012e-02   1.0626059e-02
   5.9762248e-01   2.0379809e-01   1.0951200e-02  -7.4712338e-03  -9.2765312e-03   1.0528915e-02
   5.1473526e-01   6.3996154e-02  -5.9221932e-01   1.1821786e-02  -8.4714016e-03   1.0037098e-02
   5.3178704e-01  -3.5805291e-01  -1.0645624e+00   3.4092802e-02  -8.8019591e-03   1.0359608e-02
   5.1389516e-01  -3.0886004e-01  -1.1110182e+00   3.8772023e-02  -8.9255716e-03   1.0340395e-02
   5.4283655e-01  -4.2292934e-01  -1.0776023e+00   3.9615635e-02  -9.2724485e-03   1.0787412e-02
   5.5043761e-01  -4.1266960e-01  -1.0900646e+00   3.9813285e-02  -9.0646198e-03   1.0881820e-02
   5.6346479e-01  -4.1126615e-01  -1.0959465e+00   3.9528998e-02  -9.5905788e-03   1.0817292e-02
   5.6393754e-01  -4.0495472e-01  -1.1029984e+00   3.8830092e-02  -9.7343945e-03   1.0817567e-02
   5.5605982e-01  -3.7357584e-01  -1.0736586e+00   3.8433588e-02  -9.5344905e-03   1.0915939e-02
   5.5266547e-01  -3.3287055e-01  -1.0597182e+00   3.8464107e-02  -9.7074655e-03   1.0726836e-02
   5.7232835e-01  -3.6191872e-01  -1.0659920e+00   3.8305851e-02  -9.8141693e-03   1.1069566e-02
   5.5202368e-01  -1.9633921e-01  -9.9291536e-01   3.8665477e-02  -1.0559038e-02   1.0683974e-02
   5.9586786e-01  -4.6624406e-01  -9.6900020e-01   4.0018341e-02  -1.0421002e-02   1.1104771e-02
   6.0737411e-01  -3.5253852e-01  -9.8502158e-01   3.9761067e-02  -1.0232813e-02   1.1533747e-02
   6.2695983e-01  -3.9092948e-01  -9.5744942e-01   3.9662472e-02  -1.0452022e-02   1.1754667e-02
   6.6359372e-01  -4.0873380e-01  -8.9089875e-01   3.9281295e-02  -1.0573811e-02   1.2175367e-02
   6.6574722e-01  -3.6240302e-01  -8.7889947e-01   3.8369630e-02  -1.0450946e-02   1.2202849e-02
   6.7894098e-01  -3.7831183e-01  -8.6657493e-01   3.8253649e-02  -1.0423716e-02   1.2409721e-02
   6.9016579e-01  -3.7094226e-01  -8.7136473e-01   3.8451447e-02  -1.0587084e-02   1.2520913e-02
   6.8474114e-01  -3.4609058e-01  -8.9486160e-01   3.7809324e-02  -1.0716322e-02   1.2484366e-02
   6.8012200e-01  -2.8413656e-01  -8.9526438e-01   3.7303901e-02  -1.0878348e-02   1.2323408e-02
   6.7635525e-01  -3.0385561e-01  -8.9661312e-01   3.7235188e-02  -1.0643630e-02   1.2218256e-02
   6.7331263e-01  -2.6439799e-01  -8.5492864e-01   3.5281269e-02  -1.0843158e-02   1.1978238e-02
   6.7770865e-01  -2.7752120e-01  -8.8431920e-01   3.5600263e-02  -1.1013992e-02   1.1843535e-02
   6.7893624e-01  -2.6923548e-01  -8.6480146e-01   3.5348512e-02  -1.0890463e-02   1.1735626e-02
   6.9391323e-01  -2.7257199e-01  -8.4000023e-01   3.5505445e-02  -1.0931647e-02   1.2004848e-02
   6.9557112e-01  -2.8762685e-01  -8.4730733e-01   3.5276106e-02  -1.0701844e-02   1.1852970e-02
   6.9608144e-01  -3.0298821e-01  -8.7426146e-01   3.5577398e-02  -1.1089494e-02   1.1938188e-02
   6.8902707e-01  -2.8861787e-01  -8.7286540e-01   3.5547267e-02  -1.1109992e-02   1.1894141e-02
   6.7799328e-01  -2.5588908e-01  -8.7297150e-01   3.5221626e-02  -1.0781142e-02   1.1882028e-02
   6.9330893e-01  -2.8210729e-01  -8.6056809e-01   3.5414894e-02  -1.0816985e-02   1.2069839e-02
   7.0013102e-01  -2.8759585e-01  -8.4477308e-01   3.5388721e-02  -1.0936266e-02   1.2012163e-02
   7.1224063e-01  -2.8300288e-01  -8.4419760e-01   3.4923517e-02  -1.1118979e-02   1.2074249e-02
   7.1507825e-01  -2.7806512e-01  -8.3694493e-01   3.4560811e-02  -1.1089977e-02   1.2196054e-02
   7.2569681e-01  -2.5338684e-01  -8.5150808e-01   3.4714995e-02  -1.1162370e-02   1.2352837e-02
   7.3569783e-01  -4.8139851e-01  -1.4029197e+00   2.6549374e-02  -1.2162276e-02   1.1648277e-02
   6.4981401e-01  -1.5929425e+00  -3.8398094e+00   4.3974348e-03  -5.1564981e-03   1.5443120e-02
   2.4645451e-01  -2.4841213e+00  -4.6906823e+00   1.4498010e-02  -8.3701599e-03   1.4185231e-02
   3.7269239e-02  -2.2277818e+00  -4.8675550e+00   2.6051927e-02  -3.5764683e-03   1.3064224e-02
   8.4067896e-02  -9.0636637e-01  -4.8709418e+00   1.3896554e-02  -4.2675581e-03   1.1011035e-02
   6.8448245e-02  -6.6297028e-01  -4.0361022e+00   1.2781627e-02  -7.5655778e-03   6.5122467e-03
   9.0730933e-02  -9.0265597e-01  -3.8532723e+00   1.0349228e-02  -8.8676182e-03   4.9538195e-03
   1.0556240e-01  -9.2565357e-01  -3.7829782e+00   1.0782971e-02  -8.8438090e-03   5.4784854e-03
   1.3472912e-01  -9.2150479e-01  -3.7321670e+00   1.1532403e-02  -9.8274926e-03   5.6038791e-03
   1.4586251e-01  -9.4049301e-01  -3.7382221e+00   1.1706913e-02  -1.0155723e-02   5.5631253e-03
   1.4068030e-01  -9.3293828e-01  -3.7531061e+00   1.1351809e-02  -9.9924758e-03   5.5681206e-03
   1.4527675e-01  -9.0498193e-01  -3.7706513e+00   1.1404663e-02  -1.0300637e-02   5.5425305e-03
   1.4636727e-01  -9.0761642e-01  -3.7721184e+00   1.1433920e-02  -1.0392807e-02   5.3834491e-03
   1.6802309e-01  -8.5979975e-01  -3.7674731e+00   1.0942690e-02  -1.0733323e-02   5.6275621e-03
   2.0595894e-01  -8.1011074e-01  -3.7354449e+00   1.2028586e-02  -1.1727806e-02   5.9732932e-03
   2.0476042e-01  -8.1485069e-01  -3.7463424e+00   1.2497856e-02  -1.1898966e-02   6.2333853e-03
   1.9780884e-01  -7.7943599e-01  -3.7596168e+00   1.2546769e-02  -1.1888412e-02   5.9093453e-03
   1.9974377e-01  -8.3867792e-01  -3.6933054e+00   1.2985134e-02  -1.2057198e-02   5.9096358e-03
   1.9725153e-01  -8.0662295e-01  -3.6907198e+00   1.2767062e-02  -1.2149274e-02   6.0955774e-03
   1.9528962e-01  -7.6564129e-01  -3.6680720e+00   1.2963048e-02  -1.2071464e-02   5.9836850e-03
   2.0463333e-01  -8.0342435e-01  -3.5788855e+00   1.3360337e-02  -1.2359117e-02   5.8836218e-03
   2.1002955e-01  -7.6101642e-01  -3.5475151e+00   1.2880719e-02  -1.2115778e-02   6.1397575e-03
   2.3639038e-01  -7.3474203e-01  -3.4585430e+00   1.4766137e-02  -1.0856312e-02   7.9681450e-03
   2.2589235e-01  -8.2582523e-01  -3.4054777e+00   1.4285202e-02  -1.0335657e-02   8.0027444e-03
   2.1594871e-01  -7.3589586e-01  -3.3851089e+00   1.4159851e-02  -9.8089737e-03   7.9010395e-03
   2.2059480e-01  -7.3284353e-01  -3.3703150e+00   1.4543318e-02  -9.7330791e-03   7.9355948e-03
   2.2712272e-01  -7.2459383e-01  -3.2627763e+00   1.4779215e-02  -1.0468462e-02   7.5916100e-03
