   0.0000000e+00  -1.0446734e-14  -7.1054274e-15   0.0000000e+00   0.0000000e+00   1.6043226e-18
  -1.0570661e-02  -2.2064521e-02  -4.6917718e-02  -8.5798836e-03  -4.9744125e-05   4.1992466e-04
  -1.2615562e-02   2.9002392e-01   2.2497803e-01  -6.3900809e-03   1.2022164e-03   1.7782472e-03
  -4.6169843e-02   2.4397752e-01  -2.5638361e-01   7.6782456e-03   1.9515701e-03  -7.2329647e-04
  -3.2197332e-02   3.1730259e-01   2.4802984e-01  -1.4319955e-03   1.6417459e-03   7.0615517e-04
  -1.9447738e-02  -2.3847530e-01  -1.4421298e-01  -2.4498910e-03   1.4709704e-03   1.5347191e-03
  -2.7509262e-02   1.9948702e-01   3.7786378e-02   5.7741249e-03   2.4725122e-03   2.2505873e-03
  -9.9232760e-03   1.3460367e-01   6.4771037e-03   5.9238163e-03   1.8078874e-03   1.2732448e-03
  -8.3635086e-03   3.7449114e-01   1.0304293e-01   5.3596542e-03   1.7615699e-03   1.4366628e-03
  -4.0933536e-02   1.2330314e-01  -3.1442829e-01   1.0473576e-03   1.2429762e-03   9.1706473e-04
  -5.9889243e-02   1.1249700e-01   5.0270103e-02  -3.5809690e-03   2.2057685e-03   1.9915294e-03
  -4.8314748e-02   2.3335721e-01  -3.2173160e-02   2.5419836e-03   2.9710758e-03   2.5402319e-03
  -6.6684084e-02   6.5171330e-02  -8.4636624e-02   7.5480608e-03   3.0764134e-03   1.8481852e-03
  -7.5575547e-02   1.1318609e-01  -2.2297697e-01   6.3764444e-03   2.5393508e-03   1.7671646e-03
  -4.8450666e-02   2.5989639e-01  -1.0096342e-01   1.0728740e-03   1.7781890e-03   2.0118131e-03
  -5.1475720e-02   1.1484553e-01  -4.1997424e-01  -3.4892563e-03   2.5304000e-03   2.6326221e-03
  -5.4327919e-02  -2.0893901e-01  -4.7444005e-01  -9.8173919e-03   1.2174098e-03   7.7824939e-04
  -2.3888151e-02  -2.8145364e-02  -3.5470380e-01  -1.1528660e-02   6.0373495e-04   5.5728482e-04
  -2.4707951e-02   1.8718178e-01  -1.7224324e-01  -8.6477843e-03   9.4514833e-04   1.7932628e-03
  -3.6475427e-02   2.0836084e-01   1.6525977e-02  -9.2232449e-03   1.3268327e-03   2.0469971e-03
  -4.9457766e-02  -1.2566278e-01  -7.0537005e-02  -7.9340168e-03   1.8665622e-03   3.0828364e-03
  -4.1290071e-02   3.7339550e-02  -1.6560351e-01  -4.7551207e-03   2.0652784e-03   4.0702403e-03
  -3.4521439e-02   1.7923041e-01  -4.1215117e-02  -4.2665725e-03   1.9805203e-03   2.6122737e-03
  -6.4087385e-02  -2.4051639e-03  -1.2646822e-01  -3.2801109e-03   2.1316644e-03   2.5473588e-03
  -8.3421842e-02   1.6996922e-01  -2.7591042e-01  -8.5661512e-03   1.6167520e-03   1.4734579e-03
  -6.5350649e-02   1.7383345e-01   4.9065818e-03  -8.9249194e-03   2.0707170e-03   2.2216462e-03
  -1.2348280e-01  -5.8015195e-02  -1.1327839e-01  -7.2129594e-03   2.3426103e-03   3.0930997e-03
  -6.7442324e-02   1.1955399e-01  -1.4291247e-01  -8.2564860e-03   2.5657220e-03   4.0202375e-03
  -1.1286925e-01   6.9270898e-02   5.9124717e-03  -6.7071182e-03   2.6353090e-03   3.7871537e-03
  -1.1658639e-01   3.5348327e-01   1.4922649e-02  -1.1064479e-02   3.3083821e-03   3.7905265e-03
  -1.5937276e-01  -8.6811769e-02  -1.4141002e-02  -8.8714143e-03   3.5316502e-03   3.6373221e-03
  -1.2627620e-01   3.1690518e-01   2.1548989e-01  -9.9865989e-03   3.4576931e-03   3.4854671e-03
  -1.4383365e-01   5.3338846e-03  -1.6716311e-02  -8.6210567e-03   3.2520512e-03   3.3266433e-03
  -1.1455769e-01   2.4367982e-01   2.5404361e-01  -9.0939728e-03   3.4213879e-03   3.4891374e-03
  -1.5271937e-01  -9.0549451e-03  -1.6475385e-01  -8.9136138e-03   3.1853761e-03   2.3841958e-03
  -1.4911429e-01   2.6886942e-02  -3.2928063e-01  -9.5702663e-03   2.9197705e-03   1.8395596e-03
  -1.5925221e-01   1.3420734e-01  -3.1419395e-01  -9.3576402e-03   2.9636775e-03   1.7331736e-03
  -1.4549654e-01   1.4937755e-01   4.4813326e-02  -8.8016751e-03   3.4207982e-03   2.3182181e-03
  -1.3901656e-01   1.4263819e-02  -1.3442881e-01  -9.0002963e-03   3.2589560e-03   2.5562563e-03
  -1.2697469e-01   2.0075218e-01   4.3544257e-02  -9.2365813e-03   3.4878999e-03   2.7105689e-03
  -1.2835786e-01  -1.3489057e-02  -2.0602175e-01  -1.0599707e-02   3.1988260e-03   2.0170462e-03
  -1.1883278e-01   9.2933580e-02  -2.4558303e-01  -9.5829931e-03   1.2054154e-03   8.1347603e-04
  -1.3692054e-01  -1.2566176e-02  -3.1927394e-01  -1.0570040e-02   1.7215265e-03   1.3394974e-03
  -1.2177753e-01   9.4657965e-02  -2.9948337e-01  -9.5079372e-03   1.9634599e-03   1.4976014e-03
  -1.3175072e-01   4.3501128e-01   3.3520356e-01  -1.1907845e-02   2.3142113e-03   1.2189534e-03
  -1.4104536e-01  -2.9686122e-01  -3.1101303e-01  -1.0278212e-02   1.7917518e-03   1.3320099e-03
  -1.2939427e-01   2.4779483e-02  -2.5336534e-01  -8.1523204e-03   1.7898120e-03   1.5387188e-03
  -1.3252922e-01   2.9930226e-01   2.6350868e-01  -1.1623140e-02   2.9467532e-03   2.9434309e-03
  -1.6417066e-01   7.7799442e-02  -5.0667547e-02  -1.0960211e-02   3.4254301e-03   3.0185369e-03
  -1.2955426e-01   6.8228680e-02   2.2003752e-01  -1.1537884e-02   3.2746169e-03   3.6504778e-03
  -1.5110222e-01   1.5951063e-01  -7.7437879e-02  -1.2773307e-02   2.6313762e-03   1.9035997e-03
  -1.5581680e-01   4.0187562e-03  -1.0407164e-01  -1.1432933e-02   2.5379405e-03   2.1483811e-03
  -1.1836668e-01   1.7943817e-01   7.6676484e-02  -1.5563167e-02   3.0918646e-03   3.2385009e-03
  -1.3620233e-01  -3.1250972e-01  -5.4165855e-01  -1.2320709e-02   3.2466821e-03   2.4810518e-03
  -8.0666933e-02   4.1898817e-01   6.0819561e-02  -1.7064714e-02   3.2830515e-03   3.1726186e-03
  -8.2862054e-02   1.1938311e-01  -1.8592441e-01  -9.1142170e-03  -4.2216955e-04  -3.0567989e-03
  -1.0665834e-01  -3.8695653e-01  -3.0396298e-01  -2.3331999e-02   7.1271233e-04  -1.6284310e-03
  -9.9068833e-02   7.8305722e-02  -8.1813318e-02  -2.2882854e-02   2.1172325e-03  -1.0836660e-03
  -1.1253801e-01  -1.5256961e-01  -3.1933703e-02  -2.2363830e-02   1.9448697e-03  -7.0534899e-04
  -1.1186126e-01  -8.8265226e-02  -5.1366063e-02  -2.1530748e-02   1.8406367e-03  -4.9183779e-04
  -1.3470825e-01  -2.1974732e-02  -6.8769045e-02  -2.1715260e-02   2.4259842e-03  -6.2817325e-04
  -1.5264565e-01  -4.3915262e-03  -6.9595896e-02  -2.1589480e-02   2.3851268e-03  -8.1023138e-04
  -1.5010951e-01  -9.4253936e-02  -4.0161923e-02  -2.0907170e-02   2.3054502e-03  -6.5688330e-04
  -1.3132406e-01  -8.4503034e-02  -6.9138944e-02  -2.0912873e-02   2.3825940e-03  -5.0847860e-04
  -1.3494143e-01   3.2702946e-02  -4.9979545e-02  -2.1209210e-02   2.3538684e-03  -7.4165718e-04
  -1.4703345e-01  -6.6154787e-02   5.3252135e-03  -2.0973866e-02   2.2795416e-03  -7.2023856e-04
  -1.1847807e-01  -1.0299606e-01  -2.9078733e-02  -2.1054693e-02   1.8963017e-03  -2.8495539e-04
  -1.1519130e-01   7.2131036e-02  -5.6597789e-02  -1.9342573e-02   1.8769960e-03  -1.0173837e-03
  -1.4317918e-01   8.1800677e-02  -4.3666596e-02  -1.8368698e-02   2.2056610e-03  -1.3143674e-03
  -1.3908445e-01  -7.1071632e-02  -7.8492981e-02  -1.8192424e-02   2.2577044e-03  -7.4946742e-04
  -1.4595020e-01  -8.4208263e-02  -7.8466991e-02  -1.8767532e-02   2.1688346e-03  -6.9530651e-04
  -1.3169178e-01   3.3269216e-02  -7.7306536e-02  -1.8945203e-02   2.1182672e-03  -5.3881020e-04
  -1.4206668e-01   1.6206551e-01  -3.9876550e-02  -1.7084858e-02   2.0188225e-03   3.5129176e-05
  -1.6126903e-01   8.0894273e-02   2.0775716e-01  -1.8449341e-02   2.6781329e-03   1.1832877e-03
  -1.5130727e-01   2.2649364e-03   7.2178489e-02  -1.9898091e-02   2.6517260e-03   1.8965723e-03
  -1.4969278e-01   9.2840980e-02  -2.3686646e-02  -1.8838218e-02   2.4135180e-03   1.6063169e-03
  -1.3585048e-01   1.7374030e-01   2.4864723e-01  -1.8084133e-02   1.8520087e-03   6.6470935e-04
  -1.2114867e-01  -5.5686098e-02   7.3023049e-02  -2.0109511e-02   1.9549374e-03   6.6617393e-04
  -1.4301422e-01  -1.5064188e-02  -2.0842920e-01  -1.8424457e-02   1.8047400e-03  -9.8796626e-05
  -1.1931737e-01   2.2030812e-02  -1.5703159e-01  -1.7985341e-02   1.7341198e-03   3.4098062e-04
  -1.0336598e-01  -3.6947810e-02  -2.0065798e-01  -1.8063656e-02   1.8338126e-03   4.6160648e-04
  -9.4196848e-02   3.5566801e-02  -2.1314473e-01  -1.8139397e-02   1.9343184e-03   3.7501837e-04
  -8.1668866e-02   2.4383772e-03  -2.0371655e-01  -1.7609403e-02   1.7407590e-03   2.9212984e-04
  -9.0059663e-02  -1.0593655e-01  -2.0745757e-01  -1.7288995e-02   1.7920572e-03   3.6642557e-04
  -1.1511450e-01   6.1508320e-02  -2.3681406e-01  -1.7705720e-02   1.3381485e-03   1.4483127e-04
  -1.1439872e-01   2.6802502e-01   1.5615823e-01  -1.7489861e-02   1.5196841e-03   7.0690701e-04
  -1.5999493e-01   3.4746236e-02   5.0949772e-02  -1.7951235e-02   1.6506847e-03   8.2974856e-04
  -1.7236816e-01   3.2045951e-02  -1.5635926e-01  -1.6440645e-02   1.9889256e-03   1.7860631e-03
  -1.6523055e-01   9.8516944e-02  -1.9670513e-01  -1.6264172e-02   1.9297593e-03   1.2226070e-03
  -1.6238128e-01  -7.8974738e-02  -1.9939952e-01  -1.6464494e-02   1.5301375e-03   3.9258552e-04
  -1.6347036e-01   8.2633074e-02  -2.2495535e-01  -1.6889931e-02   1.2776270e-03  -4.1063040e-04
  -1.4573468e-01   1.1910435e-01  -2.7722443e-01  -1.7117648e-02   9.7229171e-04  -7.4797776e-04
  -1.4560290e-01   3.0072243e-01  -2.9045209e-02  -1.4322060e-02  -1.2650680e-03  -2.2300910e-04
  -1.2740433e-01  -3.2597091e-01  -3.1693644e-01  -1.7480143e-02  -3.1817095e-03  -8.7703884e-04
  -1.1143961e-01   1.0941694e-01  -3.2943270e-01  -1.9197745e-02  -2.3298778e-03  -6.7056557e-04
  -1.3871412e-01   1.0108043e-02  -3.6374984e-01  -1.6314051e-02  -1.9980588e-03  -9.6336734e-04
  -1.2987223e-01  -8.0543662e-02  -3.3910415e-01  -1.6079481e-02  -1.8882681e-03  -6.4748951e-04
  -1.3323483e-01   7.3004207e-02  -2.9373234e-01  -1.7055078e-02  -1.7351244e-03   5.7449099e-05
  -1.1173024e-01   1.4253221e-01   2.0234069e-01  -2.0510972e-02  -1.6012550e-03   8.7918156e-04
  -1.1175526e-01  -1.6003760e-01  -2.1561643e-01  -1.9279232e-02  -1.8842383e-03   1.1446172e-03
  -1.0619167e-01  -2.2836339e-02  -3.3477465e-01  -1.7905929e-02  -1.2619762e-03   1.9312217e-03
  -1.1169059e-01   1.8901353e-01  -3.7050232e-02  -1.6228778e-02  -1.6523502e-03   7.1306086e-04
  -9.8821878e-02   9.8655570e-02   1.7504768e-01  -1.7373727e-02  -1.4743159e-03   1.2688950e-03
  -1.1436511e-01  -7.3225833e-02  -3.1026964e-01  -1.4081377e-02  -1.8260457e-03   6.5787019e-04
  -1.0282943e-01   8.9263818e-02  -2.7695175e-01  -1.5370899e-02  -1.4613478e-03   1.8097525e-03
  -1.3173075e-02  -2.6205526e-01  -7.6158415e-01  -1.6115690e-02  -1.1609141e-03   8.7290519e-04
  -3.1556168e-03   1.8717639e-01  -3.7097878e-01  -1.7472631e-02  -9.5188396e-04   4.9719785e-05
  -6.0768094e-02  -2.4470574e-02  -6.7857934e-01  -1.9681467e-02  -8.3120205e-04  -2.0478406e-03
  -6.3154158e-02  -2.0142985e-01  -4.8792363e-01  -2.1238556e-02  -9.2896948e-04  -1.6154115e-03
  -6.3993572e-02  -9.5321462e-02  -4.6945173e-01  -2.3307984e-02  -2.7277263e-04  -1.1280249e-03
  -9.4257435e-02  -2.2419451e-02  -3.1059357e-01  -2.3416221e-02  -6.1848177e-04  -1.0582221e-03
  -7.2573469e-02  -7.4378888e-02  -3.8030002e-01  -1.9808504e-02  -8.5529858e-04  -7.8771027e-04
  -6.4237698e-02   5.9139296e-03  -4.5357360e-01  -1.8949432e-02  -9.4996659e-04  -6.6862949e-04
  -7.5893038e-02   1.2054476e-01  -3.4914117e-01  -1.8982995e-02  -4.6717311e-04   1.1714847e-03
  -1.5778117e-01   2.5229287e-01  -3.0665572e-01  -1.4763144e-02  -2.3490740e-03   8.9127339e-04
  -1.2524023e-01   4.2865886e-03  -3.2029889e-01  -1.6853066e-02  -2.8478947e-03   1.9183999e-03
  -1.7797857e-01   6.3455328e-02  -3.6457139e-01  -1.4763771e-02  -1.6090346e-03   2.0020671e-03
  -1.6426797e-01   2.4616434e-01  -3.1191590e-01  -1.2656588e-02  -1.3305971e-03   2.5529335e-03
  -1.5720129e-01   1.9188254e-02   1.5901959e-01  -2.1575444e-02   2.3260408e-04   5.4317937e-03
  -9.1401457e-02   2.2465166e-01   1.2128226e-01  -1.4377116e-02  -8.3641867e-04   6.6543152e-03
  -7.9004434e-02  -5.0887065e-02  -3.1759601e-01  -1.4340244e-02  -4.0246568e-03   1.7912250e-03
  -1.2442887e-01  -2.6579443e-03  -4.0266540e-01  -1.5147526e-02  -2.3315690e-03   2.2268969e-03
  -4.1050403e-02  -1.2013235e-01  -4.2480944e-01  -1.3785310e-02  -2.7104457e-03   2.7658468e-03
  -4.9944766e-02   7.8358411e-02  -2.8551375e-01  -1.6607103e-02  -3.5685393e-03   2.5602640e-03
  -5.5335897e-02  -5.5017746e-02  -2.9110718e-01  -1.6882327e-02  -3.2462567e-03   2.7720605e-03
  -4.2091222e-02  -6.3615544e-02  -3.3180013e-01  -1.6255989e-02  -3.1183186e-03   2.7694777e-03
  -2.7781754e-02   3.5110446e-02  -4.0625428e-01  -1.4389521e-02  -3.4122244e-03   2.8525803e-03
  -6.6845366e-02   1.5054790e-01  -3.7928089e-01  -1.3857637e-02  -2.9761842e-03   2.8627975e-03
  -5.8977983e-02   4.8758069e-01  -3.4402547e-01  -4.6052651e-03  -1.2876771e-03   1.8378540e-03
  -6.6449151e-02   2.6745208e-01  -2.8502189e-01  -3.3799625e-03  -1.6730949e-03   1.9480953e-03
  -6.7118857e-02   2.3969514e-01  -1.3635881e-01  -5.5682857e-03  -2.1432084e-03   2.6423482e-03
  -3.5892063e-02   1.7240915e-01  -2.2445717e-01  -7.0623651e-03  -3.2214463e-03   1.2866138e-03
   1.3233216e-01   2.8232609e-01  -9.6601482e-02  -3.2568268e-03  -5.4392447e-03  -4.1802098e-03
   2.2692845e-01  -3.7551452e-02  -5.3179724e-01  -1.5243523e-02  -5.6205732e-03   2.1501341e-03
   1.6688735e-01  -9.4585710e-02  -4.1769786e-01  -1.8859445e-02  -4.7872911e-03   2.3729812e-03
   1.6420001e-01   1.1669409e-02  -3.5948958e-01  -1.7788925e-02  -4.8529005e-03   2.2217307e-03
   2.0199837e-01  -7.8414113e-03  -3.6616967e-01  -1.6178550e-02  -5.7190134e-03   2.0991032e-03
   2.1424816e-01  -1.5560192e-01  -3.6946423e-01  -1.7000367e-02  -5.5284471e-03   2.6705863e-03
   2.0546750e-01   7.1387264e-02  -3.6466868e-01  -1.5471985e-02  -6.0039449e-03   3.3947109e-03
   2.1206608e-01  -4.2820523e-02  -3.6881214e-01  -1.4991686e-02  -5.6653741e-03   3.3567269e-03
   2.1150934e-01   8.6089624e-03  -3.7865027e-01  -1.4132536e-02  -5.5698911e-03   3.2725573e-03
   1.9767075e-01   7.7406960e-02  -4.8603362e-01  -1.3862024e-02  -5.2128432e-03   2.8743205e-03
   1.4382246e-01  -1.3765824e-01  -8.5320435e-01  -1.8655884e-02  -4.0066703e-03  -2.4438911e-03
   1.7763341e-01  -1.0816805e-01  -3.7205559e-01  -1.8728852e-02  -4.2470791e-03   3.8168679e-03
   1.8051027e-01   9.1131559e-02  -3.5598928e-01  -1.5433179e-02  -4.3524455e-03   4.2375216e-03
   1.5971428e-01   4.0353145e-02  -5.4289548e-01  -1.5480327e-02  -3.5087496e-03   2.5236002e-03
   1.8178220e-01   1.8625253e-02  -5.0237550e-01  -1.4432204e-02  -3.5978583e-03   3.7210708e-03
   1.6207578e-01   5.8405582e-01  -3.4599138e-01  -6.2444963e-03  -4.7350194e-03   8.9157091e-04
   1.1704351e-01   3.6989195e-01  -2.2963041e-01  -5.9067651e-03  -4.3553169e-03   1.4877908e-03
   1.2805482e-01  -4.2177903e-02  -2.8313406e-01  -6.9942663e-03  -4.7675070e-03   1.7374513e-03
   1.6681097e-01   1.0226352e-01  -2.9111403e-01  -6.6742349e-03  -5.3900831e-03   2.0104316e-03
   1.4563110e-01   2.1243761e-01  -2.9398700e-01  -8.1703963e-03  -4.6784796e-03   2.8359194e-03
   1.0319141e-01   1.4201154e-01  -4.0972626e-01  -5.0772241e-03  -4.0549253e-03   3.7127635e-03
   2.0497504e-01   5.3651509e-01  -7.8702148e-01   8.1578969e-03  -3.4858959e-03  -1.2213904e-03
   2.1988740e-01  -5.5523624e-01  -1.4820438e+00   7.5283349e-03  -7.7174137e-04  -2.4346015e-03
   4.8731119e-01   9.1231309e-02  -2.3207545e+00   4.1506262e-02   6.7944568e-03   2.7694681e-03
   7.1834880e-01  -1.2656084e+00  -2.6651313e+00   6.5228015e-02   2.0214124e-02  -3.4684612e-03
   3.8514517e-01  -1.6429825e+00  -1.5721389e+00  -7.9646877e-04   5.8558180e-03   6.0883425e-04
   4.3057203e-01  -6.8024378e-01  -1.0599470e+00  -8.9292092e-03   8.4195254e-04   8.9272541e-04
   4.2215944e-01  -3.8092982e-01  -9.6800649e-01  -1.0254801e-02   6.9521037e-04   1.5278308e-03
   4.1195864e-01  -3.3540867e-01  -8.7212157e-01  -1.1773646e-02   8.0503160e-04   1.7840669e-03
   4.0001705e-01  -3.2115378e-01  -7.7121333e-01  -1.1576502e-02   9.3047040e-04   2.0157986e-03
   3.9008244e-01  -2.1154892e-01  -7.7710614e-01  -1.0850528e-02   1.8815297e-04   2.0314997e-03
   2.6329409e-01   4.8350569e-02  -8.7820681e-01  -1.2806492e-03  -7.0556892e-04  -5.1591385e-04
   2.9449854e-01  -2.7796997e-01  -8.6314489e-01  -8.0247814e-03  -1.7525519e-03   8.6525810e-04
   2.9281624e-01  -2.4268209e-01  -8.7633615e-01  -8.8377796e-03  -1.2696436e-03   1.5847229e-03
   2.8764010e-01  -1.0148526e-01  -8.3917485e-01  -7.1391732e-03  -1.5544363e-03   1.1490263e-03
   2.3763628e-01   6.0816998e-01  -8.3074079e-01   1.8529033e-03  -1.7980126e-03   1.5752138e-04
   2.1974337e-01  -2.6127601e-01  -8.4698125e-01  -4.0733501e-03  -1.0872911e-03   3.0035477e-03
   2.2976302e-01  -1.1404060e-01  -8.8835418e-01  -4.7771981e-03  -8.9650197e-04   3.6763510e-03
   2.8624533e-01   2.4186012e-01  -7.6061818e-01  -3.4056035e-03  -1.9402596e-03   1.8615606e-03
   2.3813338e-01  -1.5480331e-02  -4.7808839e-01  -4.9530522e-03   2.9379688e-03   6.1972060e-03
   3.2309495e-01   1.4216027e-01  -6.1459597e-01  -1.2346384e-02  -4.0512581e-03  -4.2537620e-04
   2.9190181e-01  -3.5332076e-01  -6.7815122e-01  -1.3577837e-02  -2.9174404e-03   1.3042754e-04
   3.2088345e-01  -2.2583887e-02  -7.2573903e-01  -1.1952474e-02  -2.7779075e-03   7.8199374e-04
   2.8750864e-01  -4.4530365e-03  -6.4282047e-01  -1.2778679e-02  -3.0427723e-03   8.7200904e-04
   2.9986359e-01  -1.7280994e-01  -7.0674063e-01  -1.1624404e-02  -3.9911232e-03   5.0665311e-05
   3.0532511e-01  -3.3281839e-02  -7.9019473e-01  -1.1260978e-02  -4.7067051e-03   6.1815748e-04
   2.9458515e-01  -7.4224461e-02  -6.8269753e-01  -1.5149728e-02  -4.2969535e-03   1.2705586e-04
   3.3245853e-01  -1.4281146e-01  -6.8130238e-01  -1.5344781e-02  -5.1651756e-03   4.2422549e-04
   3.2837907e-01  -7.2490970e-02  -6.8187643e-01  -1.5608997e-02  -5.0090455e-03   8.7939703e-05
   3.5897949e-01  -1.5014557e-01  -6.5367076e-01  -1.6174735e-02  -5.7513802e-03   6.3779977e-04
   3.3978326e-01  -1.0643327e-01  -6.4102159e-01  -1.5246709e-02  -5.1699310e-03   6.7669953e-04
   3.7492723e-01   2.0265875e-02  -5.4867884e-01  -1.5332436e-02  -5.7564104e-03   2.2808100e-03
   4.0823235e-01  -2.5157376e-02  -6.7340344e-01  -1.4049168e-02  -6.1469284e-03   5.0544374e-04
   3.8377318e-01  -2.3835992e-01  -7.0079244e-01  -1.6210762e-02  -5.6015654e-03   9.2198258e-04
   3.7078302e-01  -4.3332795e-02  -6.1196937e-01  -1.6184589e-02  -5.5686863e-03   1.4717854e-03
   4.0622444e-01  -7.8948754e-02  -3.9921087e-01  -1.2157381e-02  -5.2115479e-03   2.8655246e-03
   3.9475323e-01   2.2086993e-01  -1.8130827e-01  -1.3869471e-02  -4.5180392e-03   4.1676387e-03
   3.8581037e-01  -1.9255401e-01  -1.8207501e-01  -1.6552628e-02  -4.8475160e-03   4.4245943e-03
   3.9575049e-01  -8.3220840e-02  -2.1243066e-01  -1.6059885e-02  -5.2669734e-03   4.5095122e-03
   3.7818168e-01   1.5123662e-01  -2.2852853e-01  -1.2918248e-02  -4.8171605e-03   4.7359977e-03
   3.6999180e-01   2.8003017e-02  -2.7272480e-01  -9.7551972e-03  -4.7659772e-03   4.3699690e-03
   3.8777731e-01   6.1563686e-02  -5.2109072e-01  -7.0780454e-03  -4.6185714e-03   2.0689950e-03
   4.1221807e-01  -2.3319583e-01  -1.3721090e+00   8.2392921e-03  -6.4458492e-03   3.4368290e-04
   4.7342566e-01  -4.8761073e-03  -2.5535841e+00   5.8193552e-02   1.5147589e-04   2.4179421e-03
   4.8194010e-01  -1.4053173e+00  -2.6770669e+00   5.8956310e-02   1.9011575e-02  -7.1191403e-03
   3.6721611e-01  -1.4754585e+00  -1.5632180e+00   2.2033344e-04   3.9925855e-03  -8.3927731e-04
   3.7726257e-01  -7.8875744e-01  -1.1523912e+00  -9.5130714e-03   1.4357885e-03   2.5042829e-04
   3.7503547e-01  -4.5745179e-01  -1.0706991e+00  -1.0711039e-02   1.1283896e-03   7.3620235e-04
   3.8030527e-01  -2.4014811e-01  -8.9950104e-01  -1.0842598e-02   7.6995339e-04   1.2733137e-03
   3.6778831e-01  -1.6163517e-01  -8.4603499e-01  -9.9860474e-03   1.0282185e-03   4.2770624e-04
   4.0406375e-01  -3.3489507e-01  -1.3265462e+00  -6.9667254e-03  -6.1575220e-04  -1.8019864e-03
   6.7340931e-01  -1.3489065e+00  -2.9732528e+00  -7.0619604e-03  -4.3552966e-03  -2.2548369e-03
   7.4163465e-01   3.7061535e-01  -7.7078447e-01  -1.4055334e-02  -5.7207310e-03   1.1514460e-03
   5.2623849e-01  -3.5409273e-01  -8.5725259e-01  -1.7098363e-02  -6.1904701e-03   1.6514997e-03
   5.3021515e-01   1.5910313e-01  -3.8915667e-01  -1.0110412e-02  -5.7904032e-03   3.0116765e-03
   4.8208298e-01   1.2466123e-01  -5.2763869e-01  -7.7538412e-03  -5.9641990e-03   8.4003706e-04
   4.4080106e-01  -3.8972238e-02  -2.2166666e-01  -9.3174735e-03  -4.7551352e-03   4.5217335e-03
   4.3162698e-01  -2.8437966e-01  -4.0626660e-01  -1.4210917e-02  -6.0523482e-03   1.1024862e-03
