   0.0000000e+00   0.0000000e+00   0.0000000e+00   0.0000000e+00   0.0000000e+00   0.0000000e+00
   2.3596692e-02   9.7391364e-03   3.9451068e-02  -1.8679691e-04  -4.3978526e-04   4.4551853e-04
   2.0846729e-02   4.1906464e-02   6.3497776e-02  -3.6880387e-04  -2.2621053e-04   4.7142076e-04
   3.3784900e-02   5.0516835e-03   7.3214412e-02  -2.1305873e-04  -3.7488729e-04   8.1122219e-04
   3.4329530e-02   7.5129529e-02   7.2443569e-02  -6.5358705e-04  -1.9055345e-04   8.5144440e-04
   3.4656150e-02   5.2917812e-02   1.0819890e-01  -8.7773809e-04  -1.2037988e-04   1.2128129e-03
   2.6702796e-02   2.3582639e-02   1.2984289e-01  -1.4422082e-03   6.3741606e-05   1.1743359e-03
   2.7763694e-02   7.9398258e-03   1.0998440e-01  -9.5519400e-04   3.3810884e-04   1.1802109e-03
   4.1681629e-02  -1.2062768e-02   1.0929498e-01  -1.3446122e-03   7.3494857e-05   1.3186479e-03
   4.1200066e-02   6.6661586e-02   1.1404996e-01  -1.6041392e-03  -8.0916947e-05   1.3409675e-03
   4.3500509e-02   3.9928694e-02   1.4412109e-01  -2.2115194e-03  -1.1501825e-04   1.3468370e-03
   3.6881977e-02   4.5010110e-02   1.4436268e-01  -2.2898485e-03  -8.4828462e-05   1.2738156e-03
   3.9242471e-02   2.6993117e-02   1.4987282e-01  -2.3866541e-03  -5.2230427e-05   1.3755641e-03
   4.1838301e-02   4.5140327e-02   1.7549829e-01  -2.6774010e-03   1.3745995e-04   1.4526354e-03
   4.2690626e-02   7.0869573e-02   1.7266975e-01  -3.1213306e-03   1.3340497e-04   1.4022894e-03
   5.3913046e-02   6.8989300e-02   1.8782668e-01  -3.1886368e-03  -1.7442655e-04   1.3290727e-03
   4.9646480e-02   3.8642430e-02   1.9967199e-01  -2.6943448e-03   5.9711464e-05   1.3164965e-03
   5.1514645e-02   2.8534379e-02   2.1087272e-01  -2.6117679e-03   4.9334319e-05   1.4529837e-03
   5.0125711e-02   9.1922227e-02   1.9805872e-01  -2.8958477e-03  -1.5516705e-05   1.4881039e-03
   3.9398523e-02   5.5376971e-02   1.9620216e-01  -3.5121049e-03   3.6822064e-05   1.4172406e-03
   4.5279617e-02   8.7865383e-02   1.7949863e-01  -3.4777805e-03  -5.0558637e-05   1.3824964e-03
   4.6268881e-02   6.3982719e-02   1.9195123e-01  -3.4890124e-03  -5.9572237e-05   1.4590830e-03
   5.0815877e-02   5.7232236e-02   1.9570171e-01  -3.4558659e-03  -1.7815185e-04   1.5621621e-03
   5.0490840e-02   9.3481121e-02   1.8414961e-01  -3.8434975e-03  -3.0332267e-04   1.4955482e-03
   4.7065158e-02   1.0235455e-01   1.8455477e-01  -3.7255668e-03   4.3402648e-05   1.3756424e-03
   4.5751443e-02   9.4532381e-02   2.0324605e-01  -3.9361588e-03   1.5373491e-04   1.4564121e-03
   5.9752354e-02   3.4017554e-02   2.6165644e-01  -2.5100039e-03   4.8660460e-04   1.1175917e-03
   1.0613328e-01   7.9586752e-02   2.9018214e-01  -5.1021886e-03  -1.3292552e-03   1.1183172e-03
   7.5426033e-02   4.3619406e-02   3.1917273e-01  -5.6800571e-03  -4.8029412e-04   1.0549216e-03
   8.1515499e-02   1.4165200e-01   2.9678706e-01  -5.7927451e-03  -7.5622534e-04   1.0666915e-03
   8.0599754e-02   1.1232174e-01   3.2452561e-01  -6.1873523e-03  -3.8489393e-04   1.2290771e-03
   7.4489695e-02   1.1171951e-01   2.9603528e-01  -6.1823046e-03  -5.2164673e-04   1.2625926e-03
   7.1729005e-02   4.5603686e-02   2.6999614e-01  -5.9541801e-03  -3.6091787e-04   1.1922296e-03
   6.2202590e-02   1.0203914e-01   2.3865427e-01  -5.8062051e-03  -2.7247150e-04   1.0012225e-03
   5.8546800e-02   1.2049355e-01   2.5530568e-01  -5.5183417e-03  -2.3330341e-04   8.7723376e-04
   5.6356803e-02   8.0173967e-02   2.8825674e-01  -5.8030018e-03   9.4572861e-05   9.6473257e-04
   4.7554753e-02   1.0488016e-01   2.9098829e-01  -6.1042461e-03   2.1912995e-04   9.9634506e-04
   4.3581201e-02   8.3270525e-02   2.9227196e-01  -5.7984640e-03   7.3266840e-05   1.0256090e-03
   3.4935597e-02   1.6320482e-01   2.9168613e-01  -5.8812730e-03   3.0636740e-04   7.8260558e-04
   3.8882782e-02   8.5848921e-02   3.1853357e-01  -5.6053585e-03   3.3128063e-04   9.1933582e-04
   3.7437146e-02   8.3115443e-02   3.2315890e-01  -5.3150567e-03   2.6855197e-04   8.1836508e-04
   4.1200987e-02   6.8117196e-02   3.0730212e-01  -5.2363021e-03   2.4385556e-04   8.3761288e-04
   4.5212419e-02   1.6172334e-01   2.8686508e-01  -5.0934838e-03   1.3587226e-04   8.0264706e-04
   5.1381822e-02   7.0192948e-02   3.2014636e-01  -5.1744848e-03   1.0729390e-04   7.6979556e-04
   4.4403272e-02   7.7920630e-02   3.2836587e-01  -5.1704299e-03   2.5615013e-04   9.3356000e-04
   3.7480935e-02   7.9678680e-02   3.0603491e-01  -5.0689210e-03   4.5563112e-04   9.2969370e-04
   4.6120503e-02   1.3524254e-01   2.8795422e-01  -5.4515530e-03   1.6329485e-04   7.5769362e-04
   5.3495349e-02   9.6841033e-02   2.9299988e-01  -5.2315763e-03   5.5732999e-05   6.8009150e-04
   4.6407811e-02   7.5750140e-02   3.1036154e-01  -5.4261029e-03   1.6210911e-04   7.5122058e-04
   4.2509478e-02   8.0682745e-02   3.1935355e-01  -5.4193272e-03   3.2706728e-04   7.8774909e-04
   3.3716614e-02   1.3126447e-01   3.1959319e-01  -6.0599768e-03   5.3095252e-04   6.4903215e-04
   4.4765634e-02   1.1247749e-01   3.3711108e-01  -5.7831222e-03   3.2200950e-04   6.1667660e-04
   3.7649211e-02   1.2529919e-01   3.3055021e-01  -5.7820037e-03   3.6499670e-04   5.4393753e-04
   3.5625157e-02   7.9943991e-02   3.3833818e-01  -5.6837543e-03   3.4440097e-04   6.0708940e-04
   3.2828131e-02   8.5578781e-02   3.2887950e-01  -5.3367250e-03   4.6353793e-04   4.9752934e-04
   4.6730644e-02   1.3852519e-01   3.5042972e-01  -5.5815549e-03   3.0764082e-04   3.8834851e-04
   3.8025197e-02   8.9257088e-02   3.7315658e-01  -5.7127520e-03   4.3738209e-04   4.2070519e-04
   3.5393827e-02   7.5320332e-02   3.6615949e-01  -5.9171205e-03   3.4832197e-04   5.6360518e-04
   3.4331869e-02   1.1188163e-01   3.5434789e-01  -6.1935065e-03   3.4000793e-04   5.7266456e-04
   3.3740095e-02   9.8836890e-02   3.4811893e-01  -5.9545468e-03   3.4128126e-04   5.8800412e-04
   3.6101119e-02   9.7108110e-02   3.3668050e-01  -5.5828410e-03   2.9305276e-04   5.1021122e-04
   3.3906345e-02   1.0544285e-01   3.4585366e-01  -5.5304031e-03   2.3277603e-04   4.7981260e-04
   2.6758800e-02   1.1795746e-01   3.5047342e-01  -5.6622750e-03   5.4637162e-04   4.6124401e-04
   3.3953687e-02   8.2144093e-02   3.6524462e-01  -5.5611241e-03   3.5744176e-04   5.6785822e-04
   3.7927176e-02   6.2955170e-02   3.7917020e-01  -5.4774895e-03   4.1999055e-04   5.8667836e-04
   3.1630718e-02   1.1622453e-01   3.6851197e-01  -5.8250581e-03   5.7764829e-04   4.2597397e-04
   2.9564212e-02   1.3424526e-01   3.6936907e-01  -6.1898787e-03   4.9785967e-04   3.1276105e-04
   3.2911031e-02   1.1062713e-01   3.7204219e-01  -5.5614137e-03   2.8975453e-04   4.6007377e-04
   2.5531681e-02   1.3038201e-01   3.8044058e-01  -5.6459095e-03   7.5940508e-04   3.9557715e-04
   2.7868964e-02   8.9258159e-02   3.6700341e-01  -5.4203051e-03   1.0958400e-03   3.1916470e-04
   4.0558532e-02   1.3232768e-01   3.7315454e-01  -6.0781491e-03   5.9833649e-04   2.8877421e-04
   2.2365680e-02   9.1926614e-02   3.7544285e-01  -5.9107027e-03   1.0773716e-03   3.7999340e-04
   3.4065305e-02   6.7542051e-02   3.7989965e-01  -5.9843003e-03   5.8416104e-04   4.6728691e-04
   2.9738024e-02   1.4133274e-01   3.5575867e-01  -6.5148544e-03   4.1004282e-04   3.9892416e-04
   3.1612938e-02   1.1116223e-01   3.5083480e-01  -5.9838183e-03   4.8142209e-04   3.6394382e-04
   2.3406929e-02   1.1794912e-01   3.6510167e-01  -5.8418570e-03   6.4619369e-04   2.5789384e-04
   2.4872329e-02   7.9187003e-02   3.9052588e-01  -5.5841043e-03   7.7563011e-04   4.0868271e-04
   2.2100838e-02   1.0800186e-01   3.8648345e-01  -6.0567394e-03   8.9401399e-04   3.0578845e-04
   2.2190548e-02   1.4315827e-01   3.9239745e-01  -6.2720491e-03   7.3790102e-04   3.0455264e-04
   2.2477749e-02   9.9880223e-02   4.1006461e-01  -6.3456367e-03   6.0671893e-04   1.2256224e-04
   1.9883891e-02   1.0960924e-01   4.3064972e-01  -6.2044401e-03   6.7591695e-04   1.8358804e-05
   2.3469804e-02   7.9752660e-02   4.2873809e-01  -5.5393156e-03   9.5795536e-04  -1.0396112e-05
   3.4226336e-02   1.0702023e-01   4.0970466e-01  -5.4914637e-03   6.7147506e-04   7.6782821e-05
   3.8049962e-02   1.6585331e-01   4.1592639e-01  -5.9973956e-03   4.8616481e-04   2.0155875e-04
   2.7157118e-02   1.1655556e-01   4.3570918e-01  -5.5984890e-03   7.8525115e-04   1.7479991e-04
   3.3221595e-02   7.4952707e-02   4.6830474e-01  -6.1879088e-03   8.7186425e-04   2.1217546e-04
   4.0301885e-02   8.8193541e-02   4.5668879e-01  -6.5137703e-03   7.1786285e-04   2.9776734e-04
   4.0840557e-02   1.4140655e-01   4.5300839e-01  -6.3769786e-03   5.9817279e-04   2.9759441e-04
   2.7125087e-02   1.0554425e-01   4.3952449e-01  -6.1441823e-03   1.1449316e-03   1.3901587e-04
   3.3715760e-02   8.2049345e-02   4.5574409e-01  -6.2105342e-03   8.5236685e-04   1.3457560e-04
   2.9046835e-02   1.2608636e-01   4.4575070e-01  -6.0983447e-03   8.5978623e-04   1.2055169e-04
   3.0605460e-02   8.0366938e-02   4.7011711e-01  -5.9544644e-03   8.8046660e-04   1.6920629e-04
   2.9447063e-02   1.4847526e-01   4.4568532e-01  -6.3432680e-03   8.0593641e-04   1.6308050e-04
   2.1677515e-02   1.2761232e-01   4.4054589e-01  -6.1059564e-03   6.1054431e-04  -8.0990574e-05
  -1.3866216e-03   9.8437730e-02   4.5318338e-01  -5.4445373e-03   1.2513234e-03  -5.5892892e-04
   1.3354741e-02   1.1880201e-01   5.0706300e-01  -6.0893098e-03   1.1493599e-03  -6.5588794e-04
   1.1557275e-02   1.5305988e-01   5.0986621e-01  -6.3924085e-03   1.1843595e-03  -5.4053227e-04
  -2.1923202e-03   1.2700666e-01   5.0536485e-01  -6.5064036e-03   1.3723686e-03  -5.2940146e-04
   7.0925628e-03   6.6887235e-02   5.3171403e-01  -6.9100065e-03   1.0853673e-03  -5.1647983e-04
  -1.3564086e-04   1.1648241e-01   5.0858458e-01  -7.0363156e-03   1.1383891e-03  -5.9418302e-04
  -9.3728041e-03   1.1167206e-01   5.0220293e-01  -6.4731083e-03   1.5135595e-03  -6.0706641e-04
   4.1236850e-04   1.6255053e-01   5.0463818e-01  -7.0438876e-03   9.9594485e-04  -6.0076253e-04
  -8.3776725e-03   1.3290517e-01   5.0815842e-01  -6.5483862e-03   1.4882549e-03  -5.9557671e-04
   6.3392711e-03   1.2088634e-01   5.1492381e-01  -6.9689216e-03   1.1952662e-03  -5.1336773e-04
   8.9855125e-03   1.1207273e-01   5.1754979e-01  -6.7678497e-03   1.2203266e-03  -5.0805049e-04
  -2.3986896e-03   1.7466965e-01   5.2077292e-01  -7.3421287e-03   1.1008653e-03  -7.0230246e-04
  -3.6705438e-03   1.4424926e-01   5.4599286e-01  -7.3518092e-03   1.2327692e-03  -7.4758004e-04
   1.5594658e-03   1.1030017e-01   5.5189626e-01  -7.1256124e-03   1.1373730e-03  -8.1729735e-04
  -1.0477573e-02   1.4976653e-01   5.4185398e-01  -7.0061442e-03   1.2314309e-03  -8.7663528e-04
  -1.8878528e-03   1.6301484e-01   5.6268690e-01  -7.1449427e-03   9.8238721e-04  -8.0645322e-04
  -6.7787732e-03   1.1281804e-01   5.7114016e-01  -7.5175190e-03   1.1763513e-03  -7.8047333e-04
   3.1911815e-03   1.4079960e-01   5.5369258e-01  -7.5831455e-03   1.1385174e-03  -8.8800527e-04
  -9.5640152e-03   1.4642915e-01   5.4820992e-01  -7.2210721e-03   1.7577803e-03  -9.4084158e-04
   2.8163971e-03   1.4339437e-01   5.6474549e-01  -7.5383165e-03   1.2127235e-03  -9.2813830e-04
  -3.2257453e-03   1.4937469e-01   5.7208960e-01  -7.5840777e-03   1.1785139e-03  -9.5323787e-04
  -7.4297481e-03   1.2832790e-01   5.8173947e-01  -7.8895801e-03   1.1710663e-03  -9.7524993e-04
   1.8360995e-03   1.2768664e-01   5.7472600e-01  -7.5327658e-03   1.1271954e-03  -9.8145269e-04
  -9.4797482e-03   1.1651297e-01   5.7984421e-01  -7.3770708e-03   1.3410238e-03  -1.0782710e-03
  -1.2116512e-02   1.1275545e-01   5.8616713e-01  -7.2815926e-03   1.1456603e-03  -1.0736795e-03
  -3.9353650e-03   1.5107479e-01   5.8065309e-01  -7.2795148e-03   1.0323807e-03  -9.9806785e-04
  -8.9703521e-03   1.1782378e-01   5.7879284e-01  -6.9860819e-03   1.0804032e-03  -1.1128448e-03
  -6.2394566e-03   1.8659314e-01   5.6921369e-01  -7.2390685e-03   9.5900667e-04  -1.2114522e-03
  -3.6771559e-03   1.5193066e-01   5.9960311e-01  -7.3383889e-03   1.1019707e-03  -1.1094089e-03
   1.9650565e-03   9.3792748e-02   6.1775888e-01  -7.3128415e-03   1.1269717e-03  -9.6483300e-04
  -5.9091760e-03   1.7267988e-01   5.8636183e-01  -7.9443238e-03   9.9470943e-04  -1.0124815e-03
  -8.0873584e-03   1.3533162e-01   6.0221381e-01  -7.7727082e-03   9.8592224e-04  -1.1650532e-03
  -1.7335176e-02   1.3000136e-01   6.3201775e-01  -7.8256237e-03   1.2583895e-03  -1.2366150e-03
  -1.4397063e-02   9.7635977e-02   6.4345530e-01  -7.7978169e-03   1.1353786e-03  -1.2755221e-03
  -1.8852630e-02   1.7358568e-01   6.0313782e-01  -8.1716553e-03   1.0299821e-03  -1.3154589e-03
  -2.2170341e-02   1.4874018e-01   5.9758536e-01  -7.8437591e-03   1.0914064e-03  -1.3449828e-03
  -3.0555186e-02   1.3100519e-01   6.2611352e-01  -7.4561354e-03   1.3584321e-03  -1.3559795e-03
  -2.6518592e-02   1.1365597e-01   6.5796772e-01  -7.3349039e-03   1.3670162e-03  -1.2960516e-03
  -2.0602579e-02   1.2356212e-01   6.3115178e-01  -7.5424483e-03   1.3280927e-03  -1.2967065e-03
  -1.8465084e-02   1.8348764e-01   6.2305572e-01  -7.8158128e-03   1.0781780e-03  -1.4273115e-03
  -1.9246286e-02   1.7451668e-01   6.3672833e-01  -7.4063746e-03   1.1725100e-03  -1.4349836e-03
  -2.5908811e-02   1.2555668e-01   6.4238538e-01  -7.7534937e-03   1.1578496e-03  -1.3819027e-03
  -3.2643571e-02   1.2266627e-01   6.2471386e-01  -7.3224761e-03   1.5234967e-03  -1.3294759e-03
  -2.7702902e-02   1.0626674e-01   6.3940430e-01  -7.5343049e-03   1.3423680e-03  -1.3665416e-03
  -2.2757528e-02   1.5340436e-01   6.3412709e-01  -8.1525450e-03   1.3448785e-03  -1.4854765e-03
  -4.4285036e-03   3.5560878e-01   6.0537931e-01  -7.9412307e-03   9.9602233e-04  -1.7143732e-03
  -6.3445716e-03  -3.1540223e-02   7.3340619e-01  -8.4586448e-03   1.2278211e-03  -1.4853685e-03
  -3.3062717e-03   1.0796452e-01   7.0672672e-01  -7.9925814e-03   1.0050227e-03  -1.5319763e-03
  -8.4210801e-03   1.4368783e-01   7.1180985e-01  -7.1028160e-03   1.0775302e-03  -1.6072346e-03
  -1.0526822e-02   1.7642094e-01   7.4587655e-01  -7.4194395e-03   9.4393373e-04  -1.6553293e-03
  -6.5890608e-03   1.0368473e-01   7.7054990e-01  -8.2564891e-03   6.9487920e-04  -1.5122181e-03
  -3.9062754e-03   2.2122749e-01   7.2001371e-01  -7.9307590e-03   6.7136054e-04  -1.5283631e-03
  -9.4035073e-03   1.3327626e-01   7.5093815e-01  -8.2798156e-03   7.1573128e-04  -1.5443326e-03
  -2.1671081e-03   1.5926516e-01   7.5392201e-01  -8.5776082e-03   5.8807560e-04  -1.5494876e-03
   7.3537868e-03   1.0803481e-01   7.4021279e-01  -8.8533415e-03   5.6044117e-04  -1.4646360e-03
   4.9160952e-03   2.2080141e-01   7.2082974e-01  -8.9136925e-03   5.8605754e-04  -1.5518981e-03
  -5.6012908e-04   1.9847225e-01   7.5402012e-01  -8.9037437e-03   6.6404037e-04  -1.5395839e-03
  -4.9745237e-03   1.5988059e-01   7.7744435e-01  -8.9622902e-03   7.4306498e-04  -1.5088088e-03
  -1.3743395e-02   1.5383422e-01   7.6310331e-01  -9.0797853e-03   9.7224536e-04  -1.6089503e-03
  -4.4630346e-03   1.3459771e-01   7.6228643e-01  -8.9987139e-03   6.0848906e-04  -1.6132614e-03
  -6.6325101e-03   1.7418986e-01   7.4893433e-01  -8.8582016e-03   7.0371752e-04  -1.6901461e-03
  -1.0545180e-02   1.9824827e-01   7.6287330e-01  -9.0612187e-03   7.3840268e-04  -1.6646449e-03
  -1.2545943e-02   1.6862864e-01   7.8352974e-01  -9.3788117e-03   7.7705404e-04  -1.6030936e-03
  -1.5412731e-02   1.7771642e-01   7.7018648e-01  -9.0257142e-03   8.7562498e-04  -1.6017925e-03
  -5.0014567e-03   1.5011144e-01   7.3957283e-01  -8.5355426e-03   7.4962875e-04  -1.6656331e-03
  -6.0093369e-03   1.6844687e-01   7.7639978e-01  -8.6923603e-03   8.8210233e-04  -1.6428334e-03
  -1.9746236e-02   2.0534163e-01   7.8061948e-01  -8.5757618e-03   1.1359310e-03  -1.7420866e-03
  -1.2287137e-02   1.7272952e-01   8.0387109e-01  -9.1238837e-03   8.2879955e-04  -1.6855936e-03
  -2.0910804e-02   1.7350095e-01   7.8740292e-01  -8.3723052e-03   1.1420125e-03  -1.6800782e-03
  -1.7591838e-02   1.4985008e-01   8.0526342e-01  -8.5064833e-03   1.0906705e-03  -1.6655229e-03
  -1.8521401e-02   1.2956126e-01   8.1236858e-01  -8.4510299e-03   1.0402846e-03  -1.7525001e-03
  -2.4535914e-02   2.1079573e-01   7.8549652e-01  -8.7936030e-03   1.1027807e-03  -1.8356733e-03
  -2.0097568e-02   1.7693084e-01   8.0225236e-01  -8.4167888e-03   1.0432176e-03  -1.8590015e-03
  -1.9459218e-02   1.7335076e-01   8.1838890e-01  -8.8520065e-03   9.3715312e-04  -1.8791907e-03
  -1.9989342e-02   1.5329722e-01   8.0816908e-01  -8.7356222e-03   9.9591639e-04  -1.8495385e-03
  -2.9651544e-02   1.5232762e-01   8.0503056e-01  -8.6758312e-03   1.1702657e-03  -1.8903643e-03
  -1.8752360e-03   2.0753594e-01   7.3259771e-01  -7.1758418e-03   8.3956766e-04  -2.5561527e-03
   8.4033770e-02   6.5422429e-02   7.2292363e-01  -9.3041343e-03  -1.6514309e-03  -1.6980696e-03
   6.0359893e-02   8.9861410e-02   8.2355425e-01  -9.1802765e-03  -1.1654601e-03  -1.8463494e-03
   5.6632220e-02   2.1430661e-01   8.5027199e-01  -8.9997652e-03  -9.1170584e-04  -1.9159962e-03
   8.3065457e-02   1.6892831e-01   9.1758569e-01  -9.5943754e-03  -1.6256959e-03  -1.6831365e-03
   8.3171534e-02   1.1307709e-01   9.1566889e-01  -9.7611515e-03  -1.5444981e-03  -1.5631955e-03
   8.0651395e-02   1.3313004e-01   8.9243745e-01  -9.9842312e-03  -1.5387883e-03  -1.8127545e-03
   6.9223297e-02   2.0813992e-01   8.9997961e-01  -1.0111141e-02  -1.3822762e-03  -1.8875200e-03
   6.7352599e-02   1.6918921e-01   9.1273141e-01  -9.7081408e-03  -1.3951632e-03  -1.9293119e-03
   7.2089371e-02   1.2099610e-01   9.1191799e-01  -9.5272842e-03  -1.3803750e-03  -1.9382335e-03
   7.7423233e-02   1.8706279e-01   9.0116714e-01  -9.7968575e-03  -1.3496595e-03  -1.9222549e-03
   7.0285219e-02   1.7432759e-01   9.3141453e-01  -9.8288050e-03  -1.0990776e-03  -1.9618588e-03
   6.9694221e-02   1.4169519e-01   9.6600923e-01  -1.0276917e-02  -1.2738625e-03  -1.9722001e-03
   6.9029946e-02   1.9386373e-01   9.4588769e-01  -1.0647129e-02  -1.5434829e-03  -1.9895232e-03
   7.3448606e-02   1.6625529e-01   9.4227604e-01  -1.0437744e-02  -1.4463079e-03  -1.9207658e-03
   7.5544978e-02   1.4789400e-01   9.6886264e-01  -1.0412243e-02  -1.2827110e-03  -1.9922724e-03
   6.6402809e-02   1.5267627e-01   9.6266746e-01  -1.0145581e-02  -1.2850018e-03  -2.1238849e-03
   7.1808287e-02   1.6691430e-01   9.6777230e-01  -1.0558589e-02  -1.7146525e-03  -1.8707746e-03
   6.5834231e-02   1.5237900e-01   9.5948419e-01  -1.0864696e-02  -1.6341784e-03  -1.9578966e-03
   7.0744114e-02   1.9215457e-01   9.4617787e-01  -1.0806971e-02  -1.6707735e-03  -1.9128145e-03
   7.0074500e-02   1.4741176e-01   9.4927859e-01  -1.0472786e-02  -1.4678800e-03  -1.9433555e-03
   6.8475972e-02   1.5377631e-01   9.5982645e-01  -1.0679901e-02  -1.4454531e-03  -2.0883751e-03
   6.6635087e-02   1.9207374e-01   9.6063545e-01  -1.0956785e-02  -1.6537578e-03  -2.0790171e-03
   6.3209087e-02   1.6199718e-01   9.5813134e-01  -1.0888960e-02  -1.7211236e-03  -2.1921787e-03
   6.4800145e-02   1.4451993e-01   9.7599744e-01  -1.0493635e-02  -1.4837947e-03  -2.1486655e-03
   6.8248333e-02   1.6679958e-01   9.6651222e-01  -1.0448487e-02  -1.5565821e-03  -2.0829563e-03
   6.9030798e-02   1.6916852e-01   9.5908556e-01  -1.0741895e-02  -1.6165263e-03  -2.0212552e-03
   7.0186245e-02   1.6853972e-01   9.5038283e-01  -1.0860970e-02  -1.6668083e-03  -2.0227041e-03
   6.2167879e-02   1.4613704e-01   9.6094629e-01  -1.0548301e-02  -1.4265627e-03  -2.1204107e-03
   6.8998702e-02   1.9218822e-01   9.7559725e-01  -1.0801936e-02  -1.6502768e-03  -2.1137634e-03
   7.6446846e-02   1.5078313e-01   9.8686341e-01  -1.1474375e-02  -1.7970095e-03  -2.0730953e-03
   7.1588960e-02   1.4373709e-01   9.7248815e-01  -1.1416091e-02  -1.6904206e-03  -2.0412755e-03
   6.7512252e-02   1.3233621e-01   9.6122787e-01  -1.1011252e-02  -1.5212065e-03  -2.1252307e-03
   6.0949119e-02   1.7641215e-01   9.5505425e-01  -1.0783585e-02  -1.4436637e-03  -2.2108239e-03
   6.3680127e-02   1.8163182e-01   9.8091012e-01  -1.0873901e-02  -1.4701178e-03  -2.1247849e-03
   6.7003992e-02   1.8861479e-01   9.6715356e-01  -1.0994341e-02  -1.4169365e-03  -2.1425480e-03
   7.5626107e-02   1.2285220e-01   9.7016309e-01  -1.0770864e-02  -1.5019745e-03  -2.0579167e-03
   6.5318994e-02   2.0509586e-01   9.5294460e-01  -1.0476468e-02  -1.2823801e-03  -2.1652346e-03
   6.5389806e-02   2.1373362e-01   9.8380793e-01  -1.0940592e-02  -1.5209372e-03  -2.1233966e-03
   3.4834934e-02   1.4120684e-01   9.8914376e-01  -1.0245160e-02  -5.4040260e-04  -2.2720587e-03
