   0.0000000e+00   0.0000000e+00   0.0000000e+00   0.0000000e+00   0.0000000e+00   0.0000000e+00
   2.4894379e-03   3.7307586e-02  -3.7111199e-03   2.4285363e-04   1.4442356e-04  -8.3212778e-05
  -8.1503739e-03   5.9495942e-02  -1.4302232e-02  -2.8098688e-04   2.4745362e-04  -2.8919996e-04
  -2.4514032e-03   9.5036526e-02  -8.0745594e-04  -5.6542693e-04  -6.8628655e-05  -5.2268098e-04
  -5.3433531e-04   2.1706628e-02   4.1201084e-03  -9.3929002e-04  -4.3649513e-05  -4.6159626e-04
   5.8715997e-03   1.0131594e-02  -3.4908701e-03  -6.7786347e-04  -1.9227522e-04  -4.8320606e-04
   1.3353073e-02   1.8999237e-02  -8.7479474e-03  -5.1218962e-04  -4.1378890e-04  -4.4808727e-04
   1.5819379e-02   5.7194414e-03  -6.6185250e-03  -9.0084543e-04  -7.7815690e-04  -4.0994565e-04
   1.1828515e-02   2.2494512e-02  -4.3674173e-03  -1.4657354e-03  -1.1471587e-03  -4.2388814e-04
   3.1534930e-02   1.2081003e-02  -3.3500696e-03  -1.4918917e-03  -1.4660339e-03  -1.5981343e-04
   3.1031717e-02  -3.1022697e-02  -1.1824728e-02  -1.5786145e-03  -1.6091293e-03  -8.6989458e-05
   3.1960166e-02  -1.3063637e-02   3.6762030e-04  -1.9897964e-03  -1.6546385e-03  -4.7106665e-05
   2.5694996e-02   2.3783918e-02   2.3253575e-03  -1.8258712e-03  -1.5774565e-03  -1.6060045e-04
   4.0254467e-02  -2.8615860e-02   4.9263043e-03  -1.8380759e-03  -1.5818431e-03  -9.3940248e-05
   3.7628405e-02  -7.0189530e-02  -8.7699952e-03  -8.5437589e-04  -1.5490857e-03  -1.5777747e-04
   3.6615828e-02   7.1212793e-02  -2.6419307e-02  -6.2416637e-04  -1.7295484e-03  -2.8734657e-04
   4.2845826e-02  -9.6315235e-02  -4.2891354e-02   8.4331565e-05  -2.2728812e-03   1.0917067e-04
   3.7017849e-02   1.2993259e-02  -7.8483906e-03  -1.0236576e-03  -2.2818263e-03  -2.1423222e-04
   3.2433163e-02   5.3090027e-02  -1.6122486e-02  -1.5627625e-03  -2.1256447e-03  -3.4511258e-04
   4.1597835e-02  -1.2201756e-02  -3.1018896e-02  -1.3086474e-03  -2.2381465e-03  -2.8202611e-04
   3.0864877e-02   1.8848158e-02  -2.7813650e-02  -1.0087228e-03  -2.5013061e-03  -3.0775824e-04
   2.6196113e-02   6.0061769e-03  -1.5971767e-02  -1.2300420e-03  -2.2875456e-03  -3.9464312e-04
   3.1968757e-02   2.0571022e-02  -5.3009723e-03  -1.6476539e-03  -2.3572877e-03  -5.6537265e-04
   2.8539091e-02  -7.3245487e-03  -5.4311651e-03  -1.5786915e-03  -2.4138914e-03  -6.4774579e-04
   4.1393977e-02  -3.8373019e-02   1.2542022e-02  -1.2306477e-03  -2.5495555e-03  -7.0224437e-04
   4.0656724e-02  -3.1685013e-02   4.4902730e-03  -1.4964087e-03  -2.3233481e-03  -5.7161629e-04
   4.5732078e-02   3.4683480e-02  -1.0380791e-02  -1.6086040e-03  -2.3844241e-03  -4.4909338e-04
   5.4441379e-02  -2.3992259e-02  -1.7139129e-02  -1.3305248e-03  -2.6665772e-03  -3.3032654e-04
   4.2987337e-02  -3.4152968e-02  -2.1071743e-02  -1.1048174e-03  -2.5596870e-03  -3.5488826e-04
   3.7475819e-02   8.1252430e-02   2.7572652e-03  -2.0256551e-03  -2.4871058e-03  -5.5201754e-04
   4.4596796e-02  -1.6845820e-02   7.6956712e-03  -2.3104959e-03  -2.5390175e-03  -4.7536757e-04
   4.8363863e-02  -1.9454293e-02  -1.0257674e-02  -2.2054333e-03  -2.6902302e-03  -4.6760397e-04
   4.0717716e-02   3.1667681e-02  -1.5325399e-02  -2.5706281e-03  -2.6585877e-03  -3.7477185e-04
   3.8309773e-02   1.2766960e-02  -2.4158289e-02  -2.5681116e-03  -2.6315775e-03  -3.2851355e-04
   5.1255445e-02   1.9573803e-02  -2.3494790e-02  -2.5187212e-03  -2.8015656e-03  -2.7403799e-04
   5.2059915e-02   7.0452145e-03  -2.0765262e-02  -2.5331019e-03  -2.7952539e-03  -3.1240473e-04
   5.1255127e-02  -2.8822287e-02  -2.4335405e-02  -2.5733814e-03  -2.7897447e-03  -3.2954665e-04
   6.2462050e-02   2.4942842e-02  -1.0420364e-02  -2.4323123e-03  -2.7657687e-03  -4.0040593e-04
   6.7819452e-02   2.8307403e-02  -1.5393849e-02  -2.8776556e-03  -2.7724984e-03  -2.4758266e-04
   6.1776520e-02  -3.2706294e-02  -3.7930677e-02  -1.9002987e-03  -2.6066947e-03  -4.4792619e-04
   5.6553803e-02   1.9474172e-02  -4.6758091e-02  -2.2703043e-03  -2.4991245e-03  -2.7408273e-04
   5.6518312e-02   4.5079158e-02  -3.9415905e-02  -2.3198932e-03  -2.5554559e-03  -3.0316742e-04
   5.9995150e-02  -9.7892099e-03  -4.3572392e-02  -2.2137151e-03  -2.3887414e-03  -4.3336250e-04
   7.4453040e-02  -3.4792968e-02  -3.1330362e-02  -1.8337834e-03  -2.8829121e-03  -2.6668305e-04
   6.4768952e-02  -4.3612912e-03  -2.1443105e-02  -2.2390012e-03  -2.4447425e-03  -4.0724718e-04
   7.7202730e-02  -1.8720491e-02  -4.1070875e-02  -2.1278577e-03  -2.4893688e-03  -2.5984071e-04
   8.0697494e-02  -1.7498062e-02  -5.4223643e-02  -2.0882613e-03  -2.6309158e-03  -6.4913507e-05
   8.4531108e-02  -2.4203462e-02  -6.5916313e-02  -2.1413482e-03  -2.5464235e-03  -1.4528326e-04
   7.0838682e-02   3.0328233e-02  -5.2611275e-02  -2.6639858e-03  -2.3033270e-03  -3.0949269e-04
   6.6503548e-02  -6.8736806e-03  -4.5776702e-02  -3.0405176e-03  -2.0301136e-03  -4.3055811e-04
   7.8104929e-02  -4.0077382e-02  -5.3117326e-02  -2.6981642e-03  -2.1169262e-03  -2.7848783e-04
   7.8254389e-02  -1.7437163e-02  -4.1265125e-02  -3.3609449e-03  -1.9766085e-03  -4.3642719e-04
   8.0056158e-02   5.8267030e-02  -2.8895787e-02  -4.0901620e-03  -1.8564184e-03  -5.9029278e-04
   7.7053587e-02   2.7583908e-02  -3.2809712e-02  -4.1099207e-03  -1.8981958e-03  -6.6993342e-04
   6.5893980e-02   9.5600475e-03  -4.3482884e-02  -3.9628502e-03  -1.7448634e-03  -6.9567497e-04
   5.6725061e-02   5.5142968e-02  -4.1642408e-02  -4.3451346e-03  -1.0436385e-03  -9.5539549e-04
   5.0760895e-02   1.0356183e-01  -1.2044580e-02  -4.9708592e-03  -8.4581239e-06  -1.2941402e-03
   5.1117332e-02   5.3153290e-02  -3.9885460e-02  -4.3589320e-03  -1.1331721e-04  -1.2566380e-03
   5.6235702e-02   4.6959873e-02  -6.0468296e-02  -3.9547016e-03  -2.2335051e-04  -1.0681487e-03
   6.7849835e-02   4.8432394e-02  -8.9522609e-02  -3.7112515e-03  -1.5894838e-04  -9.7841859e-04
   7.5147162e-02   1.0161506e-01  -8.4789735e-02  -4.1360184e-03  -1.0688581e-04  -9.1500573e-04
   7.9404334e-02   2.9277996e-02  -6.9630812e-02  -4.0892589e-03  -6.9252277e-05  -9.6515236e-04
   8.4754748e-02   5.5486531e-02  -5.3371198e-02  -4.2969489e-03  -8.8160890e-05  -9.2242005e-04
   9.8907195e-02   1.8525397e-02  -5.4968808e-02  -3.9631515e-03  -1.7038192e-04  -8.6011384e-04
   1.0282729e-01   2.9970092e-02  -6.5794226e-02  -3.9680345e-03  -4.0488366e-06  -8.7951288e-04
   9.5897484e-02   8.4507333e-02  -7.1218913e-02  -4.1998060e-03   6.5167342e-05  -9.3792799e-04
   9.8123291e-02   4.8507009e-02  -6.6457255e-02  -3.9975495e-03  -1.5740346e-04  -7.5254605e-04
   7.9243010e-02   1.1928815e-02  -6.1243260e-02  -3.5825363e-03   3.7020651e-05  -8.2733523e-04
   9.8738685e-02   8.7330215e-02   4.4673207e-02  -3.5958750e-03  -5.3947257e-04  -7.0123598e-04
   1.0113914e-01  -9.6277767e-02  -2.0229220e-01  -2.5387721e-03  -5.4447871e-04  -4.3266392e-04
   9.3502699e-02   6.0130442e-02  -2.0801132e-01  -2.3284006e-03   1.7585771e-05  -3.8270908e-04
   8.9766256e-02   1.6078990e-02  -1.9276066e-01  -2.2000727e-03   1.9990452e-04  -7.2446524e-04
   1.0166625e-01   1.1034106e-02  -1.8464819e-01  -2.1268785e-03  -6.2960598e-05  -4.1725627e-04
   9.0401206e-02   2.6216534e-02  -1.7566798e-01  -2.8481377e-03   3.1089996e-04  -7.5465477e-04
   8.3693071e-02   7.4063687e-02  -1.5893404e-01  -2.9539834e-03   3.3767613e-04  -7.6470048e-04
   4.5702055e-02   1.6798852e-01  -1.2325807e-01  -2.0647152e-03   2.3373692e-04  -8.6665322e-04
   1.1772584e-02   2.1607081e-01  -8.7029754e-02   1.8929403e-03  -1.3916999e-03  -2.0841854e-03
   8.1174498e-02  -4.3997029e-01  -2.1470733e-01   2.1930571e-03  -1.5747504e-03  -5.4892863e-04
   7.7907577e-02  -3.0904926e-02  -1.5989560e-01   1.3195566e-03  -1.2613177e-03  -3.4934699e-04
   7.9499974e-02  -9.9066059e-03  -1.1854447e-01   9.9953826e-04  -1.2786868e-03  -3.4747453e-04
   5.5597575e-02   3.7011078e-02  -8.4228392e-02  -2.9580485e-04  -9.2438605e-04  -7.3145448e-04
   5.8546632e-02  -1.6212040e-02  -7.3571405e-02  -5.1395208e-04  -8.3448816e-04  -6.1230243e-04
   5.8216105e-02  -2.1591419e-02  -7.5274872e-02  -1.2470478e-03  -6.3142052e-04  -6.5803422e-04
   6.4026154e-02  -4.0718621e-02  -9.4138772e-02  -1.4874303e-03  -5.4820865e-04  -5.5669795e-04
   6.5486304e-02   6.1917586e-02  -8.6853140e-02  -1.7027560e-03  -5.2024979e-04  -5.4291695e-04
   7.1950232e-02   4.0007164e-02  -1.1331377e-01  -1.8399808e-03  -7.1894603e-04  -4.5439444e-04
   7.4304973e-02   2.2458814e-02  -1.1637819e-01  -1.9830663e-03  -7.5615380e-04  -4.5966415e-04
   7.7060905e-02   8.3069917e-02  -1.1935410e-01  -2.3953339e-03  -6.7024769e-04  -5.6989063e-04
   6.8987085e-02   7.3345033e-02  -1.2450531e-01  -2.0816700e-03  -6.7338992e-04  -3.5082833e-04
   4.8282084e-02   4.2446593e-02  -1.1862379e-01  -2.2629478e-03  -1.0692735e-03  -3.8637974e-04
   4.5407665e-02   9.4664889e-02  -1.1182161e-01  -2.2847624e-03  -1.1995070e-03  -3.7907309e-04
   5.4945014e-02   4.4069296e-02  -1.2422540e-01  -2.2014877e-03  -1.3994209e-03  -3.8366639e-04
   3.9054378e-02   1.0832163e-01  -1.1967411e-01  -2.4966164e-03  -1.0323839e-03  -4.7639774e-04
   3.1414253e-02   6.4225071e-02  -1.3599510e-01  -2.4431399e-03  -1.0845688e-03  -6.3571971e-04
   2.9202826e-02  -5.3102183e-03  -1.4319791e-01  -2.1229006e-03  -9.9285081e-04  -7.5704715e-04
   2.0408590e-02   1.7121603e-01  -1.2895000e-01  -2.4033619e-03  -6.9609593e-04  -7.5151700e-04
   1.2839711e-02   5.8546757e-02  -1.2439665e-01  -2.5769609e-03  -7.9248684e-04  -6.1775504e-04
   1.4260290e-02   4.4868448e-02  -1.2224901e-01  -2.1559109e-03  -6.6488170e-04  -6.6207671e-04
   2.2667006e-02   5.6971874e-02  -1.2808376e-01  -2.2092996e-03  -4.7816328e-04  -6.4974849e-04
   1.8164655e-02   1.1790223e-01  -1.1021701e-01  -2.9087698e-03  -8.5210115e-05  -7.2460013e-04
   1.8957077e-02   5.9803045e-02  -1.2279343e-01  -2.9496732e-03  -2.6330626e-04  -6.8120524e-04
   8.2245649e-03   5.7352832e-02  -1.1341467e-01  -2.9470473e-03  -3.5875820e-05  -7.7760158e-04
   1.0054412e-02   6.3789516e-02  -1.2478837e-01  -2.3342820e-03  -2.2607399e-04  -6.6324276e-04
   1.3298689e-02   8.2504918e-02  -1.2020030e-01  -2.7201648e-03  -1.4986057e-04  -7.2593917e-04
   3.9724919e-03   1.1620903e-01  -1.1516933e-01  -3.0372598e-03   4.3906958e-05  -7.3904607e-04
  -1.8925170e-02   2.8012953e-02  -1.2358242e-01  -2.0324009e-03  -4.0402623e-05  -1.0044917e-03
   7.9459424e-03   9.9938000e-02  -1.0151888e-01  -2.0639628e-03  -1.2870291e-03  -7.2496058e-04
  -8.0051321e-02   6.7369784e-02  -9.9353088e-02  -2.4518065e-03   7.4970318e-04  -1.2101007e-03
  -1.0013200e-01   1.2153859e-01  -6.3601969e-02  -2.7265438e-03   1.2889063e-03  -1.4272253e-03
  -9.9248719e-02   6.9392559e-02  -3.4960443e-02  -2.7199508e-03   1.4239838e-03  -1.4408112e-03
  -9.7593648e-02   7.2565938e-02  -2.5542597e-02  -2.9920104e-03   1.6383713e-03  -1.5316948e-03
  -1.0596003e-01  -2.5222874e-03  -1.0492776e-01  -1.5417882e-03   1.3832183e-03  -1.6130669e-03
  -1.0960069e-01   9.2652570e-02  -7.1314116e-02  -2.0649248e-03   1.6617345e-03  -1.5706073e-03
  -1.1995187e-01   5.1408634e-02  -8.7230228e-02  -1.2987215e-03   1.6657164e-03  -1.8383570e-03
  -8.9721373e-02   6.1320690e-02  -9.3786342e-02  -2.4374406e-03   1.4263306e-03  -1.8692262e-03
  -8.1094109e-02   2.8414763e-02  -1.2655682e-01  -2.0306915e-03   1.1035841e-03  -1.6603389e-03
  -8.2172572e-02   8.8327187e-02  -1.0681806e-01  -2.5682890e-03   1.2914712e-03  -1.7270517e-03
  -7.9691202e-02   8.0361110e-02  -1.0876475e-01  -2.7694384e-03   1.3294289e-03  -1.6761307e-03
  -6.2711632e-02   2.6104113e-02  -1.2617572e-01  -2.4152909e-03   1.0438559e-03  -9.9249213e-04
  -9.2162845e-02   1.1010022e-01  -1.1145512e-01  -2.7366088e-03   1.0908095e-03  -1.5248210e-03
  -9.9196119e-02   9.2956461e-02  -1.0154199e-01  -2.6482298e-03   1.2679913e-03  -1.4713885e-03
  -8.6439007e-02   8.2179266e-02  -1.0630393e-01  -2.5577546e-03   1.5133790e-03  -1.3500345e-03
  -7.2871959e-02   2.0810717e-02  -9.6271538e-02  -2.6939630e-03   1.4517042e-03  -1.2532195e-03
  -7.2924586e-02   5.6446800e-02  -1.0071364e-01  -2.8259929e-03   1.3985922e-03  -1.4507565e-03
  -8.1753299e-02   9.1540662e-02  -9.7327109e-02  -2.8179670e-03   1.5623622e-03  -1.4951560e-03
  -6.4204454e-02   4.5311610e-02  -1.0158800e-01  -2.7393122e-03   1.2124741e-03  -1.4681845e-03
  -6.8344107e-02   9.5599280e-02  -1.0390117e-01  -2.7838590e-03   1.0871464e-03  -1.5023399e-03
  -6.2374463e-02   6.4073847e-04  -1.9375751e-01  -2.3037191e-03   1.0968742e-03  -1.4670138e-03
  -7.2357390e-02   1.4674632e-01  -1.1840464e-01  -2.8968553e-03   1.0980707e-03  -1.6319028e-03
  -6.9829439e-02   7.7998985e-02  -1.1781103e-01  -2.9910674e-03   1.0397787e-03  -1.5628592e-03
  -7.6018461e-02   8.8222345e-02  -1.0413747e-01  -3.0204760e-03   1.0397224e-03  -1.6415960e-03
  -8.1464612e-02   8.2640659e-02  -1.1440483e-01  -2.9933167e-03   1.1254602e-03  -1.7137229e-03
  -6.7106246e-02   8.1180040e-02  -1.3856752e-01  -3.1365940e-03   1.0143075e-03  -1.5945268e-03
  -9.8082982e-02   1.7809990e-01  -8.4491456e-02  -2.4481018e-03   1.3085976e-03  -2.0053146e-03
  -1.1632065e-01   7.0295510e-02  -8.9795117e-02  -2.8207134e-03   1.5836807e-03  -1.9597080e-03
  -1.2051642e-01   5.3720865e-02  -7.7338864e-02  -2.4892189e-03   1.6774301e-03  -2.1375308e-03
  -1.2269523e-01   8.5596611e-02  -6.6942545e-02  -2.7499939e-03   1.8302170e-03  -2.2755659e-03
  -1.3299686e-01   1.1186000e-01  -4.6922225e-02  -2.8814750e-03   2.3272111e-03  -2.4434277e-03
  -1.2411351e-01   5.0955816e-02  -6.1136697e-02  -3.2562987e-03   2.0177018e-03  -2.3032227e-03
  -1.2380908e-01   7.5424991e-02  -6.0293255e-02  -3.3027686e-03   2.1102734e-03  -2.4104757e-03
  -1.3227477e-01   5.7330380e-02  -6.1816049e-02  -3.3269454e-03   2.3302339e-03  -2.5862815e-03
  -1.2961288e-01   1.4603942e-01  -5.7148344e-02  -3.7428250e-03   2.1756570e-03  -2.4067666e-03
  -1.2824186e-01   7.8649517e-02  -4.2090036e-02  -3.6117320e-03   2.1073622e-03  -2.3088841e-03
  -1.3109471e-01   9.2097538e-02  -3.9008067e-02  -3.5765616e-03   2.1436291e-03  -2.3929797e-03
  -1.3463232e-01   4.6540794e-02  -5.9728175e-02  -2.8225250e-03   2.4032546e-03  -2.4311731e-03
  -1.4260628e-01   9.3987540e-02  -5.8770076e-02  -2.6140723e-03   2.3432965e-03  -2.4317753e-03
  -1.3953584e-01   7.5747635e-02  -6.0135314e-02  -2.5086047e-03   2.1004114e-03  -2.4093160e-03
  -1.3975157e-01   4.6860001e-02  -4.6369852e-02  -2.6151485e-03   2.5008917e-03  -2.5151731e-03
  -1.3471040e-01   6.5728941e-02  -2.7606967e-02  -3.0528594e-03   2.5189826e-03  -2.4439118e-03
  -1.3804661e-01   8.4649837e-02  -2.7692658e-02  -3.0717923e-03   2.6055434e-03  -2.5466124e-03
  -1.2403417e-01   7.0148686e-02  -4.9137403e-02  -2.8914491e-03   2.3693229e-03  -2.3891458e-03
  -1.2130150e-01   6.9037131e-02  -5.6356624e-02  -2.6108276e-03   2.4629023e-03  -2.4598066e-03
  -1.3847227e-01   6.4316836e-02  -5.0516926e-02  -2.7328256e-03   2.7806100e-03  -2.5980483e-03
  -1.2781267e-01   1.1999712e-01  -5.4209913e-02  -3.1082957e-03   2.7018322e-03  -2.5346373e-03
  -1.2438875e-01   6.9358955e-02  -5.4945635e-02  -2.9792295e-03   2.7057585e-03  -2.5794362e-03
  -1.1798815e-01   2.3377895e-02  -5.2383028e-02  -2.5910371e-03   2.6818373e-03  -2.5069534e-03
  -1.1457874e-01   7.3372544e-02  -5.9593259e-02  -2.8850041e-03   2.7698407e-03  -2.5248596e-03
  -1.3203973e-01   1.5489809e-01  -3.2356503e-02  -3.0419557e-03   2.9581237e-03  -2.6475727e-03
  -1.3097829e-01   8.3428268e-02  -4.1551882e-02  -2.8906324e-03   3.0021378e-03  -2.5880564e-03
  -1.2697921e-01   4.8873395e-02  -6.0012930e-02  -2.6099544e-03   2.8839714e-03  -2.6197957e-03
  -1.1606579e-01   1.0050069e-01  -7.0524385e-02  -2.6536826e-03   2.8591699e-03  -2.5631035e-03
  -1.0753966e-01   9.9554714e-02  -5.8327114e-02  -2.9058598e-03   3.2113098e-03  -2.6018630e-03
  -9.0881802e-02   1.0254060e-01  -5.5254211e-02  -2.8422704e-03   3.1268984e-03  -2.3298152e-03
  -9.3449444e-02   6.0982826e-02  -5.6678023e-02  -2.3390284e-03   3.1186256e-03  -2.4081094e-03
  -1.1434086e-01   8.8540824e-02  -5.9840837e-02  -2.4195292e-03   3.4349869e-03  -2.6268686e-03
  -1.2258801e-01   9.8712143e-02  -6.7330135e-02  -2.8495467e-03   3.7261297e-03  -2.8033727e-03
  -1.2071597e-01   9.3563754e-02  -5.5956576e-02  -2.7581340e-03   3.6558027e-03  -2.7590896e-03
  -1.0496424e-01   8.2769484e-02  -5.4660541e-02  -2.3608385e-03   3.4499694e-03  -2.5032021e-03
  -1.0247195e-01   6.7264197e-02  -7.4127230e-02  -2.3248251e-03   3.3906342e-03  -2.6654160e-03
  -9.8697208e-02   6.9898601e-02  -7.2039699e-02  -2.3213193e-03   3.4276761e-03  -2.6518444e-03
  -1.2457292e-01   1.3189021e-01  -9.8424964e-02  -1.0500288e-03   4.0228057e-03  -2.8478705e-03
  -1.1976987e-01   6.3553388e-02  -1.2868506e-01   1.4609874e-04   3.6206291e-03  -2.4440505e-03
  -1.1898508e-01   8.4948188e-03  -9.7155926e-02   1.7254398e-04   3.7249232e-03  -2.3388343e-03
  -1.2220519e-01   6.5046216e-02  -8.0226686e-02  -5.3620570e-04   3.9894393e-03  -2.4700219e-03
  -1.2999336e-01   9.6400540e-02  -5.8946540e-02  -1.1554425e-03   4.1096657e-03  -2.7611186e-03
  -1.2755065e-01   5.2094787e-02  -6.6458472e-02  -1.4835408e-03   4.1477490e-03  -2.7540126e-03
  -1.2750671e-01   6.1571289e-02  -6.5183369e-02  -1.5130239e-03   4.0586480e-03  -2.7124013e-03
  -1.3050302e-01   7.1848030e-02  -6.5374628e-02  -1.6821408e-03   4.2901968e-03  -2.7467228e-03
  -1.2338569e-01   6.5080186e-02  -7.4001244e-02  -1.0857765e-03   4.1244620e-03  -2.6268684e-03
  -1.2554017e-01   1.2939596e-01  -5.9299626e-02  -1.7828936e-03   4.1869608e-03  -2.5538769e-03
  -1.3671105e-01  -1.1502696e-03  -6.7012080e-02  -1.8725498e-03   4.3468558e-03  -2.7283265e-03
  -1.3920095e-01   9.8186452e-02  -5.9349196e-02  -1.8183604e-03   4.4423391e-03  -2.8807316e-03
  -1.4814060e-01   8.5464217e-02  -6.3281588e-02  -2.1209606e-03   4.5515664e-03  -2.8932725e-03
  -1.4773084e-01   7.6580547e-02  -6.0221941e-02  -2.1161246e-03   4.4553445e-03  -2.9005493e-03
  -1.5001683e-01   4.3889579e-02  -8.2194764e-02  -1.9423198e-03   4.4747721e-03  -3.1145896e-03
  -1.6559338e-01   1.0944220e-01  -7.4883639e-02  -2.5009268e-03   4.3515998e-03  -3.2531755e-03
  -1.7016836e-01   3.2521163e-02  -6.0799956e-02  -2.5852734e-03   4.4590849e-03  -3.3040505e-03
  -1.7303574e-01   1.1389233e-01  -2.3041403e-02  -3.8288865e-03   4.7653268e-03  -3.6031259e-03
  -1.7455445e-01   1.0711370e-01  -1.4291415e-02  -4.6163619e-03   4.9492165e-03  -3.6536861e-03
  -1.7644338e-01   9.1008101e-02  -3.2581520e-02  -4.0052569e-03   4.8250235e-03  -3.6248696e-03
  -1.7363499e-01   1.0903312e-01  -5.9196915e-02  -4.4143251e-03   4.7715569e-03  -3.6328028e-03
  -1.6968761e-01   1.5719925e-01  -4.3719138e-02  -4.9100572e-03   4.8778744e-03  -3.7075201e-03
  -1.6089277e-01   1.0008219e-01  -2.2445047e-02  -5.0013933e-03   4.9756367e-03  -3.4667046e-03
  -1.6434234e-01   8.9746438e-02  -1.9512575e-02  -5.1013307e-03   4.9574273e-03  -3.7181167e-03
  -1.5567920e-01   1.4730814e-01  -1.5216468e-02  -5.5643175e-03   4.8117081e-03  -3.7481183e-03
  -1.6437325e-01   1.6668950e-01  -8.4997240e-04  -5.6671462e-03   5.0115461e-03  -3.8969072e-03
  -1.5528693e-01   1.4348844e-01  -1.2150454e-02  -5.5587622e-03   4.7042097e-03  -3.5246665e-03
  -1.6595320e-01   1.0267113e-01  -2.5001418e-02  -5.0441139e-03   4.6742959e-03  -3.6960607e-03
  -1.6123421e-01   1.4502871e-01  -1.9302043e-02  -5.3661783e-03   4.7338783e-03  -3.7838103e-03
  -1.6105361e-01   1.3998680e-01  -1.8721971e-03  -5.4403725e-03   4.9464841e-03  -3.7869934e-03
  -1.5996608e-01   1.0074667e-01  -1.9536182e-02  -4.9940508e-03   4.8939888e-03  -3.5346235e-03
  -1.6795658e-01   7.1974762e-02  -2.7457068e-02  -4.8897987e-03   4.9792757e-03  -3.7015080e-03
  -1.8268318e-01   1.7052962e-01  -5.9045603e-03  -5.4094893e-03   5.2041658e-03  -3.8608470e-03
  -1.7906606e-01   1.1183234e-01   3.4174792e-04  -5.2677641e-03   5.1164926e-03  -3.7823496e-03
  -1.8852324e-01   1.1399257e-01   3.1651598e-03  -5.3414268e-03   5.0811612e-03  -3.7960009e-03
  -1.8428023e-01   1.0812518e-01  -1.4159431e-03  -5.3263855e-03   5.1528837e-03  -3.8162775e-03
  -1.7612350e-01   8.6236426e-02  -7.4563801e-03  -5.1474180e-03   5.0478721e-03  -3.8134555e-03
  -1.8868179e-01   1.8725695e-01   2.6804428e-03  -5.5031905e-03   5.4293723e-03  -3.8860240e-03
  -1.8499099e-01   8.0760303e-02  -4.9825834e-02  -4.5994213e-03   5.0041654e-03  -3.6956831e-03
  -1.9346743e-01   9.6036403e-02  -3.9356551e-02  -4.3258554e-03   5.1787275e-03  -3.9787048e-03
