   0.0000000e+00  -1.0997791e-14   0.0000000e+00   1.9259299e-34  -1.6704779e-52  -8.1735836e-19
   1.5593029e-02   5.1971706e-03  -5.9935769e-03  -9.1352814e-05  -2.2310378e-04   2.3905345e-04
   2.3848221e-02   7.6308361e-02  -2.2447789e-03  -4.9680987e-05  -1.2219650e-03   6.4359739e-04
   1.1887106e-02   6.2824485e-02  -1.7406358e-02   1.1840901e-04  -9.4169921e-04   1.3830660e-04
   1.5067417e-02   5.7448473e-02  -3.6367041e-03   3.6635609e-04  -6.9785460e-04   5.4988525e-04
   1.4700798e-02   6.5500535e-02   3.0789990e-02  -7.5140776e-04  -6.3932793e-04   4.3585375e-04
   1.9740408e-02   3.3353665e-02   3.4435787e-02  -1.4756013e-03  -9.1707353e-04   2.6547885e-04
   1.3832573e-02   6.5073270e-03   9.7478356e-03  -1.5846857e-03  -1.0072947e-03   3.2490922e-04
   1.4020726e-02   4.7428777e-02   2.1835073e-03  -7.6138448e-04  -8.3694073e-04   2.8705985e-04
   9.0346496e-03   2.2290839e-02   2.2077897e-02  -1.2083860e-03  -7.4128536e-04   2.4981044e-04
   1.0465130e-02   3.6749083e-02   5.5138876e-03  -7.9093095e-04  -3.9773416e-04   1.6163176e-04
   1.4275901e-02  -7.1545130e-03   1.3433688e-02  -8.1742904e-04  -5.8721521e-04   1.9772809e-04
   6.3347237e-03   6.0714309e-02   1.2701841e-02   1.1664526e-04  -4.9200751e-04  -1.1153774e-04
   8.5726919e-03   9.1851635e-02   3.3908692e-02  -2.3446253e-04  -6.9851861e-04  -2.7535882e-04
  -4.6514090e-03   7.7625556e-03  -1.9028720e-03  -4.6114306e-04  -2.1577249e-04  -5.3174065e-04
  -5.9831278e-03   9.7795201e-02   4.2354438e-04  -8.4786902e-04   6.5253945e-05  -2.7279438e-04
   1.2714897e-02   7.6397907e-02   8.6537677e-03  -1.9256312e-03  -6.0829086e-04   2.7924075e-04
  -3.1961500e-03  -2.5044407e-02  -2.0557024e-03  -8.4048890e-04  -1.8146475e-04  -2.9600694e-04
  -3.1852694e-03   2.8851648e-02   3.9071736e-03  -5.2930197e-04  -2.4988124e-04  -2.0389498e-04
  -1.0098406e-02  -8.7557740e-03   2.6532459e-02  -9.3938416e-04  -2.3426663e-04  -3.1693806e-04
  -4.5289773e-03   2.4187763e-02   2.9030026e-02  -1.5465533e-03  -3.5381650e-04  -2.5380517e-04
   3.4685024e-03   2.9606267e-02   3.0424805e-02  -1.4517833e-03  -2.7089222e-04  -1.7880127e-04
   9.7467459e-03   8.4241198e-03   2.7695731e-02  -1.2740650e-03  -3.2302691e-04  -2.0222722e-04
   1.1494678e-03   1.1098601e-02   2.6613542e-02  -1.3788493e-03  -3.6285946e-04  -1.4550117e-04
  -4.1103963e-03   1.1409939e-02   1.9142295e-02  -1.1171052e-03  -1.2246168e-05  -1.7923798e-04
   7.4597324e-03   4.2596669e-03   4.0384857e-02  -2.0640417e-03  -5.1230106e-04  -2.1375512e-04
   7.3789911e-03   2.8240474e-02   1.7748863e-02  -1.7142184e-03  -4.1997171e-04  -2.4352671e-04
  -1.3897726e-02   3.5788541e-02  -2.3894120e-02   5.2049552e-04   4.4898537e-04  -1.0157206e-03
  -1.2305951e-02   2.2438700e-02   2.3845733e-02  -1.2856262e-03  -1.4636193e-04  -4.7397438e-04
  -3.5056627e-03   1.0740091e-01   1.5420385e-02  -8.7122483e-04  -2.3117320e-04  -2.3624698e-04
   8.1336259e-03   5.6048940e-02   3.2320788e-02  -1.2341583e-04  -1.8171166e-04  -2.3155233e-04
   3.8148453e-03   9.4107853e-02   3.7883916e-02  -7.7316298e-04   5.9293463e-05  -2.0596597e-04
  -7.7098028e-05   6.4329866e-02   2.5918111e-02  -1.7994327e-03  -2.0704462e-04  -3.1607224e-04
  -2.8695755e-03   4.4537972e-02   5.5895288e-03  -1.1932761e-03  -1.8174982e-04  -1.6181889e-04
   4.5077747e-04   5.6260295e-02   3.0161433e-02  -1.2379858e-03   3.2550337e-06  -1.4424658e-04
  -2.5902016e-03   1.0680776e-02   2.7783941e-02  -9.4520727e-04   1.6130708e-04  -2.6335202e-04
   9.7759130e-04   4.0704090e-02   1.3019761e-02  -5.5642137e-04   4.5781602e-05  -3.4887862e-04
   2.6142559e-03   1.7370471e-01   4.7954111e-02   1.6475667e-04   4.3178292e-05  -7.5768398e-04
  -8.2452116e-04   6.1312334e-02   6.2152665e-02  -7.0108696e-04  -1.1556593e-04  -5.3307076e-04
   1.7357185e-03   1.0732406e-01   5.2723206e-02  -4.5279844e-04  -1.5839564e-04  -6.5078666e-04
   1.0315180e-03   1.4010522e-01   6.2220854e-02  -8.8036872e-05  -2.9840462e-04  -7.5149293e-04
  -1.5013084e-02   1.4486419e-01   4.0616708e-02   8.0879172e-04  -7.2681134e-06  -8.0251753e-04
  -1.2055385e-02   1.4394703e-01   6.4976808e-02   2.5422453e-04  -2.1063555e-04  -7.9266084e-04
  -2.3977342e-02   9.7614361e-02   8.8532731e-03   1.9562474e-04   1.8009805e-04  -1.0398885e-03
  -1.4522118e-02   1.4398278e-01   4.7002433e-02   4.5464695e-05  -1.7580093e-04  -7.1992615e-04
  -1.3215382e-02   1.2711802e-01   4.1827722e-02  -8.4823534e-04  -2.8258200e-04  -6.7819959e-04
  -1.1799595e-02   4.3669168e-02   2.4418139e-02  -1.0716300e-03  -2.7505624e-04  -5.9045823e-04
  -1.7195348e-02   6.0251464e-02   1.9852435e-02  -6.5251012e-04  -2.3459938e-04  -5.4382344e-04
  -1.3702206e-02   7.4994261e-02   2.2072528e-02  -8.1969477e-04  -7.0586339e-04  -5.7806311e-04
  -9.7191403e-03   4.8063826e-02   2.3507474e-02  -1.0693198e-03  -6.2993863e-04  -5.7816372e-04
  -2.0197813e-02   5.5417499e-02   2.8086972e-02  -6.1563339e-04  -3.7210435e-04  -5.5230270e-04
  -1.6163856e-02   6.1374352e-02   3.0108439e-02  -4.4237691e-04  -5.4572496e-04  -5.7239820e-04
  -2.1497427e-02   4.9063105e-02   2.1581401e-02  -3.3408530e-04  -2.6588263e-04  -8.6233874e-04
  -2.7448220e-02   6.9052364e-02  -8.2681237e-03   4.4527245e-04   1.1346225e-04  -1.2073145e-03
  -2.1468372e-02   5.5462878e-02   2.8686216e-02  -9.4982721e-04  -4.3072866e-04  -6.3732777e-04
  -1.7497097e-02   1.2880904e-01   1.9815428e-02  -1.5618923e-04  -1.6804992e-04  -1.0486114e-03
  -2.8859767e-02   1.3830980e-01   4.3084858e-02  -8.2565964e-04  -2.5613886e-04  -7.5548319e-04
  -1.8279505e-02   1.0337411e-01   1.8168449e-02  -1.2123457e-03  -2.2032884e-04  -6.7891376e-04
  -1.3897151e-02   5.4254473e-02   2.6627418e-02  -1.3352544e-03  -3.0545352e-04  -6.8395713e-04
  -1.7465672e-02   7.4199297e-02   2.6903886e-02  -9.6406374e-04  -2.6665512e-04  -5.4445569e-04
  -2.4608980e-02   3.4541182e-02   2.3428055e-03  -8.2146530e-04  -8.1169756e-05  -6.4460101e-04
  -1.6226511e-02   6.0826700e-02   1.5159626e-02  -7.7781686e-04  -1.0119765e-04  -6.2472886e-04
  -2.5946738e-02   4.8373560e-02   1.7068942e-03  -3.0085420e-04   1.3567865e-04  -7.8804789e-04
  -2.4772041e-02   6.7777725e-02   1.4742581e-02  -3.4647304e-04   4.9001812e-05  -7.7838120e-04
  -1.6825272e-02   1.0331429e-01   1.8326621e-02   2.5669754e-06  -1.4271451e-04  -8.9402352e-04
  -1.3991064e-02   1.3933926e-01   3.5671888e-02   5.8401372e-04   3.1553782e-05  -1.2134144e-03
  -2.1936247e-02   1.7345908e-01   2.1057848e-02   1.4727728e-03   2.7544617e-04  -1.6276150e-03
  -3.8385409e-02   1.1372657e-01  -5.6289941e-03   8.6526949e-04   5.8076572e-04  -1.7441713e-03
  -1.5378609e-02   6.6289395e-02   2.1766203e-02  -1.0632949e-03  -1.4372893e-04  -6.5446349e-04
  -2.1379029e-02   1.4375320e-01   3.1624165e-04  -5.7212893e-04   2.6612273e-05  -8.2588665e-04
  -1.4813040e-02   1.7305763e-01   2.7263844e-02   1.0337027e-03   4.7140177e-04  -1.1670710e-03
  -1.5394307e-02   1.3905360e-01   3.7442115e-02  -2.3853482e-04   1.2054842e-04  -9.4811799e-04
  -1.7357281e-02   7.3338165e-02   1.5858865e-02  -1.0209604e-03   2.1913883e-04  -7.2078925e-04
  -2.6337664e-02   1.2345820e-01  -6.8721351e-03   4.6740065e-05   1.3933699e-04  -9.0264209e-04
  -3.6680699e-03   2.2006134e-01   5.1716434e-02   1.3850070e-03   6.3119907e-04  -1.2742415e-03
  -7.9375043e-03   1.6841875e-01   5.2648585e-02   5.0269989e-04   2.9313765e-04  -1.1289875e-03
  -1.8385697e-02   1.4313080e-01   1.9065870e-02   3.5283781e-04   2.5938743e-04  -1.1282744e-03
  -1.6293734e-02   1.9314131e-01   3.3951066e-02   1.9235399e-03   4.3921799e-04  -1.5762535e-03
  -7.9351367e-03   1.6665851e-01   5.9697193e-02   6.4001022e-04   3.8381232e-04  -1.2314683e-03
  -1.7426999e-02   1.2431042e-01   1.0686572e-02  -4.6701538e-04   2.4337408e-04  -9.4489290e-04
  -1.5409062e-02   1.1106215e-01  -7.9270548e-04  -9.3761891e-04   3.7617643e-06  -5.3661466e-04
  -2.1581723e-02   7.0156396e-02   1.6515760e-03  -3.8642067e-04   1.6716056e-04  -7.6396794e-04
  -1.4111490e-02   1.1372927e-01   5.6200490e-03   1.5767855e-04   4.1461974e-04  -8.4528710e-04
  -1.2205138e-02   7.3733959e-02   2.0330045e-03  -7.5622164e-04   1.8753338e-04  -5.4611706e-04
  -2.1800122e-02   7.2044178e-02  -1.6229311e-03  -8.2539358e-04   8.0852829e-05  -7.0027159e-04
  -2.3094128e-02   9.3828935e-02  -1.2168477e-02  -3.3136503e-04   2.3027354e-04  -8.2562161e-04
  -2.2664437e-02   7.0806978e-02  -1.0989659e-02   6.6842693e-04   2.7123665e-04  -1.0261093e-03
  -1.1579541e-02   2.0258072e-01   1.9205698e-02   1.5925100e-03   4.4224770e-04  -1.6497001e-03
  -1.1313418e-02   2.9625365e-01   1.9577214e-02   1.8417665e-03   7.5903629e-04  -2.0273236e-03
  -1.7398530e-03   2.5657407e-01   5.7666562e-03   7.2457338e-04   1.5076166e-04  -1.4303552e-03
  -1.0035746e-02   2.3876942e-01  -1.9786584e-02   1.2062668e-03   4.4232946e-04  -1.2668964e-03
   2.3160234e-03   2.7048486e-01   1.2163189e-02   2.4459526e-03   8.4961108e-04  -1.6474649e-03
  -1.1396540e-02   2.1292047e-01   1.4526774e-02   1.3923599e-03   4.3395139e-04  -1.7291666e-03
  -1.5059348e-02   1.5083445e-01   5.0665225e-03  -1.0086038e-03   2.1645308e-04  -1.1163430e-03
  -3.9124910e-02  -5.5233385e-02  -1.0104892e-01   1.3444078e-03   7.6216690e-04  -1.3496024e-03
  -4.3822676e-02   6.9776083e-02  -4.3438611e-02   4.0851273e-04   1.2286169e-03  -1.2609496e-03
  -3.8631492e-02   1.2195211e-01  -1.0383001e-02  -2.0901484e-04   8.6154610e-04  -1.1752570e-03
  -4.0360037e-02   1.0107137e-01   5.0406904e-03  -7.9272589e-05   8.0626298e-04  -1.3995876e-03
  -4.0028813e-02   9.3417607e-02  -1.3955370e-03  -1.3625441e-04   1.1672105e-03  -1.4802054e-03
  -4.2868314e-02   1.1053606e-01  -2.0217689e-02   2.7673735e-05   1.0213943e-03  -1.9356185e-03
  -3.8657179e-02   1.4958109e-01  -3.9848297e-03   3.9304939e-04   1.0858151e-03  -2.1198081e-03
  -1.9792627e-02   2.8032369e-01   2.1039501e-02   1.6843139e-03   1.0102497e-03  -2.3502214e-03
  -2.6209637e-02   1.7145139e-01   1.6405233e-02   5.3230876e-04   8.0420977e-04  -1.7076865e-03
  -3.4237144e-02   3.0367523e-01   5.8838345e-03   2.1854886e-03   1.0424774e-03  -2.4896263e-03
  -3.6575163e-02   3.0805407e-01   3.6520425e-02   1.7163968e-03   1.0367016e-03  -2.8099215e-03
  -5.3087873e-02   2.4766917e-01  -3.3894514e-03   4.2037391e-05   8.1079535e-04  -2.4268061e-03
  -6.4775398e-02   1.1473941e-01  -4.3157935e-02   7.0836720e-04   9.7801509e-04  -2.8363683e-03
  -7.0553302e-02   1.5069639e-01   1.4356024e-02   5.7037823e-05   1.1471596e-03  -2.6581003e-03
  -4.5671724e-02   1.4671961e-01   1.8200153e-02  -2.4806143e-04   9.1094644e-04  -1.6371197e-03
  -4.5170500e-02   1.3956586e-01   5.1941456e-04  -9.6592178e-04   5.5760277e-04  -1.6907002e-03
  -4.4941892e-02   9.6991592e-02  -2.8421787e-03  -1.1716114e-03   5.3932195e-04  -1.4941893e-03
  -4.6681335e-02   1.0097657e-01  -1.0720211e-02  -9.6679225e-04   3.0237311e-04  -1.4054652e-03
  -4.7662042e-02   9.6960415e-02  -8.3330954e-03  -1.3977827e-03   3.8670478e-04  -1.4677142e-03
  -3.9435023e-02   7.7950303e-02  -9.1637114e-03  -9.7912906e-04   4.5893140e-04  -1.5066242e-03
  -4.5750217e-02   8.6290311e-02  -8.2407949e-03  -9.7782578e-04   5.3050946e-04  -1.6512830e-03
  -4.7954186e-02   8.2558759e-02  -1.4214619e-03  -1.0573387e-03   6.9409113e-04  -1.5540538e-03
  -5.1004537e-02   9.1866299e-02  -1.8419067e-02  -3.9595728e-04   7.2272731e-04  -1.6993036e-03
  -4.7437171e-02   1.7543034e-01   4.2815363e-03   2.4516452e-04   9.0876178e-04  -1.9634764e-03
  -4.5124829e-02   1.6063294e-01  -1.0238870e-02   4.6112217e-04   9.0142985e-04  -2.2834322e-03
  -4.8789298e-02   1.3381431e-01   2.7119812e-02  -1.6405855e-03   5.7260110e-04  -1.3769867e-03
  -4.3846651e-02   9.2171968e-02  -3.4789715e-03  -1.0159860e-03   5.0953618e-04  -1.5267366e-03
  -4.8733803e-02   1.3876567e-01   5.1617208e-03  -1.1257936e-03   7.9388660e-04  -1.3953031e-03
  -4.6433137e-02   1.1187321e-01   1.4292207e-02  -3.5479034e-04   1.0799885e-03  -1.5662535e-03
  -8.4336085e-02   3.0037918e-01  -1.1809971e-01   2.1455092e-03   9.6722841e-04  -4.2872765e-03
  -9.4895750e-02   1.8603135e-01  -1.7249136e-01   5.9165712e-04   6.8090441e-04  -3.1052946e-03
  -8.4764102e-02  -1.0422106e-01  -1.8398483e-01   9.2717747e-04   6.8723197e-04  -2.3092798e-03
  -9.4608079e-02   1.8203306e-01  -1.3554452e-01   7.3599964e-04   1.1242213e-03  -2.3897888e-03
  -9.4385754e-02   1.1476089e-01  -1.2938879e-01   1.5415607e-03   1.4514920e-03  -2.6283516e-03
  -9.0628170e-02   2.1032490e-01  -1.0070561e-01   5.3776749e-04   1.4885035e-03  -2.7097820e-03
  -7.9838583e-02   2.7312087e-01  -1.0338824e-01   1.2895542e-03   1.6046730e-03  -3.2575534e-03
  -9.5804703e-02   3.5492551e-01  -9.9729019e-02   2.4448808e-03   1.5224933e-03  -3.6096985e-03
  -1.2282790e-01   2.0296837e-01  -7.9114815e-02   6.2881671e-04   7.3710084e-04  -3.3958443e-03
  -1.1853073e-01   1.1302639e-01  -1.4774219e-01   3.8382189e-07   1.4773341e-03  -2.8399302e-03
  -1.2441937e-01   1.2800568e-01  -1.4671801e-01  -6.9758743e-04   1.1939953e-03  -2.7549108e-03
  -1.0692402e-01   1.2233101e-01  -9.7414058e-02  -8.6174118e-04   1.1659581e-03  -2.2106775e-03
  -1.1135840e-01   8.2271022e-02  -1.0036912e-01  -6.2508755e-04   1.6868793e-03  -2.5335034e-03
  -1.0859298e-01   1.2127791e-01  -9.6659341e-02  -8.2855782e-04   1.6407808e-03  -2.5698621e-03
  -1.1902505e-01   1.0221158e-01  -1.0609764e-01  -5.1240895e-04   1.6264730e-03  -2.7768632e-03
  -1.1668030e-01   2.1022068e-01  -8.6630542e-02  -3.1412932e-05   1.4151100e-03  -3.0591173e-03
  -1.0239819e-01   2.8266074e-01  -6.6053175e-02   9.2545673e-04   1.4823129e-03  -3.4023665e-03
  -1.0071974e-01   3.5993943e-01  -5.0348469e-02   2.3570232e-03   1.8214907e-03  -3.8723030e-03
  -1.0412060e-01   3.2204130e-01  -4.1300975e-02   2.4958632e-03   1.8030222e-03  -4.1116301e-03
  -9.5156547e-02   3.0806628e-01  -3.6426201e-02   1.6881112e-03   1.7836491e-03  -3.8176422e-03
  -1.2397507e-01   2.6984450e-01  -7.7369675e-02  -2.2957953e-04   1.2485080e-03  -3.4100117e-03
  -1.4338585e-01   1.8806913e-01  -1.3803349e-01  -2.6078031e-04   1.3619697e-03  -3.2757152e-03
  -1.2557884e-01   6.1103987e-02  -1.0822109e-01  -7.8038892e-04   1.1458738e-03  -2.4895186e-03
  -1.2149533e-01   7.4501202e-02  -8.8370114e-02  -1.1403949e-03   1.2320016e-03  -2.5983561e-03
  -1.1921348e-01   9.9522075e-02  -9.9971611e-02  -1.0001731e-03   1.4650678e-03  -2.6603838e-03
  -1.1883638e-01   9.7554888e-02  -6.0257881e-02  -1.2863353e-03   1.3997260e-03  -2.6271552e-03
  -1.1558831e-01   9.4629506e-02  -6.3320535e-02  -9.7475212e-04   1.4618777e-03  -2.6433862e-03
  -1.2343200e-01   1.4544671e-01  -6.6529480e-02  -5.8428176e-04   1.6322606e-03  -2.8822084e-03
  -1.1604164e-01   2.1693519e-01  -5.2064401e-02   1.4422243e-04   1.4734370e-03  -3.1946649e-03
  -1.0898792e-01   2.4509814e-01  -3.1694104e-02  -1.0273152e-04   1.3723564e-03  -3.2233742e-03
  -1.0416785e-01   2.8069613e-01  -5.0128846e-02   5.4595533e-05   1.6281509e-03  -3.2328157e-03
  -1.0458453e-01   2.5584599e-01  -5.1856397e-02   7.6159971e-04   1.4440994e-03  -3.3902618e-03
  -1.0553517e-01   2.3807534e-01  -5.2418938e-02   2.4936439e-04   1.3730138e-03  -3.2575486e-03
  -9.9978044e-02   2.3551095e-01  -6.4637466e-02   7.7672869e-04   1.5453700e-03  -3.3304094e-03
  -8.8986499e-02   3.6023508e-01  -1.8465801e-02   1.5924785e-03   1.1699392e-03  -3.9062071e-03
  -6.8831516e-02   3.1079676e-01   1.9148872e-02   1.6664880e-03   1.3896119e-03  -3.7591099e-03
  -6.7162046e-02   3.3902157e-01   2.7882073e-02   2.1436763e-03   4.7237316e-04  -4.1353962e-03
  -7.9163421e-02   3.6357502e-01   1.1211891e-02   1.7904279e-03   7.3032305e-04  -4.2778994e-03
  -1.0150907e-01   2.6721144e-01  -1.1324190e-02   4.2885368e-04   8.0243509e-04  -4.1969383e-03
  -1.0912998e-01   1.8691098e-01  -9.3186740e-02   2.1068164e-04   7.0802195e-04  -3.4297687e-03
  -1.1559947e-01   2.1682943e-01  -9.3522526e-02   4.3914594e-04   5.8638274e-04  -3.5420190e-03
  -1.1140056e-01   2.0031173e-01  -6.4499918e-02   1.3039351e-03   9.4849148e-04  -3.5312294e-03
  -1.1542869e-01   2.4704986e-01  -4.0696130e-02   1.3335901e-03   1.2663558e-03  -4.0771387e-03
  -1.1870395e-01   2.7408208e-01  -3.0287334e-02   1.8049983e-03   1.3550141e-03  -4.4778679e-03
  -9.8140489e-02   4.0380930e-01  -2.8364010e-02   2.8854358e-03   1.6238729e-03  -4.4855956e-03
  -8.7316401e-02   4.1400794e-01  -1.6275370e-03   2.9767719e-03   1.6226387e-03  -4.5772759e-03
  -6.9441733e-02   3.7927075e-01   1.8687656e-02   2.7905976e-03   1.8000639e-03  -4.6926593e-03
  -1.1363290e-01   3.9101398e-01  -8.3562192e-02   1.9282142e-03   1.4387146e-03  -4.7300071e-03
  -1.2070505e-01   3.1233724e-02  -1.4709014e-01   2.1179581e-03   1.7838368e-03  -4.1569525e-03
  -1.2963594e-01   2.3953489e-01  -1.4219725e-01   1.9623795e-03   1.6360546e-03  -4.0643476e-03
  -1.3473918e-01   2.1033623e-01  -1.1206867e-01   2.0183285e-03   1.9136046e-03  -4.4658286e-03
  -1.1724515e-01   1.1601889e-01  -5.5296089e-02   8.2873438e-04   1.5669598e-03  -3.7469548e-03
  -1.2121443e-01   1.7125430e-01  -6.3228193e-02   3.8143158e-04   1.7223536e-03  -3.6489048e-03
  -1.2633294e-01   1.8558360e-01  -9.0487015e-02   1.2793381e-03   1.6893704e-03  -3.8287290e-03
  -1.2083953e-01   3.6945760e-01  -4.4388929e-02   2.6436851e-03   1.9463177e-03  -4.2873556e-03
  -9.2220054e-02   4.3184599e-01  -1.2014284e-02   4.0375521e-03   2.0696466e-03  -4.7446900e-03
  -9.9664618e-02   3.0422830e-01  -2.8633162e-02   2.2595448e-03   1.6315645e-03  -4.6675231e-03
  -1.1054737e-01   2.5730769e-01  -6.8067546e-02   9.0395944e-04   1.3726817e-03  -4.0874410e-03
  -1.0201392e-01   3.8081775e-01  -5.1991567e-02   3.3966279e-03   1.7770722e-03  -4.5240394e-03
  -9.9048255e-02   3.4126142e-01  -1.8656690e-02   2.7500558e-03   1.7255197e-03  -4.6153076e-03
  -9.9918118e-02   2.1815901e-01  -9.4830785e-02   2.8114084e-03   2.4210474e-03  -4.5194666e-03
  -1.1628417e-01   2.5389025e-01  -1.0624953e-01   2.1273266e-03   2.3527100e-03  -4.6855881e-03
  -1.1866364e-01   3.0142927e-01  -9.6962065e-02   1.8085190e-03   1.8434178e-03  -4.2809742e-03
  -9.2941897e-02   3.9371686e-01  -2.6714002e-02   3.5348618e-03   2.3885621e-03  -5.1217239e-03
  -1.0312151e-01   2.9664482e-01  -3.9167250e-02   1.4358575e-03   1.5030014e-03  -4.2547457e-03
  -1.1418870e-01   2.0921820e-01  -7.5969192e-02   1.2759418e-03   1.5460157e-03  -4.0672157e-03
  -1.0619852e-01   3.7286964e-01  -6.4784346e-02   2.5445274e-03   1.7873670e-03  -4.4851720e-03
  -1.0047122e-01   3.1609900e-01  -4.0858022e-02   2.1926867e-03   1.6142271e-03  -4.5842259e-03
  -1.0333526e-01   2.4191207e-01  -5.7492380e-02   1.3730859e-03   1.6571668e-03  -4.1979642e-03
  -1.1170324e-01   2.9247846e-01  -6.8227123e-02   2.1152422e-03   1.6380896e-03  -4.3968150e-03
  -1.1030282e-01   2.7165064e-01  -5.2525592e-02   2.2321239e-03   1.7159701e-03  -4.3783259e-03
  -1.0845664e-01   3.0457739e-01  -5.7954657e-02   2.2830130e-03   1.7546839e-03  -4.4644690e-03
  -9.8684233e-02   4.2788654e-01  -3.4038977e-02   3.4614244e-03   2.1139943e-03  -4.9818608e-03
  -1.0843176e-01   2.8033758e-01  -7.9093158e-02   3.0782674e-03   2.0931008e-03  -4.7977858e-03
  -1.3308005e-01   2.7265689e-01  -5.8112305e-02   2.3451661e-03   2.1615648e-03  -5.3290609e-03
  -1.1580786e-01   4.4237956e-01  -6.6337398e-02   1.2622057e-04   1.1906635e-03  -3.8075484e-03
  -1.2138472e-01   8.0828082e-02  -1.4002946e-01   1.6789872e-03   2.0390845e-03  -4.1754121e-03
  -1.2081344e-01   1.6974524e-01  -1.0774028e-01   1.4629905e-03   2.0253009e-03  -3.5149007e-03
  -1.2250903e-01   2.1382609e-01  -8.9976140e-02   1.3092367e-03   2.0611414e-03  -3.6517989e-03
  -1.0484820e-01   3.6625543e-01  -5.3104762e-02   3.6142472e-03   2.6889765e-03  -4.6269226e-03
  -1.0063907e-01   3.9048731e-01  -2.3483093e-02   3.4389625e-03   2.1935685e-03  -4.7041313e-03
  -1.0437142e-01   4.3370748e-01  -4.7316852e-02   4.5283816e-03   2.5634771e-03  -5.0368113e-03
  -1.1299851e-01   3.4600054e-01  -4.1227784e-02   3.9195285e-03   2.6088965e-03  -4.7224623e-03
  -1.2761062e-01   2.9593226e-01  -3.5535716e-02   1.3768024e-03   2.1523221e-03  -4.2215663e-03
  -1.2929554e-01   2.3545173e-01  -8.1926370e-02   9.3223480e-04   1.9953192e-03  -3.8491790e-03
  -1.2676588e-01   2.8387893e-01  -8.6937711e-02   1.1401669e-03   1.8726017e-03  -3.9473255e-03
  -1.3546860e-01   2.1947153e-01  -7.4159618e-02   4.2373889e-03   2.5548180e-03  -4.1430724e-03
