   9.7624420e-15   0.0000000e+00  -7.1054274e-15   9.3215548e-52  -9.6296497e-35   0.0000000e+00
  -2.6528030e-01   3.4182320e-03  -2.8131603e-01   1.4286865e-03  -3.8302114e-03  -1.5609611e-02
  -2.1945197e-01   5.9046237e-02  -2.7576111e-01   3.1961697e-03  -4.1147632e-03  -8.9324901e-03
  -2.6749963e-01   6.2903366e-02  -4.2773156e-01   2.9998341e-03  -3.6714240e-03  -8.9748300e-03
  -2.0969468e-01   1.5776038e-01  -4.1536693e-01   2.8968796e-03  -3.9627519e-03  -8.2429023e-03
  -1.7745297e-01   1.4876843e-01  -4.5041951e-01   2.0571890e-03  -3.9690623e-03  -8.0877834e-03
  -1.5203398e-01   1.9943124e-01  -4.0788073e-01   1.9656071e-03  -3.3532112e-03  -7.8352001e-03
  -6.4072916e-02   2.2831409e-01  -2.9466301e-01   2.1638335e-03  -7.5607865e-04  -6.3850151e-03
   3.4077157e-03   2.3612838e-01  -7.4540679e-02   6.4287460e-03   8.7668866e-04  -5.2341378e-03
   2.2318716e-02  -1.0733490e-01  -1.5561973e-01   5.8179854e-03   1.0332754e-03  -2.7302326e-03
   7.3935903e-02  -2.0822327e-02  -1.7896618e-01   4.4802020e-03   1.3147854e-03  -2.2368043e-03
   1.4490038e-01   2.9770062e-02  -2.8267411e-01   2.8709166e-03   6.6911784e-04  -1.7949234e-03
   1.4600388e-01   1.5768284e-01  -1.4242531e-01   2.8371810e-03   1.1194117e-03  -2.1671572e-03
   1.9590785e-01  -3.2397505e-02  -1.3223132e-01   3.8109317e-03   1.4776415e-03  -1.2104154e-03
   2.7794972e-01   5.1355871e-02  -1.2255034e-01   5.3711979e-03   7.7544993e-04  -8.9079725e-04
   2.6983809e-01   4.0193043e-01   3.5900550e-01   8.8379737e-03   7.9710482e-04  -1.4901703e-03
   2.8838633e-01   1.2074071e-01   4.2829201e-01   1.7257178e-02   3.6990222e-03  -6.0288644e-04
   3.0503380e-01  -2.6045653e-01   1.4533459e-02   9.7208780e-03   2.1719735e-03   7.7271729e-04
   4.0314268e-01  -6.1132001e-02  -3.1738817e-01   9.6529539e-03   1.9796321e-03   8.8079052e-04
   4.1696370e-01   1.9928016e-01  -6.2269253e-02   1.2767802e-02   2.7947624e-03   7.5893769e-04
   3.7624809e-01  -1.7035803e-01   1.4606113e-02   3.2533805e-02   6.8952598e-03   1.1638975e-03
   4.9811069e-01  -7.7906577e-01   2.6168609e-01   4.3827241e-02   8.4969014e-03   2.3836151e-03
   4.3666196e-01  -2.4219817e-02   2.1288966e+00   1.1640292e-02   8.5352462e-03   8.2524218e-03
   3.7272159e-01  -4.3358557e-01   1.7417672e+00   7.4412649e-03   6.8011397e-03   9.5753375e-03
   3.9616320e-01  -1.6564215e-01   1.4791635e+00   4.5819994e-03   5.7596781e-03   1.0416247e-02
   4.6745444e-01   1.9633008e-04   1.3197211e+00   6.5341580e-03   6.4899119e-03   1.2513657e-02
   4.9636541e-01   1.4534215e-02   1.2600032e+00   5.1546165e-03   5.9539015e-03   1.2901365e-02
   5.4037640e-01   3.1529409e-01   1.4778942e+00   7.7074424e-03   6.2700823e-03   1.1143779e-02
   5.6325656e-01   1.8445112e-02   1.4987476e+00   1.1866791e-02   8.4273517e-03   1.0510279e-02
   5.4306904e-01  -1.0414433e-01   1.2990443e+00   1.0232446e-02   8.0406811e-03   1.1568619e-02
   5.5416448e-01   8.7975194e-02   1.2516788e+00   9.8723519e-03   7.1235763e-03   1.2450757e-02
   5.5269044e-01   1.1905968e-01   1.2150019e+00   8.3792234e-03   6.2385956e-03   1.2778178e-02
   5.6226887e-01   2.1740115e-01   1.1756619e+00   7.4302128e-03   5.8973052e-03   1.3096439e-02
   5.5625652e-01   8.4565594e-02   1.0966875e+00   7.2989649e-03   5.5145584e-03   1.3831070e-02
   5.6027187e-01   7.8152521e-02   9.6406062e-01   6.5646190e-03   4.7830262e-03   1.3906073e-02
   5.9314941e-01   2.2360668e-01   1.0754161e+00   6.2603583e-03   4.9258222e-03   1.4147645e-02
   5.7115632e-01   5.4967598e-02   1.0842300e+00   6.0023940e-03   5.4590928e-03   1.3956208e-02
   5.6946466e-01   1.6281779e-01   1.0822309e+00   6.4462294e-03   5.2036201e-03   1.3845895e-02
   5.5859440e-01   5.1260904e-02   1.0456081e+00   5.9298865e-03   5.2536777e-03   1.4114622e-02
   5.5581377e-01   9.5860896e-02   1.0007391e+00   5.6636002e-03   5.0480554e-03   1.4326653e-02
   5.5833931e-01   3.1596151e-02   9.2289795e-01  -1.7085049e-03   2.8643053e-03   1.3321823e-02
   5.3603068e-01   2.7875966e-01   1.1282859e+00   9.2657410e-05   3.0881954e-03   1.0979694e-02
   4.9258226e-01  -6.8450914e-02   1.0844290e+00   6.3969652e-04   3.3432590e-03   1.1870837e-02
   4.8154024e-01  -7.7206307e-02   1.0465205e+00  -8.3036984e-04   3.1600778e-03   1.2106959e-02
   5.1338805e-01   2.2180258e-02   9.2326826e-01  -1.1291069e-03   3.0275201e-03   1.1612160e-02
   5.8701053e-01   8.2066562e-02   8.6571143e-01  -3.5575512e-03   2.7868090e-03   1.3008952e-02
   6.0289729e-01   9.4771566e-02   8.2624751e-01  -3.8548468e-03   2.5424020e-03   1.3081307e-02
   6.3586862e-01   1.2391808e-01   8.7655542e-01  -3.8141847e-03   2.2438536e-03   1.3299725e-02
   6.5673286e-01  -3.3826567e-02   8.1295303e-01  -3.7856474e-03   1.3959849e-03   1.3717075e-02
   6.9840717e-01   1.5633532e-01   8.4939426e-01  -3.2680072e-03   1.3456465e-03   1.3138968e-02
   6.7240924e-01   2.9698201e-01   1.0229591e+00   6.0521891e-03   1.7838916e-03   1.1769436e-02
   6.5590035e-01  -1.9285874e-01   8.4957993e-01   3.0975587e-03   2.3635363e-03   1.2735106e-02
   6.3874277e-01  -1.7200502e-02   7.9958994e-01   3.0286731e-03   1.7102418e-03   1.3647178e-02
   6.4687242e-01   1.5785815e-01   8.2064332e-01   1.1355521e-03   1.8651920e-03   1.2907967e-02
   6.6047022e-01  -3.9384908e-02   7.3809695e-01   6.6762996e-04   1.4616501e-03   1.3206128e-02
   6.9382030e-01   4.4594670e-02   6.9809905e-01   1.4244993e-05   6.4531928e-04   1.3073291e-02
   7.4159334e-01   1.0683621e-01   7.5904734e-01  -1.3913898e-04   4.3639944e-06   1.3570502e-02
   7.9870412e-01  -3.0437492e-03   6.9710893e-01  -6.3773017e-04  -2.1437342e-04   1.4158300e-02
   7.9758984e-01   1.1575570e-01   7.5672643e-01  -1.2803265e-04  -1.7969607e-04   1.4249495e-02
   7.9389998e-01  -9.8248340e-02   5.3838307e-01   4.1407368e-04  -1.4533744e-03   1.4125998e-02
   7.3099361e-01   2.7751265e-01   7.1014651e-01   1.3570635e-03  -2.6359089e-04   1.2932189e-02
   7.1714591e-01  -1.3323169e-01   5.5981542e-01   2.5327496e-04  -4.2152892e-04   1.3376494e-02
   7.3147969e-01   6.9788998e-02   5.4562348e-01   2.6049800e-04  -7.5613312e-04   1.3908666e-02
   7.5030742e-01   9.4373835e-02   5.6064260e-01   4.9304325e-04  -9.4831295e-04   1.3774474e-02
   7.5005488e-01   9.6480078e-02   5.6739828e-01   2.1142871e-04  -9.9021428e-04   1.3997687e-02
   7.4445911e-01   1.1659641e-01   5.9736730e-01   4.7671681e-04  -1.1183414e-03   1.3902170e-02
   6.9939341e-01   3.1078324e-01   6.4929217e-01   1.8894068e-03  -1.6104337e-03   1.1190439e-02
   7.1616705e-01   2.6872502e-01   1.0082802e+00   1.0396566e-02  -6.8135741e-04   1.0121048e-02
   6.4066692e-01  -1.8382655e-01   8.6905004e-01   6.4107399e-03  -1.6071240e-03   1.0256743e-02
   6.0128248e-01   6.7578413e-02   1.0104032e+00   5.5282649e-03  -8.4220744e-04   9.6007295e-03
   6.5576774e-01   2.5019641e-02   9.7824323e-01   5.2735835e-03   6.9094510e-05   1.0741381e-02
   6.8589244e-01   1.1581513e-03   8.1638253e-01   2.8811107e-03   2.4708193e-04   1.1986622e-02
   7.1853567e-01   1.7774630e-01   8.3338524e-01   1.6793834e-03   5.2731117e-04   1.1041194e-02
   7.0075216e-01   8.3301159e-03   7.8249138e-01   1.4359572e-03  -3.5841198e-04   1.1388730e-02
   7.4389183e-01  -2.1031516e-02   6.6400219e-01  -4.8753225e-04  -6.3685967e-04   1.1308625e-02
   7.5692666e-01   2.0082068e-01   7.4038524e-01   1.1565003e-04  -8.9310254e-04   1.1297284e-02
   7.3804061e-01   1.6781248e-01   6.6048738e-01   7.2670659e-03   3.6018024e-05   1.0494313e-02
   7.1631416e-01  -9.4193768e-02   6.2289897e-01   4.3058701e-03   5.0574590e-04   1.2184975e-02
   7.8385792e-01  -2.5643605e-02   6.2882892e-01   2.4832581e-03   2.5463885e-04   1.3100892e-02
   7.4036780e-01   1.3315331e-01   5.9764828e-01   6.4605186e-03  -3.9319992e-03   9.4475942e-03
   7.5783705e-01   2.4148503e-01   7.1057811e-01   1.0707702e-02  -4.3447917e-03   9.7601392e-03
   6.7387803e-01  -1.8624717e-01   7.5630836e-01   6.1363080e-03  -2.9290102e-03   8.7398048e-03
   6.8378103e-01  -2.0516326e-01   6.8641853e-01   3.6687698e-03  -2.3850018e-03   9.8744549e-03
   7.3959346e-01   4.1006892e-02   6.2570969e-01   3.5472543e-03  -2.0862627e-03   1.1102106e-02
   7.7718174e-01   5.3007448e-02   6.4703998e-01   3.8890088e-03  -2.2119903e-03   1.2297000e-02
   7.9614573e-01  -3.7884990e-02   5.8924189e-01   3.8902206e-03  -2.6368252e-03   1.2893324e-02
   8.1341978e-01   2.0964706e-03   5.8090351e-01   4.0459547e-03  -2.4406875e-03   1.3281082e-02
   8.0345364e-01   1.1737420e-01   7.3729816e-01   3.4791712e-03  -1.9125924e-03   1.3096421e-02
   7.5665478e-01   3.6303697e-01   1.0756372e+00   9.6971920e-03  -1.3108515e-03   1.1965841e-02
   6.3545379e-01  -1.1817073e-01   1.1796115e+00   1.1100627e-02  -3.7053067e-04   1.2171272e-02
   6.7370727e-01  -1.6013358e-01   9.1930364e-01   8.5739350e-03  -6.7417947e-04   1.3242523e-02
   6.9686807e-01   5.3496641e-02   9.0411791e-01   7.4696870e-03  -6.8729770e-04   1.4124194e-02
   6.9762220e-01   1.5977058e-02   8.6082079e-01   6.4319021e-03  -3.7941557e-04   1.3148161e-02
   6.5284532e-01   6.9175182e-02   9.0037837e-01   4.8877506e-03  -1.7616236e-03   1.2913331e-02
   4.5138406e-01   2.9263257e-01   1.3164783e+00   1.0754562e-02   1.3269069e-03   9.1975665e-03
   1.0571184e-01  -2.1170186e-01   1.1173415e+00   2.7620935e-03  -2.7394013e-03   1.0752100e-03
   1.0997783e-01   1.4956426e-01   1.1437733e+00   1.8536686e-03  -1.6251637e-03   2.6844982e-03
   1.5823607e-01   2.6799859e-02   9.3836778e-01   1.6109983e-03  -1.9987130e-03   4.2520566e-03
   1.9902991e-01   1.5061405e-01   9.1040887e-01   2.1122886e-03  -2.1060751e-03   4.9295972e-03
   2.4069698e-01   4.5649166e-02   8.9401086e-01   7.6907207e-04  -3.4807134e-03   4.4788519e-03
   2.7739709e-01   1.2486216e-01   9.0756308e-01   7.2723852e-04  -3.0287536e-03   5.2527362e-03
   3.0426667e-01  -3.2991643e-02   8.1486460e-01   3.3262502e-04  -2.8338659e-03   5.8648485e-03
   3.4764868e-01   4.9078941e-02   8.2446210e-01  -4.0244255e-04  -3.2100803e-03   6.2206904e-03
   3.5276879e-01   9.5941345e-02   8.7684475e-01  -9.1210090e-04  -2.7944564e-03   6.6709034e-03
   3.1604311e-01   1.7990905e-01   9.2491969e-01   7.3865858e-04  -1.8214134e-03   6.5253544e-03
   3.6827301e-01  -3.7108293e-02   9.7571224e-01   8.8532055e-03   1.6263079e-04   7.4724492e-03
   3.5419292e-01  -1.5135346e-01   8.3555995e-01   3.4631092e-03   1.7746629e-04   8.6405269e-03
   3.7850454e-01  -5.6508546e-02   7.9680537e-01   2.8675345e-03  -8.3791225e-06   9.4721078e-03
   4.2139687e-01   4.6787004e-02   7.8211867e-01   1.3510831e-03   3.4142398e-05   1.0356948e-02
   4.9226480e-01  -1.3084407e-02   7.5150496e-01  -3.5714768e-04  -5.3443664e-04   1.0468629e-02
   4.9061360e-01  -3.6785757e-02   7.5056412e-01  -1.0283389e-03  -3.5369330e-04   1.0519866e-02
   5.0136828e-01  -1.1443483e-02   7.4647124e-01  -1.4427986e-03  -2.6849076e-04   1.0476740e-02
   5.2689081e-01  -1.2010231e-02   7.1408672e-01  -1.3569455e-03  -3.4068794e-04   1.0513793e-02
   5.4903249e-01   2.0146092e-02   7.4642755e-01  -1.5545169e-03  -3.8029549e-04   1.0461051e-02
   5.8684851e-01  -1.1208813e-01   6.7138491e-01  -2.4990775e-03  -6.7408635e-04   1.0798756e-02
   6.0575724e-01   4.3686179e-02   7.2876484e-01  -2.8073186e-03  -8.0505433e-04   1.0867544e-02
   5.8929616e-01  -3.7970168e-02   6.8843254e-01  -2.5462405e-03  -8.1803270e-04   1.1018674e-02
   6.2601650e-01  -1.0995848e-01   6.7445686e-01  -2.4448323e-03  -1.0457550e-03   1.1266279e-02
   6.1023188e-01   5.6121683e-02   7.4598534e-01  -1.8938341e-03  -1.1768531e-03   1.0674209e-02
   5.3002734e-01   1.3416747e-01   8.1615577e-01   5.0195969e-03  -7.2753844e-04   1.0756057e-02
   5.1675318e-01  -2.6384001e-01   8.1425340e-01   8.5079880e-04  -1.3704141e-04   1.0855598e-02
   5.5099309e-01  -3.8979444e-03   8.3703044e-01   3.4204154e-03   2.5990479e-04   1.1369994e-02
   5.7980734e-01  -1.7406278e-01   7.3218223e-01   3.3374467e-04  -2.6075016e-04   1.2130112e-02
   5.8213356e-01   4.5952048e-02   7.8599040e-01   2.2847658e-04  -3.0345368e-04   1.2003894e-02
   5.7227962e-01  -1.1222224e-01   7.1998620e-01   1.9756428e-05  -4.6480078e-04   1.2088720e-02
   5.7983026e-01  -4.8053374e-02   7.1962660e-01  -6.5813709e-05  -8.6271795e-04   1.2193292e-02
   6.0728184e-01  -3.7013516e-02   6.6066981e-01  -8.3428768e-04  -1.5515597e-03   1.2398608e-02
   6.0212171e-01   4.0870661e-02   7.2560846e-01  -1.2535661e-03  -1.8056536e-03   1.2737533e-02
   6.1079368e-01  -7.3143264e-02   7.1377339e-01  -1.6719609e-03  -2.0721876e-03   1.2888457e-02
   5.9917072e-01  -1.3834582e-02   7.1973815e-01  -2.0286300e-03  -2.1925822e-03   1.2788875e-02
   6.0040481e-01  -6.8227812e-02   6.9028636e-01  -1.9229820e-03  -2.2204792e-03   1.2894079e-02
   5.8872727e-01   1.3511708e-01   8.2226661e-01  -2.5964336e-04  -1.5205854e-03   1.2841123e-02
   5.1362718e-01   2.3639845e-01   1.0047106e+00   1.1473131e-02   5.1411345e-05   1.1734662e-02
   3.8790178e-01  -2.3422176e-01   1.0258773e+00   2.9808381e-03   2.2760915e-04   1.1080642e-02
   3.6964438e-01  -6.2463456e-04   1.0697648e+00   1.6709778e-03   3.0726881e-04   1.1020516e-02
   4.0985143e-01   1.5339328e-01   1.1270747e+00   1.4557298e-03  -1.3540789e-04   1.0866367e-02
   4.3204997e-01  -7.6389495e-02   9.8506544e-01   1.8010208e-03   2.0980514e-06   1.1697962e-02
   4.7779979e-01  -3.2226619e-02   9.3840417e-01  -6.5387260e-06  -4.8734302e-05   1.1918596e-02
   4.7986599e-01  -2.1470084e-02   9.7516575e-01  -3.6414876e-03  -2.6635007e-04   1.1924019e-02
   4.7524141e-01  -2.9858691e-03   9.1815780e-01  -3.9214411e-03  -1.1686420e-04   1.1474759e-02
   4.9434047e-01   3.0937710e-03   9.0432590e-01  -3.0992491e-03  -5.3396515e-04   1.1963644e-02
   4.9681246e-01  -6.6724001e-02   8.8457135e-01  -4.5383826e-03  -5.8708039e-04   1.1961495e-02
   5.2307812e-01  -6.0618958e-03   8.4518181e-01  -4.9586787e-03  -1.1414752e-03   1.2145350e-02
   4.9310031e-01   7.1216571e-02   8.8497404e-01  -4.3026316e-03  -1.5855393e-03   1.1496627e-02
   4.7993075e-01   3.9775432e-02   9.1049316e-01  -4.1825049e-03  -1.1964423e-03   1.1598546e-02
   5.0101041e-01  -1.0272919e-01   8.5636563e-01  -4.2043372e-03  -8.5284338e-04   1.2153661e-02
   5.1819711e-01   1.9859244e-02   8.8613710e-01  -4.3373637e-03  -7.5150924e-04   1.2523458e-02
   5.0669377e-01   3.8792253e-02   8.8324466e-01  -4.0368363e-03  -6.5340503e-04   1.2606291e-02
   5.2568434e-01  -2.9522211e-02   8.2607072e-01  -2.3356416e-03  -7.1261861e-04   1.2298701e-02
   5.6205764e-01   2.3882276e-01   9.2525481e-01   8.2240137e-03  -1.5889486e-05   1.0121049e-02
   5.3943888e-01  -1.9292142e-01   7.9599891e-01   2.1103965e-03   1.4210391e-04   1.1806160e-02
   5.7949384e-01  -7.4069380e-02   7.8494000e-01   1.3722447e-03  -2.1901036e-05   1.2613401e-02
   6.2405602e-01  -2.3327506e-02   7.7298217e-01   7.2288498e-04   1.6668052e-04   1.3131233e-02
   6.1003705e-01  -4.8762669e-02   7.7873286e-01  -6.2571933e-04  -4.9566176e-04   1.3003947e-02
   6.2226213e-01   7.8891311e-03   8.8990929e-01  -9.8958738e-04   1.3762448e-04   1.3234426e-02
   6.2501382e-01  -1.9512676e-01   8.4049141e-01  -8.1389172e-04  -4.3045103e-04   1.3533361e-02
   5.9286245e-01   1.9951090e-01   1.0404665e+00   4.8486516e-03   6.1156901e-04   1.1733983e-02
   6.1909262e-01  -2.3740897e-01   8.3755579e-01   2.6170381e-03   6.9499987e-04   1.1900321e-02
   5.9939433e-01  -5.4222967e-02   9.1569468e-01   1.9336291e-03  -3.6197969e-04   1.0868098e-02
   4.9146029e-01   1.0941805e-01   9.0247311e-01   3.6515860e-06   1.4731906e-03   8.4114088e-03
   4.9934237e-01  -7.1491567e-02   8.4789905e-01   1.4428106e-03   7.9330239e-04   1.1201448e-02
   5.7275185e-01  -2.7109907e-02   8.7333654e-01   2.6167736e-03   1.1019153e-03   1.2125571e-02
   6.1863688e-01  -1.0786621e-01   7.4253608e-01   4.4560063e-03   7.6895010e-04   1.2954672e-02
   6.4402251e-01  -2.5235568e-02   7.9243362e-01   3.5952956e-03   1.8474797e-03   1.3892213e-02
   6.0711777e-01   1.7959169e-01   9.8548885e-01   8.6507533e-03   1.5493215e-03   1.2407510e-02
   6.0528546e-01  -1.7127395e-01   8.9489923e-01   7.6718088e-03   2.5717581e-03   1.3069464e-02
   6.3145887e-01  -6.9875478e-02   8.9655032e-01   5.9022728e-03   2.6420128e-03   1.3642923e-02
   6.0409065e-01   1.3469541e-02   8.3190274e-01   5.8509184e-03   2.7948172e-03   1.3556986e-02
   6.0364740e-01  -6.0294743e-02   7.9396511e-01   5.2666857e-03   2.6208218e-03   1.3571550e-02
   6.1174857e-01   1.1113548e-01   8.8967847e-01   5.2934382e-03   2.4670941e-03   1.3349511e-02
   5.8910258e-01   2.0825043e-02   9.2085324e-01   1.0063928e-02   2.7755179e-03   1.3817856e-02
   5.8701520e-01  -6.5311127e-02   7.8042584e-01   1.1463802e-02   2.4839189e-03   1.2982401e-02
   5.5396288e-01   1.0708042e-01   8.7463814e-01   8.9864146e-03   2.0339671e-03   1.1791446e-02
   5.0381777e-01  -1.5853555e-01   5.3403965e-01   4.0164819e-03   3.4916944e-04   1.1237891e-02
   5.0857133e-01   6.6096270e-02   5.0932801e-01   7.3815788e-03   6.7891023e-04   1.0355186e-02
   5.5002372e-01  -9.9797453e-02   3.5998226e-01   9.8771513e-03   1.2967685e-03   1.1405928e-02
   5.7853468e-01   1.5662794e-01   4.7352997e-01   7.5035452e-03   2.3866967e-03   1.2445048e-02
   6.4041271e-01  -6.8083747e-02   4.1930760e-01   7.0113423e-03   2.0391949e-03   1.3497646e-02
   6.9240012e-01   6.4987153e-02   4.3793862e-01   5.3834366e-03   2.4677217e-03   1.4175043e-02
   6.9968282e-01   2.1769521e-02   4.6928618e-01   5.8625009e-03   2.2602794e-03   1.4507494e-02
   6.9922181e-01  -8.3146893e-02   4.2976848e-01   5.8046228e-03   2.4214851e-03   1.4278699e-02
   7.1974221e-01   6.1901787e-02   4.8011024e-01   5.1704495e-03   3.6996515e-03   1.4432633e-02
   6.8023053e-01   1.1717338e-01   5.0618894e-01   1.0322332e-02   3.2099402e-03   1.4401026e-02
   6.4301842e-01   5.9910718e-02   5.4449535e-01   9.5531955e-03   3.5510275e-03   1.3600589e-02
   6.6028531e-01  -1.5102734e-01   7.0690355e-01  -2.6335666e-03   1.5018996e-03   1.2269508e-02
   6.2131642e-01  -7.3051407e-02   6.8337534e-01  -7.6802234e-03   7.0580790e-04   1.1965976e-02
   5.6946596e-01  -2.4109697e-01   7.4841262e-01  -4.2384253e-04   2.0051895e-03   1.1264643e-02
   5.6522615e-01   9.9228662e-02   9.6756277e-01  -1.8412890e-03   3.8071693e-03   1.1731996e-02
   5.9329723e-01  -9.1209235e-02   7.0871044e-01   1.4831799e-03   3.5051760e-03   1.2527252e-02
   6.5188561e-01   3.0953846e-02   7.6868346e-01   2.0133809e-03   3.8746294e-03   1.3579482e-02
   6.2746461e-01  -7.9542258e-02   7.5873030e-01   4.7604320e-03   4.6765575e-03   1.3162970e-02
   6.5837698e-01  -1.6645643e-01   6.8472182e-01   3.0079744e-03   4.9156843e-03   1.3752220e-02
   6.9369896e-01  -6.1794428e-02   6.0147859e-01   9.0844375e-04   5.0065228e-03   1.4763802e-02
   7.2063355e-01  -4.4062465e-03   5.8037552e-01  -1.1138841e-03   4.9722584e-03   1.5064097e-02
   7.4081626e-01  -1.2987680e-02   6.0566161e-01  -1.6452486e-03   5.1093577e-03   1.5253124e-02
   7.5424838e-01  -1.0040069e-01   5.7418243e-01  -2.9695648e-03   5.2484905e-03   1.5666199e-02
   7.4941688e-01   2.2845604e-01   8.1682527e-01   1.6832162e-03   5.0074208e-03   1.4451370e-02
   6.6970717e-01  -1.8976835e-01   7.5252437e-01   5.2470319e-03   5.4250399e-03   1.3630760e-02
   6.5173858e-01  -1.7446727e-01   6.9058968e-01   3.0112882e-03   5.4585665e-03   1.3949581e-02
   6.8614804e-01  -6.8414209e-02   4.7171424e-01   3.0844243e-03   3.2796042e-03   1.4000871e-02
   6.6171779e-01   4.1286016e-01   7.6672284e-01   1.3029303e-02   4.2055645e-03   1.1809856e-02
   6.6644680e-01  -1.6266313e-01   9.2511120e-01   1.2008415e-02   6.4531623e-03   1.1470724e-02
   6.0918485e-01  -2.4796259e-01   6.3782799e-01   7.8358410e-03   5.3804542e-03   1.2936767e-02
   6.1908503e-01  -1.1142270e-01   4.6592388e-01   6.5190695e-03   4.2151628e-03   1.3228858e-02
   6.1885723e-01  -1.5544987e-02   4.5550210e-01   6.2102765e-03   3.7951740e-03   1.4026263e-02
   6.5164033e-01   2.6297510e-03   4.9007874e-01   6.2471015e-03   3.2942086e-03   1.4404960e-02
   6.5226474e-01  -4.4348902e-02   4.6161791e-01   5.3332809e-03   2.2523171e-03   1.4446945e-02
   6.4814757e-01  -1.2064261e-01   3.8338245e-01   4.3688588e-03   2.1133027e-03   1.4919167e-02
   6.6175302e-01   1.3425720e-01   5.9635886e-01   4.5090520e-03   2.7323412e-03   1.4946414e-02
   6.6643126e-01  -6.0868067e-02   7.3374014e-01   8.5745024e-03   3.4845155e-03   1.4175040e-02
