   0.0000000e+00   0.0000000e+00   7.1054274e-15   0.0000000e+00   0.0000000e+00   0.0000000e+00
  -2.9714681e-02   9.8604309e-02  -1.9037975e-03  -1.7362225e-04   5.3252465e-04  -6.2010009e-04
  -4.6259255e-02  -3.0746421e-02  -6.4291094e-02   6.2525745e-04   7.3277407e-04  -7.6333962e-04
  -5.7498741e-02  -1.6583055e-02  -2.4932928e-02   3.7992407e-05   7.7407999e-04  -9.0707425e-04
  -5.2075605e-02  -2.0624638e-02  -6.9130806e-03   3.2990224e-04   1.2040800e-03  -8.4881589e-04
  -6.0925825e-02  -4.1062697e-02   1.6631350e-02   2.6509642e-04   1.3822768e-03  -8.1902079e-04
  -7.1033213e-02  -5.0219163e-02   3.5164559e-02   2.7017964e-04   1.4095072e-03  -1.0740720e-03
  -5.3061945e-02  -5.6380676e-02   1.4564408e-02   4.0168877e-04   1.4370922e-03  -8.5477483e-04
  -2.7601139e-02   1.0250088e-02   4.0409886e-02   2.5408047e-04   1.1379292e-03  -6.3711021e-04
  -3.3533648e-02  -4.6945554e-02   5.3341081e-02   4.5524654e-04   1.2527753e-03  -7.3742741e-04
  -5.4824692e-02  -4.2088084e-02   8.8158791e-02   3.1102748e-04   1.3210126e-03  -9.7317183e-04
  -4.8867993e-02  -7.5102424e-02   9.5027746e-02   1.6384924e-04   1.3946555e-03  -9.5391386e-04
  -5.8576276e-02  -9.1602122e-02   9.4849513e-02   9.8284177e-05   1.3592465e-03  -9.7148993e-04
  -7.0891889e-02  -6.2348265e-02   9.1546604e-02   1.8802283e-04   1.3000551e-03  -1.0787019e-03
  -7.0531270e-02  -6.3580434e-02   9.6471325e-02   3.2131842e-04   1.1862712e-03  -9.9952194e-04
  -7.7531316e-02  -7.8670970e-02   1.6217245e-01   6.3934232e-04  -1.6734469e-04  -6.9505881e-04
  -8.0550311e-02  -6.6088567e-02   1.8742924e-01  -3.8031365e-04   9.0363919e-04  -8.1309739e-04
  -8.9498216e-02  -9.5887745e-02   1.9423582e-01  -5.4095983e-04   9.9328771e-04  -1.0312647e-03
  -9.9874952e-02  -5.6405427e-02   2.2024181e-01  -8.3771442e-04   1.3465550e-03  -1.0736078e-03
  -1.0901662e-01  -5.9297099e-02   2.3307326e-01  -1.0632672e-03   1.6149723e-03  -1.2423529e-03
  -1.2130215e-01  -6.8187833e-02   2.2948733e-01  -1.3453459e-03   1.6860539e-03  -1.3828694e-03
  -1.3684861e-01  -4.7983121e-02   2.1437508e-01  -1.1756878e-03   1.7532012e-03  -1.5632009e-03
  -1.4125454e-01  -4.1690828e-02   2.3277715e-01  -1.0737589e-03   1.8188534e-03  -1.6775273e-03
  -1.4906861e-01  -4.4008352e-02   2.4401891e-01  -1.0938785e-03   1.7925540e-03  -1.8227677e-03
  -1.3993232e-01  -4.2801306e-02   2.4368028e-01  -1.2895913e-03   1.8552422e-03  -1.8145867e-03
  -1.4863401e-01  -7.8108389e-02   2.3668176e-01  -1.2821707e-03   1.7735089e-03  -1.7854932e-03
  -1.4453062e-01  -3.0009356e-02   2.4671105e-01  -1.1789230e-03   1.9252690e-03  -1.8023290e-03
  -1.3087428e-01  -6.6204639e-02   2.3757651e-01  -1.0025013e-03   1.7601132e-03  -1.6796165e-03
  -1.3640630e-01  -4.5276462e-02   2.4575759e-01  -8.9426169e-04   1.6459189e-03  -1.6888904e-03
  -1.2339816e-01  -3.4970458e-02   2.4062710e-01  -6.2018286e-04   1.6514989e-03  -1.4962463e-03
  -1.1201143e-01  -6.0415453e-02   2.3117617e-01  -1.2075034e-03   1.5566597e-03  -1.4319149e-03
  -1.0445747e-01  -6.1445717e-02   2.1281687e-01  -1.0405951e-03   1.4735608e-03  -1.3335447e-03
  -9.3605274e-02  -5.9545790e-02   1.9264914e-01  -1.2733017e-03   1.4142839e-03  -1.3103329e-03
  -9.1490689e-02  -6.3806057e-02   1.5467080e-01  -1.3376937e-03   1.4248858e-03  -1.3321829e-03
  -8.7544030e-02  -1.0453857e-01   1.7296683e-01  -3.6681214e-04   8.8523770e-04  -1.0964913e-03
  -7.7704054e-02   2.9972091e-02   1.9984343e-01  -1.1408617e-03   7.2908490e-04  -1.3682393e-03
  -7.8691485e-02  -6.8276089e-02   2.0864944e-01  -1.0824747e-03   8.0269255e-04  -1.3815115e-03
  -8.8721607e-02  -9.0003846e-02   2.4413718e-01  -1.0244787e-03   1.0383401e-03  -1.4782036e-03
  -1.0291667e-01  -6.5283981e-02   2.8159448e-01  -1.3413432e-03   1.3804062e-03  -1.6912219e-03
  -1.1165730e-01  -7.8986859e-02   2.6442620e-01  -1.4737219e-03   1.5412405e-03  -1.7030936e-03
  -1.0997096e-01  -6.9293683e-02   2.6680394e-01  -1.4579814e-03   1.1484129e-03  -1.7051420e-03
  -8.7029059e-02  -6.4741571e-02   2.9665784e-01  -1.3404656e-03   6.0947875e-04  -1.4157263e-03
  -7.2179546e-02  -6.0870069e-02   3.1794086e-01  -1.5556657e-03   1.1141509e-03  -9.4728730e-04
  -9.5518622e-02  -8.6685890e-02   2.6610165e-01  -1.8339233e-03   9.0271067e-04  -1.3643434e-03
  -1.0916116e-01  -1.0363474e-01   2.8100900e-01  -1.7239990e-03   1.0127057e-03  -1.6725025e-03
  -1.0514347e-01  -1.0974235e-01   2.9268504e-01  -1.9022349e-03   1.3306293e-03  -1.6677016e-03
  -1.1366200e-01  -8.4928928e-02   2.7758312e-01  -1.5400831e-03   1.5042197e-03  -1.5569579e-03
  -1.1404859e-01  -6.8862555e-02   2.6048444e-01  -1.8307929e-03   1.4160426e-03  -1.5780471e-03
  -1.2500056e-01  -6.6517727e-02   2.7228406e-01  -1.6574707e-03   1.6046509e-03  -1.7588055e-03
  -1.2947269e-01  -7.9985916e-02   2.8554010e-01  -1.5689360e-03   1.8412856e-03  -1.8214128e-03
  -1.1821274e-01  -8.1953765e-02   2.6956027e-01  -1.0759888e-03   1.7567451e-03  -1.5174562e-03
  -1.2313494e-01  -7.8293871e-02   3.0642968e-01  -1.9200838e-03   1.8323966e-03  -1.6905264e-03
  -1.1937674e-01  -7.8508373e-02   3.1019566e-01  -1.8547380e-03   1.7218704e-03  -1.6623225e-03
  -1.1152839e-01  -7.4079697e-02   3.1204279e-01  -1.9487056e-03   1.5608440e-03  -1.6812900e-03
  -8.8402696e-02  -8.4455090e-02   2.8864363e-01  -3.4134891e-04  -6.5573369e-06  -8.9418403e-04
  -8.8226396e-02  -1.2126593e-01   2.4517780e-01  -7.3905962e-04   2.6026784e-04  -1.0174370e-03
  -1.0080161e-01  -5.1985941e-02   2.5891647e-01  -1.0335737e-03   6.6482978e-04  -1.3486193e-03
  -9.7747500e-02  -6.1746455e-02   2.5401006e-01  -1.1814403e-03   6.2672655e-04  -1.4294437e-03
  -1.1376663e-01  -6.8676318e-02   2.5238366e-01  -1.4365700e-03   9.6358023e-04  -1.5442323e-03
  -1.2146263e-01  -5.9722459e-02   2.3821970e-01  -1.6730982e-03   1.0244576e-03  -1.6405874e-03
  -1.3245362e-01  -4.5218803e-02   2.5301405e-01  -1.6064477e-03   1.0933326e-03  -1.7351873e-03
  -1.4137871e-01  -6.5685122e-02   2.5679580e-01  -1.6795709e-03   1.1974743e-03  -1.8513591e-03
  -1.4890106e-01  -6.7511977e-02   2.6194772e-01  -1.7477129e-03   1.2627237e-03  -1.9065981e-03
  -1.5710977e-01  -4.6726048e-02   2.7082275e-01  -1.6516315e-03   1.2375644e-03  -2.1055714e-03
  -1.6463433e-01  -5.3404548e-02   2.6274849e-01  -1.4936396e-03   1.5912538e-03  -2.2301924e-03
  -1.6917848e-01  -6.5448860e-02   2.5333745e-01  -1.4459696e-03   1.6569949e-03  -2.3365147e-03
  -1.7874639e-01  -5.9905158e-02   2.8016871e-01  -1.4779052e-03   1.5561793e-03  -2.5067956e-03
  -1.8189628e-01  -3.2035950e-02   2.9958198e-01  -1.5168188e-03   1.5136646e-03  -2.6379328e-03
  -1.9627619e-01  -8.6083815e-02   3.2582801e-01  -1.7080806e-03   1.5244142e-03  -2.7795075e-03
  -2.0071501e-01  -1.0548771e-01   3.1878761e-01  -1.8520542e-03   1.6146011e-03  -2.7474090e-03
  -1.9785118e-01  -8.0565554e-02   3.0699630e-01  -1.6726128e-03   1.7381752e-03  -2.6772386e-03
  -2.0250255e-01  -1.0201663e-01   3.0101475e-01  -1.8890935e-03   1.7029117e-03  -2.6920599e-03
  -1.9219347e-01  -6.8274148e-02   3.0286534e-01  -1.8381985e-03   1.5750906e-03  -2.6686262e-03
  -1.8975674e-01  -7.3344136e-02   2.9188818e-01  -1.7125115e-03   1.6097866e-03  -2.6174011e-03
  -1.8918110e-01  -6.3723743e-02   3.0484078e-01  -1.7153926e-03   1.6143127e-03  -2.5075475e-03
  -1.8641476e-01  -5.8852174e-02   2.9726273e-01  -1.4592220e-03   1.5462754e-03  -2.5418144e-03
  -1.8947852e-01  -5.1164360e-02   2.8826703e-01  -1.5824017e-03   1.6843194e-03  -2.6000596e-03
  -1.9147732e-01  -5.6031896e-02   2.9260488e-01  -1.3123023e-03   1.6235699e-03  -2.4983653e-03
  -1.9446676e-01  -5.7419478e-02   2.9553356e-01  -1.3377523e-03   1.5324827e-03  -2.5850287e-03
  -1.7410008e-01  -7.1074320e-02   2.9268845e-01  -1.5067095e-03   1.3677597e-03  -2.4123922e-03
  -1.9061961e-01  -4.8236854e-02   2.9627592e-01  -1.3472902e-03   1.2973117e-03  -2.5140591e-03
  -1.8807272e-01  -2.6471119e-02   2.7025027e-01  -1.3244028e-03   1.1553430e-03  -2.5921501e-03
  -1.5935850e-01  -6.2479766e-02   2.6501774e-01  -5.7397467e-04   7.3298867e-04  -2.1271676e-03
  -1.6319762e-01  -2.3733236e-02   3.0256784e-01  -1.8078716e-03   1.1410001e-03  -1.9790532e-03
  -1.7101917e-01  -6.7254275e-02   2.7776467e-01  -1.4654260e-03   1.3440677e-03  -2.0846795e-03
  -1.5406789e-01  -6.7228018e-02   3.0882994e-01  -1.4437081e-03   1.5030799e-03  -1.9415606e-03
  -1.4410582e-01  -6.7690714e-02   3.2226340e-01  -1.7816161e-03   1.3560156e-03  -1.7925846e-03
  -1.4603191e-01  -4.5785212e-02   3.3147558e-01  -1.8852026e-03   1.3074119e-03  -1.7616485e-03
  -1.4918201e-01  -6.4838435e-02   3.3915381e-01  -2.0215550e-03   1.2168422e-03  -1.7478170e-03
  -1.4211613e-01  -5.5693715e-02   3.3269166e-01  -1.9997921e-03   1.1647509e-03  -1.7467499e-03
  -1.4252054e-01  -4.1280348e-02   3.4015691e-01  -1.9768380e-03   1.2768415e-03  -1.7232138e-03
  -1.3425817e-01  -6.8906214e-02   3.4331553e-01  -1.8077095e-03   1.2152641e-03  -1.5453897e-03
  -1.4493429e-01  -3.1361888e-02   3.4331017e-01  -1.6505582e-03   9.6367016e-04  -1.6575487e-03
  -1.4984493e-01  -4.5392347e-02   3.6926533e-01  -2.0627023e-03   1.1134238e-03  -1.9267558e-03
  -1.4435269e-01  -6.0818728e-02   3.6661110e-01  -1.9317917e-03   1.1538044e-03  -1.6861568e-03
  -1.4329790e-01  -1.0123929e-01   3.7779770e-01  -1.9872480e-03   1.1528965e-03  -1.6263622e-03
  -1.4341637e-01  -4.1038988e-02   3.4112371e-01  -1.5403679e-03   8.5963357e-04  -1.6252851e-03
  -1.4965430e-01  -4.0563560e-02   3.5086038e-01  -1.9392036e-03   1.0997133e-03  -1.7492369e-03
  -1.4928005e-01  -4.5814196e-02   3.3950733e-01  -1.8756879e-03   1.1862062e-03  -1.7555783e-03
  -1.4674173e-01  -4.7034811e-02   3.2558299e-01  -1.6082717e-03   1.1049981e-03  -1.7615494e-03
  -1.5186359e-01  -2.3366057e-02   3.1365387e-01  -1.6873852e-03   1.0754890e-03  -1.8752745e-03
  -1.5732437e-01  -4.8529281e-02   3.0897964e-01  -1.7074054e-03   9.5170671e-04  -1.9859744e-03
  -1.6420213e-01  -5.3131683e-02   2.9845230e-01  -1.8489864e-03   9.6391884e-04  -2.0578575e-03
  -1.5791485e-01  -4.8884179e-02   2.8768746e-01  -1.7868435e-03   9.0783555e-04  -1.9784589e-03
  -1.4876118e-01  -5.8805523e-02   2.2885041e-01  -4.6186184e-04  -2.6593374e-05  -1.7380901e-03
  -1.2408924e-01  -7.0654757e-03   3.0689111e-01  -1.6087296e-03   5.5239307e-04  -1.6927871e-03
  -1.3521309e-01  -7.7469771e-02   2.9850200e-01  -1.6399533e-03   4.1371602e-04  -1.8748780e-03
  -1.2382805e-01  -1.7478964e-01   3.1739518e-01  -1.7248790e-03   5.1834531e-04  -1.7030775e-03
  -1.4194951e-01  -1.4713601e-01   3.8144377e-01  -1.5335606e-03   7.9841408e-04  -1.8462082e-03
  -1.4332620e-01  -1.3947808e-01   3.5738250e-01  -1.4728187e-03   1.3217006e-04  -1.6520014e-03
  -1.4493933e-01  -8.0807661e-02   4.0229866e-01  -1.9532852e-03   3.9133891e-04  -1.6739092e-03
  -1.5940098e-01  -1.1840600e-01   3.6464611e-01  -2.0322398e-03   4.7519845e-04  -1.7323052e-03
  -1.6356648e-01  -9.3752750e-02   3.6800830e-01  -1.8593601e-03   6.3655324e-04  -1.7413777e-03
  -1.6474246e-01  -9.6641822e-02   3.8279344e-01  -1.8661137e-03   7.1658767e-04  -1.7318583e-03
  -1.6159209e-01  -8.0146106e-02   3.7366811e-01  -1.8813753e-03   8.5291128e-04  -1.7101099e-03
  -1.6182503e-01  -7.6951943e-02   3.7960202e-01  -1.9211855e-03   7.4196414e-04  -1.5730979e-03
  -1.5067455e-01  -4.3597657e-02   3.8966475e-01  -1.8682495e-03   4.5299766e-04  -1.5974842e-03
  -1.3644720e-01  -5.2066145e-02   3.9858363e-01  -2.1288173e-03   1.8220482e-04  -1.4433641e-03
  -1.4805671e-01  -7.7606226e-02   3.7612378e-01  -2.0299914e-03   1.9124787e-04  -1.5621609e-03
  -1.5871428e-01  -5.6034835e-02   4.0174989e-01  -2.1082881e-03   4.1900293e-04  -1.6910302e-03
  -1.5657189e-01  -6.0823652e-02   4.2755024e-01  -2.0533577e-03   5.0952917e-04  -1.6511466e-03
  -1.5003866e-01  -7.2264016e-02   4.2538321e-01  -2.1915775e-03   6.1328888e-04  -1.5332658e-03
  -1.4538452e-01  -8.7654573e-02   4.3266312e-01  -2.4698329e-03   4.6037106e-04  -1.5502864e-03
  -1.5593781e-01  -5.1635009e-02   4.0591894e-01  -2.3245361e-03   4.6521246e-04  -1.5302915e-03
  -1.4881080e-01  -6.6184836e-02   3.8219314e-01  -2.1126938e-03   3.4742169e-04  -1.4601091e-03
  -1.3640081e-01  -7.1909721e-02   4.1410850e-01  -2.0755310e-03   3.8343840e-04  -1.3841579e-03
  -1.2385995e-01  -6.0846509e-02   4.0212712e-01  -1.6375370e-03   2.1256703e-04  -1.2068277e-03
  -1.2949793e-01  -7.0771544e-02   4.3233101e-01  -2.1273869e-03   3.5434797e-04  -1.3650795e-03
  -1.2348263e-01  -5.9553546e-02   4.3419043e-01  -2.1870727e-03   4.5582200e-04  -1.3999583e-03
  -1.2734812e-01  -9.9916121e-02   4.2513846e-01  -2.2721414e-03   4.2772175e-04  -1.3029097e-03
  -1.3174280e-01  -8.9486985e-02   4.2330973e-01  -1.8660862e-03   2.3061650e-04  -1.2431747e-03
  -1.4213392e-01  -9.5097232e-02   4.3328903e-01  -2.2526858e-03  -1.6938675e-06  -1.4548229e-03
  -1.4628962e-01  -7.8241791e-02   4.4181010e-01  -2.3257077e-03   1.7619448e-04  -1.4287219e-03
  -1.5041351e-01  -7.1613693e-02   3.8924549e-01  -1.7793562e-03  -1.1687938e-04  -1.5166598e-03
  -1.5475574e-01  -8.8433300e-02   4.0922226e-01  -1.9551937e-03  -7.1849594e-04  -1.9361706e-03
  -1.0142669e-01  -1.2566349e-01   3.5629613e-01  -1.6263783e-03  -6.5347388e-04  -1.0376482e-03
  -1.0836607e-01  -7.9208608e-02   3.7579217e-01  -1.8559930e-03  -5.6905401e-04  -1.2096349e-03
  -9.4403178e-02  -9.9661016e-02   3.5492878e-01  -1.8853348e-03  -6.5981400e-04  -1.0680040e-03
  -8.0830629e-02  -9.1468764e-02   3.5514259e-01  -1.8773259e-03  -5.9320232e-04  -9.3214303e-04
  -7.3205080e-02  -8.4796645e-02   3.5808491e-01  -1.9133040e-03  -4.7024846e-04  -8.3174979e-04
  -5.7900904e-02  -8.0563308e-02   3.5752660e-01  -1.8161775e-03  -5.4339043e-04  -6.3185349e-04
  -4.7207515e-02  -5.4727890e-02   3.7305771e-01  -1.8556124e-03  -6.0283461e-04  -4.3676106e-04
  -5.6733653e-02  -5.6555307e-02   3.6337201e-01  -1.9515453e-03  -2.4596237e-04  -5.8943610e-04
  -5.1658534e-02  -8.8152322e-02   3.5811586e-01  -1.7535244e-03  -2.0536485e-04  -5.1871925e-04
  -5.0008731e-02  -1.2011360e-01   3.0285054e-01  -1.0171777e-03  -7.8313053e-04  -2.0448264e-04
  -4.9434545e-02  -3.7426537e-02   3.6097003e-01  -1.6359262e-03  -7.3562814e-05  -4.1263529e-04
  -3.4656525e-02  -9.7731648e-02   3.3945628e-01  -1.5052146e-03  -3.3703761e-04  -3.1941352e-04
  -4.2414160e-02  -8.9653388e-02   3.5327362e-01  -1.6153936e-03  -2.5446634e-04  -4.5802477e-04
  -3.3498972e-02  -6.2714445e-02   3.5812878e-01  -1.9057066e-03   1.8345381e-04  -4.1400323e-04
  -2.8227075e-02  -1.2627438e-01   3.4238864e-01  -1.8456554e-03   9.7324763e-05  -2.0056402e-04
  -2.8941508e-02  -8.4693668e-02   3.3427667e-01  -1.6381897e-03   3.4642686e-04  -1.0597058e-04
  -3.1236486e-02  -5.6323796e-02   3.5344932e-01  -1.8058927e-03   5.2506397e-04  -1.0398506e-04
  -2.3065386e-02  -7.9026307e-02   3.6834741e-01  -1.9835448e-03   3.1753223e-04  -5.2455672e-05
  -2.1424321e-02  -7.1870774e-02   3.5923584e-01  -1.9850385e-03   4.9102374e-04  -5.7802776e-05
  -2.8235259e-02  -5.3727998e-02   3.7663141e-01  -1.9211507e-03   4.7287811e-04  -5.6011666e-05
  -3.3823838e-02  -7.0860989e-02   3.9281028e-01  -1.9503811e-03   6.2113860e-04  -9.2453324e-05
  -3.8417246e-02  -4.5269134e-02   3.8141495e-01  -2.0493382e-03   5.0434066e-04  -1.3971871e-04
  -4.5048599e-02  -8.1565549e-02   3.9105533e-01  -2.3103751e-03   4.8301467e-04  -2.7392523e-04
  -5.8961643e-02  -9.2484842e-02   3.9692700e-01  -2.2766525e-03   5.7309995e-04  -3.5303867e-04
  -5.2031053e-02  -6.9862822e-02   4.0996092e-01  -2.4468166e-03   4.7740845e-04  -2.3527941e-04
  -5.8505555e-02  -6.9065413e-02   4.1673081e-01  -2.2616616e-03   4.5328846e-04  -3.4339171e-04
  -2.7564781e-02  -7.6939482e-02   4.4203714e-01  -2.3244929e-03  -4.8824114e-06   1.3422518e-04
  -1.2652691e-02  -8.5020891e-02   4.1282646e-01  -2.1390475e-03  -8.0472724e-05   2.4893459e-04
  -1.2556743e-02  -7.8674565e-02   3.9785997e-01  -1.9999108e-03   9.5991254e-06   4.4512575e-04
  -1.1807618e-02  -6.6190706e-02   3.8515785e-01  -1.8603304e-03  -1.5406763e-04   4.2824185e-04
  -9.9575739e-03  -8.1808526e-02   3.7576840e-01  -1.8301182e-03  -2.7212455e-04   6.0316525e-04
  -1.3039194e-02  -6.5365698e-02   3.8736353e-01  -1.9074785e-03   5.5796395e-05   5.1087565e-04
  -4.1626461e-03  -6.0454239e-02   3.8727156e-01  -1.9189616e-03  -1.4887094e-04   6.2558495e-04
   1.3535397e-03  -4.5895661e-02   3.8547219e-01  -1.9387109e-03  -2.0439314e-05   6.7507712e-04
   1.2245010e-02  -7.4298422e-02   3.8068937e-01  -1.8305273e-03  -1.8596020e-05   7.9180118e-04
   1.3305610e-02  -7.3757120e-02   4.4861130e-01  -2.2504542e-03  -1.5868934e-03   9.8795642e-04
   2.6079725e-02  -1.0776865e-01   4.6600104e-01  -2.0006685e-03  -2.2452889e-03   1.2412631e-03
   2.6613073e-02  -1.1430410e-01   4.7280472e-01  -2.0935500e-03  -2.0059434e-03   1.1947564e-03
   1.2712324e-02  -1.2762245e-01   4.9252741e-01  -2.1107409e-03  -1.6138588e-03   1.0342814e-03
   2.6203439e-02  -9.6848495e-02   4.6467033e-01  -2.1788503e-03  -1.2497922e-03   1.2920956e-03
   2.5327953e-02  -1.1275793e-01   4.6643505e-01  -2.4111364e-03  -1.2261397e-03   1.2653039e-03
   2.3127163e-02  -1.0064945e-01   4.5906424e-01  -2.2835717e-03  -1.1522016e-03   1.2481896e-03
   1.9977882e-02  -9.5663147e-02   4.6235105e-01  -2.1932301e-03  -1.2569927e-03   1.3259436e-03
   1.7011237e-02  -7.9413623e-02   4.6738110e-01  -2.1540606e-03  -1.0255474e-03   1.4019880e-03
   1.9790585e-02  -9.2706550e-02   4.7448407e-01  -2.0343468e-03  -8.0468104e-04   1.3699425e-03
   2.7155338e-02  -9.7245247e-02   4.5041432e-01  -1.6932614e-03  -1.0523272e-03   1.5908700e-03
   2.9007092e-02  -1.0052929e-01   4.5694871e-01  -2.0210572e-03  -8.1565191e-04   1.6700904e-03
   4.2078356e-02  -9.5491997e-02   4.0566545e-01  -9.9614050e-04  -1.3793135e-03   1.9575080e-03
   3.7741199e-02  -4.5933685e-02   4.6485863e-01  -1.7125822e-03  -1.0566095e-03   1.8352480e-03
   2.0494155e-02  -1.0042906e-01   5.0591825e-01  -2.3831402e-03  -8.5289049e-04   1.5464408e-03
   1.5567964e-02  -8.5547147e-02   5.2488510e-01  -2.6871929e-03  -9.3366148e-04   1.3680510e-03
   2.6460370e-02  -9.9679142e-02   5.1235433e-01  -2.8194224e-03  -7.1497341e-04   1.3967578e-03
   2.2480070e-02  -1.0550393e-01   4.7046400e-01  -2.7692354e-03  -7.4535063e-04   1.4009597e-03
   2.9315718e-02  -8.7546523e-02   4.6092273e-01  -2.5468632e-03  -8.8680590e-04   1.5396374e-03
   3.0104707e-02  -8.0411007e-02   4.6671805e-01  -2.3710845e-03  -9.1708891e-04   1.5341883e-03
   4.2417840e-02  -6.2744530e-02   4.8105328e-01  -2.3911385e-03  -9.4647382e-04   1.6085501e-03
   4.4046603e-02  -7.0926174e-02   4.8182489e-01  -2.5643231e-03  -8.1138831e-04   1.6801474e-03
   4.5223976e-02  -9.7175886e-02   4.6502443e-01  -2.2271314e-03  -9.8913076e-04   1.8582348e-03
   4.0116508e-02  -7.0871902e-02   4.6018293e-01  -2.5011384e-03  -7.4904580e-04   1.7434699e-03
   4.0954249e-02  -1.4116273e-01   4.3973746e-01  -1.9838764e-03  -1.2693990e-03   1.8917918e-03
   3.1493178e-02  -6.1634481e-02   4.6189901e-01  -1.9992637e-03  -5.4792949e-04   1.5605901e-03
   2.5922270e-02  -1.0517180e-01   4.7077814e-01  -2.0689468e-03  -7.0306236e-04   1.4062512e-03
   2.6222234e-02  -1.2250908e-01   4.8311025e-01  -1.9419898e-03  -4.7517385e-04   1.3848279e-03
   3.6806716e-02  -1.1135716e-01   4.9945180e-01  -2.1377607e-03  -5.3331416e-04   1.4421991e-03
   4.6186760e-02  -1.0496957e-01   4.9667217e-01  -2.2618306e-03  -5.9515390e-04   1.5709182e-03
   4.4325990e-02  -1.0046622e-01   4.8258184e-01  -2.3807574e-03  -4.3166116e-04   1.7215907e-03
   1.7482263e-02  -1.0882237e-01   5.1337736e-01  -1.9846056e-03  -5.2247323e-04   1.4676934e-03
   5.4707675e-02  -8.6590006e-02   5.2968603e-01  -2.0167843e-03  -7.8416083e-04   1.9251635e-03
   7.0321865e-02  -1.3986078e-01   5.2262124e-01  -1.9657923e-03  -9.9778729e-04   2.1992710e-03
   8.4236097e-02  -1.2151908e-01   5.3767530e-01  -2.0819822e-03  -9.2843761e-04   2.3340922e-03
   9.0929752e-02  -1.3120289e-01   5.5662455e-01  -2.0648429e-03  -1.0019238e-03   2.3761456e-03
   1.0649584e-01  -1.4451553e-01   5.5253767e-01  -1.9446253e-03  -8.4357490e-04   2.5687392e-03
   1.0213415e-01  -1.1562409e-01   5.6991835e-01  -2.1272908e-03  -5.7052958e-04   2.5762923e-03
   1.0390416e-01  -1.2765704e-01   5.5556436e-01  -2.1551072e-03  -4.8751779e-04   2.6894773e-03
   1.0921878e-01  -1.0438447e-01   5.4418464e-01  -1.9060207e-03  -9.2788612e-04   2.8423903e-03
