   0.0000000e+00   0.0000000e+00   0.0000000e+00   0.0000000e+00   0.0000000e+00   0.0000000e+00
  -5.2139373e-04   4.7889631e-02   2.7698222e-03  -4.4047433e-04  -6.4151819e-05   5.1449774e-05
   1.1611124e-02   3.7966267e-02  -9.1159027e-03  -2.8756615e-04  -3.0562040e-05  -7.7456512e-06
   1.1696304e-02  -3.9953232e-03  -7.7989732e-03   5.9562466e-06  -1.6002503e-05   1.5365922e-05
   1.6369307e-02   2.2832453e-02  -1.1560975e-02   1.6528115e-04  -1.8634514e-04   1.0490780e-04
   1.1281505e-02   3.1301306e-02  -2.1525167e-02  -3.7546209e-06  -1.8808506e-04   5.6754322e-05
   5.9015337e-03   5.8188846e-02  -2.4792292e-02  -9.6328411e-05  -2.1187792e-04   1.9522404e-04
   9.0630474e-03   2.3870248e-02  -3.6175067e-02  -6.9973288e-05  -1.2231640e-04   1.5728873e-04
   1.1600713e-02   6.5219695e-04  -1.8138929e-02   6.8254998e-05  -1.8373588e-04   7.5637655e-05
   1.5786331e-02  -4.9748812e-03  -1.4348232e-02   8.9618973e-05   6.7641302e-06  -1.9137082e-05
   1.8650338e-02  -5.1740868e-03  -1.2213983e-02   1.0442414e-04  -1.3949650e-04   1.6575039e-04
   1.4109755e-02  -2.7841045e-02  -8.8948908e-03  -2.0312802e-04  -2.0175345e-04   1.6127730e-04
   8.5516650e-03   1.4627319e-02  -2.1061163e-02  -6.2902250e-05  -1.5161228e-04   3.9368257e-05
   1.3565867e-02  -3.9460983e-03  -2.0715911e-02  -9.4072956e-05  -1.4078185e-04  -3.4335381e-05
   1.4900279e-02  -2.6617028e-02  -9.8829023e-03   5.2083396e-05  -2.2530539e-04   3.6204913e-05
   1.5451474e-02  -4.1179695e-02   7.3021055e-03   2.3349830e-04  -3.2335485e-04  -1.2483750e-07
   3.4687508e-02   2.6385246e-02   3.8429791e-02  -2.0639508e-03  -6.6754701e-04   3.4206427e-04
   1.6578152e-02   5.2165992e-02   2.9452163e-02  -1.4438976e-03  -4.5069621e-04   2.3436958e-04
   4.7626993e-03  -9.6079346e-03   5.4795768e-02  -1.1124914e-03  -5.3556666e-04   4.3941793e-05
   1.1093408e-02   4.4020961e-02   3.6317434e-02  -1.3424975e-03  -5.5385187e-04   6.5154308e-05
   1.7861437e-02   4.5293706e-02   3.6975049e-02  -1.5641536e-03  -8.1940359e-04   2.2861170e-04
   1.8385040e-02   1.8470039e-02   3.2301844e-02  -1.5728190e-03  -5.7392436e-04   1.9819216e-04
   2.7743847e-02   2.2009947e-02   4.1239161e-02  -1.6633644e-03  -7.4261391e-04   2.6240757e-04
   2.0794313e-02   7.2195476e-03   3.2084181e-02  -1.3085473e-03  -5.4890048e-04   3.4697138e-05
   2.6089078e-02   3.8889408e-02   3.1662619e-02  -1.3525637e-03  -6.0375923e-04   2.1609531e-04
   2.7174476e-02   1.1300267e-02   3.3915250e-02  -1.4691076e-03  -7.0233653e-04   3.0905736e-04
   2.6520341e-02   2.1364655e-03   2.7317033e-02  -1.3156701e-03  -5.3707767e-04   1.7099537e-04
   2.9188786e-02   2.5868254e-02   5.1889517e-02  -1.5538856e-03  -7.1710267e-04   2.5745592e-04
   3.0468094e-02  -4.8043815e-02   3.8304466e-02  -1.2611327e-03  -6.9282983e-04   1.2257886e-04
   2.7836679e-02   4.9283433e-02   3.1994433e-02  -1.3824186e-03  -8.5638876e-04   1.5694559e-04
   2.5874432e-02   6.8313816e-02   4.7709402e-02  -1.3006254e-03  -7.1443063e-04   8.2299635e-05
   2.4372371e-02  -4.2030531e-02   5.7418989e-02  -1.3150889e-03  -5.7548356e-04   2.6975961e-05
   2.7359449e-02   6.3370325e-02   4.5008006e-02  -1.5157083e-03  -6.2582830e-04   1.1763048e-04
   2.8205408e-02   1.2618871e-02   3.6100725e-02  -1.3885242e-03  -5.2742530e-04   2.9038398e-05
   2.6032190e-02   1.0766918e-03   3.9205458e-02  -1.3860007e-03  -6.4581091e-04   1.3226166e-04
   2.3171771e-02   1.6638062e-02   4.6325545e-02  -1.3558951e-03  -5.7350462e-04   9.6775979e-05
   2.2809006e-02   5.1381660e-03   3.4722314e-02  -1.3516423e-03  -5.0022047e-04   1.0123808e-04
   1.4350932e-02   1.5343729e-02   4.5403896e-02  -1.4687951e-03  -4.6516646e-04   8.5424851e-05
   2.0513014e-02   5.5514140e-03   3.6618182e-02  -1.4773500e-03  -5.5202636e-04   6.8906385e-05
   2.5950598e-02   1.0706158e-01   1.3724110e-02  -1.7738304e-03  -5.7373561e-04   1.6897630e-04
   2.2929418e-02   3.5265601e-04   2.7450006e-02  -1.3896759e-03  -5.1268445e-04   1.5520665e-04
   2.1725540e-02   2.5077039e-02   2.2078009e-02  -1.4596643e-03  -5.3927703e-04   1.9403817e-04
   2.4538345e-02   3.9784926e-02   1.8404703e-02  -1.2679363e-03  -5.5607936e-04   2.1545221e-04
   2.1851303e-02   4.5260118e-02   2.6989067e-03  -1.3918523e-03  -4.7463840e-04   1.0284149e-04
   2.5877916e-02  -7.4476548e-03   5.3142278e-03  -1.0638126e-03  -6.2720377e-04   1.7209720e-04
   2.2894645e-02   1.5450501e-03   2.6784402e-02  -1.3006867e-03  -5.1983615e-04   7.9210624e-05
   2.5235325e-02   7.1519755e-03   5.9109102e-03  -1.3840598e-03  -4.8085713e-04   8.3431071e-05
   2.3872019e-02   6.0530332e-03   2.8202108e-03  -1.1974201e-03  -4.3474758e-04   7.8702331e-05
   2.0384601e-02  -1.4075096e-03   2.1079942e-02  -1.2541363e-03  -3.8532745e-04  -4.8454299e-05
   2.6952083e-02   1.8861025e-02   1.0639737e-02  -1.2755932e-03  -5.8584335e-04   6.0233810e-05
   2.6560463e-02   8.5572551e-04   5.3055104e-03  -1.1093578e-03  -5.4385977e-04   4.8125213e-05
   3.4994260e-02   1.1361696e-02   1.0581923e-02  -1.3206728e-03  -4.7160298e-04   8.9336891e-05
   3.2836364e-02   7.1240048e-03   2.0990491e-02  -1.4937953e-03  -3.4660931e-04   1.3922915e-04
   3.5241669e-02   2.5534449e-03   2.2376855e-02  -1.3887645e-03  -4.0208309e-04   7.2703667e-05
   4.1597912e-02  -4.9481991e-02   3.4255535e-02  -9.7298009e-04  -4.7679306e-04   1.9941280e-04
   4.1882310e-02  -2.3386724e-02   3.8206871e-02  -1.0519812e-03  -4.4679659e-04   1.7068135e-04
   5.2156634e-02  -4.8031383e-02   2.1907566e-02  -1.0991808e-03  -5.1641271e-04   1.5964075e-04
   5.4861091e-02  -3.4187720e-02   1.1547950e-02  -8.9033607e-04  -4.7295913e-04   8.3112893e-06
   4.8310531e-02   1.7241615e-02   6.9938253e-03  -1.1057173e-03  -4.9528745e-04   1.0790555e-04
   4.9906230e-02  -1.0284836e-02   1.9322529e-02  -1.1876693e-03  -4.8147106e-04   1.5850223e-04
   5.4955276e-02  -2.3607019e-02   1.8506587e-02  -1.0504822e-03  -5.9704497e-04   1.0695945e-04
   5.4787827e-02  -1.2958505e-02   3.3075371e-02  -1.0786991e-03  -5.2701237e-04   9.2076466e-05
   5.6780686e-02   2.1899774e-03   3.1178364e-02  -1.2021795e-03  -5.5471783e-04   1.1259555e-04
   5.1544738e-02   3.4369157e-02   2.2600576e-02  -1.0519311e-03  -3.7315818e-04  -1.5099754e-05
   4.7891321e-02  -8.3917078e-03   3.3722297e-02  -1.0664944e-03  -4.3327576e-04  -1.6626669e-05
   4.9607818e-02  -1.2805330e-02   3.0011983e-02  -1.0973064e-03  -5.1482563e-04   2.8633960e-05
   5.9918412e-02  -6.9616115e-03   3.5239485e-02  -8.1734264e-04  -6.2915791e-04   8.5065571e-05
   5.4935694e-02  -4.7621858e-02   3.6795416e-02  -9.3077226e-04  -6.3719149e-04  -1.0850802e-04
   6.5368489e-02  -2.9582206e-02  -4.4979858e-02  -1.2516888e-03  -2.5607987e-04  -3.6819629e-05
   4.9970200e-02   5.6600080e-02  -3.2437130e-02  -1.0234751e-03  -4.7011631e-04  -1.1883122e-05
   5.7993546e-02  -2.9695209e-02  -1.7864050e-02  -9.5284959e-04  -5.9828022e-04   5.4347786e-04
   6.9751933e-02   1.9016437e-02  -2.3176449e-02  -1.1621303e-03  -8.5481726e-04   6.5114681e-04
   7.1840872e-02   3.0575056e-02  -2.0512523e-02  -1.3969148e-03  -8.1197574e-04   5.6319802e-04
   7.6002044e-02   2.1074171e-02  -1.7885161e-02  -1.3693509e-03  -6.7725622e-04   4.2214526e-04
   7.4597560e-02   2.5457242e-02  -9.0606493e-03  -1.2154861e-03  -6.6709952e-04   5.3452457e-04
   3.8455038e-02  -8.2746299e-03  -9.1052708e-02  -1.0414898e-03   4.1958263e-04  -1.1714801e-03
  -3.6514596e-03   2.2788594e-03  -8.1700945e-03  -1.2458963e-03   6.6038505e-04  -1.8047507e-03
  -1.2458528e-02  -2.3746245e-03   4.2296703e-02  -1.4153435e-03   3.2173578e-04  -1.6010202e-03
   4.0674609e-04   1.2359542e-02   5.3214058e-02  -1.0632206e-03   2.5317737e-04  -1.5336969e-03
   9.0636633e-03   1.9923799e-02   8.8160451e-02  -1.1788492e-03   3.2804548e-04  -1.4637431e-03
  -3.5980631e-03  -2.2194558e-02   8.8497900e-02  -9.6858197e-04   3.3443482e-04  -1.4470725e-03
  -2.6195988e-03   3.0256101e-02   7.8052425e-02  -1.1003929e-03   2.2253876e-04  -1.5962808e-03
   5.6925725e-03  -4.7857904e-02   8.0921295e-02  -8.0163282e-04   2.8100076e-04  -1.7622881e-03
   1.0218586e-02  -2.3158950e-02   7.8592130e-02  -1.0513158e-03   2.0387336e-04  -1.6408016e-03
   9.7597851e-03  -2.6188638e-02   8.5611417e-02  -1.0988260e-03   2.0569157e-04  -1.5993216e-03
   1.2755493e-02   2.7966991e-04   9.0701745e-02  -1.1688120e-03   3.0768048e-04  -1.6109320e-03
   1.9315948e-02  -1.1137988e-02   1.1304351e-01  -1.2194911e-03   1.8826437e-04  -1.4462922e-03
   3.0511295e-02  -1.9772245e-02   1.3692281e-01  -1.0510553e-03   1.3816469e-04  -1.2900074e-03
   3.4982032e-02  -5.1651343e-02   1.4010701e-01  -1.0039445e-03   1.3375460e-05  -1.1660455e-03
   3.0050563e-02  -5.3771841e-02   1.4967383e-01  -9.4999392e-04   3.5114378e-05  -1.2569786e-03
   3.7233851e-02  -6.0493733e-02   1.6463320e-01  -1.0194472e-03   1.4934483e-04  -1.2378058e-03
   3.3026991e-02  -6.0952658e-02   1.7875491e-01  -7.6342727e-04   1.5351201e-05  -1.1699860e-03
   3.4745273e-02  -3.9614800e-02   1.5165565e-01  -1.0369634e-03   5.8681449e-05  -1.2663332e-03
   3.9906347e-02  -5.2409912e-03   1.5055760e-01  -1.1328546e-03  -4.9806966e-05  -1.1856235e-03
   3.7202333e-02  -4.0025233e-02   1.5123675e-01  -1.0749422e-03   8.0962049e-05  -1.1124177e-03
   3.4161209e-02  -5.5664369e-03   1.3478996e-01  -7.4437920e-04   9.7540744e-05  -1.1648690e-03
   3.0017343e-02  -2.9386354e-02   1.4082414e-01  -8.8603508e-04   1.4167933e-04  -1.2639578e-03
   3.2384302e-02  -1.7226369e-02   1.3909889e-01  -9.5228744e-04   1.0861981e-04  -1.2509041e-03
   3.2046743e-02  -1.8858052e-02   1.2338274e-01  -7.7933270e-04   1.2071511e-04  -1.2889597e-03
   2.6938918e-02  -9.4166789e-03   1.2533328e-01  -8.3935444e-04   1.2655929e-04  -1.3113393e-03
   2.7392215e-02  -2.1182260e-02   1.3747590e-01  -7.9359575e-04   9.1514961e-05  -1.1573413e-03
   2.8104984e-02  -2.9990533e-02   1.4750471e-01  -8.9151749e-04   3.9731870e-05  -1.1692698e-03
   2.9986551e-02  -3.6340049e-02   1.3927317e-01  -8.6099527e-04   6.4737110e-05  -1.1352197e-03
   2.9556089e-02  -2.4929878e-02   1.3100914e-01  -9.2144536e-04   5.8265338e-05  -1.1814971e-03
   2.9070566e-02  -3.0888327e-02   1.3376608e-01  -9.9475737e-04   5.1148861e-05  -1.2311622e-03
   3.2465436e-02  -1.7388363e-02   1.4607849e-01  -9.5540021e-04   8.5049893e-05  -1.1186252e-03
   3.7843850e-02  -2.7449292e-02   1.5926819e-01  -8.5503270e-04   1.7703015e-04  -1.0594445e-03
   3.8763713e-02  -4.6122111e-03   1.2651414e-01  -9.2214259e-04   1.2865812e-04  -1.0608300e-03
   4.0902668e-02  -4.9450775e-02   1.3026618e-01  -8.1107018e-04   8.0739155e-05  -1.1910141e-03
   3.9840412e-02  -5.6717373e-02   1.2663490e-01  -8.2330073e-04   1.6275646e-05  -1.2001556e-03
   4.4542620e-02  -1.4890067e-02   1.2664532e-01  -1.1591754e-03   1.2520625e-04  -1.0710693e-03
   4.5257746e-02  -4.0619304e-02   1.1528080e-01  -1.1734570e-03   1.7481300e-04  -1.1367930e-03
   4.1820856e-02  -5.0239824e-02   1.2677630e-01  -8.4460084e-04   2.0765604e-04  -1.1855140e-03
   3.9862135e-02  -5.8154340e-02   1.2595084e-01  -9.7710644e-04   2.4773097e-04  -1.3143949e-03
   3.8401533e-02  -5.0270855e-02   1.3359588e-01  -1.0053555e-03   1.8053521e-04  -1.2788410e-03
   3.6913886e-02  -6.4863756e-02   1.5682115e-01  -1.0716033e-03   2.8204577e-04  -1.2222378e-03
   3.7443255e-02  -6.7590343e-02   1.4508116e-01  -9.3181433e-04   2.9320304e-04  -1.1538233e-03
   3.3183813e-02  -6.4313530e-02   1.5104596e-01  -7.1992883e-04   3.4184641e-04  -1.1605029e-03
   3.1637732e-02  -7.9249968e-02   1.4671472e-01  -7.4241842e-04   3.6503801e-04  -1.1863898e-03
   3.1751610e-02  -5.7611474e-02   1.3609505e-01  -6.4964640e-04   3.1863706e-04  -1.3640823e-03
   3.1503277e-02  -6.3699033e-02   1.7214798e-01  -7.2587121e-04   2.9461655e-04  -1.1878026e-03
   3.7422115e-02  -6.0107305e-02   1.4674849e-01  -7.2766492e-04   1.6643093e-04  -1.2323955e-03
   4.1151549e-02  -3.1441308e-02   1.5798992e-01  -8.5643671e-04   2.1129433e-04  -1.1526992e-03
   3.9890567e-02  -5.4493577e-02   1.5363353e-01  -7.0633173e-04   2.4959908e-04  -1.2335717e-03
   4.1956247e-02  -1.6965386e-02   1.5794497e-01  -8.4557117e-04   1.3091292e-04  -1.0927392e-03
   3.4451281e-02  -4.7293592e-02   1.6263742e-01  -7.3970372e-04   2.7599176e-04  -1.1572363e-03
   4.1580570e-02  -4.3033295e-02   1.5430805e-01  -6.7914133e-04   2.5090259e-04  -1.1638819e-03
   3.5097973e-02  -7.8271742e-02   1.6586501e-01  -7.3420138e-04   2.5206763e-04  -1.1866804e-03
   3.4288744e-02  -7.4004546e-02   1.7153934e-01  -7.4989840e-04   2.8970528e-04  -1.2089155e-03
   4.1374382e-02  -1.7069704e-02   1.6019690e-01  -8.2791982e-04   2.8314459e-04  -1.1790474e-03
   4.1961028e-02  -5.8053908e-02   1.4404369e-01  -7.9960449e-04   2.0932993e-04  -1.3231376e-03
   3.5753535e-02  -5.7740175e-02   1.5498724e-01  -5.2136723e-04   2.2250434e-04  -1.3229491e-03
   3.3376240e-02  -3.3583872e-02   1.7659943e-01  -6.6700367e-04   2.4009883e-04  -1.2605623e-03
   4.1382929e-02  -7.0606725e-02   1.7933760e-01  -4.9111783e-04   1.2950386e-04  -1.3142061e-03
   4.1623975e-02  -5.1508196e-02   1.5896228e-01  -6.8382924e-04   2.0892436e-04  -1.3994339e-03
   4.4451883e-02  -3.2982582e-02   1.7746824e-01  -8.0332277e-04   1.9877823e-04  -1.2679310e-03
   3.6051136e-02  -8.5504386e-02   1.7737133e-01  -9.0747511e-04   1.9134703e-04  -1.2660155e-03
   3.0623981e-02  -7.4453108e-02   1.7309726e-01  -6.3449477e-04   2.7200915e-04  -1.2378523e-03
   3.8444034e-02  -2.4230709e-02   1.7244576e-01  -4.7339885e-04   2.7334174e-04  -1.2993928e-03
   3.2674333e-02  -3.9046796e-02   1.8866350e-01  -6.0236213e-04   5.1273022e-04  -1.3236208e-03
   3.0592465e-02  -6.9333144e-02   1.7680051e-01  -7.2336495e-04   5.7017814e-04  -1.3306567e-03
   3.2315922e-02  -6.1179713e-02   1.6869875e-01  -4.4200994e-04   5.7757851e-04  -1.3827716e-03
   3.6648486e-02  -2.6529036e-02   1.6514438e-01  -6.7243574e-04   4.3409732e-04  -1.3970569e-03
   3.2135198e-02  -9.5724140e-02   1.8678877e-01  -6.8527527e-04   6.2914539e-04  -1.3120459e-03
   2.5898582e-02  -5.6757741e-02   1.8089384e-01  -4.3415792e-04   6.6767529e-04  -1.4303472e-03
   1.9973580e-02  -3.0381635e-02   1.6622669e-01  -5.5853418e-04   6.2473078e-04  -1.6025963e-03
   1.9515933e-02  -5.1512066e-02   1.7799538e-01  -3.5445638e-04   6.1993420e-04  -1.4765436e-03
   2.3645684e-02  -7.8301831e-02   1.8641692e-01  -3.2284515e-04   4.5254150e-04  -1.5192895e-03
   2.4036902e-02  -3.8801326e-02   1.7364057e-01  -4.3105454e-04   5.7525944e-04  -1.6545367e-03
   2.0086143e-02  -3.9839825e-02   1.8425723e-01  -7.2796730e-04   6.2898142e-04  -1.4997011e-03
   2.3359934e-02  -7.0562202e-02   1.7529451e-01  -6.0621092e-04   6.8804227e-04  -1.5176629e-03
   1.8393346e-02  -6.1833349e-02   1.7057967e-01  -5.7280448e-04   9.0163358e-04  -1.6053102e-03
   2.3054231e-02  -3.7417003e-02   1.8177849e-01  -4.8544986e-04   7.6800081e-04  -1.4314957e-03
   2.5323873e-02  -5.7148526e-02   1.8129365e-01  -5.2703730e-04   7.8176030e-04  -1.4498297e-03
   2.7475262e-02  -7.0641396e-02   1.7313413e-01  -3.4905185e-04   8.6939224e-04  -1.5215979e-03
   2.3637622e-02  -4.5415142e-02   1.8862098e-01  -3.6324168e-04   8.8120867e-04  -1.3562359e-03
   2.6114599e-02  -3.3640514e-02   1.8524372e-01  -5.3384001e-04   9.4496413e-04  -1.4602958e-03
   3.6829658e-02  -1.0962972e-02   1.5654283e-01  -1.7939039e-03   1.5943843e-03  -1.1870429e-03
   3.7758230e-02  -1.9177225e-01   1.9136742e-01  -1.0191121e-03   2.1637708e-03  -7.9320929e-04
   1.8274959e-03   1.7539476e-02   1.5561109e-01   2.0512739e-05   1.8336061e-03  -1.1647464e-03
   4.8823096e-03  -4.6127390e-02   1.9488633e-01   2.1834992e-04   1.7220728e-03  -1.1008113e-03
   9.8687063e-03  -5.9072267e-02   2.0291536e-01   3.2649512e-06   1.8739189e-03  -1.3983151e-03
   1.1870456e-02  -5.3615591e-02   1.8582020e-01  -2.6450040e-04   2.0547588e-03  -1.4856145e-03
   1.5896347e-02  -3.9494276e-02   1.5757215e-01  -3.9336797e-04   1.9211794e-03  -1.3908378e-03
   1.9007515e-02  -5.0759266e-02   1.4996065e-01  -3.5381881e-04   2.0365943e-03  -1.2992401e-03
   2.2538863e-02  -1.7043477e-02   1.5649361e-01  -3.9988906e-04   1.8780270e-03  -1.3885128e-03
   2.2759009e-02  -4.2934836e-02   1.6688546e-01  -2.9656177e-04   1.8610676e-03  -1.2312014e-03
   1.9227721e-02  -4.3633636e-02   1.6066916e-01  -3.5348572e-04   1.8638704e-03  -1.2721818e-03
   1.9654228e-02  -4.8061102e-02   1.5047634e-01  -3.2547567e-04   1.8418409e-03  -1.2995539e-03
   1.4701891e-02  -7.1483353e-02   1.6515392e-01  -1.1059706e-04   1.8355850e-03  -1.4905124e-03
   1.4906293e-02  -4.1521957e-02   1.8443457e-01  -4.2675788e-04   1.8592825e-03  -1.2230833e-03
   1.6538209e-02  -3.3700076e-02   1.7520406e-01  -4.1898644e-04   1.6922789e-03  -1.3818649e-03
   1.8752800e-02  -2.2370083e-02   1.6864548e-01  -2.4055836e-04   1.7294318e-03  -1.4239916e-03
   1.7126439e-02  -2.8643499e-02   1.6914893e-01  -3.5542881e-04   1.7273776e-03  -1.4203183e-03
   2.0270933e-02  -2.7255356e-02   1.6102621e-01  -3.8947795e-04   1.5426472e-03  -1.4496070e-03
   2.4209923e-02  -5.2879111e-02   1.8647056e-01  -3.8336562e-04   1.6568733e-03  -1.3088944e-03
   2.4900721e-02  -5.8234596e-02   1.8512855e-01  -4.4712381e-04   1.7530531e-03  -1.3449650e-03
   2.3274249e-02  -8.7240625e-02   1.6693189e-01  -2.5969441e-04   1.6013857e-03  -1.3316732e-03
   2.4250685e-02  -6.8936438e-03   1.8045011e-01  -3.5720021e-04   1.7244229e-03  -1.2754524e-03
   2.1102637e-02  -5.8732232e-02   1.8755496e-01  -2.6125252e-04   1.6969945e-03  -1.2297463e-03
   2.4441718e-02  -5.9319457e-02   1.8384156e-01  -2.7795995e-04   1.7318599e-03  -1.2878255e-03
   1.9668355e-02  -4.7293076e-02   1.8697339e-01  -3.7093473e-04   1.8229757e-03  -1.2813801e-03
   1.8503341e-02  -4.9503078e-02   1.7756880e-01  -1.8376849e-04   1.8517728e-03  -1.4802882e-03
   2.0160251e-02  -2.1795641e-02   1.7367229e-01  -2.5656522e-04   1.7139229e-03  -1.4024236e-03
   2.2655676e-02  -1.8224888e-02   1.8041595e-01  -2.3728110e-04   1.6978332e-03  -1.2209081e-03
   2.8523038e-02  -4.0737167e-02   1.8513074e-01  -3.7363060e-04   1.8039004e-03  -1.2391223e-03
   2.4450527e-02  -2.5520898e-02   1.8805824e-01  -4.3215949e-04   1.8891602e-03  -1.3932331e-03
   2.7595054e-02  -8.8708954e-02   1.8643226e-01  -4.5970934e-04   1.8304066e-03  -1.3400921e-03
   3.8674620e-02  -7.7736474e-02   1.8079602e-01  -5.1543789e-04   1.7666549e-03  -1.2394579e-03
   3.5297755e-02  -3.8916873e-02   1.7573205e-01  -4.2231402e-04   1.9646250e-03  -1.3832163e-03
   3.5568302e-02  -1.7237456e-02   1.8402816e-01  -6.6791151e-04   1.9108495e-03  -1.1534849e-03
   2.6858345e-02  -4.5332141e-02   1.8502922e-01  -5.3709298e-04   2.0055525e-03  -1.2356852e-03
   2.8937391e-02  -7.7961138e-02   1.8651329e-01  -2.6849204e-04   2.0245269e-03  -1.2811972e-03
   2.8853101e-02  -4.7230710e-02   1.9917989e-01  -3.6239639e-04   1.9268219e-03  -1.1626412e-03
   3.2337944e-02  -6.7707464e-02   1.9552764e-01  -1.9937993e-04   1.9451101e-03  -1.1652113e-03
   3.5377545e-02  -4.9749453e-02   1.7065458e-01  -3.3150679e-04   1.8839710e-03  -1.3241900e-03
   3.2071739e-02  -2.3023271e-02   1.7953884e-01  -4.1196951e-04   1.9847648e-03  -1.1604217e-03
   3.3603991e-02  -3.4920387e-02   1.8990104e-01  -3.8216208e-04   2.0009797e-03  -1.1751858e-03
   2.9975103e-02  -5.8186819e-02   1.7184918e-01  -1.5388160e-04   2.0227113e-03  -1.3612056e-03
   4.1454085e-02  -8.0043290e-02   1.7135922e-01  -2.5705966e-04   1.9488345e-03  -1.1174289e-03
   6.0996017e-02  -5.2797417e-02   1.5470454e-01  -4.4495677e-04   1.7358629e-03  -9.2216018e-04
   6.0285771e-02  -2.8123693e-02   1.5545421e-01  -7.2783913e-04   1.9258989e-03  -9.4258577e-04
   5.5747766e-02  -4.7098866e-02   1.4291463e-01  -4.8064453e-04   1.8992485e-03  -1.0079331e-03
   4.4850193e-02   5.0948277e-03   1.5087155e-01  -3.1243729e-04   1.9462817e-03  -9.6128586e-04
   4.9589690e-02  -4.8696224e-02   1.8015660e-01  -2.2475657e-04   1.9180407e-03  -1.0061147e-03
   5.4276173e-02  -2.6473259e-02   1.7116077e-01  -3.2118659e-05   1.9435714e-03  -1.0467101e-03
   4.8361248e-02  -4.7144314e-02   1.6532527e-01  -1.8069525e-04   1.8183505e-03  -9.6917929e-04
   5.1602506e-02   3.8616266e-02   1.7017221e-01  -2.4148633e-04   1.8312649e-03  -9.0472942e-04
   5.2099902e-02  -2.7962658e-02   1.5356194e-01  -3.5305361e-04   1.8367732e-03  -9.7262318e-04
   5.1399864e-02  -3.5674990e-02   1.5476400e-01  -2.9872933e-04   1.7946347e-03  -1.0151331e-03
