   0.0000000e+00   0.0000000e+00   7.1054274e-15   0.0000000e+00   0.0000000e+00   0.0000000e+00
   1.4448693e-02   7.0363996e-02  -2.4225530e-02   7.7355536e-04   1.3120858e-04   3.1892451e-04
   1.3288442e-02   4.4960863e-02  -4.1643791e-02   7.0759716e-04  -3.6854953e-05   2.9390465e-04
   1.1878685e-02  -9.5287459e-02  -2.7739550e-02   8.2778942e-04  -4.6743914e-04   2.8846918e-04
   1.3918880e-02  -2.0116869e-02  -2.7040553e-02   1.7225194e-05  -1.1490592e-04   2.6686980e-04
   7.5075253e-03   5.2765077e-02  -2.1145213e-02  -4.8371598e-04  -4.1374039e-05   5.5416158e-05
   1.0981166e-02   1.4136879e-02  -2.3127051e-02  -3.4590937e-04   1.6011180e-04   5.1101161e-05
   1.4056261e-02  -1.3898973e-02  -2.6178420e-02  -3.7848071e-04   1.8532469e-04   8.8420682e-05
   1.2138254e-02  -1.1612744e-03  -4.3015537e-02  -2.1678032e-04   1.9692009e-04   4.7633410e-05
   1.1960126e-02  -1.4552974e-02  -6.0520656e-02   2.1899043e-04   1.8441160e-04   1.2254492e-04
   3.0372601e-03  -1.4588770e-02  -5.9781153e-02   2.7484615e-04   3.4657245e-04   1.0404460e-05
   6.8750847e-03  -2.0596194e-02  -5.9826776e-02   6.8928852e-04   6.6362354e-04   9.1299274e-05
   6.8349108e-03  -1.4198761e-02  -3.0652914e-02   8.4126963e-04   5.2364187e-04   6.6542636e-05
  -4.8341756e-03  -8.0366622e-03  -3.3884621e-02   7.8820781e-04   7.2690764e-04  -3.8209278e-05
  -6.6047657e-03  -1.8835292e-03  -3.7878269e-02   1.2716092e-03   7.7584896e-04  -2.7774624e-05
   1.0104590e-03  -2.5562638e-02  -2.1402782e-02   9.0286902e-04   4.0768296e-04  -3.8213921e-05
  -2.4240454e-03  -3.1901492e-02  -1.7804787e-02   4.2706103e-04   4.9006292e-04  -1.3784145e-04
  -1.8469160e-04   4.4521594e-03   1.4028831e-02   2.4519515e-04   7.1986905e-04  -1.4616181e-04
  -1.3439477e-03   5.0456144e-03   2.0989012e-02  -4.7238013e-04   4.8302924e-04  -2.6270205e-04
  -4.4340285e-04  -7.0181783e-02  -3.4106375e-02  -3.9892178e-04   3.5006148e-04  -2.5596424e-04
   2.7011253e-03  -2.4200632e-02  -5.2942731e-02  -1.8189306e-04   3.6992985e-04  -1.4707073e-04
   9.7749703e-03   2.5653556e-02  -4.0370571e-02  -1.5409235e-04   4.9312519e-04  -1.6100411e-04
   1.1169790e-02  -1.2634240e-02  -5.3512667e-02  -1.6839838e-04   4.6606876e-04  -7.9087054e-05
   9.8029504e-03   1.4520612e-02  -3.0487534e-02  -1.7046016e-04   3.9406273e-04  -9.4397519e-05
   9.1483901e-03  -6.8766966e-03  -4.5348813e-02  -2.3241291e-04   4.7142765e-04  -2.9730070e-04
  -2.4608371e-03  -4.6103246e-03  -7.5131673e-02   5.3173520e-04   3.7935147e-04  -5.2037599e-04
  -1.4506600e-02   2.6383909e-03  -5.1411858e-02   2.8026894e-05   6.7416192e-04  -7.7618766e-04
  -1.4561976e-02  -2.7462763e-02  -8.1439786e-02   3.1438092e-04   3.8335683e-04  -7.8289538e-04
  -8.5502153e-03  -2.9246723e-02  -5.2392386e-02   3.4804929e-04   3.9587030e-04  -7.7881070e-04
   8.2076967e-03  -5.8016528e-02  -7.9313640e-02   4.3959843e-04   1.1574639e-04  -5.3164379e-04
   1.9963334e-03   1.6311425e-02  -1.1527245e-01   3.4958099e-04   1.5702539e-04  -5.6935758e-04
   1.3755293e-02  -3.4553658e-02  -1.3962332e-01   5.6210640e-04   4.2953609e-04  -3.5823647e-04
   3.1932232e-02  -7.3594367e-02  -1.1276644e-01   3.4618804e-04   1.0704834e-04   1.0598702e-04
   3.4736199e-02  -3.9416689e-03  -8.3477484e-02  -1.0213888e-04   4.1821951e-04  -8.4346814e-05
   3.0709896e-02  -6.7341568e-02  -1.2769209e-01  -5.6128171e-05   4.3804121e-04  -2.4353259e-04
   2.8371715e-02  -3.7116192e-02  -1.2470550e-01   9.3690396e-05   5.2385497e-04  -3.2846497e-04
   2.6306829e-02  -1.4650119e-02  -1.1670194e-01  -1.6536780e-05   6.1160874e-04  -4.1297635e-04
   2.4248240e-02  -4.2601862e-02  -1.1993446e-01  -2.2997007e-05   5.6448305e-04  -5.3299107e-04
   1.5322606e-02  -2.8391468e-02  -1.2526678e-01  -1.8226568e-04   5.1796365e-04  -9.6820546e-04
   1.9825579e-02  -2.1691750e-02  -1.2685763e-01  -4.0062382e-04   6.9049236e-04  -1.0562052e-03
   2.6022271e-02   8.6344361e-03  -8.5401900e-02  -2.4235097e-04   4.7197858e-04  -7.4397997e-04
   2.3318761e-02  -7.9584272e-02  -1.0738446e-01  -4.9501189e-04   9.5082475e-05  -6.6759746e-04
   2.0983517e-02   9.3093075e-02   1.2174959e-02  -4.8809849e-04   4.6599011e-04  -6.2143279e-04
   6.0375207e-02  -6.3239584e-02  -7.7525799e-02  -1.3538630e-03  -1.1821061e-04  -3.1191113e-04
   6.6444068e-02  -6.8071230e-02  -7.2354470e-02  -1.2831457e-03  -6.3716736e-04  -3.3811646e-04
   6.9686659e-02  -4.4482551e-02  -4.0398480e-02  -1.1772544e-03  -4.4733346e-04  -4.6129859e-04
   8.1303768e-02  -3.2806135e-02  -2.8496437e-02  -8.3034639e-04  -2.5766985e-04  -2.6966612e-04
   7.3107723e-02   1.5013159e-02   2.0562363e-02  -1.4861936e-03  -1.7731546e-04  -4.7917238e-04
   6.9509127e-02  -8.2940072e-03   6.9318184e-03  -1.5110959e-03  -4.7421161e-05  -4.8142402e-04
   6.3339234e-02  -3.7229649e-02   4.3590067e-03  -1.2839314e-03   5.0624544e-05  -5.8272772e-04
   6.3629440e-02  -5.4401166e-02  -8.7589804e-03  -1.2646790e-03   1.6690509e-04  -5.5971310e-04
   5.8997684e-02  -4.1942860e-02  -2.2624061e-02  -1.4296004e-03   3.3304033e-04  -6.4380474e-04
   5.0215619e-02  -2.3619971e-02  -2.3355448e-02  -1.6738055e-03   5.2986988e-04  -6.1688727e-04
   5.0504562e-02  -5.1089000e-02  -3.2682322e-02  -1.5599012e-03   4.6512709e-04  -6.1288819e-04
   6.0639136e-02  -1.0947442e-02  -3.5545274e-02  -1.5396432e-03   4.2402804e-04  -4.7326195e-04
   5.7599911e-02  -1.2597540e-02  -6.3443038e-02  -1.2049157e-03   9.1439765e-05  -3.4876975e-04
   6.0305860e-02  -2.5749387e-02  -7.0028743e-02  -8.9304558e-04  -5.1245649e-04  -2.5538182e-04
   6.8024663e-02  -3.7294253e-02  -7.3576455e-02  -1.3576279e-03  -5.4414017e-04  -2.3616921e-04
   6.0489833e-02  -2.6747411e-02  -7.4703291e-02  -1.7920685e-03  -3.6632911e-04  -3.1950990e-04
   5.3194711e-02   5.5693309e-03  -8.1996796e-02  -1.2696405e-03   2.3416613e-05  -2.0931782e-04
   4.2711185e-02  -2.7249103e-02  -7.3119639e-02  -1.2832158e-03  -7.1390337e-05  -4.0465278e-04
   2.0261936e-02  -2.3994179e-02  -6.2061029e-02  -1.4045307e-03  -1.1185904e-04  -7.7751126e-04
   5.2519592e-03  -1.1121670e-02  -5.0982941e-02  -1.3747397e-03  -1.3498668e-04  -1.0512280e-03
  -8.1868121e-03  -1.6787879e-02  -4.9175823e-02  -1.2640318e-03  -2.4052194e-05  -1.1814235e-03
  -1.6364043e-02  -3.1819394e-02  -4.0937895e-02  -1.2858160e-03  -8.0004910e-05  -1.2970017e-03
  -1.8281957e-02  -3.2196940e-02  -1.9550433e-02  -1.1450172e-03   5.7208318e-05  -1.2614207e-03
  -1.6014334e-02  -2.1516132e-02  -1.8876044e-02  -1.2315829e-03  -2.0430797e-04  -1.2681006e-03
  -1.8673829e-02  -3.4679284e-02  -1.5949373e-02  -1.3781283e-03  -2.6732550e-05  -1.3458149e-03
  -1.4978540e-02  -2.9075654e-02  -1.8902764e-02  -1.5116173e-03   8.6829000e-06  -1.1977656e-03
  -2.3292622e-02  -1.6511130e-02  -2.6586593e-02  -1.7204657e-03   1.1870859e-04  -1.3331059e-03
  -2.2654931e-02  -5.9812911e-02  -2.2357811e-02  -1.7678101e-03   1.6703140e-05  -1.2551019e-03
   4.8980073e-03  -7.8454782e-02  -1.6981260e-02  -1.7632366e-03  -6.1590800e-04  -9.5905726e-04
   5.8341079e-03   3.0986086e-02  -2.5036889e-03  -2.0271185e-03  -6.5510667e-04  -9.9241549e-04
  -4.0167771e-03  -1.7402812e-02  -8.0081352e-03  -2.0940982e-03  -5.7077344e-04  -1.1322851e-03
  -9.9305113e-03  -3.8445724e-02  -7.4478590e-04  -1.9595225e-03  -4.7811785e-04  -1.1892059e-03
  -1.2517185e-03  -4.1935848e-02   4.7499471e-03  -1.9317568e-03  -5.3966093e-04  -1.0573815e-03
   1.1949803e-02  -3.3674152e-02   1.2998124e-03  -2.2252965e-03  -4.9694617e-04  -8.3463644e-04
   8.9436307e-03  -1.1129193e-02   1.2510295e-02  -2.2551297e-03  -5.5539657e-04  -9.3508163e-04
   9.2871558e-04  -1.8992055e-02   3.3048395e-02  -2.0708728e-03  -6.5734629e-04  -8.6223916e-04
   2.9338274e-03   1.7395956e-02   5.4233467e-02  -2.1352627e-03  -6.8753368e-04  -9.1083354e-04
   6.3734291e-04  -1.4944459e-03   4.3759737e-02  -2.2109966e-03  -7.0432990e-04  -9.2774408e-04
   1.5010200e-02  -3.6558189e-02  -1.0820136e-02  -8.2438457e-04  -1.1223920e-03  -5.2714763e-04
   2.9675459e-04  -4.5414963e-02  -4.6252454e-02  -1.2073033e-03  -1.7874305e-03  -4.3016961e-04
   1.7044053e-02   9.6000565e-03  -5.2365422e-02  -9.9097921e-04  -1.9825068e-03  -3.9968015e-04
   7.5212691e-03  -1.1303874e-02  -3.8597021e-02  -1.0975123e-03  -1.7542744e-03  -6.3428214e-04
  -2.8780131e-03   8.3049061e-03  -9.5626772e-03  -1.2896211e-03  -1.5924427e-03  -8.0661995e-04
  -4.9082662e-03  -8.2491706e-03  -1.0516340e-02  -1.4845380e-03  -1.6342455e-03  -8.3844266e-04
   6.4844510e-04  -1.3754625e-02  -2.3377448e-02  -1.3178313e-03  -1.8979704e-03  -7.8911981e-04
   3.0602220e-03  -4.7677101e-03  -2.6460616e-02  -1.3193004e-03  -2.0116142e-03  -7.3518068e-04
   3.7974028e-04   7.2086652e-03  -4.6373548e-03  -1.2577136e-03  -2.0237950e-03  -7.7929586e-04
  -7.7375699e-03  -5.0865498e-03   2.7062577e-02  -1.2540489e-03  -2.1793972e-03  -7.7280665e-04
  -7.9468056e-03  -3.4217566e-03   2.4698829e-02  -1.2568821e-03  -2.3036344e-03  -7.0282792e-04
  -1.2234392e-02   1.4161676e-02   2.5368646e-02  -1.0700452e-03  -2.3869429e-03  -7.1030881e-04
  -1.0171142e-02  -4.5492787e-02   4.4969468e-02  -1.3952909e-03  -2.8950201e-03  -6.5417485e-04
  -6.3582246e-03  -2.8641669e-02   2.7329179e-02  -1.1406866e-03  -3.1598021e-03  -6.2306467e-04
  -6.8873257e-03  -4.7362207e-03   1.8268688e-02  -1.3094745e-03  -3.0060728e-03  -6.9516924e-04
  -1.4128010e-02  -1.1463921e-02   5.2980349e-03  -1.7039737e-03  -2.8875323e-03  -7.0162119e-04
  -9.9723612e-03  -6.6288419e-03  -3.2498259e-03  -1.5130413e-03  -2.8424667e-03  -6.8176473e-04
  -4.4938801e-03   3.3244880e-02   8.4106905e-04  -1.3135635e-03  -2.7713280e-03  -6.0392567e-04
   7.1228356e-03   1.2241210e-02  -1.8527153e-02  -9.9292764e-04  -2.3471130e-03  -4.2196074e-04
   1.2554323e-02   8.0445733e-03  -2.0251640e-02  -8.2692833e-04  -2.2411922e-03  -3.7508936e-04
   1.9546060e-02   3.6974784e-03  -2.2341556e-02  -8.5767667e-04  -2.2698855e-03  -3.8610982e-04
   2.1799518e-02   2.7344591e-02  -1.9030141e-02  -1.0828268e-03  -2.2765860e-03  -3.4730661e-04
   1.6745087e-02  -1.3459426e-02  -2.1966491e-02  -8.7817326e-04  -2.5455906e-03   4.6496283e-05
   2.8185624e-02   6.2421262e-02   1.5599603e-04  -7.2856510e-04  -2.9486018e-03   1.1679594e-04
   2.3951530e-02  -5.5225931e-02  -1.5116340e-02  -6.4279589e-04  -3.0374542e-03   5.7466621e-05
   4.2719479e-02  -9.6224915e-03   4.9683091e-02  -1.3605041e-03  -3.1768733e-03   1.9357486e-04
   4.7868523e-02  -3.6729202e-02   6.1129269e-02  -1.2514761e-03  -3.4028321e-03   2.3073715e-04
   5.9656822e-02  -4.8539732e-02   5.6222953e-02  -1.2225383e-03  -3.4372069e-03   3.0647210e-04
   6.2586455e-02  -2.5524220e-02   5.4796845e-02  -1.2537691e-03  -3.2747413e-03   4.3741643e-04
   6.3544859e-02  -3.8719312e-02   6.0854827e-02  -1.3590281e-03  -3.2603255e-03   3.7106793e-04
   7.2868097e-02  -1.3901040e-02   4.8627091e-02  -1.2250305e-03  -3.1265703e-03   4.8868843e-04
   6.8026607e-02  -1.6027975e-02   3.7274346e-02  -1.3469658e-03  -3.2468041e-03   4.6716457e-04
   7.0443469e-02  -2.2311676e-02   3.1134941e-02  -1.4201956e-03  -3.1285231e-03   4.7894013e-04
   7.7568053e-02  -5.3926626e-03   3.9213546e-02  -1.3281090e-03  -2.9768946e-03   7.0431313e-04
   7.5872035e-02  -5.7411883e-03   4.3576606e-02  -1.3829849e-03  -2.9557084e-03   6.8394258e-04
   8.8688504e-02  -1.0267332e-02   3.9687908e-02  -8.5372396e-04  -2.5852973e-03   9.2931495e-04
   1.0079259e-01  -6.0164341e-03   4.7134766e-02  -1.0668399e-03  -2.5684522e-03   1.1101567e-03
   1.0385221e-01   8.8230267e-03   3.4471186e-02  -6.9516725e-04  -2.6293534e-03   1.2702758e-03
   9.6756157e-02  -8.2824509e-03   6.3378690e-02  -1.1912799e-03  -2.7467968e-03   1.2825872e-03
   1.0570132e-01  -1.1819006e-02   1.0971670e-01  -6.8487802e-04  -3.5605947e-03   1.4727920e-03
   1.1887484e-01  -3.5827208e-03   1.0240155e-01  -1.2277573e-03  -3.2966038e-03   1.6236892e-03
   1.2950143e-01  -2.7278090e-02   1.1482197e-01  -1.7389384e-03  -3.3631562e-03   1.7467741e-03
   1.6192222e-01   4.6582264e-03   1.1021988e-01  -1.7995375e-03  -3.9807850e-03   2.2484510e-03
   1.5882829e-01  -3.0454507e-02   7.7031864e-02  -1.4775253e-03  -4.3864598e-03   2.2577949e-03
   1.5130528e-01   4.6956744e-03   1.0970945e-01  -1.5326635e-03  -4.5938881e-03   2.1374096e-03
   1.5179959e-01   8.5628884e-03   1.1451051e-01  -1.6993373e-03  -4.6068988e-03   2.1483324e-03
   1.5455564e-01  -1.2819493e-02   1.1577925e-01  -1.8717060e-03  -4.6033132e-03   2.1716186e-03
   1.5359139e-01  -1.5770986e-02   1.2757125e-01  -1.8736006e-03  -4.6793110e-03   2.2666688e-03
   1.5552265e-01   5.1715675e-03   1.2177321e-01  -2.1291654e-03  -4.8281676e-03   2.1466824e-03
   1.5538856e-01  -2.5918445e-02   1.1864881e-01  -2.0254161e-03  -4.9499700e-03   2.2318751e-03
   1.3654002e-01   1.6789647e-02   1.0511498e-01  -1.4019703e-03  -4.9072443e-03   2.0424671e-03
   1.4049894e-01  -1.8244640e-02   1.3505835e-01  -1.8032446e-03  -5.2629875e-03   2.1393146e-03
   1.6086963e-01  -2.0934528e-02   8.3304127e-02  -8.6056375e-04  -5.3474693e-03   2.5143913e-03
   1.4463537e-01   3.8555119e-02   1.1886560e-01  -1.6270380e-03  -4.9825293e-03   1.9889272e-03
   1.5412788e-01  -4.8083056e-02   1.0251768e-01  -2.0827731e-03  -5.3203444e-03   2.0744742e-03
   1.6989418e-01  -2.7307076e-02   1.1187293e-01  -2.1601323e-03  -5.2727460e-03   2.2447786e-03
   1.7917948e-01  -1.1700119e-02   1.0323539e-01  -1.9454817e-03  -5.1774439e-03   2.4326404e-03
   1.9569849e-01  -4.2878877e-03   1.1300292e-01  -1.9116507e-03  -5.2956039e-03   2.5702187e-03
   2.1763131e-01   8.9008887e-03   1.2683444e-01  -1.7877701e-03  -5.3386287e-03   2.8285263e-03
   2.1309488e-01  -2.9938907e-04   1.4577775e-01  -2.1859091e-03  -5.2611058e-03   2.8801926e-03
   2.0807263e-01   3.8259575e-03   1.5978713e-01  -2.3254049e-03  -5.1749654e-03   2.8427714e-03
   1.9633332e-01  -1.1502774e-02   1.6301958e-01  -2.5049883e-03  -5.0955490e-03   3.0363400e-03
   1.9334472e-01  -7.4718660e-03   1.7565187e-01  -2.6867522e-03  -4.9529123e-03   2.9288237e-03
   1.6982065e-01  -2.3386606e-02   2.4090470e-01  -2.7936479e-03  -5.7970139e-03   2.7542809e-03
   1.5366396e-01  -5.8155536e-03   2.9605185e-01  -3.1907263e-03  -5.6532831e-03   2.5808067e-03
   1.4910631e-01  -1.6459558e-02   2.9422791e-01  -3.5347125e-03  -5.5750880e-03   2.5354825e-03
   1.4418581e-01  -2.2677325e-02   3.0519451e-01  -3.7883501e-03  -5.7839694e-03   2.4847161e-03
   1.3460439e-01   1.8392983e-02   3.0451005e-01  -3.7152383e-03  -5.4581562e-03   2.4394788e-03
   1.4825323e-01   2.1814078e-02   2.6561717e-01  -4.1647618e-03  -5.2568161e-03   2.5630230e-03
   1.5440206e-01  -1.9556941e-02   2.5494627e-01  -3.9231109e-03  -5.0529419e-03   2.6403828e-03
   1.5875352e-01   1.1813812e-02   2.6659999e-01  -4.1853417e-03  -5.1398450e-03   2.6001711e-03
   1.6689756e-01   2.2588763e-02   2.7273776e-01  -4.2556317e-03  -5.1728669e-03   2.7046363e-03
   1.8191399e-01  -1.8128471e-02   2.7941491e-01  -4.0633706e-03  -5.3624880e-03   2.8254532e-03
   1.9542087e-01   2.1469680e-02   2.7674999e-01  -3.9768499e-03  -5.3956811e-03   3.0301167e-03
   1.9426993e-01   1.4522355e-02   2.7112347e-01  -4.1549573e-03  -5.2143371e-03   3.1062456e-03
   1.9650229e-01  -4.8165766e-03   2.7973996e-01  -4.3552326e-03  -5.2946606e-03   3.1731499e-03
   1.9814852e-01   7.3397433e-03   2.6950791e-01  -3.7823835e-03  -5.6023053e-03   3.1891903e-03
   1.9128076e-01   2.9864333e-02   2.8872837e-01  -4.4476676e-03  -5.4119289e-03   3.1747961e-03
   1.8163394e-01   1.6986554e-02   2.6174899e-01  -3.4105069e-03  -6.1983963e-03   3.0197626e-03
   1.7370764e-01   2.4028478e-02   2.6741837e-01  -4.1067466e-03  -5.8257063e-03   2.5640552e-03
   1.6903092e-01   3.8454607e-05   2.7397579e-01  -4.2611756e-03  -6.0123546e-03   2.6818604e-03
   1.7856872e-01  -1.7620240e-02   2.8008359e-01  -4.1206041e-03  -5.8032967e-03   2.7848266e-03
   1.8010437e-01  -1.8748957e-02   2.8071932e-01  -4.2519021e-03  -5.5640000e-03   2.8460883e-03
   1.7872478e-01   1.8661002e-02   2.6880865e-01  -4.5037775e-03  -5.6227635e-03   2.8211337e-03
   1.8427418e-01   9.6996467e-03   2.7322388e-01  -4.4089822e-03  -5.7539716e-03   2.9026930e-03
   1.8393594e-01   2.2527680e-02   2.7262834e-01  -4.2294805e-03  -5.5051771e-03   2.8993640e-03
   1.9063874e-01   2.1928859e-02   2.8982874e-01  -4.1674333e-03  -5.4348283e-03   2.9644591e-03
   1.9430251e-01   2.2901873e-02   2.7079437e-01  -3.6790853e-03  -5.4951987e-03   3.1436424e-03
   1.9578517e-01  -3.9805438e-02   2.6411424e-01  -3.8102205e-03  -5.5843166e-03   3.4667751e-03
   1.8582510e-01   6.2939957e-03   3.1456596e-01  -4.1634672e-03  -5.6905241e-03   3.1966816e-03
   1.7864583e-01  -2.1572493e-02   3.2904563e-01  -4.3431419e-03  -5.7972594e-03   3.0362215e-03
   1.7284270e-01  -2.7780256e-02   3.5664797e-01  -4.1709190e-03  -5.9495533e-03   3.0042505e-03
   1.7020960e-01  -3.7651751e-02   3.5884510e-01  -4.5571563e-03  -5.8334103e-03   2.8868326e-03
   1.6498697e-01  -2.4476781e-02   3.5186295e-01  -5.0344430e-03  -5.9314440e-03   2.9279744e-03
   1.6006223e-01  -6.8024642e-03   3.4319245e-01  -5.1683446e-03  -5.9639300e-03   2.8260231e-03
   1.7696560e-01  -3.8911140e-02   3.1761541e-01  -4.6952587e-03  -5.7830338e-03   3.0381347e-03
   1.8384293e-01  -9.1679273e-03   3.2054802e-01  -4.2535994e-03  -5.5755892e-03   3.2371571e-03
   1.7943792e-01  -4.9949564e-03   3.2346002e-01  -4.3612532e-03  -5.2126558e-03   3.2430727e-03
   1.8321011e-01  -2.8036815e-02   2.9816451e-01  -4.3648072e-03  -5.1681795e-03   3.2355764e-03
   1.7781435e-01  -2.6505360e-02   2.7802396e-01  -3.9728447e-03  -4.7906072e-03   3.2324067e-03
   1.8198133e-01  -1.4776331e-02   2.7285683e-01  -3.6647908e-03  -4.8755984e-03   3.3279517e-03
   1.7559468e-01   1.1983219e-03   2.6517646e-01  -3.4925513e-03  -4.7658368e-03   3.1232213e-03
   1.6950698e-01  -1.1958861e-02   2.7564484e-01  -3.3493431e-03  -4.8166086e-03   3.1004453e-03
   1.6257000e-01  -5.5699296e-02   2.4678266e-01  -2.9849997e-03  -5.2994095e-03   3.1611621e-03
   1.5395981e-01   2.7380036e-02   3.0196901e-01  -3.7934948e-03  -5.0668063e-03   2.8554162e-03
   1.6282676e-01  -8.6357150e-03   2.9303982e-01  -4.0473702e-03  -5.1011112e-03   3.0642343e-03
   1.7326481e-01  -2.9395318e-02   2.7112055e-01  -4.2171164e-03  -5.0274099e-03   3.2939027e-03
   1.6986240e-01   1.4451381e-02   2.7415942e-01  -3.9354501e-03  -5.0102155e-03   3.2538394e-03
   1.7015622e-01   2.3114005e-02   2.8418769e-01  -4.4213484e-03  -4.9944323e-03   3.3518933e-03
   1.7050315e-01   2.0542641e-02   2.8082671e-01  -4.4638030e-03  -5.0907557e-03   3.2055414e-03
   1.7165775e-01   1.0557549e-02   2.8207885e-01  -4.4787141e-03  -4.9138833e-03   3.1871797e-03
   1.6619060e-01   8.5761388e-03   2.8406580e-01  -4.4151238e-03  -4.7422445e-03   3.1447617e-03
   1.7258206e-01  -2.6795941e-02   2.8323326e-01  -4.4709171e-03  -4.8464490e-03   3.1648100e-03
   1.8121590e-01   1.0097815e-02   2.9277753e-01  -4.3808535e-03  -4.8897874e-03   3.2246784e-03
   1.7342890e-01  -1.5174694e-02   3.0181481e-01  -4.4725592e-03  -4.9122634e-03   3.2317461e-03
   1.6232950e-01   2.1214528e-02   3.1181535e-01  -4.4482091e-03  -5.1082864e-03   3.0872707e-03
   1.5155917e-01   1.4259670e-02   3.4278317e-01  -4.9272640e-03  -5.5104345e-03   2.7002846e-03
   1.5416191e-01  -1.7272800e-02   2.9089662e-01  -5.1793963e-03  -5.1153437e-03   2.6702799e-03
   1.8103234e-01  -6.6338470e-02   2.3308871e-01  -4.1912287e-03  -5.0002976e-03   3.1228301e-03
   1.4770424e-01   4.6668486e-02   2.6174076e-01  -4.0354729e-03  -5.2554816e-03   2.6333429e-03
   1.5884413e-01   2.4781927e-02   2.7755115e-01  -4.0887477e-03  -5.0754803e-03   2.6829887e-03
   1.6766792e-01  -3.9901626e-03   2.6210552e-01  -3.5669764e-03  -5.1018299e-03   2.8708621e-03
   1.5678297e-01  -1.2711242e-02   2.8162107e-01  -4.3543770e-03  -5.2472572e-03   2.8502014e-03
   1.5327266e-01   1.1183576e-03   2.8179613e-01  -4.3651701e-03  -5.2362217e-03   2.8445583e-03
   1.6343755e-01  -7.8658614e-03   2.6159391e-01  -3.7862936e-03  -5.0940009e-03   2.9006476e-03
   1.6482907e-01   1.2355456e-02   2.9056136e-01  -4.4531226e-03  -5.2701590e-03   2.8450876e-03
   1.5621709e-01   1.3327808e-02   2.9522631e-01  -4.7338820e-03  -5.0394155e-03   2.6925114e-03
   1.6107693e-01   1.7373640e-02   3.0485122e-01  -4.6984453e-03  -5.1949071e-03   2.8000633e-03
   1.6331213e-01   1.6494899e-02   2.8678132e-01  -4.0578064e-03  -5.6569422e-03   2.7948053e-03
