   0.0000000e+00   0.0000000e+00   7.1054274e-15   0.0000000e+00   0.0000000e+00   0.0000000e+00
   6.4891430e-03   5.7375945e-02   3.7389634e-02  -6.6464517e-04   2.0146133e-04   2.1902253e-04
  -1.4016799e-02   3.4908854e-02   2.3035330e-02   6.6538572e-05   8.5187056e-04   6.2054646e-05
   4.1017744e-02  -8.3717093e-03  -7.1581825e-03  -2.6638088e-04   1.0399868e-03   1.2909633e-03
   1.3686766e-01   2.5130243e-03  -3.4483125e-02  -2.1928736e-04   2.0499171e-03   3.4752041e-03
   1.2632995e-01   3.2551358e-03  -1.2421805e-02  -7.2314342e-04   9.3014958e-04   3.2182467e-03
   1.2605625e-01   4.5621633e-02   1.4346843e-02  -3.2319748e-04   1.0787555e-03   3.2074629e-03
   1.1000497e-01   4.7242930e-02  -2.2762389e-03   1.0481429e-03   1.0931011e-03   3.3275350e-03
   9.2847910e-02   1.5786189e-02   3.5281527e-02   1.9575004e-04   1.2587768e-03   3.0417735e-03
   7.0196778e-02   7.5382818e-02   4.8563489e-02   1.2005154e-04   9.6723760e-04   2.4093655e-03
   5.0592835e-02   6.2390951e-02   5.4173701e-02   2.1070816e-04   8.4534892e-04   1.9989402e-03
   4.6175240e-02   4.2465680e-02   5.5242134e-02   4.6773389e-04   1.0864637e-03   1.9252061e-03
   3.4065566e-02   4.4883069e-02   5.3791926e-02   6.0638020e-04   1.2893267e-03   1.7643177e-03
   3.2161024e-02   6.6842794e-02   8.6106162e-02   1.7523033e-04   5.2503080e-04   1.4859562e-03
   2.2398696e-02   2.9003927e-02   8.5929941e-02   3.4781484e-04   5.9642974e-04   1.4660382e-03
   2.0371820e-02   8.1520120e-02   7.0774994e-02   1.3774317e-03   7.5738401e-04   1.4895572e-03
   1.7406773e-02   4.5479996e-02   9.7753730e-02   5.0126545e-04   5.5703311e-04   9.1542398e-04
   2.9310747e-02   4.6683617e-02   1.0209584e-01   4.1796274e-04   5.3269157e-04   1.1751717e-03
   2.3620500e-02   7.5664470e-02   5.9074632e-02  -3.6058909e-05   4.2044687e-04   9.3317103e-04
   8.1784848e-03   8.2178033e-02   7.5426259e-02   1.1981675e-03  -8.7977355e-04   6.5462612e-04
   5.3338232e-02   6.1828601e-02   7.1746651e-02   4.4823833e-04   1.2612478e-04   1.2204024e-03
   9.9634731e-02   1.0094075e-03  -2.8400832e-02  -1.8789825e-04   5.2161589e-04   1.7959873e-03
   9.4817150e-02   1.2803711e-01   1.9343941e-02  -6.8008387e-05   2.1967620e-04   1.9668428e-03
   7.0961072e-02   8.3361584e-02   6.8293015e-02   1.4586466e-03  -1.8805467e-04   1.6850376e-03
   7.2571306e-02   4.0680056e-02   8.2176908e-02   7.5753224e-04  -1.3448464e-04   1.2393824e-03
   8.9024730e-02   5.6686020e-02   6.8675346e-02   5.4095598e-04  -1.9294173e-05   1.4284250e-03
   8.6780475e-02   8.7400774e-02   5.6878344e-02  -1.0536037e-04   1.9727509e-04   1.6420527e-03
   9.7817004e-02   8.1905949e-02   5.1420965e-02   3.4018213e-04   4.0104163e-04   1.9542998e-03
   2.0331256e-01  -8.5225039e-02  -2.0403209e-02   2.4504950e-03   1.2889836e-03   3.2857149e-03
   2.6627735e-01  -3.1168857e-02  -4.5727047e-02   2.1020618e-03   5.6841778e-04   4.3229781e-03
   2.6257992e-01  -9.1772212e-02  -9.3171116e-02   2.3295470e-03   1.0792463e-03   4.2116716e-03
   2.7704176e-01  -8.2352606e-02   1.6367407e-03   1.1840842e-03   7.6065549e-04   3.8409000e-03
   3.2001954e-01  -1.9415491e-01   7.0127048e-03   7.1286889e-05   3.2906427e-04   4.9354744e-03
   3.7286064e-01  -1.6779021e-01   3.5580337e-02  -8.0481058e-04  -5.7555324e-07   6.4779643e-03
   3.2214013e-01  -2.2463520e-01   5.7811636e-02  -9.0476411e-04   5.3787568e-04   6.2917194e-03
   3.3395214e-01  -1.2542667e-01   6.4865844e-02  -4.2248625e-04   5.9431340e-04   6.9278544e-03
   3.8345267e-01  -2.8048796e-01  -8.1960427e-02   9.8420861e-05   4.5041868e-04   6.9238688e-03
   3.3091736e-01  -1.2079121e-01  -1.8747838e-02  -9.9845893e-04   2.6778608e-04   5.6550164e-03
   3.1084531e-01  -2.2353528e-01  -6.1630323e-02  -3.0689669e-04   5.7799249e-04   5.4571777e-03
   2.9575953e-01  -1.2950576e-01  -1.0740220e-01  -3.3390841e-04   9.3541203e-04   5.4281307e-03
   2.1600580e-01  -1.0561496e-01  -3.4210397e-02  -6.2726220e-04   2.5314997e-04   3.9755473e-03
   2.0199669e-01  -1.4127972e-01  -1.4859389e-02  -2.8742638e-04   3.6215050e-04   3.3536054e-03
   2.6332095e-01  -1.2364341e-01  -5.7373291e-02  -1.0301663e-03   3.3168445e-04   4.8346884e-03
   3.0705234e-01  -1.2031348e-01  -4.4336126e-02  -1.7128831e-03   2.1913045e-04   6.9947069e-03
   3.1258989e-01  -9.0404045e-02  -3.5616253e-02  -1.1403123e-03   1.8550092e-04   7.0814853e-03
   3.1828492e-01  -6.0583940e-02  -2.6384343e-02  -1.4277825e-03   2.6853955e-04   6.6979896e-03
   3.1179308e-01  -9.7639269e-02   3.7907781e-03  -2.4797083e-03   2.7485816e-04   6.5259960e-03
   2.9682292e-01  -1.6449308e-01   4.8366110e-03  -3.5810443e-03   8.1847727e-04   5.9175931e-03
   2.9330606e-01  -6.8871961e-03   1.6782122e-02  -3.8098387e-03   1.2602455e-03   6.4296053e-03
   2.8111744e-01  -9.3530202e-02  -2.9348761e-02  -2.3873357e-03   1.7722948e-03   6.7343042e-03
   3.8108282e-01  -2.5278682e-01  -1.4453133e-01  -9.2560530e-04   2.2210988e-03   7.9409325e-03
   2.7757255e-01   5.5658863e-02   4.7989734e-03  -2.8563550e-03   1.7012412e-03   7.3873689e-03
   2.7279959e-01  -1.1186446e-01  -3.1990118e-04  -2.2059985e-03   2.1981118e-03   7.4050576e-03
   2.5752837e-01  -1.2345978e-01   7.0041138e-02  -3.7367337e-03   1.7528543e-03   7.3395953e-03
   1.7539849e-01  -5.5023587e-02  -3.1473919e-03  -3.5681547e-03   1.8778392e-03   5.4669153e-03
   1.6864807e-01  -7.2955211e-02   4.0700537e-02  -4.5100976e-03   1.7470520e-03   4.7072223e-03
   1.8772612e-01  -1.1014716e-01   3.8620613e-02  -4.6418466e-03   1.5548306e-03   4.9130228e-03
   1.5905327e-01  -1.6783280e-02   3.8142709e-02  -4.5816463e-03   1.2831797e-03   4.3629918e-03
   1.1317720e-01   3.9548593e-02   4.6550157e-02  -3.6133743e-03   1.0050179e-03   3.6867332e-03
   1.2810684e-01  -5.5467805e-02   7.6371271e-02  -4.4077607e-03   1.0719197e-03   3.9762634e-03
   1.4620321e-01  -2.8963486e-02   2.7294240e-02  -2.8729656e-03   1.0732581e-03   4.2413274e-03
   1.3714966e-01  -3.0193806e-03   3.5442061e-02  -3.1162259e-03   8.1071058e-04   3.8056464e-03
   9.9953901e-02   6.4911748e-03   5.9461355e-03  -2.8288680e-03   7.4013076e-04   3.3503114e-03
   1.2883902e-01  -5.2319802e-02  -5.8051042e-02  -1.2406835e-03   1.2947475e-03   4.0951902e-03
   1.9252439e-01  -6.0542024e-02  -4.2276761e-02  -1.1934904e-03   1.5195733e-03   5.1579206e-03
   1.8329674e-01  -2.1287256e-02   2.7549120e-02  -2.7584731e-03   9.2494219e-04   4.8394728e-03
   1.7444104e-01   1.8199832e-02   4.1451338e-02  -2.3562754e-03   1.2478725e-03   4.6177649e-03
   1.4964651e-01   2.5624708e-02   4.0697124e-02  -1.4866564e-03   1.4916862e-03   4.3954297e-03
   9.8414745e-02  -1.7740863e-02   9.2979898e-02  -1.1198971e-03   7.3116483e-04   3.2001050e-03
   5.1111596e-02   1.6140904e-02   1.0997761e-01  -7.6192507e-04  -4.5789245e-04   1.9288621e-03
   7.0775680e-02  -3.0885595e-02   9.9659057e-02  -1.7077040e-03  -2.4768250e-04   1.9906843e-03
   7.5912869e-02   6.1005498e-02   9.0946432e-02  -1.5492404e-03  -2.7552911e-04   2.1902312e-03
   6.1768665e-02   8.3176865e-02   1.1635233e-01  -1.3767970e-03   3.4592695e-06   2.4536741e-03
   5.9438776e-02   2.3687556e-02   1.1472813e-01  -8.6938626e-04   1.7073540e-04   2.4178968e-03
   5.1679730e-02   3.8547428e-02   1.1862256e-01  -7.3968680e-04   1.0123818e-04   2.0889815e-03
   2.1546167e-02   5.3089487e-02   1.4830182e-01  -3.9278751e-04  -2.7218762e-04   1.4723801e-03
   8.1690154e-03   2.7444930e-02   1.4239709e-01   5.1239269e-04  -5.1774912e-04   1.2831395e-03
  -1.0915238e-04  -2.7730748e-02   1.7014567e-01  -7.4531809e-04  -7.0841417e-04   8.6772872e-04
  -1.5901039e-02   4.5957623e-02   1.3879262e-01  -4.7657202e-04  -6.6570741e-04   4.7274163e-04
  -1.7180584e-02   5.5460141e-02   1.4885856e-01  -6.6386527e-04  -9.2712944e-04   4.4998088e-04
  -7.4767077e-03   4.5507651e-02   1.2565411e-01   2.3603459e-04  -6.5798733e-04   8.2872745e-04
  -1.6818512e-02   6.4649233e-02   1.4603511e-01  -8.2812631e-04  -5.2944498e-04   6.4407073e-04
  -2.8875740e-02   1.1520307e-01   1.4322054e-01  -5.9204054e-04  -3.1872622e-04   7.6492192e-04
  -2.6691359e-02   9.0291300e-02   1.4100887e-01  -5.3027424e-04  -3.6925138e-04   7.8244962e-04
  -3.3220450e-02   1.0982500e-01   1.4063459e-01  -6.8551717e-04  -4.4198753e-04   7.2497182e-04
  -2.1068623e-02   8.8981923e-02   1.4557167e-01  -5.6082082e-04  -4.8947342e-04   8.1496121e-04
  -1.4267115e-02   7.5406595e-02   1.5096359e-01  -5.6081781e-04  -1.4314632e-04   1.0057455e-03
  -2.5156483e-02   7.8129564e-02   1.5819269e-01  -3.5429563e-04  -1.2847258e-04   8.4292747e-04
  -1.4677914e-02   5.5402541e-02   1.4448615e-01  -2.7253794e-04  -5.9905847e-05   9.1646923e-04
  -1.5457936e-02   1.2378260e-01   1.5197013e-01   3.6137494e-04   2.8994618e-04   1.1105394e-03
  -7.7238394e-03   4.9826576e-02   1.7742446e-01  -5.8769124e-04   1.6410734e-04   1.0365359e-03
   1.6587560e-03   7.8958167e-02   1.4407589e-01  -7.6162853e-05   9.4033055e-05   1.2248360e-03
  -4.5631706e-03   4.8574512e-02   1.5046610e-01  -5.4500713e-04   2.2531958e-04   1.1733006e-03
  -7.4681660e-03   1.0320228e-01   1.2661240e-01   2.1545546e-04   2.3344473e-04   1.3476688e-03
  -1.7990511e-03   8.5092125e-02   1.5727663e-01  -5.6527558e-04   2.8682359e-04   1.2156095e-03
   5.9299656e-02   6.5538685e-02   1.6787444e-01   6.5319832e-04   9.4664002e-04   2.7884432e-03
   2.0561712e-01  -9.2538763e-02  -3.1095081e-02   1.2068724e-03   1.2605817e-03   5.7251814e-03
   1.7751465e-01  -5.8744579e-02   1.0540041e-01   6.5683045e-04   7.1239093e-04   5.7147630e-03
   1.9266348e-01  -1.2675532e-01   1.0788245e-01   1.5383180e-03   1.3052937e-03   6.3964707e-03
   1.9824572e-01  -1.4901120e-01   1.4295279e-01   1.0045804e-03   1.4354011e-03   6.2064903e-03
   1.5956825e-01  -7.9247526e-02   1.4605240e-01   3.9134732e-04   2.0186352e-03   5.7114397e-03
   1.4445896e-01  -1.0472283e-01   1.4352230e-01   2.7510383e-04   2.5585792e-03   5.6353906e-03
   1.0111275e-01  -9.3839410e-02   1.5321847e-01  -2.3995075e-04   2.3812013e-03   5.1293656e-03
   6.6148796e-02  -3.7631218e-02   1.5968968e-01  -7.8312765e-04   2.9015928e-03   4.4527130e-03
   5.2296275e-02  -3.3859999e-02   1.6188950e-01  -1.0072254e-03   3.1600467e-03   4.0287785e-03
   7.0612418e-02  -7.2840651e-02   1.9428148e-01  -2.2952667e-03   3.7716067e-03   4.4651159e-03
   7.4112168e-02  -7.1456319e-02   1.8415047e-01  -2.0453211e-03   3.5281630e-03   4.3424242e-03
   8.7787354e-02  -2.9092154e-02   2.1044112e-01  -2.4199481e-03   4.0759194e-03   4.7169032e-03
   9.6915417e-02  -3.1098123e-02   1.7851668e-01  -1.2460176e-03   5.3781491e-03   4.4667287e-03
   6.3162238e-02   1.0214136e-01   2.1657689e-01  -1.8980013e-03   4.3875121e-03   4.8288302e-03
   3.2937897e-02   1.1293451e-01   2.6799549e-01  -2.0029333e-03   4.5805133e-03   5.2857308e-03
   2.1289165e-02   5.0653812e-02   2.8645961e-01  -3.4760155e-03   4.3290264e-03   4.9879449e-03
  -1.3632599e-03   1.1240321e-01   2.6385181e-01  -3.0562800e-03   3.9558382e-03   4.4977130e-03
  -3.1474336e-02   1.0029667e-01   2.9162440e-01  -3.5112396e-03   4.1181975e-03   4.1916138e-03
  -2.8504848e-02   1.1859805e-01   2.9517543e-01  -2.6485817e-03   3.8180014e-03   4.6573920e-03
  -3.6839872e-02   5.7014927e-02   3.2385287e-01  -3.6090711e-03   3.7647103e-03   4.3990361e-03
  -4.5695781e-02   1.1103747e-01   2.5155858e-01  -2.6189430e-03   3.1026535e-03   4.2041304e-03
  -4.1129979e-02   6.3950663e-02   2.2287477e-01  -2.0202144e-03   3.7984259e-03   3.9937092e-03
  -7.5675965e-02   1.5065614e-01   2.6827051e-01  -3.0993971e-03   2.8120163e-03   4.0002729e-03
  -8.9037304e-02   1.2640107e-01   2.6721365e-01  -3.5955138e-03   2.5341916e-03   4.0929378e-03
  -8.2489128e-02   1.1534824e-01   2.5560385e-01  -3.2173029e-03   2.3670749e-03   4.2943614e-03
  -5.3493602e-02   1.0864068e-01   2.6097235e-01  -3.4504346e-03   2.6198058e-03   5.4628951e-03
  -5.4473141e-02   1.7234779e-01   2.5824363e-01  -3.2728097e-03   2.5580041e-03   5.7548827e-03
  -7.3845364e-02   1.6509894e-01   2.8986924e-01  -3.3278807e-03   2.4713348e-03   5.1458067e-03
  -8.6765185e-02   1.3325736e-01   2.8809295e-01  -3.4508979e-03   2.3278055e-03   4.7478576e-03
  -9.5856612e-02   1.3495245e-01   2.8717717e-01  -3.1934305e-03   2.2817971e-03   4.5448254e-03
  -1.0683198e-01   1.1547233e-01   3.0462535e-01  -3.6132544e-03   1.8057156e-03   3.7596101e-03
  -6.6468852e-02   8.6627715e-02   2.1837539e-01  -1.3496176e-03   2.6041910e-03   5.0714867e-03
  -7.3977808e-02   9.6518633e-02   3.1192543e-01  -2.8940549e-03   1.4893091e-03   5.6878956e-03
  -7.1269159e-02   1.0358980e-01   3.3792465e-01  -3.7267694e-03   1.0845813e-03   6.5068126e-03
  -8.0462607e-02   1.3557724e-01   3.6681861e-01  -4.5262175e-03   4.2886436e-04   6.2342242e-03
  -9.4588105e-02   1.1405034e-01   3.7068903e-01  -4.4877627e-03   3.6777567e-04   6.0210398e-03
  -1.1011387e-01   1.1307002e-01   3.5037924e-01  -4.2481403e-03   2.2815810e-04   5.5874927e-03
  -1.0200153e-01   8.9149083e-02   3.2453947e-01  -3.9650143e-03  -1.8832060e-04   6.1358951e-03
  -7.2008325e-02   1.2446610e-01   3.1246529e-01  -4.2030195e-03   3.2217768e-04   6.8442202e-03
  -8.1574610e-02   2.0228875e-01   3.7081525e-01  -5.2650880e-03   8.5727500e-04   6.7044125e-03
  -7.7764983e-02   2.0039223e-01   3.3694297e-01  -3.3973735e-03   1.6396659e-03   6.5535146e-03
  -5.5631844e-02   9.5624757e-02   3.5235454e-01  -3.8705666e-03   7.7676511e-04   6.8183334e-03
  -5.1560220e-02   1.4789708e-01   3.2745834e-01  -4.3289692e-03   7.7288581e-04   6.7820762e-03
  -5.7638638e-02   1.8722775e-01   3.0972819e-01  -3.9566632e-03   5.5912819e-04   6.7385683e-03
  -5.8896020e-02   1.3082509e-01   3.5539821e-01  -4.6254947e-03   4.7177761e-04   6.8011841e-03
  -4.2685810e-02   1.1253442e-01   3.6575388e-01  -4.4405246e-03   2.5732926e-04   6.8501664e-03
  -3.9277027e-02   9.3782874e-02   3.3949386e-01  -3.9444392e-03   8.4605185e-04   6.5051706e-03
  -5.8708151e-02   1.3846874e-01   3.4029138e-01  -4.7424973e-03   1.4160424e-03   5.0180257e-03
  -5.8413904e-02   1.6548378e-01   3.5175244e-01  -4.8673747e-03   1.7220862e-03   4.5572037e-03
  -6.7634441e-02   1.4143252e-01   3.9245500e-01  -5.0963934e-03   1.2810045e-03   5.0016707e-03
  -3.1853813e-02   1.0158628e-01   3.6830261e-01  -4.5136344e-03   1.4456573e-03   5.9264431e-03
   3.9001039e-02   1.1281861e-01   3.0346384e-01  -5.2521133e-03   1.8470544e-03   6.6932095e-03
   2.5998419e-02   8.2122400e-02   3.4917162e-01  -6.2958520e-03   2.5475886e-03   7.0065045e-03
   8.8914866e-02  -1.5936070e-01   2.3236738e-01  -4.9343417e-03   1.9377585e-03   7.7006159e-03
   1.0322499e-01  -1.0891300e-01   2.7144728e-01  -4.5402975e-03   6.1634924e-04   7.0647499e-03
   9.2411793e-02  -1.0637820e-01   3.0893855e-01  -4.9065131e-03   1.3112002e-03   7.1296898e-03
   1.2630443e-01  -9.4248346e-02   2.5670720e-01  -4.0962739e-03   1.6630282e-03   7.8192842e-03
   6.1058623e-02  -6.7796156e-02   2.4327214e-01  -4.9900860e-03   1.1996591e-03   6.8415646e-03
   4.3645639e-02  -5.2278762e-02   2.6389734e-01  -4.0042458e-03   1.6443944e-03   6.7042932e-03
   1.8035672e-02  -5.0296129e-02   3.2202279e-01  -4.2968667e-03   2.3070705e-03   6.3005243e-03
   1.5698131e-02  -1.2963148e-02   3.4587510e-01  -4.9669863e-03   1.9840010e-03   6.1033015e-03
   2.0921837e-02   7.4742967e-03   3.2784247e-01  -4.8794691e-03   2.4308355e-03   5.9365605e-03
   8.8857767e-02  -9.8404680e-02   3.0393958e-01  -4.9610364e-03   2.9626953e-03   7.0824212e-03
   1.2779124e-01   4.1170763e-02   3.1276091e-01  -4.8326404e-03   2.7575229e-03   8.0786136e-03
   1.5214368e-01  -8.1161827e-02   2.8251363e-01  -5.1594710e-03   2.9262635e-03   8.5835372e-03
   2.7533265e-01  -2.2595288e-01   1.6454745e-01   1.0086985e-03   2.5064533e-03   1.0458752e-02
   3.5511059e-01  -4.3890833e-01   2.4223759e-02  -8.6742508e-04   2.3351276e-03   1.1570477e-02
   3.6258690e-01  -2.5391679e-01  -1.7747477e-02  -1.4044149e-03   2.3449595e-03   1.1081280e-02
   3.5710286e-01  -2.0805444e-01   1.2458238e-01  -4.6857167e-03   2.2220353e-03   1.1377891e-02
   3.2348804e-01  -1.5140799e-01   1.5895233e-01  -5.9023268e-03   2.7682195e-03   1.0881681e-02
   2.0063349e-01  -1.9293598e-01   1.7339012e-01  -6.3476462e-03   3.3299390e-03   9.1572874e-03
   1.2908041e-01  -1.8224557e-01   2.2211207e-01  -6.5787926e-03   2.4929622e-03   7.8409961e-03
   8.3538666e-02  -1.6236909e-01   2.0274965e-01  -6.5607092e-03   1.9423136e-03   7.6467791e-03
   2.2776755e-02  -1.4643635e-01   2.3184630e-01  -6.9446295e-03   1.8917723e-03   6.5987212e-03
  -1.5834072e-02  -9.9678016e-02   2.3283263e-01  -7.1811868e-03   2.3071115e-03   5.9867145e-03
  -5.6382267e-02  -1.1264368e-01   2.3505050e-01  -7.1246846e-03   1.6721525e-03   5.2982406e-03
  -9.3881214e-02  -1.5916971e-02   2.2386351e-01  -6.8504786e-03   1.6713339e-03   4.7638346e-03
  -1.3057043e-01  -2.7268690e-02   1.9917784e-01  -5.8495920e-03   7.9904544e-04   3.8188104e-03
  -1.3791526e-01  -9.8197670e-03   1.6099737e-01  -4.8178234e-03   4.8077421e-04   3.2449102e-03
  -1.3612709e-01  -1.6925240e-02   1.5446477e-01  -4.8046973e-03   1.4576489e-04   2.9789066e-03
  -1.4032381e-01   1.1806215e-02   1.3671664e-01  -4.5711481e-03  -6.7753757e-04   2.4352795e-03
  -1.6483194e-01   9.2702177e-02   1.5890757e-01  -4.9386238e-03  -5.3973593e-04   1.9009506e-03
  -1.4852497e-01  -3.5601596e-02   7.9121376e-02  -2.9900539e-03   4.0150091e-04   1.8207321e-03
  -1.4629825e-01   1.5511807e-03   1.1741562e-01  -3.1691563e-03   4.0173572e-04   2.2194158e-03
  -1.4897383e-01  -1.6874527e-02   1.6523477e-01  -3.7129360e-03   1.1200639e-03   2.1376426e-03
  -1.8720406e-01   1.2774940e-02   1.8685535e-01  -4.6091381e-03   8.0226621e-04   1.1024575e-03
  -1.8372537e-01  -3.4912767e-02   2.2298782e-01  -5.0688546e-03   5.5922352e-04   1.0661171e-03
  -1.9107001e-01   2.7110363e-02   2.0884783e-01  -3.9701029e-03   8.3250401e-04   1.2031177e-03
  -2.0220969e-01   5.1178593e-03   1.9163028e-01  -3.9710139e-03   9.0878839e-04   1.1677526e-03
  -2.0019915e-01  -4.0979734e-02   2.1178855e-01  -5.1436108e-03   1.1962371e-03   1.0019405e-03
  -1.8037874e-01   6.8690762e-02   1.9924516e-01  -4.9321029e-03   9.8860147e-04   1.3631543e-03
  -1.6797184e-01   1.6361742e-02   2.1517967e-01  -5.0282333e-03   6.9898517e-04   1.8117999e-03
  -1.7231132e-01   3.0518562e-02   2.2696421e-01  -4.4788199e-03   9.2265120e-04   2.0321842e-03
  -1.7482771e-01   7.5468339e-02   2.3417902e-01  -4.9935647e-03   9.3100583e-04   1.8212389e-03
  -1.6491138e-01   6.9946888e-02   2.1203438e-01  -4.1457367e-03   1.2386727e-03   2.0729340e-03
  -1.3961681e-01   4.8212620e-02   1.9006113e-01  -2.9957387e-03   1.5205843e-03   2.5203503e-03
  -9.2278178e-02  -1.8738154e-02   1.1273208e-01  -1.8540508e-03   3.4748812e-03   2.6921741e-03
  -8.9236758e-02  -5.1986082e-03   1.4948573e-01  -2.0272103e-03   3.8480626e-03   2.5680562e-03
  -1.3996420e-01   3.9347288e-02   2.1201299e-01  -3.3797383e-03   3.3578896e-03   1.6200245e-03
  -6.2046203e-02   1.1152582e-01   2.3609868e-01  -3.5938200e-03   3.6583071e-03   2.9938355e-03
   3.9968138e-02  -1.8750841e-01   1.6042988e-01  -5.7957781e-03   2.0418847e-03   5.6436419e-03
   1.3851850e-01  -2.6612662e-01  -1.4168928e-01  -3.8939043e-03   1.7346687e-04   5.7014971e-03
   1.4105629e-01  -3.9959902e-01  -2.6898051e-02  -8.3814586e-03   9.2335338e-04   7.2194242e-03
   7.7984471e-02  -1.5564238e-01   1.2198811e-01  -8.2758580e-03   2.4441537e-03   6.8174926e-03
   7.8933272e-02  -2.8300710e-01   1.7309034e-01  -8.8107615e-03   1.9191292e-03   6.8152968e-03
   1.0073963e-01  -2.4594625e-01   2.5853270e-01  -9.8914535e-03   2.4990432e-03   7.2407485e-03
   1.1065993e-01  -1.4993406e-01   2.1815327e-01  -8.8439481e-03   1.8836300e-03   6.7718117e-03
   1.1870472e-01  -1.6133423e-01   2.4535056e-01  -9.0976701e-03   1.6968894e-03   7.0603115e-03
   9.8890507e-02  -1.8089314e-01   2.4110483e-01  -7.8848590e-03   1.3459051e-03   7.4862680e-03
   5.9452609e-02  -1.4230595e-01   2.6062588e-01  -8.9004001e-03   1.3953980e-03   7.2571911e-03
   4.0162709e-02  -1.4031296e-01   2.9187873e-01  -8.3912312e-03   1.0680587e-03   6.6944270e-03
   4.5501220e-03  -1.2664251e-01   3.1564718e-01  -8.1692321e-03   7.9212402e-04   6.2264687e-03
  -3.5303081e-02  -9.7668215e-02   3.2848994e-01  -7.5619387e-03  -9.8650822e-06   5.4306157e-03
  -5.5810187e-02  -1.0433814e-01   3.4785294e-01  -7.5312969e-03  -7.7958714e-04   4.9081410e-03
