   0.0000000e+00   0.0000000e+00  -8.7453652e-15   7.4596095e-19   6.4551328e-18  -4.8152771e-36
   1.9818901e-01   5.3086589e-02  -2.3512461e-01  -5.3152196e-04  -1.0704590e-03   4.3380299e-03
   1.4163423e-01  -8.4692693e-02  -9.7281168e-02  -2.7840468e-03  -5.7779765e-04   3.4772171e-03
   1.2672257e-01  -9.4476256e-02  -1.1582331e-02  -6.2499485e-04  -2.5198445e-04   4.0065202e-03
   3.2441495e-01   9.9494460e-02   6.1678386e-01   3.2961991e-02  -9.8042256e-03   1.2675086e-02
   3.9129757e-01   3.6507939e-01   6.5218120e-01   1.6561433e-02  -6.2986031e-03   1.2691158e-02
   3.2345402e-01  -6.3697268e-02   2.1186394e-01   1.0045658e-02  -2.1234462e-03   1.0121752e-02
   2.6676373e-01   1.2640318e-01   2.9423034e-01   9.3974692e-03  -1.3193396e-03   8.9803999e-03
   2.3270563e-01   6.5771533e-02   3.4393406e-01   9.7401792e-03  -1.4886806e-03   9.0298869e-03
   3.3163706e-01  -5.0266567e-02   1.0064305e-01   6.8556479e-03   1.8663746e-03   1.2095128e-02
   2.5377814e-01   2.8217324e-02   1.7397206e-01   6.3793989e-03   1.2532402e-03   1.0022190e-02
   2.3600365e-01  -1.3922511e-02   2.0502937e-01   7.0797160e-03   1.2074778e-03   9.7256821e-03
   2.4636830e-01   1.1234778e-02   1.7814312e-01   7.2403483e-03   1.6017342e-03   1.0000939e-02
   2.1939216e-01   4.5515140e-02   2.2185479e-01   6.8355534e-03   2.0790582e-03   9.2652585e-03
   2.2460356e-01  -5.6011575e-03   2.0026479e-01   6.7792326e-03   2.6577428e-03   9.4706521e-03
   1.9987000e-01   5.6942493e-02   1.4952686e-01   6.8997304e-03   2.3172014e-03   9.2240927e-03
   1.8401605e-01   8.8215860e-02   1.0587121e-01   7.8938981e-03   2.0868266e-03   8.6073690e-03
   1.8623181e-01   8.1868680e-02   1.3453190e-01   7.1881305e-03   2.0671530e-03   8.6707110e-03
   1.5990065e-01   1.4198076e-01   1.3582484e-01   7.5585791e-03   1.9704501e-03   8.3059122e-03
   1.5521686e-01   8.0969443e-02   1.2572819e-01   7.6979809e-03   1.8558525e-03   8.3242433e-03
   1.5597220e-01   7.5214301e-02   1.1641811e-01   8.1257598e-03   2.1221224e-03   8.4747425e-03
   1.4208187e-01   1.9367150e-01   1.5029818e-01   7.9063922e-03   2.4798960e-03   8.3422840e-03
   1.4122479e-01   1.4109311e-01   1.3456346e-01   8.6212079e-03   2.0676929e-03   8.2896342e-03
   1.3904633e-01   1.6414763e-01   1.1042960e-01   8.9506291e-03   1.5179378e-03   8.4563932e-03
   1.1433085e-01   1.2648955e-01   1.2703261e-01   9.2211694e-03   4.4250548e-04   7.9804537e-03
   1.0355805e-01   1.9301948e-01   1.3190394e-01   8.8774511e-03   5.1757117e-04   7.7986570e-03
   1.1213177e-01   1.3177875e-01   1.4086805e-01   8.6626089e-03   3.6041367e-04   8.1071415e-03
   2.0531940e-01  -2.5833539e-01  -4.9527823e-01  -3.9312616e-03  -7.7477528e-04   9.2527009e-03
   1.6398255e-01  -2.0242797e-02  -3.2349133e-01   8.6964474e-04  -5.6864581e-04   8.7079022e-03
   1.3664602e-01  -8.1613406e-02  -2.6539129e-01   1.3604153e-03  -3.0608428e-04   7.9440603e-03
   1.2613510e-01  -1.2479817e-01  -2.1630764e-01   1.7702675e-03  -4.9820724e-04   7.9395343e-03
   1.2029200e-01  -7.3972716e-02  -2.1626703e-01   2.0078190e-03  -1.5717505e-04   7.9570326e-03
   1.5449863e-01  -8.7295326e-02  -3.3669869e-01   1.5478353e-03  -1.4000802e-03   7.9505366e-03
   1.4255642e-01  -8.5535873e-02  -2.9604077e-01   1.8358413e-03  -1.2977551e-03   7.7698076e-03
   1.1987345e-01  -5.8116999e-02  -2.4240803e-01   1.8270021e-03  -9.3162663e-04   7.4487735e-03
   9.5625903e-02  -9.8514298e-02  -2.4348264e-01   2.4764492e-03  -4.0134713e-04   7.2974113e-03
   1.0520153e-01  -8.1610145e-02  -2.7453461e-01   2.8791446e-03  -9.0921014e-05   7.4514348e-03
   1.1242452e-01   2.5518159e-02  -2.4021591e-01   2.9310138e-03   1.8939279e-04   7.4941375e-03
   8.8810028e-02   1.3680015e-01  -1.6546559e-01   7.2937411e-03   7.3998604e-04   6.9580884e-03
   9.6260936e-02   1.9720324e-01   1.4906683e+00   2.8153378e-02  -8.4129060e-03   4.4579065e-03
   1.8123622e-01  -4.0751959e-01   3.6002960e-01  -6.7858923e-03  -7.1470404e-03   9.6334368e-03
   2.2323081e-01  -3.1413835e-01  -2.9666395e-01   2.0007713e-04  -2.6140667e-03   1.0236411e-02
   2.1409551e-01  -5.9976125e-02  -1.0383606e-01   1.2487451e-03  -1.7495811e-03   1.0014128e-02
   1.4762585e-01   4.0986818e-02   7.4318150e-03   1.8160411e-03  -2.3410925e-03   9.3138327e-03
   1.3356947e-01  -7.0768179e-02  -2.2240590e-03   2.7237935e-03  -2.0655513e-03   9.1878750e-03
   1.2041577e-01  -3.8182333e-03  -2.1728355e-02   2.5567742e-03  -1.8569842e-03   9.0231001e-03
   1.5231514e-01  -7.5557546e-02  -1.0335316e-01   3.0381062e-03  -1.8249361e-03   9.8575498e-03
   1.5081860e-01   2.7724714e-03  -7.2501116e-02   2.6812199e-03  -1.7180605e-03   9.5640839e-03
   1.4627220e-01  -4.7901192e-02  -9.6714054e-02   3.0973646e-03  -2.1390556e-03   9.7663605e-03
   1.4798528e-01  -4.4551240e-02  -1.2843715e-01   3.0055374e-03  -1.7101193e-03   1.0027337e-02
   1.1544244e-01   4.6767635e-03  -9.7006650e-02   2.7829360e-03  -1.9901628e-03   9.4236229e-03
   1.3414354e-01  -2.2367867e-02  -1.1635915e-01   3.1222905e-03  -2.0275596e-03   9.3449637e-03
   1.4146828e-01  -6.5255101e-02  -1.3230384e-01   3.6042271e-03  -1.8168426e-03   9.6916132e-03
   1.1892046e-01   5.9261843e-02  -9.2480901e-02   3.2063170e-03  -1.9323467e-03   9.5028343e-03
   1.8562251e-01  -4.9431203e-02   4.5591126e-01   2.9996921e-02  -1.2384777e-02   1.0556214e-02
   2.1168271e-01   5.6992688e-01   7.9580572e-01   3.8513108e-02  -1.6452528e-02   1.1247854e-02
   7.2212292e-01  -4.6797490e-01  -6.8388710e-01   9.3599969e-03  -4.4565579e-03   2.1395183e-02
   5.1832712e-01  -1.3220283e-02  -3.5575615e-01   8.2888647e-03  -6.6065864e-03   1.8059116e-02
   4.7003260e-01  -4.1702757e-02  -2.9782706e-01   8.9376243e-03  -7.6881842e-03   1.7595969e-02
   4.4236284e-01   1.3884796e-02  -2.8196472e-01   1.0412589e-02  -7.7953466e-03   1.7527176e-02
   4.3693672e-01   1.5046073e-03  -2.6431753e-01   1.0280716e-02  -8.1993861e-03   1.7585494e-02
   4.4559229e-01  -8.0373241e-02  -2.6767003e-01   9.8727458e-03  -8.2587005e-03   1.8172727e-02
   4.2391337e-01   2.4927733e-02  -2.0897532e-01   9.7894217e-03  -8.0964590e-03   1.7815087e-02
   4.3656525e-01  -5.0996484e-02  -2.4415535e-01   1.0434409e-02  -8.0519378e-03   1.8067832e-02
   4.2316302e-01   5.8006535e-02  -2.1736365e-01   9.6319747e-03  -8.2001482e-03   1.7823734e-02
   4.1815087e-01   8.3129297e-05  -2.6042736e-01   9.8342793e-03  -8.3169116e-03   1.7926001e-02
   6.0343302e-01   8.6162701e-02  -6.8601596e-01   5.9397062e-03  -1.0441040e-02   1.6616299e-02
   5.2390205e-01  -8.5805027e-02  -4.9267326e-01   8.1266151e-03  -1.0914707e-02   1.7218020e-02
   4.8469632e-01  -2.7174623e-02  -4.6044371e-01   7.9846941e-03  -1.0337564e-02   1.6437287e-02
   4.6424264e-01  -3.5102825e-02  -4.4745418e-01   8.8442210e-03  -9.8639685e-03   1.6311822e-02
   4.8366823e-01  -8.4141113e-03  -4.4024261e-01   7.5476424e-03  -9.3384678e-03   1.7001149e-02
   3.3314615e-01  -3.0603237e-02  -4.8976073e-01   5.0809968e-03  -1.1733113e-02   1.3993036e-02
   3.1937089e-01  -3.0569567e-03  -4.6841635e-01   6.7638614e-03  -1.1416599e-02   1.2976766e-02
   3.0491823e-01   2.3597737e-02  -4.4175643e-01   6.7326152e-03  -1.1478812e-02   1.2925485e-02
   3.2224484e-01  -1.8698749e-02  -4.6296458e-01   7.3803761e-03  -1.1452889e-02   1.3213194e-02
   3.3349607e-01  -1.7041999e-02  -4.3894027e-01   7.1740273e-03  -1.1327522e-02   1.3447955e-02
   3.3778057e-01   1.3812806e-02  -4.3699165e-01   6.9229588e-03  -1.1316806e-02   1.3493132e-02
   3.3154284e-01   3.1867443e-02  -4.3831319e-01   7.2986206e-03  -1.1303500e-02   1.3339064e-02
   3.2517641e-01   2.0943044e-02  -4.5560395e-01   7.2612053e-03  -1.1573719e-02   1.3223239e-02
   3.3834713e-01   5.5931322e-02  -5.5875209e-01   9.2740509e-03  -1.1766201e-02   1.3268014e-02
   3.4416145e-01   1.6076992e-01  -8.0219539e-01   6.3496666e-03  -5.6427641e-03   1.3551446e-02
   2.8171247e-01   1.5993048e-02  -7.1323564e-01   7.3358214e-03  -8.0173657e-03   1.2876578e-02
   2.6446347e-01   1.5061340e-02  -6.1304547e-01   9.5706526e-03  -9.0630950e-03   1.2874099e-02
   2.6244635e-01   7.6127036e-02  -5.7387223e-01   8.8486878e-03  -9.5602033e-03   1.3027570e-02
   2.6874236e-01   1.6977787e-02  -5.6225369e-01   8.4707421e-03  -9.8607334e-03   1.3279886e-02
   2.7718712e-01   3.1593720e-03  -5.5305035e-01   8.5533926e-03  -9.5131700e-03   1.3565952e-02
   2.5419036e-01   6.5826331e-02  -5.3895606e-01   7.9555958e-03  -9.8765172e-03   1.3365299e-02
   2.4581730e-01   9.3408148e-04  -5.2600354e-01   7.8278916e-03  -9.9716008e-03   1.2795858e-02
   2.4768971e-01   2.8080040e-02  -5.3676162e-01   8.1573495e-03  -9.5806081e-03   1.2748737e-02
   2.4025132e-01   6.5917750e-02  -5.3678960e-01   7.7925059e-03  -9.8778963e-03   1.2426078e-02
   2.4484104e-01   2.4345300e-02  -5.4258480e-01   8.4453476e-03  -9.7884449e-03   1.2646633e-02
   2.3086988e-01   7.4415299e-02  -5.3373832e-01   7.9153438e-03  -9.8751497e-03   1.2397586e-02
   2.7961415e-01   4.2523205e-02  -6.4517359e-01   7.1698428e-03  -1.0732002e-02   1.1899110e-02
   3.3301610e-01  -1.8431692e-02  -5.5793219e-01   7.7819941e-03  -1.1121804e-02   1.2756199e-02
   3.1246395e-01   4.7909161e-02  -5.5719754e-01   7.8274385e-03  -1.0467180e-02   1.2776137e-02
   3.0687667e-01   6.3105065e-02  -5.7018256e-01   8.0867925e-03  -1.0303028e-02   1.2731459e-02
   3.1793902e-01   3.4986404e-02  -5.4957954e-01   8.2152849e-03  -1.0388708e-02   1.3172980e-02
   3.2194744e-01   1.6190395e-02  -5.5354693e-01   8.4487860e-03  -1.0339863e-02   1.3193399e-02
   3.1555072e-01   5.8902981e-02  -5.4559098e-01   8.2435907e-03  -1.0357845e-02   1.3151629e-02
   3.1889868e-01   2.1504382e-01  -5.3426977e-01   9.7132561e-03  -1.0919956e-02   1.2706757e-02
   3.9536201e-01   2.0972185e-01  -5.2003350e-01   1.1783830e-02  -1.4709285e-02   1.3079526e-02
   3.9741941e-01  -3.5095669e-01  -9.0696380e-01   1.0642990e-02  -1.2449554e-02   1.3975848e-02
   3.4581436e-01   5.0413297e-02  -6.0009334e-01   8.5775254e-03  -1.2272744e-02   1.2641404e-02
   3.5371899e-01   8.8748032e-03  -5.8101037e-01   9.6466686e-03  -1.2521650e-02   1.2622037e-02
   3.3752118e-01   3.7390566e-02  -5.3040593e-01   9.1446645e-03  -1.2314246e-02   1.2455706e-02
   3.7509531e-01   4.8177582e-01   7.0257684e-01   3.3354029e-02  -2.1216546e-02   1.4531381e-02
   3.4950679e-01  -3.4617710e-01  -9.1193714e-01   3.6732851e-03  -1.7731914e-02   1.2266112e-02
   3.5274185e-01  -6.3413292e-02  -7.0182221e-01   5.6183189e-03  -1.7408255e-02   1.2018080e-02
   3.0137557e-01   3.1761612e-02  -5.3358886e-01   6.2475615e-03  -1.7878300e-02   1.1379761e-02
   3.3761414e-01  -5.5406718e-02  -5.2984417e-01   7.4813319e-03  -1.7428229e-02   1.1805848e-02
   3.5110396e-01  -2.8567137e-02  -5.2482049e-01   7.0390162e-03  -1.7569814e-02   1.2139900e-02
   3.6183020e-01  -9.3152472e-02  -5.4433938e-01   7.5510473e-03  -1.6807661e-02   1.2253294e-02
   3.5215538e-01  -5.2744830e-03  -5.5075636e-01   7.2355188e-03  -1.6806673e-02   1.2169982e-02
   3.5964630e-01  -3.8421348e-02  -5.5781559e-01   7.3403738e-03  -1.6872731e-02   1.2212615e-02
   3.6610322e-01   9.1085973e-04  -5.6894696e-01   7.0225640e-03  -1.7313488e-02   1.2326710e-02
   3.4738776e-01  -5.0593715e-02  -6.0180899e-01   7.4201089e-03  -1.7267438e-02   1.2123178e-02
   3.3634270e-01   4.7806570e-02  -5.8970649e-01   7.4692987e-03  -1.7399297e-02   1.1786939e-02
   3.5481237e-01   5.6972247e-02  -6.1060739e-01   7.4432708e-03  -1.7388796e-02   1.2206299e-02
   3.1069271e-01  -2.3832387e-02  -8.5767163e-01   5.4332345e-03  -2.0783759e-02   1.0033060e-02
   2.9837573e-01   1.1577552e-02  -6.3735905e-01   5.5168652e-03  -1.9126238e-02   1.0472261e-02
   2.9847783e-01  -1.2783201e-02  -6.1959221e-01   6.0943106e-03  -1.8613657e-02   1.0503067e-02
   3.0812837e-01  -1.5305298e-02  -6.1031500e-01   6.0821964e-03  -1.8381633e-02   1.0853722e-02
   3.2829954e-01  -5.1616321e-02  -6.0218142e-01   7.1091650e-03  -1.8543831e-02   1.1047386e-02
   2.8468651e-01   6.2931107e-02  -4.7352226e-01   7.9500117e-03  -1.9274973e-02   1.0550675e-02
  -1.0348066e-01  -1.6974587e-01   4.5745546e-01   4.8580054e-02  -2.8272081e-02   1.1781293e-02
  -9.0224294e-02   1.8016106e-01   1.6970688e-01   2.3672868e-02  -2.7214535e-02   6.5158358e-03
  -1.0601725e-01   3.6131102e-02  -2.1917533e-01   1.1532939e-02  -2.4625598e-02   6.4401838e-03
  -1.1909922e-01   1.3879715e-01  -1.0960324e-01   1.2611626e-02  -2.5039854e-02   7.2772742e-03
  -1.1251563e-01   1.7586026e-01  -8.0283993e-02   1.2532007e-02  -2.4734005e-02   7.8334515e-03
  -1.0203292e-01   1.0664104e-01  -8.2630509e-02   1.2744163e-02  -2.4466143e-02   8.3819932e-03
  -1.4485909e-01   1.7899185e-01  -6.8187171e-02   1.1836425e-02  -2.4712555e-02   7.5473267e-03
  -1.3733193e-01   1.0743801e-01  -1.1798647e-01   1.2742514e-02  -2.4149878e-02   7.7410166e-03
  -1.0564811e-01   1.4514194e-01  -1.5587506e-01   1.2868526e-02  -2.4530967e-02   8.3320550e-03
  -9.8234220e-02   1.8691898e-01  -1.6271101e-01   1.2828009e-02  -2.4221886e-02   8.7001231e-03
  -9.3124641e-02   1.4903113e-01  -1.7423440e-01   1.2848984e-02  -2.4132416e-02   9.0059061e-03
  -8.2073017e-02   1.3668363e-01  -1.8736944e-01   1.3532150e-02  -2.4181329e-02   9.1705882e-03
  -1.2720591e-01   2.2995205e-01  -1.5915578e-01   1.2980686e-02  -2.3524516e-02   8.3720939e-03
  -1.2086221e-01   1.8322870e-01  -2.0137911e-01   1.2873953e-02  -2.3259950e-02   8.7081519e-03
  -1.0402635e-01   1.9701100e-01  -1.8823242e-01   1.4020650e-02  -2.2848848e-02   8.6717637e-03
  -1.0572971e-01   2.5648956e-01  -1.5090389e-01   1.3238416e-02  -2.2778638e-02   8.7445934e-03
  -9.9528389e-02   2.2983659e-01  -1.6686112e-01   1.3019058e-02  -2.2430472e-02   8.7307310e-03
  -8.4702117e-02   1.6753928e-01  -1.5031325e-01   1.2797577e-02  -2.2718967e-02   9.0732171e-03
  -1.2015503e-01   2.1507055e-01  -1.4791631e-01   1.2543859e-02  -2.2761671e-02   8.4444132e-03
  -1.0062141e-01   2.2791840e-01  -1.5012625e-01   1.2602415e-02  -2.2643476e-02   8.8809739e-03
  -6.5663525e-02  -9.9986647e-02   5.7279571e-01   3.7962626e-02  -2.9726513e-02   5.8034369e-03
   1.5901608e-01   2.7563643e-02   2.6368723e-01   3.0485827e-02  -2.8509433e-02   1.0094364e-02
   2.4287877e-01  -2.5390267e-01  -7.8568832e-01   1.3982784e-03  -2.5190420e-02   1.1349349e-02
   1.9072876e-01  -1.0093372e-01  -5.9604067e-01   2.6950509e-03  -2.5944185e-02   9.4457088e-03
  -1.3873146e-02  -9.8421526e-03  -4.8322285e-01   3.2830249e-03  -2.4456065e-02   6.1496077e-03
  -2.3622115e-02  -4.1142911e-02  -4.2402600e-01   3.5056640e-03  -2.4482373e-02   5.7658079e-03
  -4.2272653e-02  -3.6748409e-02  -4.2306841e-01   3.8988015e-03  -2.4028350e-02   5.2848906e-03
  -5.3627337e-02   1.9694694e-02  -4.1013321e-01   3.5955668e-03  -2.4362731e-02   5.2056256e-03
  -4.8612876e-02  -4.8206520e-02  -4.2332280e-01   4.0675892e-03  -2.4439443e-02   5.5710381e-03
  -7.1298161e-02   2.6216892e-02  -4.0635603e-01   3.5961910e-03  -2.4515669e-02   5.0851510e-03
  -8.0516660e-02   9.0966974e-03  -4.2427239e-01   3.7255767e-03  -2.4245032e-02   4.8174750e-03
  -8.2722907e-02  -2.3789742e-02  -4.4261184e-01   4.2270825e-03  -2.3983111e-02   4.8016956e-03
  -1.0888282e-01   2.8050021e-03  -4.5442990e-01   4.1528285e-03  -2.3613504e-02   4.1469203e-03
  -1.8178985e-01   5.2705984e-01  -1.4456379e-01   1.4492876e-02  -3.0568230e-02   3.6907280e-03
   8.2823697e-02  -1.2656642e-02  -4.6002593e-01   5.8044175e-03  -2.6527314e-02   6.2211854e-03
  -2.7736222e-02   1.0704803e-01  -3.8261210e-01   5.3222327e-03  -2.6269088e-02   4.2065792e-03
  -1.9842649e-02   3.8709034e-02  -4.0363081e-01   6.4211799e-03  -2.6416558e-02   4.2528590e-03
  -5.8288404e-02   1.0486958e-01  -3.9008787e-01   5.7564526e-03  -2.6528771e-02   3.5801868e-03
  -4.2402093e-02   4.0306374e-02  -4.0594555e-01   5.8770191e-03  -2.7309887e-02   3.9362573e-03
  -3.5831809e-02   4.3853921e-02  -4.4113525e-01   5.6359841e-03  -2.6481390e-02   4.1902283e-03
  -1.6774162e-02   8.1442589e-02  -4.3728429e-01   5.6812947e-03  -2.6860196e-02   4.2856248e-03
  -1.7194778e-02   2.4119609e-02  -4.2451162e-01   5.9835009e-03  -2.6567131e-02   4.2033760e-03
  -3.9492142e-02   7.6433717e-02  -4.5165383e-01   5.9372909e-03  -2.5937368e-02   3.8173872e-03
  -3.2234752e-02   8.1074984e-02  -4.5576811e-01   6.4525572e-03  -2.5894479e-02   3.7801715e-03
   2.2364374e-02   3.1323452e-01  -1.2520206e+00   3.3161729e-02  -2.6618052e-02   2.2905182e-03
  -3.4598092e-02  -1.4752167e+00  -2.5192803e+00   1.8635380e-02  -2.0484873e-02   9.9278639e-03
   1.1016093e-01  -1.8405931e-01  -1.5216133e+00  -1.9546221e-03  -1.6810359e-02   1.2369910e-02
  -6.7280684e-02  -2.6866815e-01  -1.0907678e+00   4.2451165e-05  -1.9757376e-02   8.7995758e-03
  -6.7667523e-02  -2.4588866e-01  -9.3650458e-01   1.6567569e-03  -2.0288642e-02   7.9934921e-03
  -3.8375390e-02  -2.7893649e-01  -9.1873074e-01   1.6127325e-03  -1.9769299e-02   8.2588063e-03
  -2.3967652e-02  -2.4869356e-01  -9.4378308e-01   1.5373392e-03  -1.9334514e-02   8.7366914e-03
  -3.9423957e-02  -2.1632061e-01  -9.4173094e-01   9.3946220e-04  -1.9730399e-02   8.5163075e-03
  -3.0836263e-02  -2.9239574e-01  -9.4894535e-01   2.3825877e-03  -1.9612364e-02   8.6047050e-03
  -4.1988100e-02  -1.9182538e-01  -9.2960762e-01   2.0399044e-03  -2.0095785e-02   8.3391774e-03
  -4.8417134e-02  -2.0427321e-01  -9.3415456e-01   2.8689417e-03  -2.0055746e-02   7.9654092e-03
  -5.2719080e-02  -1.8803204e-01  -9.3999171e-01   2.9019522e-03  -2.0341898e-02   7.8342584e-03
  -4.9223658e-02  -1.2491885e-01  -9.2050675e-01   2.4197262e-03  -2.0781123e-02   7.8896520e-03
  -4.8310876e-02  -1.5700193e-01  -9.2446061e-01   2.9773505e-03  -2.0918943e-02   7.5786443e-03
  -7.0420966e-02  -8.7623591e-02  -1.0146842e+00   2.5705498e-03  -2.1656084e-02   6.6723671e-03
   8.4348180e-02   2.3288059e-02  -8.4052570e-01   1.9040644e-03  -2.1961950e-02   7.8775957e-03
   4.1438466e-02  -3.1472000e-01  -9.8761871e-01   3.4930780e-03  -2.2485708e-02   7.7961036e-03
   6.0323747e-03  -1.1745889e-01  -9.1998230e-01   3.6449808e-03  -2.2092245e-02   7.5828444e-03
  -1.1759718e-02  -6.3138920e-02  -8.8428835e-01   3.2656860e-03  -2.2440516e-02   7.4045539e-03
  -9.3548237e-03  -1.5079369e-01  -8.9208615e-01   3.8447904e-03  -2.2126527e-02   7.3608962e-03
  -7.0473589e-03  -1.3591699e-01  -9.1222815e-01   3.9353742e-03  -2.1971828e-02   7.6567540e-03
  -2.2090119e-02  -9.5880435e-02  -9.0144738e-01   3.5941266e-03  -2.2186481e-02   7.5355142e-03
  -1.5372909e-02  -1.4224674e-01  -8.9595084e-01   4.2905597e-03  -2.2248140e-02   7.5474142e-03
  -2.3333215e-02  -1.0951326e-01  -9.1310685e-01   4.0491827e-03  -2.2377391e-02   7.4391503e-03
  -3.2454639e-02  -9.1561431e-02  -9.2699883e-01   3.9269195e-03  -2.2432098e-02   7.3850020e-03
  -3.1827841e-02  -1.1760836e-01  -9.2835716e-01   4.4247641e-03  -2.2454836e-02   7.2698735e-03
  -2.5862159e-02  -1.1481539e-01  -9.2848571e-01   4.7139880e-03  -2.2472349e-02   7.3428084e-03
  -3.9894109e-02  -6.2112466e-02  -9.2717262e-01   4.3986337e-03  -2.2410911e-02   7.1797698e-03
  -3.1296517e-02  -1.0805796e-01  -9.3465162e-01   4.5968609e-03  -2.2556157e-02   7.1417740e-03
  -3.0026425e-02  -1.0460995e-01  -9.5031889e-01   5.2827248e-03  -2.1844204e-02   7.1093489e-03
  -3.5234620e-02  -6.2320528e-02  -9.0545410e-01   4.5491603e-03  -2.2097531e-02   7.2038210e-03
  -2.8053492e-02   4.5982341e-02  -9.1972213e-01   5.1534362e-03  -2.1518418e-02   6.9795776e-03
   1.4252611e-02  -1.0438946e-01  -8.1685694e-01   5.2492754e-03  -2.1159558e-02   7.1380499e-03
   8.0067193e-03  -6.2415248e-02  -9.2941214e-01   4.7799845e-03  -2.1040702e-02   7.7072200e-03
  -3.1892020e-02  -2.1706929e-02  -9.0223123e-01   4.5986915e-03  -2.1307330e-02   7.0055881e-03
  -3.4468154e-02  -6.2953861e-02  -9.1680682e-01   4.8370717e-03  -2.1588612e-02   6.7498341e-03
  -2.9051886e-02  -8.0705933e-02  -8.8971710e-01   5.3308995e-03  -2.1285252e-02   6.9457752e-03
  -2.8442507e-02  -6.6438273e-02  -9.1597546e-01   5.6096566e-03  -2.0704457e-02   6.7803857e-03
  -4.2501801e-02  -4.0804376e-02  -8.8014969e-01   4.5642290e-03  -2.0637448e-02   6.8469405e-03
  -4.5321904e-02  -7.7670191e-02  -8.8230682e-01   4.8950100e-03  -2.0308353e-02   6.7631269e-03
  -3.9850779e-02  -7.4015832e-02  -8.7971594e-01   5.5203924e-03  -2.0565040e-02   6.9027091e-03
  -9.4477342e-02   1.7176806e+00   1.3743256e+00   4.9721015e-02  -3.0015235e-02  -4.2633242e-03
