   1.1150816e-14   0.0000000e+00  -1.4210855e-14  -1.2897275e-52   0.0000000e+00   0.0000000e+00
   9.9093429e-05   4.7509979e-02  -4.7608850e-02  -4.7419745e-04   1.4576589e-04   1.1856261e-04
  -1.3986956e-02   7.1175560e-02  -3.8219394e-02  -8.5941077e-04  -3.1540051e-04  -1.1782539e-04
  -1.8728151e-03   3.3585098e-02  -5.0947980e-02  -9.3138933e-04  -2.7005140e-04   2.3171436e-04
   1.0373434e-03   6.0804982e-02  -4.5293514e-02  -1.0597885e-03  -3.8758598e-04   3.0260828e-04
  -1.1447909e-02   1.7881304e-02  -5.6751446e-02  -1.0115021e-03  -2.4842510e-04   1.1439428e-04
  -1.6920504e-03   2.6013225e-02  -7.1105682e-02  -1.0557470e-03  -5.6824684e-04   2.2624225e-04
  -1.0600450e-02   1.9265935e-02  -4.4184214e-02  -1.8832739e-03  -8.3192247e-04   4.2946918e-05
  -2.4031192e-02   1.7007250e-02  -1.4438901e-02  -2.5743385e-03  -6.8359492e-04  -1.1710203e-04
  -3.3176502e-02  -5.8586436e-03  -1.6897869e-02  -2.6965577e-03  -8.2708819e-04  -4.2891649e-04
  -3.8458853e-02  -1.3177806e-02  -4.3711550e-02  -2.6431662e-03  -7.1814395e-04  -4.9363590e-04
  -3.1764913e-02  -1.2595623e-03  -5.9121128e-02  -2.8420476e-03  -5.8614998e-04  -5.7039013e-04
  -2.6632654e-02   1.9635481e-02  -9.6551408e-02  -2.7157897e-03  -3.5093386e-04  -5.5865144e-04
  -3.9434814e-02   2.1575857e-02  -1.1352052e-01  -2.6881590e-03  -3.3529963e-04  -7.4826228e-04
  -1.9378623e-02   2.7031595e-02  -1.3297772e-01  -2.1775166e-03  -3.6506303e-04  -6.0385860e-04
  -2.3259746e-02  -9.6810599e-03  -9.6388537e-02  -2.0377652e-03  -4.4230943e-04  -5.6759538e-04
  -2.8553766e-02   2.2818329e-02  -1.3134955e-01  -1.9125852e-03  -1.3266046e-04  -7.6105007e-04
  -2.2753448e-02   2.2243675e-02  -1.5337398e-01  -1.8397976e-03  -1.4544316e-04  -7.3565385e-04
  -3.9577307e-02  -2.0330672e-02  -1.9576879e-01  -2.7052639e-03   2.1036589e-04  -1.2127087e-03
  -3.1625951e-02  -2.6053282e-02  -2.3277731e-01  -2.8843979e-03   9.9920584e-05  -1.2989758e-03
  -5.1480819e-02  -2.0996977e-02  -2.3018905e-01  -2.6460664e-03   1.9308639e-04  -1.4872263e-03
  -6.7955739e-02   2.7752272e-03  -2.0055394e-01  -2.5036336e-03   1.0775848e-04  -1.5806394e-03
  -8.7568467e-02  -1.6880209e-02  -2.2345115e-01  -2.9854012e-03  -4.2207253e-04  -1.9745761e-03
  -9.7691109e-02  -3.4153061e-02  -1.9908926e-01  -3.3286839e-03  -6.3928364e-04  -2.1856927e-03
  -9.7078914e-02  -2.5471385e-02  -1.9059813e-01  -3.6510096e-03  -4.4884893e-04  -2.1100532e-03
  -1.0584532e-01  -2.2346319e-02  -2.0269060e-01  -3.5656170e-03  -4.2462460e-04  -2.1675843e-03
  -1.0735821e-01  -2.9335872e-02  -2.0816928e-01  -3.3749590e-03  -3.8570646e-04  -2.1623051e-03
  -8.4944320e-02  -4.9306614e-03  -2.1951870e-01  -3.6203788e-03  -2.7715379e-04  -1.9103142e-03
  -7.0347102e-02  -1.6959624e-02  -2.4779381e-01  -3.5400948e-03  -8.6957580e-04  -1.7239529e-03
  -8.6932684e-02  -1.5022395e-03  -2.3669997e-01  -3.7125837e-03  -7.8385577e-04  -1.9426731e-03
  -7.4154955e-02  -3.4151058e-02  -2.3877182e-01  -3.9474480e-03  -1.0130009e-03  -1.7835244e-03
  -8.8995171e-02   4.0805169e-01  -9.0204432e-02  -5.3328000e-03  -5.6849967e-04  -1.8930980e-03
  -8.5994308e-02  -3.5259988e-01  -2.7207361e-01  -3.9274251e-03  -8.6996673e-04  -2.1210868e-03
  -9.3227992e-02  -1.1970441e-01  -2.4747308e-01  -3.1206972e-03  -1.0703019e-03  -2.2007028e-03
  -8.9897379e-02  -6.0339602e-02  -2.4575272e-01  -2.8897758e-03  -9.2688957e-04  -2.1906060e-03
  -1.0132933e-01  -4.1153727e-02  -2.4266223e-01  -3.1577423e-03  -6.3020298e-04  -2.4169370e-03
  -9.7871025e-02  -4.5529873e-02  -2.4745941e-01  -3.1015425e-03  -4.5259088e-04  -2.5706807e-03
  -9.0439948e-02  -6.2182894e-02  -2.5027658e-01  -3.0631540e-03  -3.4917478e-04  -2.5241592e-03
  -8.8579436e-02  -1.2971841e-02  -2.8462285e-01  -3.3660622e-03  -2.5473886e-04  -2.3302938e-03
  -6.6918784e-02  -5.4361584e-02  -3.3617452e-01  -3.2120961e-03  -1.1636925e-04  -2.1500869e-03
   1.0609987e-02   5.3054437e-02  -5.3342712e-01   2.8801758e-03   4.7786372e-04  -5.4506107e-04
   2.0414894e-02   8.5195615e-01   4.6107858e-02   1.2613875e-02  -1.5882893e-04  -2.3950752e-04
  -5.4889551e-02   7.7636179e-01   6.3537749e-01   1.5449471e-02   2.9024187e-03  -2.3537916e-03
  -9.8309340e-02   2.9023481e-01   1.7429319e-01   1.0850810e-02   2.3966445e-03  -2.4840042e-03
  -1.1612810e-01   3.7324046e-01   7.6154791e-02   8.3303207e-03   2.5501620e-03  -2.9600589e-03
  -1.1588859e-01   3.0544404e-01  -1.1226601e-01   7.3665942e-03   3.1009694e-03  -2.8616467e-03
  -1.3309691e-01   2.5299703e-01  -2.5929129e-01   6.4428182e-03   2.4542459e-03  -3.3966275e-03
  -1.5351365e-01   2.7121234e-01  -3.4440452e-01   6.0658787e-03   1.7705861e-03  -4.1473591e-03
  -1.5555584e-01   2.4029956e-01  -3.9247801e-01   6.3332951e-03   1.8259640e-03  -4.3384967e-03
  -1.7422205e-01   2.0282888e-01  -4.3219393e-01   5.7260093e-03   1.5085858e-03  -4.6173490e-03
  -1.7455467e-01   2.5459848e-01  -4.0253496e-01   5.6387056e-03   1.2607845e-03  -4.7657936e-03
  -1.8641458e-01   2.0512481e-01  -4.5298238e-01   5.4809663e-03   1.1221790e-03  -5.0068382e-03
  -1.3347408e-01   1.5404153e-01  -5.1577023e-01   6.2949530e-03   1.6193932e-03  -4.4148351e-03
  -1.4478301e-01   2.8796000e-01  -4.9240399e-01   5.6839796e-03   1.9346498e-03  -4.5213549e-03
  -1.4177979e-01   2.4253535e-01  -4.7947530e-01   5.6508401e-03   1.9122812e-03  -4.7189842e-03
  -1.1514662e-01   2.2628604e-01  -5.2659842e-01   5.9121968e-03   1.8402490e-03  -4.6569850e-03
  -1.2749056e-01   1.4519642e-01  -5.4541679e-01   5.8146523e-03   1.6422595e-03  -5.0222901e-03
  -1.3952331e-01   2.1216611e-01  -5.8376125e-01   5.2085090e-03   2.3568174e-03  -4.9616299e-03
  -1.3893123e-01   1.8213463e-01  -6.3209887e-01   4.5705083e-03   2.5957314e-03  -5.0161798e-03
  -1.3614190e-01   1.7296851e-01  -6.8941660e-01   4.7304625e-03   2.0626172e-03  -5.1035410e-03
  -1.4659635e-01   1.6139598e-01  -6.8673520e-01   4.4697978e-03   2.1263121e-03  -5.2629658e-03
  -1.4685637e-01   2.0712681e-01  -6.8609199e-01   4.1279876e-03   2.3450604e-03  -5.2459435e-03
  -1.4845768e-01   1.8074226e-01  -6.9625446e-01   3.8005590e-03   2.2420602e-03  -5.2623544e-03
  -1.3940918e-01   2.1019339e-01  -7.1012654e-01   3.6587403e-03   2.3705226e-03  -5.0920780e-03
  -1.4172424e-01   1.8866370e-01  -7.1829389e-01   3.7494471e-03   2.1625431e-03  -5.3573373e-03
  -1.4594851e-01   1.9721409e-01  -7.2182545e-01   3.5096187e-03   1.7529529e-03  -5.4974061e-03
  -1.5532546e-01   1.9301395e-01  -7.4209664e-01   3.3612132e-03   1.7628193e-03  -5.5123828e-03
  -1.5042519e-01   2.0497752e-01  -7.4159608e-01   3.3243505e-03   1.8038201e-03  -5.3324735e-03
  -1.4765419e-01   1.7302230e-01  -7.0936893e-01   2.9966659e-03   1.7960273e-03  -5.2109444e-03
  -1.4596853e-01   1.8495280e-01  -6.6596273e-01   2.6938153e-03   1.9672440e-03  -5.2933814e-03
  -1.4032270e-01   2.2650545e-01  -6.8937822e-01   2.5193029e-03   1.8441628e-03  -5.0956410e-03
  -1.5584734e-01   1.7053430e-01  -7.1779399e-01   2.3693198e-03   1.7624589e-03  -5.3030985e-03
  -1.6642467e-01   1.8701764e-01  -7.0862958e-01   2.3875191e-03   1.7963738e-03  -5.6060014e-03
  -1.7591657e-01   1.5605778e-01  -7.1585163e-01   1.9770023e-03   1.9406418e-03  -5.7949899e-03
  -1.9143446e-01   1.6221542e-01  -7.3759255e-01   2.1522342e-03   1.8492798e-03  -6.0010894e-03
  -1.9543880e-01   1.7003465e-01  -7.3184773e-01   1.9809572e-03   1.8985334e-03  -6.1553653e-03
  -1.8835120e-01   1.3978087e-01  -7.4564525e-01   2.4359498e-03   2.0293349e-03  -6.0891763e-03
  -1.7746667e-01   1.8916511e-01  -7.5249677e-01   2.1272925e-03   2.3106910e-03  -5.7388273e-03
  -1.6760059e-01   1.4099004e-01  -7.5661246e-01   2.1700392e-03   2.3878376e-03  -5.7988891e-03
  -1.4392591e-01   2.6686294e-01  -7.6469288e-01   2.2580000e-03   2.5304845e-03  -5.1273773e-03
  -1.4735449e-01   1.8857681e-01  -7.2747457e-01   2.2477009e-03   2.5942908e-03  -5.0549318e-03
  -1.4465853e-01   2.3286945e-01  -7.4040533e-01   2.3519689e-03   2.3233335e-03  -5.0697808e-03
  -1.2743560e-01   2.9915527e-01  -7.8244577e-01   2.3538549e-03   3.1974736e-03  -5.2491035e-03
  -1.1436125e-01   1.5347493e-01  -7.5694691e-01   1.8397087e-03   3.0139236e-03  -5.2512467e-03
  -1.3980822e-01   1.5463652e-01  -7.1813400e-01   1.4111641e-03   2.4853772e-03  -5.3196319e-03
  -1.4100645e-01   1.6512003e-01  -7.1367203e-01   1.1938647e-03   2.5037426e-03  -5.4186043e-03
  -1.5091588e-01   1.9139218e-01  -7.5137932e-01   4.4610312e-04   2.7608889e-03  -5.5084998e-03
  -1.6601820e-01   2.0279311e-01  -7.7634039e-01   3.1531710e-04   2.5074348e-03  -5.7220508e-03
  -1.6752799e-01   1.6957016e-01  -7.8144720e-01   3.3674007e-04   2.3579649e-03  -5.7849192e-03
  -1.7107547e-01   1.6597802e-01  -7.4284374e-01   1.7204990e-04   2.3987039e-03  -5.6608475e-03
  -1.9187185e-01   1.7696069e-01  -7.5992216e-01   4.3483069e-04   1.8252095e-03  -6.1496571e-03
  -2.0854637e-01   1.3269383e-01  -7.7269056e-01  -1.6905158e-05   1.8697532e-03  -6.5145682e-03
  -1.9642980e-01   1.6681247e-01  -7.9598363e-01   3.7725351e-04   2.0799861e-03  -6.5917808e-03
  -1.6369522e-01   2.9537136e-01  -7.1914757e-01   2.1883714e-04   2.0257517e-03  -6.0537422e-03
  -1.6674601e-01   1.4240591e-01  -7.6423487e-01  -5.7857827e-04   1.6363176e-03  -6.1565375e-03
  -1.5731413e-01   1.6272484e-01  -7.2142810e-01  -5.7362224e-04   1.9342713e-03  -6.0047390e-03
  -1.5158584e-01   1.5670265e-01  -7.2295407e-01  -6.3084863e-04   2.0281617e-03  -6.0463234e-03
  -1.5855139e-01   1.1673037e-01  -7.5826898e-01  -1.0073708e-03   2.4161756e-03  -6.0886948e-03
  -1.6165164e-01   1.4470180e-01  -8.0937204e-01  -1.4280882e-03   2.4564731e-03  -6.1201500e-03
  -1.6349964e-01   1.6415860e-01  -8.2417927e-01  -1.5926569e-03   2.2074860e-03  -6.0284829e-03
  -1.7326961e-01   1.5781853e-01  -8.2760736e-01  -1.6371877e-03   2.2435761e-03  -6.0938133e-03
  -1.7536279e-01   1.4779014e-01  -8.8023535e-01  -1.4126703e-03   2.4105470e-03  -6.1681473e-03
  -1.7456291e-01   1.9078348e-01  -8.5001813e-01  -1.3325183e-03   2.2742709e-03  -6.1049271e-03
  -1.6545950e-01   1.3999697e-01  -8.3786814e-01  -1.2781798e-03   2.0335924e-03  -6.0872124e-03
  -1.7312691e-01   1.4130445e-01  -8.5829678e-01  -1.2756405e-03   2.2743610e-03  -6.2393595e-03
  -1.7070624e-01   1.6995558e-01  -8.7211576e-01  -9.8144034e-04   2.3365098e-03  -5.9989269e-03
  -1.7723979e-01   2.1524885e-01  -1.0451253e+00   4.3291151e-03   2.8166804e-03  -6.7441459e-03
  -1.8883753e-01   2.9907664e-01  -9.9898935e-01   3.4519093e-03   3.0889461e-03  -7.0970628e-03
  -1.8920581e-01   2.5515946e-01  -9.9217762e-01   2.7874824e-03   3.3164178e-03  -7.3599792e-03
  -1.7803899e-01   2.3540910e-01  -9.7394460e-01   2.1444294e-03   3.2966625e-03  -7.2635461e-03
  -1.6424343e-01   1.8898300e-01  -9.8721443e-01   1.5986311e-03   3.3732352e-03  -7.0631481e-03
  -1.6021760e-01   1.9014657e-01  -1.0218276e+00   8.5481843e-04   3.2647586e-03  -7.0684016e-03
  -1.7458337e-01   2.1319053e-01  -1.0566586e+00   6.8220133e-04   3.4787274e-03  -7.1562238e-03
  -1.6689784e-01   2.1318257e-01  -1.0749550e+00   9.7978537e-04   3.8406294e-03  -6.8442984e-03
  -1.5947562e-01   2.1034260e-01  -1.0551722e+00   8.4006491e-04   3.7085299e-03  -6.8063796e-03
  -1.6389659e-01   2.1669825e-01  -1.0340466e+00   1.0251451e-04   4.0123067e-03  -6.8876743e-03
  -1.5890785e-01   2.2391211e-01  -1.0214215e+00  -3.7141942e-04   4.0840524e-03  -6.6628136e-03
  -1.6481996e-01   1.6932919e-01  -1.0378321e+00  -4.2149498e-04   3.7901095e-03  -6.7138043e-03
  -1.4200324e-01   2.3401752e-01  -1.0160793e+00  -1.3714022e-04   3.7989307e-03  -6.5687552e-03
  -9.9705203e-02   1.7283047e-01  -9.8043027e-01   2.3702498e-04   3.8170326e-03  -5.9278433e-03
  -8.7230474e-02   2.2035936e-01  -9.9672951e-01   9.8170476e-06   3.1881350e-03  -5.5352524e-03
  -7.4857443e-02   6.1767556e-01  -1.4195253e+00   1.6305114e-02   4.7103519e-03  -7.1445748e-03
  -1.3424431e-01   3.9542868e-01  -1.0416374e+00   7.7533233e-03   4.8352051e-03  -7.0243727e-03
  -1.4118631e-01   2.9568623e-01  -1.1185715e+00   5.1569893e-03   4.7234874e-03  -7.6053064e-03
  -1.4015186e-01   2.8878255e-01  -1.0255456e+00   3.4466257e-03   5.2071785e-03  -7.2387171e-03
  -1.4306727e-01   2.5549801e-01  -1.0137782e+00   2.1058457e-03   5.4184961e-03  -7.3050311e-03
  -1.5161581e-01   2.5362653e-01  -1.0534937e+00   1.6483631e-03   5.5358030e-03  -7.5597011e-03
  -1.5834579e-01   2.9931089e-01  -1.0667063e+00   1.8175123e-03   6.0425625e-03  -7.5289800e-03
  -1.6058127e-01   2.7043572e-01  -1.0567800e+00   1.5380777e-03   6.0308035e-03  -7.3280490e-03
  -1.6292902e-01   2.6492557e-01  -1.0539697e+00   1.6189889e-03   5.9620472e-03  -7.4889287e-03
  -1.7833916e-01   2.5896811e-01  -1.0430983e+00   1.0101863e-03   5.9415615e-03  -7.6332089e-03
  -1.7778806e-01   2.7732235e-01  -1.0662902e+00   9.6056079e-04   6.1556109e-03  -7.6462421e-03
  -1.5637474e-01   3.0113559e-01  -1.0852498e+00   1.4902243e-03   5.9732392e-03  -7.6110983e-03
  -1.6027681e-01   2.7224235e-01  -1.0533484e+00   1.4349399e-03   5.7965034e-03  -7.6294997e-03
  -1.6378189e-01   2.3969074e-01  -1.0489050e+00   1.0958593e-03   6.0188459e-03  -7.8021957e-03
  -1.6815630e-01   2.6191940e-01  -1.0551937e+00   7.1755619e-04   6.6069023e-03  -7.9958374e-03
  -1.5463908e-01   2.5407273e-01  -1.1011043e+00   1.3125520e-03   6.5546679e-03  -7.6248516e-03
  -1.6232091e-01   2.5523920e-01  -1.1071784e+00   7.1597365e-04   6.5102075e-03  -7.7454664e-03
  -1.7087376e-01   2.5908320e-01  -1.0951668e+00   9.1801110e-04   6.6349337e-03  -7.7800229e-03
  -1.6778215e-01   2.3366624e-01  -1.0984881e+00   6.6060199e-04   6.6309291e-03  -7.6548239e-03
  -1.7167120e-01   2.3731267e-01  -1.1119743e+00   3.8580636e-04   6.5008153e-03  -7.6644606e-03
  -1.7753958e-01   2.6037377e-01  -1.0993762e+00   4.3909675e-04   6.3740417e-03  -7.7305666e-03
  -1.7909673e-01   2.6446612e-01  -1.1213642e+00   2.9203919e-04   6.2469160e-03  -7.6616305e-03
  -1.9248406e-01   2.0620466e-01  -1.1194473e+00  -1.3819540e-05   5.9789011e-03  -7.7248836e-03
  -1.9043028e-01   2.5072127e-01  -1.1202655e+00   2.4765896e-05   6.1279086e-03  -7.5874767e-03
  -1.8185057e-01   2.7627347e-01  -1.0868153e+00   9.5734237e-05   6.4374927e-03  -7.2799656e-03
  -1.7061095e-01   2.3349483e-01  -1.0826546e+00  -1.6219277e-05   6.3003493e-03  -7.3464445e-03
  -1.7937395e-01   2.6691541e-01  -1.0999649e+00   1.4557773e-04   6.2798438e-03  -7.3630723e-03
  -1.7945796e-01   2.1240319e-01  -1.0886911e+00  -6.1129689e-05   6.4363223e-03  -7.4024155e-03
  -1.9456040e-01   2.5032977e-01  -1.0570043e+00  -8.5228047e-04   6.5908260e-03  -7.7915839e-03
  -1.9023253e-01   2.2521691e-01  -1.0627343e+00  -9.3303808e-04   6.5648073e-03  -7.6624818e-03
  -1.9205975e-01   1.8493668e-01  -1.0798140e+00  -1.0840215e-03   6.6123964e-03  -7.7916974e-03
  -2.0146777e-01   2.3760722e-01  -1.0842179e+00  -1.1681005e-03   6.6727891e-03  -7.9099238e-03
  -1.9517396e-01   2.2350291e-01  -1.0695383e+00  -9.4712655e-04   6.7152021e-03  -7.8268490e-03
  -2.0176124e-01   2.2499867e-01  -1.0647452e+00  -1.4983556e-03   6.8319390e-03  -7.8593109e-03
  -2.0992358e-01   1.9139651e-01  -1.0724781e+00  -1.8057805e-03   6.8764610e-03  -7.8929961e-03
  -2.1367979e-01   2.2064973e-01  -1.0659262e+00  -2.3607255e-03   6.8675179e-03  -7.8840020e-03
  -2.0012323e-01   2.6842673e-01  -1.0780495e+00  -1.3215880e-03   6.7041437e-03  -7.2571704e-03
  -2.1361852e-01   2.2326596e-01  -9.9369540e-01  -2.6505923e-03   5.8344827e-03  -7.7412073e-03
  -2.0939132e-01   2.0086996e-01  -9.6440726e-01  -2.8709590e-03   6.2463801e-03  -7.5874848e-03
  -2.0402819e-01   1.9146707e-01  -9.6833885e-01  -2.5552710e-03   6.5746809e-03  -7.6980655e-03
  -1.9402803e-01   2.5426538e-01  -9.4895322e-01  -3.1136865e-03   6.5975563e-03  -7.5057601e-03
  -1.9490474e-01   1.6943150e-01  -9.9051797e-01  -2.8808722e-03   6.6576447e-03  -7.4502326e-03
  -2.1571076e-01   2.2227192e-01  -9.7231296e-01  -3.9737794e-03   6.7552007e-03  -7.8173374e-03
  -2.2123886e-01   1.6703415e-01  -9.7727853e-01  -4.3146413e-03   6.6048337e-03  -7.8363838e-03
  -2.3317023e-01   1.8887785e-01  -9.8550309e-01  -4.3327681e-03   6.6379371e-03  -8.0154322e-03
  -2.4417304e-01   2.1188902e-01  -9.8723411e-01  -4.4139638e-03   6.9672224e-03  -8.1669167e-03
  -2.4572263e-01   1.8778853e-01  -1.0036109e+00  -4.6934386e-03   7.0914114e-03  -8.1603370e-03
  -2.3786392e-01   2.0465107e-01  -9.9428476e-01  -4.8009199e-03   6.9321946e-03  -7.9813492e-03
  -2.5885101e-01   1.7942892e-01  -9.9931994e-01  -4.7215699e-03   6.7919594e-03  -8.3528653e-03
  -2.6712433e-01   1.7378611e-01  -9.8520289e-01  -4.9655845e-03   6.5823872e-03  -8.4080469e-03
  -2.6829745e-01   2.3125955e-01  -9.4696368e-01  -5.1039595e-03   6.7245612e-03  -8.0668839e-03
  -2.8370669e-01   1.6912409e-01  -9.2306066e-01  -5.4669009e-03   6.8299345e-03  -8.5920161e-03
  -2.8991124e-01   1.5238813e-01  -8.5882110e-01  -5.6925442e-03   6.8033081e-03  -8.5691774e-03
  -2.9961881e-01   1.2914750e-01  -8.4239347e-01  -6.5328930e-03   6.8229049e-03  -8.9435339e-03
  -3.0298367e-01   1.3933396e-01  -8.6099046e-01  -6.3088988e-03   6.6356203e-03  -9.2057438e-03
  -3.1765212e-01   1.5100924e-01  -8.6936409e-01  -6.3857823e-03   6.5814797e-03  -9.5147330e-03
  -3.3215373e-01   1.7214272e-01  -8.7776310e-01  -6.4916678e-03   6.5117590e-03  -9.7234203e-03
  -3.1895152e-01   1.4983620e-01  -8.7493713e-01  -6.3307508e-03   6.3852048e-03  -9.6013687e-03
  -2.9580795e-01   1.6830782e-01  -7.7911313e-01  -5.6064946e-03   6.2345883e-03  -9.0849025e-03
  -3.1670298e-01   2.0788451e-01  -8.5985707e-01  -6.5751142e-03   6.0309629e-03  -9.4841682e-03
  -3.3415386e-01   1.2908771e-01  -8.6024982e-01  -6.4342533e-03   6.1612055e-03  -9.8028367e-03
  -3.3318485e-01   1.2225188e-01  -8.5115170e-01  -6.2814090e-03   6.0365900e-03  -9.6404305e-03
  -3.3524196e-01   1.4937291e-01  -8.4993214e-01  -6.6306583e-03   6.2968451e-03  -9.6638736e-03
  -3.4472941e-01   1.3332581e-01  -8.7257100e-01  -6.9919880e-03   6.2477972e-03  -9.8306914e-03
  -3.5899986e-01   2.5846255e-01  -8.5090740e-01  -7.3299049e-03   6.5999463e-03  -9.8388483e-03
  -3.5093553e-01   1.0834030e-01  -8.3771503e-01  -7.2191571e-03   6.7262253e-03  -9.9739822e-03
  -3.4539587e-01   2.9539837e-01  -8.0925443e-01  -7.7341333e-03   6.4225022e-03  -9.8069313e-03
  -2.8861926e-01   1.2109383e-01  -1.2047538e+00   6.3179875e-04   7.8980011e-03  -9.0261508e-03
  -2.8560198e-01   3.4365800e-01  -1.1252069e+00   2.8031428e-03   8.3677776e-03  -9.2497363e-03
  -3.1557713e-01   4.3006417e-01  -1.0679518e+00  -7.9505125e-04   8.5456315e-03  -9.7716427e-03
  -3.5178495e-01   2.3877406e-01  -9.9979986e-01  -2.4750791e-03   8.5748316e-03  -1.0392015e-02
  -3.5809916e-01   2.1775250e-01  -1.0078534e+00  -2.9363502e-03   8.8015743e-03  -1.0566166e-02
  -3.7558566e-01   2.4158381e-01  -1.0275358e+00  -3.4498493e-03   9.0312509e-03  -1.0835414e-02
  -3.8973741e-01   2.5252633e-01  -1.0271896e+00  -4.2778128e-03   9.1722311e-03  -1.1153320e-02
  -3.8259106e-01   2.1401240e-01  -1.0329000e+00  -4.1064034e-03   9.0066860e-03  -1.1081919e-02
  -3.9794555e-01   2.6606746e-01  -9.7363416e-01  -4.1339683e-03   9.1367483e-03  -1.1440273e-02
  -4.0189723e-01   2.5231294e-01  -9.9773981e-01  -4.7769611e-03   9.0038142e-03  -1.1719305e-02
  -4.2268749e-01   2.7990511e-01  -9.4150135e-01  -5.5717830e-03   9.4763469e-03  -1.2173859e-02
  -4.2138498e-01   2.3816312e-01  -9.1071158e-01  -5.6432396e-03   9.2114119e-03  -1.2151146e-02
  -4.3697392e-01   5.3385796e-01  -7.6159597e-01  -6.0406558e-03   9.5644334e-03  -1.1514004e-02
  -4.0661791e-01   1.0209128e-02  -6.3475359e-01  -3.3223536e-03   1.0229523e-02  -1.1216733e-02
  -4.2806350e-01   1.5400471e-01  -3.3925550e-01  -5.8232952e-03   9.9809027e-03  -1.1599618e-02
  -4.4021014e-01   2.8800467e-01  -4.1176405e-01  -6.5650297e-03   9.9751062e-03  -1.1779546e-02
  -4.5947669e-01   1.8474531e-01  -4.6768516e-01  -6.7991108e-03   9.5831439e-03  -1.2203217e-02
  -4.7832189e-01   2.6696626e-01  -4.6468050e-01  -7.4294713e-03   9.5274819e-03  -1.2689771e-02
  -4.7538149e-01   1.0419564e-01  -4.4914750e-01  -8.4949223e-03   9.2515561e-03  -1.3024071e-02
  -4.8543270e-01   2.2826526e-01  -4.8252911e-01  -9.1265591e-03   9.3375573e-03  -1.3259325e-02
  -4.9834736e-01   1.1189661e-01  -4.9230650e-01  -1.0100168e-02   9.1299073e-03  -1.3566475e-02
  -5.0218826e-01   2.1765334e-01  -5.0367217e-01  -1.0520080e-02   9.5789491e-03  -1.3479288e-02
