   0.0000000e+00   0.0000000e+00   0.0000000e+00   0.0000000e+00   0.0000000e+00   0.0000000e+00
   5.0081852e-03   1.2707708e-01  -2.9983557e-02  -3.6797239e-04   1.0267785e-05  -1.1529978e-04
   4.2474754e-03   5.9674531e-02  -1.5937387e-02  -4.6329716e-04  -7.9119765e-05  -6.5778727e-05
   3.5272286e-03  -1.1612070e-02   2.2114402e-02  -3.3585068e-04  -1.8332093e-04   6.9991413e-05
   1.3494032e-03   1.0975224e-01  -2.3906675e-02  -3.7663038e-04  -9.5428537e-05  -1.5210357e-04
  -1.8600639e-03   1.1458337e-02  -3.5663684e-03  -1.2988652e-04  -1.0690878e-04  -6.0621466e-06
  -9.1194007e-04  -3.5519657e-03   7.4762218e-03   1.1609494e-06  -1.3405021e-04   3.6211079e-06
  -1.9627020e-03   2.3060376e-01  -6.4428230e-02  -1.0468462e-03   1.6036380e-04  -1.4785122e-04
  -1.0058427e-02  -1.3919705e-01  -7.2543840e-02   1.1519197e-04  -7.8796789e-05  -3.1646952e-07
  -2.6758164e-02  -2.7232083e-02   2.4346771e-03  -3.6799340e-04  -1.3070938e-04  -4.9738703e-04
  -1.4590921e-02   9.8002840e-02  -2.3588424e-02  -4.3402461e-04   8.8759225e-05  -5.0686643e-04
  -1.6525982e-02  -1.8300322e-02   4.5602541e-02  -7.9348927e-05   5.3301515e-05  -1.9249341e-04
  -1.1947348e-02   1.2446372e-02   1.2076421e-02  -3.0933116e-04   1.0972918e-04  -3.5895025e-04
  -1.2192803e-02   4.1007806e-02   1.3438729e-02  -4.4473504e-04   8.8525116e-05  -2.2761116e-04
  -1.5129225e-02  -3.0957637e-02   4.5977126e-02  -1.6279641e-04   9.1154888e-05  -7.4913991e-05
  -1.7842318e-02   8.7356228e-02   1.6026745e-02  -3.0535119e-04   1.3532259e-04  -2.6938016e-04
  -8.5226727e-03   6.1187795e-02   4.8933600e-02  -6.6557430e-04  -2.9665568e-04  -1.0584767e-04
  -1.1995124e-02   1.9053957e-04   4.3932735e-02  -3.4510099e-04  -2.2237169e-04  -1.7408493e-04
  -8.6499824e-03   1.0263347e-01   1.7910193e-02  -8.4459626e-04  -3.1295665e-04  -2.2370237e-04
  -1.0409547e-02   7.2758435e-03   4.7419750e-02  -5.9838465e-04  -2.5408015e-04  -2.9397339e-05
  -6.1679685e-03   7.6640818e-02   1.3753291e-02  -6.9528464e-04  -7.9606016e-05  -7.9587871e-05
  -4.8160791e-03   7.1323341e-02   2.0565084e-02  -7.7171504e-04  -1.5004547e-04  -1.4436740e-04
   1.7988996e-03   3.6533514e-02   5.0607834e-02  -7.4248245e-04  -4.3417152e-04  -3.0264744e-05
  -1.3867583e-03   2.5219936e-02   4.3931239e-02  -5.6355193e-04  -4.6593987e-04  -1.6721452e-05
  -4.4758558e-03   8.4553567e-02   4.0667924e-02  -8.5176059e-04  -3.5483116e-04  -1.1160732e-04
   3.1970128e-03   5.9007058e-02   4.4017551e-02  -1.3331505e-03  -3.4504358e-04   6.0007807e-05
   8.2071501e-04   1.2488175e-03   7.6019789e-02  -8.9529530e-04  -6.1643083e-04   6.4161665e-05
  -1.0050247e-02   3.3540775e-02   6.0967193e-02  -9.0195096e-04  -6.3402355e-04  -7.0511191e-05
  -9.1295068e-03   7.5055172e-02   4.9651497e-02  -9.5906530e-04  -6.5809547e-04  -1.0521319e-04
  -6.3626042e-03  -1.6849939e-02   8.2183247e-02  -8.3496208e-04  -6.9072215e-04   1.1031954e-05
  -1.8917083e-02   9.8877959e-02  -4.5230177e-02  -1.4268996e-03  -9.4774143e-04  -1.7169626e-03
   1.8273493e-02   1.5366295e-01   1.1489888e-01  -1.0651990e-03  -1.5835054e-03   5.4606540e-04
   2.5115391e-02   1.3101937e-02   1.0511786e-01  -6.4948206e-04  -1.5344438e-03   9.3964426e-04
   3.9318928e-02   1.0668705e-01   8.0761677e-02  -1.0642682e-03  -1.7704626e-03   9.0778033e-04
   4.2158900e-02   6.8295835e-02   1.0703482e-01  -9.0978207e-04  -1.7990926e-03   1.1776586e-03
   4.1048096e-02   4.9378288e-02   1.1779322e-01  -5.3297395e-04  -1.7544427e-03   1.1692648e-03
   3.6798483e-02   1.2576300e-01   1.0899798e-01  -9.3828590e-04  -1.8240367e-03   1.0279848e-03
   3.7922814e-02   3.3885304e-02   1.2172906e-01  -6.1769836e-04  -1.6263267e-03   1.2902747e-03
   3.6006878e-02   2.2866366e-02   1.5018797e-01  -6.5010633e-04  -1.6444324e-03   1.3726162e-03
   3.1104815e-02   7.5606805e-02   1.2267232e-01  -8.8713315e-04  -1.7119735e-03   1.2214885e-03
   2.5188334e-02   9.2510318e-02   1.2320323e-01  -1.0150869e-03  -1.7093554e-03   1.2422962e-03
   8.9652796e-03   3.0171329e-03   1.2621830e-01  -3.9550150e-04  -1.6462684e-03   1.0870679e-03
   1.8295296e-02   1.6505008e-01   1.2880456e-01  -1.8823616e-03  -1.8875260e-03   1.1846157e-03
   1.2147761e-02  -1.6600242e-02   1.5593253e-01  -1.3828137e-03  -1.8754346e-03   1.1701385e-03
   3.0415568e-02   1.2860112e-01   1.0770113e-01  -1.2752534e-03  -1.9337869e-03   1.2441876e-03
   2.5207739e-02  -1.0809826e-01  -1.9908917e-02   1.4543228e-03  -1.9417758e-03   1.1911184e-03
   3.2282910e-02   1.0382336e-01   4.4151518e-02  -4.3543959e-04  -2.2184895e-03   7.9554664e-04
   4.0251049e-02   1.4374344e-02   9.7251601e-02   3.4680072e-04  -2.4374613e-03   1.0814298e-03
   5.3724522e-02   6.6751303e-03   5.6660426e-02   5.3258375e-04  -2.5499711e-03   1.2543634e-03
   4.7956529e-02   4.1769917e-02   1.2192481e-01  -1.8958267e-04  -2.6743821e-03   1.1510703e-03
   4.2047121e-02  -5.3389449e-02   1.1898119e-01   4.0475700e-05  -2.4015591e-03   1.3317716e-03
   4.8840896e-02   9.7413998e-02   1.0525829e-01  -2.6045424e-04  -2.6914865e-03   1.2419971e-03
   4.0759494e-02  -1.6640744e-02   1.2873357e-01   5.4266161e-05  -2.5050521e-03   1.3595502e-03
   3.7775723e-02   8.6985769e-02   7.8839939e-02   3.0227973e-04  -2.0957360e-03   1.1548235e-03
   4.1668275e-02   6.8494799e-02   4.7778991e-02  -2.5907854e-04  -2.3788384e-03   9.5503565e-04
   4.2041249e-02  -3.8414667e-02   6.6276030e-02  -4.9340310e-05  -2.3327960e-03   1.2559801e-03
   5.6523520e-02   8.8911239e-02   4.5013563e-02  -5.6693634e-05  -2.5689329e-03   1.2446886e-03
   6.4070015e-02   3.0841775e-02   7.3523766e-02   2.9510931e-04  -2.5640512e-03   1.3081976e-03
   6.0081749e-02  -1.5098579e-02   5.5151117e-02   6.5767575e-04  -2.2251535e-03   1.3670011e-03
   7.2585421e-02   1.2496844e-01   3.8635715e-02  -2.7353496e-05  -2.5135768e-03   1.5334544e-03
   6.3583307e-02  -4.7225608e-02   5.8361045e-02  -2.6972968e-04  -2.4558821e-03   1.5457385e-03
   5.9523942e-02   6.5806926e-02   3.0011053e-02  -1.3767634e-04  -2.4090588e-03   1.2829317e-03
   6.2354213e-02   1.3034143e-02   7.1930142e-02   1.1493416e-04  -2.4957175e-03   1.3924104e-03
   6.5229387e-02  -2.2276994e-02   8.4290383e-02   4.1426718e-04  -2.3770345e-03   1.4775557e-03
   9.2799028e-02   1.1065036e-01   4.2177357e-02   6.0579314e-04  -2.8290749e-03   1.6905065e-03
   6.7390483e-02  -9.9671174e-02  -1.8568839e-02   1.1899515e-03  -2.3463973e-03   1.6560700e-03
   5.2504256e-02   2.1852576e-02   1.6792527e-02   5.7077562e-04  -2.6302493e-03   1.3743106e-03
   4.6283428e-02  -6.9392779e-03   1.3329543e-01   3.7124304e-04  -2.7908064e-03   1.3688624e-03
   4.3526852e-02   8.7966346e-02   1.5882606e-01   9.7192657e-05  -2.7084480e-03   1.2760400e-03
   5.6721644e-02  -4.1563529e-02   1.6336892e-01   6.6377614e-04  -2.7350576e-03   1.3713862e-03
   5.5321897e-02   9.5671543e-02   1.4050626e-01   5.6710704e-05  -2.7149963e-03   1.3993423e-03
   4.9118335e-02   3.7887083e-02   1.5827555e-01  -2.7682000e-04  -2.8664879e-03   1.4410829e-03
   4.5325189e-02   1.5380476e-02   2.2995134e-01  -5.4554869e-04  -3.0108756e-03   1.2451552e-03
   4.2508252e-02   1.1289860e-01   2.2196897e-01  -6.1418673e-04  -2.9230612e-03   8.8962900e-04
   4.2199325e-02   6.7721086e-02   2.3183994e-01  -3.8610337e-04  -2.8051826e-03   1.1133716e-03
   4.1255925e-02   1.1686249e-02   2.1619872e-01  -1.7123934e-04  -2.6878425e-03   1.2285599e-03
   3.5436540e-02   1.3183723e-01   2.0157999e-01  -4.3025669e-04  -2.6178579e-03   1.1700173e-03
   4.0129329e-02   9.1357105e-03   1.9538524e-01   4.9546326e-04  -2.4741551e-03   1.0825709e-03
   4.2132625e-02   1.1866805e-01   1.8084014e-01  -6.5433462e-04  -2.8220477e-03   1.0574553e-03
   4.5126059e-02   1.0696223e-01   2.0299276e-01  -5.0104378e-04  -3.0097871e-03   1.1144554e-03
   3.6349518e-02   1.9899230e-02   2.1709786e-01   2.6156377e-04  -2.9407630e-03   1.0895251e-03
   3.3894806e-02   1.3762927e-01   2.0946978e-01  -2.2676104e-04  -2.8806150e-03   1.0218112e-03
   3.7049462e-02   3.1942095e-02   2.1851009e-01   3.4816287e-04  -2.6212076e-03   1.0791478e-03
   4.6495586e-02   7.8069728e-02   2.0795342e-01  -3.2960711e-04  -3.0787420e-03   1.1622133e-03
   4.2149286e-02   1.1049474e-01   2.1412654e-01  -5.6162651e-04  -3.0793111e-03   1.1593648e-03
   4.6381286e-02   1.4664690e-02   2.3720934e-01  -1.7803019e-04  -3.0641081e-03   1.2388098e-03
   4.5597244e-02   1.1477206e-01   2.1184312e-01  -3.7351603e-04  -2.9005083e-03   1.0836149e-03
   5.4290797e-02   4.3509461e-02   2.2760313e-01  -1.6820743e-04  -2.8941770e-03   1.2992341e-03
   5.4382236e-02   1.8053708e-02   2.1218648e-01   7.5165458e-05  -2.9321415e-03   1.2982901e-03
   5.3317668e-02   1.4024642e-01   2.1630037e-01  -4.4774680e-06  -3.0437008e-03   1.2798878e-03
   5.5073694e-02  -5.3020131e-03   2.3226377e-01   1.2204782e-04  -3.1010818e-03   1.2802854e-03
   4.3252373e-02   1.4240311e-01   2.0252320e-01  -2.4475437e-04  -2.5978285e-03   1.2333431e-03
   4.5987887e-02   2.7610275e-02   2.3243750e-01  -7.2710881e-04  -3.0052076e-03   1.3229354e-03
  -1.6815580e-02  -1.8792371e-02   1.2150538e-01   1.9994819e-03  -2.7044779e-03  -2.1167079e-03
  -2.0303331e-02  -1.4179973e-01  -3.4950843e-01   6.5680170e-03   4.0435897e-04  -1.7953246e-03
  -3.2547419e-02  -5.0892326e-02   1.4104833e-01   3.5721075e-03  -2.3243816e-03  -6.6336959e-04
  -6.4334183e-01   3.1514364e-01   4.6652488e-01   4.4937869e-03  -2.6400730e-02  -1.8368773e-02
  -4.6535187e-01   1.6591686e-01   4.6762554e-01   3.7851475e-03  -1.8374903e-02  -1.1705020e-02
  -3.3649802e-01   4.1237959e-02   4.5689376e-01   3.9125635e-03  -1.2354781e-02  -7.7512323e-03
  -3.1297732e-01   1.5088325e-01   4.1014844e-01   3.4955114e-03  -1.2507934e-02  -7.2149365e-03
  -3.0412738e-01   1.3441867e-01   4.0395444e-01   3.7332010e-03  -1.2428597e-02  -6.7751211e-03
  -2.9205964e-01   6.5156966e-02   4.1295057e-01   4.1801329e-03  -1.2193441e-02  -6.4911900e-03
  -2.8562480e-01   1.8304544e-01   3.6990641e-01   4.1054096e-03  -1.2076889e-02  -6.4505145e-03
  -2.5555534e-01   1.4860639e-01   4.5035011e-01   3.3069908e-03  -1.2473844e-02  -5.7998317e-03
  -1.9966720e-01   1.3647073e-01   4.6897985e-01   2.5612703e-03  -1.3753879e-02  -4.8764517e-03
  -2.0168075e-01   2.0836654e-01   4.5007308e-01   2.2054101e-03  -1.3172593e-02  -4.9728329e-03
  -1.8660011e-01   8.1757967e-02   5.0325818e-01   2.5390700e-03  -1.3139308e-02  -4.6656763e-03
  -1.6605555e-01   2.3681570e-01   4.8201756e-01   2.2692673e-03  -1.3231163e-02  -4.5692802e-03
  -1.6905910e-01   1.3539199e-01   5.2312212e-01   2.3032306e-03  -1.3247864e-02  -4.4166725e-03
  -1.8389062e-01   1.1697859e-01   5.0267031e-01   2.4873424e-03  -1.2949210e-02  -4.5881901e-03
  -1.6164037e-01   1.8819875e-01   4.9011291e-01   2.0583277e-03  -1.3247785e-02  -4.4890821e-03
  -1.5855911e-01   1.4401959e-01   4.8539228e-01   2.2429069e-03  -1.3388074e-02  -4.3037622e-03
  -1.6804525e-01   1.2172617e-01   4.8488359e-01   2.8510067e-03  -1.2990170e-02  -4.3520136e-03
  -1.6040294e-01   1.4360314e-01   4.7799749e-01   2.2700790e-03  -1.3028902e-02  -4.2888441e-03
  -1.5712095e-01   1.9285131e-01   4.6860772e-01   2.3204182e-03  -1.3046638e-02  -4.2571449e-03
  -1.5396464e-01   1.4765370e-01   5.0491769e-01   2.5130287e-03  -1.3041991e-02  -4.0216172e-03
  -1.4460409e-01   1.0543465e-01   5.0819767e-01   2.7266910e-03  -1.3106288e-02  -3.9242860e-03
  -1.4018855e-01   2.2281454e-01   4.8903053e-01   2.5696657e-03  -1.3084934e-02  -4.0586101e-03
  -1.5579704e-01   1.4881548e-01   5.0882901e-01   2.5624771e-03  -1.2820174e-02  -4.0272894e-03
  -1.7137235e-01   1.4342614e-01   4.6725946e-01   3.5226971e-03  -1.2493975e-02  -4.3434051e-03
  -1.4741401e-01   2.2946861e-01   3.5151977e-01   2.9138443e-03  -1.2767313e-02  -4.1851212e-03
  -1.9227664e-01   8.9550604e-02   4.3133574e-01   2.2892902e-03  -1.2422526e-02  -4.6193202e-03
  -1.6602909e-01   1.9799777e-01   3.9710279e-01   2.3184945e-03  -1.2232637e-02  -4.2438760e-03
  -1.8180108e-01   9.5866363e-02   4.5754973e-01   2.5726437e-03  -1.2425512e-02  -4.3350049e-03
  -1.6371135e-01   1.0098669e-01   4.6667872e-01   2.6593405e-03  -1.2294306e-02  -4.2457797e-03
  -1.6005116e-01   1.6076382e-01   4.6047166e-01   2.4981100e-03  -1.2111228e-02  -4.0707912e-03
  -1.6400648e-01   6.0818181e-02   4.8037117e-01   2.9733565e-03  -1.2194160e-02  -4.1037445e-03
  -1.5870012e-01   1.4769396e-01   4.6407486e-01   2.6288106e-03  -1.2050269e-02  -4.0805035e-03
  -1.6683480e-01   1.3480507e-01   4.8036186e-01   2.6137987e-03  -1.2057473e-02  -4.1024248e-03
  -1.6312514e-01   8.4741195e-02   4.8007049e-01   2.8542809e-03  -1.2245461e-02  -4.0810606e-03
  -1.5904951e-01   2.0305055e-01   4.4837568e-01   2.4695171e-03  -1.2137640e-02  -4.0786060e-03
  -1.6287651e-01   1.7189991e-01   4.6516444e-01   1.9925885e-03  -1.1969576e-02  -3.9939503e-03
  -1.9019431e-01   1.3536135e-01   5.0158893e-01   1.9941494e-03  -1.2092091e-02  -4.9327504e-03
  -1.7606625e-01   3.0696490e-01   4.1836653e-01   1.9648465e-03  -1.1321654e-02  -4.1130475e-03
  -1.7676265e-01  -1.5173246e-01   2.8706175e-01   5.0611169e-03  -1.0494347e-02  -3.8064183e-03
  -1.9151044e-01   2.9277966e-01   3.9584654e-01   2.6347279e-03  -1.0567384e-02  -4.6834812e-03
  -1.9902107e-01   4.8701428e-02   4.7242682e-01   2.4077109e-03  -1.1179301e-02  -4.1453225e-03
  -1.8650019e-01   1.2661466e-01   4.5716192e-01   2.5759169e-03  -1.1057284e-02  -4.2753283e-03
  -1.8705918e-01   1.5590897e-01   4.7703970e-01   2.6528079e-03  -1.0801336e-02  -4.1500082e-03
  -1.7496254e-01   8.0184468e-02   4.9239542e-01   2.6323733e-03  -1.1010174e-02  -4.0607048e-03
  -1.7303283e-01   1.9789456e-01   4.5784059e-01   2.0731627e-03  -1.0961140e-02  -4.2079556e-03
  -1.8115909e-01   6.6698818e-02   4.9772095e-01   2.5326027e-03  -1.1133972e-02  -4.0252506e-03
  -1.8033081e-01   1.5979682e-01   4.5693054e-01   2.3804148e-03  -1.0753913e-02  -4.1269191e-03
  -1.8258995e-01   1.3755885e-01   4.7486201e-01   2.6913756e-03  -1.1085957e-02  -4.0953800e-03
  -1.8280257e-01   1.0374724e-01   4.5884311e-01   2.9176018e-03  -1.1036289e-02  -4.0918502e-03
  -1.8968994e-01   2.5558206e-01   4.6131959e-01   2.4368560e-03  -1.1071274e-02  -4.1823929e-03
  -1.6228244e-01   1.3964398e-01   5.0061874e-01   1.9064644e-03  -1.1542594e-02  -3.8421859e-03
  -1.6063958e-01   2.3646614e-01   4.5989070e-01   2.5831305e-03  -1.2957364e-02  -3.9680604e-03
  -1.8539253e-01  -3.3487624e-02   4.9079469e-01   2.3705642e-03  -1.1761984e-02  -3.6715062e-03
  -1.8891536e-01   2.5319455e-01   4.8385292e-01   1.6200929e-03  -1.1523928e-02  -4.0152887e-03
  -1.8584430e-01   7.2355129e-02   5.2497834e-01   1.9603318e-03  -1.1566725e-02  -3.9471887e-03
  -1.7141671e-01   2.5590020e-01   5.2973202e-01   1.7798097e-03  -1.1643616e-02  -3.8808377e-03
  -1.7646114e-01   5.0171770e-02   5.5730763e-01   2.0182449e-03  -1.1676362e-02  -3.8213823e-03
  -1.5493006e-01   1.5821500e-01   5.3280237e-01   1.4416637e-03  -1.1725724e-02  -3.6733919e-03
  -1.4559557e-01   2.1648081e-01   5.1169512e-01   1.2073783e-03  -1.1975020e-02  -3.6420971e-03
  -1.5203793e-01   3.5739053e-02   5.1191902e-01   1.8931006e-03  -1.1862500e-02  -3.7185439e-03
  -1.4944420e-01   1.7196027e-01   4.8907611e-01   1.9373207e-03  -1.1772003e-02  -3.7485462e-03
  -9.1946536e-02   6.4393373e-02   3.0864419e-01   4.4343520e-03  -1.2390892e-02  -3.1418673e-03
  -1.2580722e-01   9.9881733e-02   4.2164821e-01   2.9576333e-03  -1.2606138e-02  -3.7971695e-03
  -1.3240915e-01   1.6298230e-01   4.9125329e-01   2.8431491e-03  -1.2778370e-02  -4.0201310e-03
  -1.2394268e-01   5.0208592e-02   4.6437854e-01   3.2222849e-03  -1.2567739e-02  -3.9144715e-03
  -1.4487971e-01   1.5951587e-01   4.6688889e-01   2.6908485e-03  -1.1938308e-02  -3.9562572e-03
  -1.5540902e-01   3.5655100e-02   4.6011237e-01   3.2659945e-03  -1.1629251e-02  -3.6725827e-03
  -1.3466398e-01   6.9945421e-02   4.5557337e-01   2.8306457e-03  -1.1881341e-02  -3.5940582e-03
  -1.3105985e-01   3.9169719e-02   4.7562481e-01   3.1480891e-03  -1.1927135e-02  -3.3955078e-03
  -1.2607825e-01   8.5141859e-02   4.5015779e-01   3.2477198e-03  -1.1830060e-02  -3.2391835e-03
  -9.9049699e-02   2.9492233e-01   3.2733168e-01   3.1017306e-03  -1.1617235e-02  -3.0652667e-03
  -6.1889136e-02  -2.5057663e-01   1.5092959e-01   5.5541829e-03  -1.0706958e-02  -2.2009619e-03
  -1.1168388e-01  -6.0795419e-02   3.5696464e-01   4.3519671e-03  -1.1369129e-02  -2.9665967e-03
  -1.1600907e-01   7.2640875e-02   3.8419552e-01   4.6490479e-03  -1.1215821e-02  -3.0182572e-03
  -1.0520404e-01   5.5361019e-02   3.8563594e-01   4.7246807e-03  -1.1141142e-02  -2.9303328e-03
  -1.1727794e-01  -3.7296986e-02   4.3372343e-01   4.5564306e-03  -1.1217997e-02  -3.0863997e-03
  -1.3770545e-01   2.3771993e-01   5.6161440e-01   2.1537276e-03  -1.1528814e-02  -3.3999839e-03
  -1.2308308e-01   5.4663982e-02   4.6186277e-01   3.0063266e-03  -1.1590265e-02  -3.1681099e-03
  -1.2011419e-01   1.5164283e-01   4.4498437e-01   3.2256443e-03  -1.1425325e-02  -3.0086976e-03
  -1.2616365e-01   1.7525955e-02   4.5209899e-01   3.7354500e-03  -1.1305166e-02  -3.1025321e-03
  -1.1620461e-01   1.5531935e-01   4.1221850e-01   3.3515588e-03  -1.1255868e-02  -3.0644785e-03
  -1.2857890e-01   1.0786360e-01   4.0810788e-01   3.6355622e-03  -1.1082195e-02  -2.9976151e-03
  -1.3466564e-01  -2.0417141e-02   2.7857400e-01   5.4540792e-03  -1.0678665e-02  -3.0719025e-03
  -1.3314791e-01   1.2053400e-01   3.2180628e-01   4.4527959e-03  -1.0727007e-02  -3.1965405e-03
  -1.3271614e-01   4.9296416e-02   3.5157584e-01   4.3967271e-03  -1.0909183e-02  -3.1746044e-03
  -1.2214899e-01   1.2588086e-01   3.5605188e-01   4.2790984e-03  -1.0750850e-02  -3.0653010e-03
  -1.3920379e-01   1.3356244e-01   3.7817474e-01   3.8739782e-03  -1.0581434e-02  -3.1038217e-03
  -1.3340091e-01   2.8249659e-02   4.1396807e-01   4.1184471e-03  -1.0798943e-02  -3.0624033e-03
  -1.3206595e-01   2.2667368e-01   3.7445403e-01   3.6241988e-03  -1.0588454e-02  -2.8776833e-03
  -1.4902173e-01  -1.6002451e-02   4.3438059e-01   3.5386064e-03  -1.0776736e-02  -3.2130146e-03
  -1.4163867e-01   1.2542690e-01   4.2414183e-01   2.9946419e-03  -1.1055134e-02  -3.1968670e-03
  -1.4414148e-01  -2.7301085e-03   4.1390783e-01   4.0021164e-03  -1.0827252e-02  -3.1112145e-03
  -1.4058396e-01   1.7902262e-01   3.7267041e-01   3.7246834e-03  -1.0869619e-02  -3.2298250e-03
  -6.2322478e-02  -1.6335980e-01  -9.8314595e-02   8.7535682e-03  -1.0368207e-02  -1.4864512e-03
  -7.3033393e-02  -7.1384175e-02   1.0020281e-01   8.4462600e-03  -1.0075936e-02  -1.2494163e-03
  -1.0203654e-01   2.7529197e-02   1.7080504e-01   6.7464438e-03  -1.0307493e-02  -1.7557441e-03
  -1.0659495e-01  -3.9831636e-02   2.5417132e-01   6.1676582e-03  -1.0311249e-02  -2.0853287e-03
  -1.1237486e-01   1.2327821e-01   2.8502192e-01   5.5509637e-03  -1.0309521e-02  -2.1890389e-03
  -1.1859532e-01  -5.8244570e-03   2.9588175e-01   5.8933922e-03  -1.0323277e-02  -2.1249639e-03
  -1.2115539e-01   4.2563455e-02   2.6941403e-01   5.7212272e-03  -1.0187450e-02  -2.1823574e-03
  -1.2240958e-01   8.9470918e-02   2.8471843e-01   5.7910715e-03  -1.0176631e-02  -2.0405626e-03
  -1.1869548e-01   9.5940660e-02   3.4494868e-01   4.9837158e-03  -1.0478792e-02  -2.2151304e-03
  -1.0894035e-01   1.1851304e-01   2.6378916e-01   5.1339093e-03  -1.0449634e-02  -1.9770781e-03
  -7.0205263e-02   2.6415707e-01   1.6319079e-01   4.6902753e-03  -1.0470364e-02  -1.5991783e-03
  -9.6742796e-02  -1.7457587e-01   2.5918833e-01   5.2757190e-03  -1.0301424e-02  -1.8644870e-03
  -5.0890561e-02   2.0012941e-01   1.5888103e-01   5.4315011e-03  -1.0546955e-02  -1.5451462e-03
  -8.4401912e-02  -2.7726024e-01   1.7209939e-01   6.8377286e-03  -9.7353250e-03  -1.7293602e-03
  -5.0577484e-02   2.4353244e-01   2.2314001e-01   5.1788792e-03  -1.0373970e-02  -1.6101625e-03
  -6.4610324e-02  -1.8677407e-01   2.8080667e-01   6.0030382e-03  -1.0348613e-02  -1.5595202e-03
  -2.9175372e-03   2.5233083e-01   2.4938766e-01   5.6183170e-03  -1.0719880e-02  -1.1342857e-03
  -2.5116080e-02  -2.2371405e-01   2.5077507e-01   5.7039523e-03  -1.0835245e-02  -1.2165289e-03
  -6.9115381e-02  -5.5284830e-02   3.2351913e-01   5.7138960e-03  -1.0244832e-02  -1.7113973e-03
  -3.0282414e-02   1.3144379e-01   2.4395067e-01   5.8510169e-03  -1.0539309e-02  -1.3884202e-03
  -6.8962819e-02  -1.6807131e-01   3.0849931e-01   5.9728208e-03  -1.0352631e-02  -1.5022990e-03
