   0.0000000e+00   0.0000000e+00  -7.1054274e-15   0.0000000e+00   0.0000000e+00   0.0000000e+00
   2.3633713e-01   1.8200984e-02  -2.2530943e-01  -5.3069981e-04  -3.7115801e-03   4.5773539e-03
   3.7715635e-01  -5.1065843e-02  -3.1304552e-01   3.8232991e-03  -4.5758118e-03   7.1986262e-03
   3.7394509e-01  -1.5217863e-01  -1.8607266e-01  -1.5603252e-03  -4.6382034e-03   6.2332101e-03
   2.7034004e-01  -9.0157332e-03  -6.3913397e-02  -1.1266132e-03  -4.4797918e-03   4.6764950e-03
   1.9939966e-01  -1.4749288e-02   5.9565983e-02  -2.6757349e-04  -5.0353183e-03   3.3623048e-03
   2.0858102e-01  -6.3416537e-03   8.6399009e-02  -6.2780690e-04  -4.3460069e-03   3.3385829e-03
   2.0832628e-01   1.9753408e-03   3.2742390e-02  -8.0928730e-04  -2.9364989e-03   3.6290264e-03
   1.4673088e-01   3.8501408e-02   7.5126343e-02  -3.7665375e-04  -2.4523482e-03   3.0311759e-03
   1.2619581e-01   3.3175232e-02   1.4869950e-01  -2.4844750e-04  -2.4235448e-03   2.6171043e-03
   9.1838634e-02   3.7446329e-02   1.6802508e-01  -8.7126266e-05  -2.8332028e-03   2.0789509e-03
   6.7935611e-02   9.5199225e-02   1.8965243e-01  -4.5180019e-04  -2.8854317e-03   1.3816952e-03
   6.5765130e-02   1.0364184e-01   1.9712508e-01  -2.0278295e-04  -2.2836019e-03   1.5942971e-03
   4.9767735e-02   1.0667928e-01   2.0262543e-01  -1.4635867e-04  -2.3262659e-03   1.3258237e-03
   3.6841792e-02   1.4243850e-01   2.5864649e-01  -2.9686278e-04  -1.9190915e-03   9.9586540e-04
   3.6452111e-02   9.1697291e-02   2.5915149e-01   2.9706448e-04  -1.8704032e-03   1.0253203e-03
   1.9057471e-02   8.9660655e-02   2.8025366e-01   6.7952778e-05  -2.2455249e-03   5.6198360e-04
  -1.5511731e-02   1.7731568e-01   2.9359772e-01   4.9323446e-04  -2.6725010e-03  -1.2791877e-04
  -2.7729680e-02   1.7563326e-01   3.0781608e-01   4.4708367e-04  -2.9727198e-03  -7.1148223e-04
  -9.5079841e-03   1.4620773e-01   3.2011631e-01  -2.0823528e-04  -1.6030063e-03   3.1425844e-04
  -5.2034784e-03   1.9046348e-01   2.8620438e-01   5.3617738e-05  -1.5827804e-03   5.9963330e-04
  -3.4453998e-02   2.1704144e-01   2.9602609e-01   8.4283225e-04  -1.1800308e-03   4.7736795e-04
  -4.0911316e-02   2.1939455e-01   3.2927102e-01   1.5716344e-03  -1.4455874e-03   2.0848704e-04
  -3.2173567e-02   2.0967362e-01   3.6285426e-01   1.3964458e-03  -1.1374805e-03   2.5176982e-04
  -4.1045335e-02   2.3117522e-01   3.5824408e-01   1.8735949e-03  -9.5287739e-04   1.8645701e-04
  -6.5901845e-02   2.3214493e-01   3.8525109e-01   1.3556569e-03  -1.0227799e-03  -4.8862466e-04
  -8.8614084e-02   2.2332153e-01   4.2380791e-01   1.4751744e-03  -6.9789524e-04  -6.7549365e-04
  -6.1541452e-02   1.9878529e-01   4.1584199e-01   8.7074728e-04  -5.1366229e-04  -6.4028499e-04
   6.0209697e-02   1.9058830e-01   3.5204894e-01   2.2081451e-03  -4.8443475e-04   2.0815269e-03
   2.7759931e-01  -8.1498161e-02   3.1523997e-01   3.5427597e-03  -3.2433157e-03   3.8883254e-03
   4.1619060e-01   1.2536785e-01   2.8452850e-01   1.7923954e-03  -1.6325621e-03   5.2439530e-03
   3.7230205e-01   1.7126464e-01   3.2673983e-01   2.5752127e-03  -1.5528000e-03   5.0199355e-03
   3.6635455e-01   1.2223910e-01   3.8512660e-01   2.8323807e-03  -1.5010101e-03   4.9780219e-03
   3.7061905e-01   6.3550424e-02   3.9544582e-01   3.0863899e-03  -9.3352212e-04   5.3524485e-03
   3.6647577e-01   1.0317149e-01   3.9499171e-01   2.4187528e-03  -1.3958053e-03   5.3731068e-03
   3.3446447e-01   1.0170715e-01   4.2226540e-01   2.9439567e-03  -1.5387863e-03   4.7728460e-03
   2.9192736e-01   1.1942279e-01   4.5489084e-01   2.5886929e-03  -1.1371366e-03   4.0082784e-03
   2.7561354e-01   1.9972284e-01   4.3942884e-01   2.4959179e-03  -1.4027691e-03   3.4634086e-03
   2.8217024e-01   1.6701258e-01   4.1343534e-01   3.5280821e-03  -1.2463454e-03   3.6042055e-03
   3.2217850e-01   1.0144802e-01   3.8875987e-01   2.7482711e-03  -1.4370502e-03   3.8838560e-03
   6.3480210e-01  -4.9149379e-02   4.0825956e-01   1.7602984e-03  -3.3067087e-03   4.9692559e-03
   6.0801375e-01  -8.0782068e-02   2.5743367e-01  -2.9999455e-03  -2.4283870e-03   6.9452004e-03
   5.8266660e-01   1.1443287e-01   4.9462479e-02   1.0941253e-04  -2.0146186e-03   9.5927429e-03
   5.5007281e-01  -1.2939101e-02   8.8303603e-02  -4.0150855e-04  -2.1280333e-03   8.7256005e-03
   5.1712940e-01  -1.1865813e-02   1.2050564e-01  -5.2324731e-04  -2.4133267e-03   8.1342044e-03
   4.7405056e-01   6.5813086e-02   1.1131142e-01  -5.6092797e-04  -2.8073061e-03   7.0980929e-03
   4.4101015e-01   3.3644758e-03   1.1765063e-01  -5.8822239e-04  -2.4258237e-03   6.3834378e-03
   4.2262004e-01   2.2146964e-02   1.4729406e-01  -1.2962502e-03  -2.2837782e-03   6.2359422e-03
   4.1684903e-01   4.1476862e-02   1.3429327e-01  -1.1413815e-03  -1.7946004e-03   5.9102549e-03
   3.6155556e-01   7.2141921e-02   1.5503806e-01  -8.0464951e-04  -2.4139649e-03   4.8604807e-03
   3.1529637e-01   8.5594495e-02   2.1577260e-01   6.0693271e-04  -2.6587597e-03   3.5624712e-03
   3.0696212e-01   8.6433947e-02   2.2215394e-01   5.4148050e-04  -3.0081565e-03   3.1374331e-03
   2.6111733e-01   8.8990309e-02   2.4463647e-01   7.2311205e-04  -4.1033645e-03   1.8711304e-03
   2.6873521e-01   1.0001728e-01   2.6121777e-01  -2.1543709e-04  -3.8333549e-03   1.8720517e-03
   3.3976428e-01   1.0801450e-01   1.7748649e-01   2.3848594e-03  -1.7392651e-03   2.8598233e-03
   3.2912122e-01   4.2686443e-02   1.3632273e-01   1.7014339e-03  -3.9037959e-03   2.8849880e-03
   3.3192512e-01   1.6728049e-01   1.0715641e-01   2.5762357e-03  -4.8695049e-03   2.8847159e-03
   2.9501394e-01   7.6634456e-02   1.6641114e-01   1.4105769e-03  -4.9942405e-03   2.3190157e-03
   2.6372410e-01   1.5852708e-01   2.0307006e-01   9.7358834e-04  -4.9437753e-03   1.9352987e-03
   2.2664782e-01   1.4406568e-01   2.2244340e-01   7.7538867e-04  -5.2990458e-03   1.1933150e-03
   2.1926756e-01   1.2286542e-01   2.2630889e-01   8.1319618e-04  -5.1905561e-03   9.0539107e-04
   2.0792978e-01   1.5463015e-01   2.3500010e-01   1.3044772e-03  -5.0264912e-03   8.0841485e-04
   1.8876170e-01   1.4325963e-01   2.5697048e-01   3.1158935e-04  -5.0834595e-03   3.8752692e-04
   1.6836418e-01   1.8106742e-01   2.7719608e-01  -5.1785608e-05  -5.0473405e-03   2.0340835e-04
   1.4580187e-01   1.7588360e-01   2.8658215e-01   1.3623644e-04  -5.2596349e-03  -2.8901415e-04
   1.8494371e-01   1.4802872e-01   2.7316579e-01  -1.3812690e-05  -4.7733073e-03   4.7626337e-04
   1.9892881e-01   1.4362043e-01   2.4788295e-01  -6.8010968e-04  -5.6808691e-03   1.9083818e-03
   1.9404873e-01   1.8423399e-01   2.5438583e-01   1.5120835e-04  -5.3767104e-03   2.1478160e-03
   1.9042897e-01   1.8886911e-01   2.3296198e-01  -2.9143485e-04  -5.5464310e-03   2.0688376e-03
   2.0071511e-01   1.4381943e-01   2.3735463e-01  -3.8374314e-04  -5.9297614e-03   2.0381209e-03
   1.8627099e-01   1.4099838e-01   2.6188018e-01  -1.3437609e-04  -5.8663734e-03   1.6954367e-03
   2.1158865e-01   1.2366370e-01   2.4822533e-01  -7.8757050e-04  -5.3136362e-03   2.2960264e-03
   2.0240663e-01   2.0074911e-01   2.2252244e-01   2.0005467e-04  -5.4914725e-03   2.0326657e-03
   1.9247795e-01   1.4591743e-01   2.4435641e-01  -4.1229024e-04  -5.7890304e-03   1.7407290e-03
   1.8890188e-01   1.8729462e-01   2.5860900e-01  -1.3116983e-04  -5.5192209e-03   1.7546535e-03
   1.7814166e-01   1.5032387e-01   2.5740619e-01   3.2130804e-04  -5.2252180e-03   1.3746314e-03
   1.7082891e-01   1.7042093e-01   2.6280265e-01  -3.2245754e-05  -5.3408181e-03   1.0364569e-03
   1.6065332e-01   1.6704818e-01   2.6502838e-01  -8.6845472e-04  -5.6958406e-03   8.6033313e-04
   1.6865892e-01   1.6708903e-01   2.5973670e-01  -1.2095257e-03  -5.6888463e-03   9.4541680e-04
   1.8387925e-01   1.7183729e-01   2.6060966e-01  -1.0235332e-03  -4.7802771e-03   1.4307306e-03
   2.4569853e-01   7.2779317e-02   2.1689004e-01  -6.6376674e-04  -4.9731578e-03   2.9221202e-03
   2.0860896e-01   2.0596199e-01   2.7402260e-01  -1.2899320e-03  -5.2116348e-03   1.8894845e-03
   2.7576183e-01  -9.3953823e-03   2.5580698e-01  -7.9915239e-04  -4.7489907e-03   2.5114615e-03
   3.7945197e-01  -7.5429405e-02   1.4886933e-01   1.1574818e-03  -4.4548964e-03   3.9833386e-03
   3.2971432e-01   4.1954259e-02   1.8487852e-01   1.3327176e-04  -5.0799966e-03   3.7117850e-03
   3.1802135e-01   1.0444816e-01   1.9608876e-01  -1.8717724e-04  -4.7716861e-03   3.0417422e-03
   3.3154659e-01  -1.4451754e-02   1.8520302e-01  -1.1613962e-04  -3.9742158e-03   3.5030173e-03
   2.9467516e-01  -7.3279324e-02   3.4383608e-01   1.5021966e-04  -2.9539924e-03   5.4917359e-03
   3.2634767e-01   2.8333508e-02   3.5857705e-01  -1.9863396e-03  -3.3212725e-03   6.8464886e-03
   3.2392211e-01  -2.7409876e-02   2.5479615e-01  -7.0503882e-04  -3.9379156e-03   6.0947107e-03
   3.9941626e-01  -7.3248126e-02   2.3422507e-01  -1.7577020e-03  -4.6703898e-03   3.1552816e-03
   3.1366632e-01  -1.1641371e-01   2.7911334e-01  -1.5284383e-03  -4.6261578e-03   7.2024006e-04
   3.2828218e-01  -1.0431814e-01   2.5067653e-01  -7.5125047e-04  -4.6497498e-03   3.3626179e-03
   3.6060269e-01  -6.1645860e-02   2.6074656e-01  -1.4838939e-03  -4.9951855e-03   3.7979775e-03
   3.7614810e-01   3.4378959e-02   2.5525012e-01  -1.3657102e-03  -5.0411694e-03   4.0083113e-03
   3.9722743e-01  -9.9921965e-02   2.9184403e-01  -1.2287557e-03  -4.7797178e-03   4.3436402e-03
   3.6684794e-01  -2.9740259e-02   2.7143066e-01  -1.7172217e-03  -4.7738163e-03   3.4039187e-03
   3.4156746e-01   1.8742844e-02   2.4816641e-01  -9.5324744e-04  -4.6698004e-03   3.2002426e-03
   2.8789225e-01   2.4652149e-02   2.9621544e-01  -1.0548302e-03  -5.3571336e-03   2.1554719e-03
   2.4053523e-01   6.7883852e-02   3.3723048e-01  -3.7769100e-04  -5.3959898e-03   1.4659294e-03
   2.2789533e-01   7.6888140e-02   3.4055618e-01  -3.2210370e-04  -5.2781425e-03   1.1629507e-03
   2.2214262e-01   1.0454497e-01   3.2405086e-01  -5.3746303e-04  -5.1934820e-03   1.3124174e-03
   1.9704698e-01   6.2133609e-02   3.5607685e-01  -7.2803432e-04  -5.3221759e-03   8.5467351e-04
   1.7289161e-01   1.3175953e-01   3.8796365e-01  -5.6545381e-04  -5.6608440e-03   2.9542828e-04
   1.8650495e-01   8.8864946e-02   3.7032239e-01  -2.3647218e-04  -5.0302182e-03   7.2071715e-04
   1.5372575e-01   1.0099302e-01   3.8189660e-01  -3.5072237e-05  -5.6390570e-03   2.4562510e-04
   1.0841604e-01   1.5743838e-01   3.9121257e-01   1.0921101e-03  -5.9162497e-03  -5.3333669e-04
   2.0656040e-01   1.2021944e-01   2.7634657e-01   3.2032853e-03  -4.3877612e-03   7.4051199e-04
   2.0522847e-01   1.7471548e-01   3.0250084e-01   2.8510181e-03  -6.2648620e-03   1.5920894e-03
   2.0781960e-01   2.0431026e-01   2.6586355e-01   3.8256540e-03  -6.1102958e-03   2.1089894e-03
   2.0704241e-01   1.6190215e-01   2.6132095e-01   3.1678146e-03  -5.9286712e-03   1.9397290e-03
   2.0271658e-01   1.6287696e-01   2.6992057e-01   4.2691115e-03  -6.8494905e-03   2.1612086e-03
   1.7962497e-01   1.5035396e-01   2.9939236e-01   4.1528411e-03  -7.1877785e-03   1.7877986e-03
   1.9292821e-01   1.7464517e-01   3.2234399e-01   4.0069002e-03  -6.8743943e-03   1.7366545e-03
   1.9693425e-01   1.3224566e-01   3.1920561e-01   3.7970662e-03  -6.9754141e-03   1.5867829e-03
   1.6802557e-01   2.3388585e-01   3.1500749e-01   4.1347802e-03  -7.2802584e-03   1.2451926e-03
   1.6165948e-01   1.6481788e-01   3.4145015e-01   4.1427506e-03  -7.1179948e-03   1.2145347e-03
   1.7268977e-01   1.8754557e-01   3.3537006e-01   4.1044726e-03  -7.1480251e-03   1.2570827e-03
   1.7952177e-01   1.7084528e-01   3.0864996e-01   5.3901801e-03  -6.7076498e-03   1.6452425e-03
   1.7307602e-01   2.2152243e-01   3.3608950e-01   3.8380265e-03  -7.2091518e-03   1.4694836e-03
   1.7923929e-01   1.5898850e-01   3.5287476e-01   3.7976000e-03  -7.1319690e-03   1.5134206e-03
   1.7693979e-01   1.7479249e-01   3.4310948e-01   4.7301729e-03  -7.1273544e-03   1.3624061e-03
   1.7541509e-01   2.3447009e-01   3.5434709e-01   4.2701525e-03  -7.4348237e-03   9.8198646e-04
   2.1007785e-01   1.5929281e-01   3.5549085e-01   3.7347311e-03  -7.0578102e-03   1.6884519e-03
   2.0672233e-01   1.8235055e-01   3.2632649e-01   3.7255764e-03  -7.1055215e-03   2.0728396e-03
   1.9747959e-01   2.0948517e-01   2.9935288e-01   4.3848347e-03  -7.0667320e-03   2.2584767e-03
   1.6811641e-01   2.1151987e-01   3.0405673e-01   4.7415391e-03  -7.2255592e-03   1.7584505e-03
   1.5109792e-01   2.3167764e-01   3.2815308e-01   4.8436108e-03  -7.2293609e-03   1.2501507e-03
   1.4966407e-01   1.4865867e-01   3.4811923e-01   5.0238136e-03  -7.3449071e-03   1.4417177e-03
   1.6387777e-01   1.5298303e-01   3.4068533e-01   5.1623425e-03  -7.1928860e-03   1.5193737e-03
   1.8307421e-01   1.5703804e-01   3.3855261e-01   5.0029952e-03  -7.2279945e-03   2.0147651e-03
   1.7493411e-01   2.1836659e-01   3.2671802e-01   4.9717796e-03  -7.3860880e-03   1.6218257e-03
   2.9000881e-01  -8.7190372e-02   8.0728312e-02   5.9898327e-03  -7.9425924e-03   3.6695328e-03
   2.4738845e-01   2.7375893e-01   1.9204038e-01   6.7301412e-03  -8.2994687e-03   3.9250514e-03
   2.6494081e-01   1.2623866e-01   2.1268453e-01   5.4524565e-03  -8.2254555e-03   4.1368082e-03
   2.6463011e-01   1.7025863e-01   2.3646268e-01   5.2807796e-03  -8.4239480e-03   4.0919533e-03
   2.5774507e-01   1.6325667e-01   2.3518167e-01   5.2011614e-03  -8.3061604e-03   4.0929546e-03
   2.5490441e-01   1.4984224e-01   2.2565119e-01   5.0149406e-03  -8.5450349e-03   3.8069231e-03
   2.2769551e-01   2.1220977e-01   2.3215731e-01   4.8820189e-03  -8.6438719e-03   3.3905218e-03
   2.0460620e-01   1.7684080e-01   2.4277217e-01   5.0061349e-03  -8.7573197e-03   3.3028305e-03
   1.5127666e-01   2.0071035e-01   2.8530038e-01   5.0791870e-03  -9.3211455e-03   2.4414153e-03
   1.5142530e-01   1.9363817e-01   2.6676210e-01   5.0173519e-03  -9.3659131e-03   2.4561312e-03
   1.3247960e-01   2.0637430e-01   2.6099526e-01   5.1038328e-03  -9.5495730e-03   2.0152743e-03
   1.2363499e-01   2.3250959e-01   2.6284132e-01   5.1297269e-03  -9.7297170e-03   1.7092296e-03
   1.0709838e-01   1.7850134e-01   2.6806412e-01   5.4284443e-03  -9.1731473e-03   1.1491369e-03
   1.2279117e-01   2.0078760e-01   2.6972503e-01   5.1589663e-03  -9.3637479e-03   1.4944606e-03
   1.5513347e-01   1.8021904e-01   2.5255117e-01   5.5904229e-03  -8.9717063e-03   1.7314785e-03
   1.4675541e-01   2.5039387e-01   2.6086142e-01   5.6448843e-03  -8.6340916e-03   9.9067063e-04
   1.3549211e-01   1.6895406e-01   3.1259404e-01   5.1255659e-03  -9.0958168e-03   6.8461132e-04
   1.6048300e-01   2.0999677e-01   2.8623793e-01   5.6402340e-03  -8.5691356e-03   1.4319639e-03
   1.7924118e-01   2.1558434e-01   3.0382479e-01   5.4301629e-03  -8.2912017e-03   1.9183324e-03
   1.7287770e-01   2.4036849e-01   3.0157468e-01   5.5985680e-03  -8.2947391e-03   2.0384469e-03
   1.6127907e-01   2.0622538e-01   3.0695407e-01   5.6382829e-03  -8.7461674e-03   1.5402426e-03
   1.2315680e-01   2.3137211e-01   3.1314137e-01   6.2206490e-03  -9.3074595e-03   6.7206455e-04
   1.2929979e-01   2.0339396e-01   3.2443275e-01   6.4206022e-03  -9.2064248e-03   7.9935349e-04
   1.5478642e-01   2.2809546e-01   3.0548740e-01   6.3130487e-03  -8.6129138e-03   1.4687511e-03
   1.6329969e-01   1.9598224e-01   3.0770618e-01   5.7808327e-03  -8.6265343e-03   1.7802914e-03
   1.4584384e-01   2.4300937e-01   2.7318880e-01   6.1064371e-03  -7.7903989e-03   1.2170953e-03
   1.5185672e-01   2.1197346e-01   2.5911316e-01   6.2130979e-03  -7.4490229e-03   1.5575345e-03
   1.5854980e-01   2.0166572e-01   2.8525541e-01   5.9290511e-03  -7.5406159e-03   1.7715839e-03
   1.5934638e-01   1.8501180e-01   2.7911492e-01   6.0648268e-03  -7.6752838e-03   1.6922436e-03
   1.6255703e-01   2.0729619e-01   2.6607468e-01   5.6552058e-03  -7.7099290e-03   1.4967775e-03
   1.5867753e-01   2.5003577e-01   2.5552017e-01   6.4652200e-03  -7.4526340e-03   1.6120502e-03
   1.6793295e-01   1.8752658e-01   2.7207288e-01   6.3345016e-03  -7.5411257e-03   1.5818706e-03
   1.7036405e-01   1.8962738e-01   2.8531986e-01   5.8513133e-03  -7.4294478e-03   1.6366705e-03
   1.6575120e-01   2.0279267e-01   2.9697168e-01   6.1306076e-03  -7.6162520e-03   1.4024866e-03
   1.5630211e-01   2.6271940e-01   2.8866688e-01   5.8737561e-03  -7.6792440e-03   1.2960939e-03
   1.5638754e-01   2.1877877e-01   2.9501057e-01   5.5626056e-03  -7.7045722e-03   1.3108780e-03
   1.5369684e-01   2.2919557e-01   2.9449500e-01   5.6459497e-03  -7.9431113e-03   1.1956568e-03
   1.5523097e-01   2.2688378e-01   2.8198879e-01   6.0827152e-03  -7.8595348e-03   1.3082045e-03
   1.5259395e-01   2.4554981e-01   2.7443609e-01   5.7422850e-03  -7.7493821e-03   1.4358609e-03
   1.3003737e-01   2.5133039e-01   3.1850718e-01   6.1038832e-03  -7.7424381e-03   1.1041905e-03
   1.3153898e-01   2.4464440e-01   2.9637526e-01   7.0101271e-03  -7.4113100e-03   1.1690617e-03
   1.3923290e-01   2.1866115e-01   3.2857542e-01   6.0819178e-03  -7.8682324e-03   1.1534141e-03
   1.6262087e-01   2.8887329e-01   3.1277619e-01   5.7896733e-03  -7.7953009e-03   1.7371551e-03
   1.7235976e-01   2.7304501e-01   2.9270917e-01   6.1007562e-03  -7.7916251e-03   2.3597055e-03
   1.8086865e-01   3.0055658e-01   2.9516381e-01   6.8750085e-03  -7.8960830e-03   2.9063216e-03
   1.8073918e-01   3.1202364e-01   3.0084888e-01   7.4511828e-03  -7.7179719e-03   2.8662542e-03
   1.8739302e-01   2.5504491e-01   3.0442183e-01   7.6357419e-03  -7.7386906e-03   2.7562625e-03
   1.7328500e-01   3.0780904e-01   2.9542285e-01   7.6642857e-03  -7.9677412e-03   2.5341836e-03
   1.3308949e-01   2.7421594e-01   2.9886731e-01   7.3014177e-03  -7.5854993e-03   1.7911666e-03
   1.1955156e-01   1.2142056e-01   3.0304800e-01   6.6851460e-03  -7.8746309e-03   1.0096320e-03
   1.9634900e-01   2.9302905e-01   3.3089094e-01   8.0688769e-03  -8.7187080e-03   2.7740648e-03
   2.5623498e-01  -3.7728561e-02   2.6523720e-01   1.0851532e-02  -9.2934499e-03   3.4040409e-03
   3.1836370e-01  -2.9978577e-02   2.1701372e-01   4.1917860e-03  -8.4617856e-03   3.8545957e-03
   3.2231198e-01   8.6721393e-02   3.1288674e-01   4.2212900e-03  -8.6745414e-03   4.4492282e-03
   3.4207642e-01   6.0388407e-02   3.0934524e-01   3.6768129e-03  -8.3995263e-03   4.8954323e-03
   3.0832168e-01   1.0356757e-01   3.0474466e-01   2.7594129e-03  -8.3891509e-03   4.5237391e-03
   2.9117874e-01   7.6308036e-02   3.1244536e-01   2.5856497e-03  -8.7255134e-03   4.3478811e-03
   3.0049046e-01   9.6249156e-02   3.1722955e-01   2.0391053e-03  -8.9630218e-03   4.5546307e-03
   3.0592524e-01   7.6752642e-02   3.0230426e-01   1.9049712e-03  -8.8625073e-03   4.6247801e-03
   3.1423437e-01   4.1244641e-02   2.9489043e-01   1.8609203e-03  -8.4987444e-03   4.5305724e-03
   3.3054302e-01   6.8392160e-02   3.1417108e-01   2.0384589e-03  -8.0451311e-03   4.6253495e-03
   3.2787819e-01   5.9183277e-02   3.0961861e-01   2.0183088e-03  -8.1899498e-03   4.7458938e-03
   3.3808045e-01   6.8470357e-02   3.6169461e-01   2.0438319e-03  -8.3585258e-03   4.8815736e-03
   3.2570840e-01   8.2193981e-02   3.1456771e-01   2.9226637e-03  -8.0847599e-03   4.9159691e-03
   2.3800528e-01   2.4620241e-01   1.9804527e-01   3.9265496e-03  -8.0233254e-03   3.4539818e-03
   1.9338269e-01   6.1576338e-02   3.0732791e-01   2.1908956e-03  -8.7757332e-03   2.3054807e-03
   2.4071312e-01   6.3153604e-02   2.9149568e-01   1.9680148e-03  -8.9006354e-03   2.6007184e-03
   1.9866311e-01   1.2784443e-01   3.2917911e-01   1.9641579e-03  -9.3301823e-03   1.8952944e-03
   1.5485879e-01   1.3957272e-01   4.0811790e-01   2.0554856e-03  -1.0417425e-02   8.1494901e-04
   2.0756707e-01   1.1867399e-01   3.4608143e-01   1.9410615e-03  -9.6660942e-03   1.8465946e-03
   2.2163071e-01   1.6626292e-01   3.4211414e-01   2.3159622e-03  -9.4347890e-03   2.2171148e-03
   2.2591419e-01   1.9316083e-01   3.4604108e-01   2.3018021e-03  -9.2852794e-03   2.4149916e-03
   2.0988260e-01   1.2728124e-01   3.8105638e-01   2.1546203e-03  -9.2397395e-03   2.0390087e-03
   1.9991807e-01   1.0853146e-01   4.0648569e-01   1.7722838e-03  -9.3764149e-03   1.7423673e-03
   1.7392686e-01   1.3028672e-01   4.1484738e-01   2.4572274e-03  -9.6561178e-03   7.1111558e-04
   1.9652934e-01   1.0822425e-01   4.0979002e-01   1.7491080e-03  -9.3796202e-03   1.2824734e-03
   2.0148488e-01   1.4720756e-01   3.7543727e-01   1.6837306e-03  -9.3963054e-03   1.5627977e-03
   1.9964774e-01   1.8985378e-01   3.6111419e-01   2.0505822e-03  -9.2668144e-03   1.9241311e-03
