   0.0000000e+00   0.0000000e+00  -7.2094873e-15  -6.1594057e-18   5.3271617e-19   3.2812150e-36
   1.8403615e-02  -5.1026437e-03   4.1759243e-02   1.7018664e-05   2.3706697e-04   4.5666277e-04
   4.0591361e-02  -1.2310578e-02   4.5291896e-04  -7.3116094e-04   2.3150922e-05   8.2413882e-05
   4.5511897e-02   2.5912090e-02  -3.4174856e-02  -8.3433538e-04  -1.8575062e-04  -1.2010319e-04
   4.6852136e-02  -5.6129533e-02  -5.1848222e-02  -6.3930758e-04  -1.2088393e-04   5.3722369e-05
   9.2147221e-03   1.6481072e-02  -4.8152974e-03  -5.2368461e-04  -6.2826676e-05  -1.6104359e-04
   1.5647652e-02  -1.6407781e-02  -3.9848626e-02  -8.6067363e-05   2.0536668e-04  -1.2427472e-04
   3.2232850e-02   1.7861515e-02  -5.0511141e-02  -5.5089061e-04  -3.1671230e-04   1.1990554e-04
   1.7845029e-02   2.9879837e-02  -4.8876143e-02  -5.7458784e-04  -3.8573573e-04   3.7565382e-06
  -1.0088584e-02   4.2583846e-02  -4.9391744e-02   3.3997429e-04  -3.9691495e-05  -3.7971348e-05
  -6.1186787e-03   2.6382361e-02  -3.7348973e-02  -7.7340744e-05  -3.5467240e-05  -4.3706547e-05
   2.6232567e-05  -1.6935887e-02  -6.7251800e-02   1.8972674e-04   5.8340900e-05   4.2801649e-05
   3.2952625e-03   8.5525564e-02  -3.5739071e-02   2.5769268e-04  -6.0303760e-05   1.7349996e-04
   8.4709998e-03   1.0322582e-02  -1.6291797e-02   2.0382448e-05  -7.5145708e-05   2.0258894e-04
   1.4068666e-02   6.0437410e-02  -4.0694998e-02   5.9645095e-04  -1.9081136e-04   3.3762387e-04
   1.2029064e-02  -1.0170288e-02  -1.7597172e-02   1.6077102e-05  -1.5404780e-04   3.6707167e-04
   1.7406188e-02   3.8709994e-02  -4.5612805e-02   1.5277728e-04  -1.1427000e-04   1.9270095e-04
   4.3101808e-02   4.5038934e-02  -1.7948593e-02   5.4213044e-04  -3.1727504e-04   3.1951157e-04
   4.3479503e-02   4.8047265e-03  -1.6957448e-02   3.2393364e-04  -2.6495053e-04   3.3437211e-04
   3.2848845e-02   3.2481866e-02  -1.4925255e-02   3.2093558e-04  -1.7567230e-04   4.1147972e-04
   4.0874002e-02  -1.8343695e-02  -4.3747657e-02   8.0993933e-04  -1.7042901e-04   4.2037066e-04
   5.4328947e-02   4.7765906e-02  -1.0303144e-03   5.4749919e-04  -2.5352213e-04   4.3677269e-04
   6.2183629e-02   9.6910363e-03   1.2693795e-02   5.3337459e-04  -1.9676352e-04   4.9442234e-04
   5.2983944e-02  -3.5551260e-03   2.5781714e-02   5.5586144e-04  -3.2851860e-04   3.4950213e-04
   3.6293030e-02  -2.1770745e-03   1.7776957e-02   1.6559811e-03  -2.5360682e-04   4.3869865e-04
   4.3246948e-02  -7.4994204e-03   2.9562163e-02   1.6364936e-03  -2.5945140e-04   4.7387275e-04
   5.8326578e-02   3.9553759e-02   4.8728603e-02   1.5938024e-03  -3.9560878e-04   6.1649949e-04
   5.0859545e-02   5.6463688e-04   3.0234002e-02   1.6674874e-03  -4.8278536e-04   6.0216292e-04
   3.7979636e-02   5.8093682e-02   4.8612415e-03   1.0195150e-03  -2.6972239e-04   7.9246791e-05
   4.4228954e-02   2.3670629e-01  -6.9813690e-02   9.3622081e-05  -8.3521082e-04  -3.0437492e-04
   4.3569268e-02  -4.6524524e-02  -9.4680494e-02  -1.1253195e-04  -1.2325836e-03  -1.0748388e-03
   5.7587798e-02  -3.8187152e-01  -6.2662988e-02   5.2202876e-04  -1.5334768e-03  -5.8801868e-04
   5.7308053e-02  -1.6648522e-02  -4.0328470e-02   1.0028568e-03  -1.2437625e-03  -4.7116948e-04
   5.4695879e-02  -6.2422301e-02  -4.3867061e-02   1.2864397e-03  -1.0072520e-03  -3.9745952e-04
   5.4805279e-02  -8.4092585e-03  -3.6174745e-02   1.4580717e-03  -1.3153005e-03  -5.4937290e-04
   5.1615496e-02  -1.0306479e-01  -8.9283407e-02   1.1859557e-03  -1.2533871e-03  -4.9306354e-04
   4.8694767e-02   6.3412885e-02  -8.1540232e-02  -1.6459125e-05  -1.3394002e-03  -8.6488958e-04
   5.5320361e-02  -8.7618926e-02  -7.1772982e-02   9.1031441e-04  -1.0878507e-03  -6.1809988e-04
   6.3479357e-02   2.2560712e-03  -5.2085168e-02   1.0681377e-03  -1.1544912e-03  -5.3759603e-04
   5.1181443e-02  -3.7296785e-03  -2.7805023e-02   1.6069918e-03  -1.1089651e-03  -5.3825287e-04
   5.6893854e-02   4.2518117e-03  -3.4365185e-02   1.1181688e-03  -1.2739798e-03  -5.2250227e-04
   4.4252973e-02  -6.4408264e-02  -3.3097489e-02   1.4630529e-03  -9.7589561e-04  -5.1922213e-04
   6.0807197e-03   4.8834196e-02  -2.5184101e-02   1.7032866e-03  -8.6735804e-04  -1.0545114e-03
  -4.6277010e-03   1.3359002e-01  -4.5592330e-02   2.7996846e-03  -8.0368896e-04  -1.3931625e-03
   3.1161747e-02   1.3564106e-01  -5.0451559e-02   2.7981617e-03  -1.6438146e-03  -1.2669614e-03
   5.1880515e-02  -3.4626429e-01  -4.4769242e-02   1.3486566e-03  -1.3297892e-03  -6.1787707e-04
   4.5034973e-02  -7.2931797e-03  -9.7877724e-03   1.7123346e-03  -1.0092179e-03  -4.7088671e-04
   5.3155546e-02  -4.6120657e-03  -1.6928236e-02   2.2571453e-03  -6.9661498e-04  -3.8690133e-04
   3.3542566e-02  -3.5506023e-02  -1.3173276e-02   1.9961510e-03  -7.5823374e-04  -5.0911123e-04
   5.4321892e-02   3.2228595e-02   4.6633903e-04   1.8035962e-03  -7.9347489e-04  -2.6696428e-04
   6.1688424e-02  -5.3903352e-03  -2.3075091e-02   2.2206882e-03  -8.3446706e-04  -2.0112013e-04
   5.3570036e-02  -5.4486390e-02  -2.0185953e-02   2.3989332e-03  -7.5560197e-04  -2.2132766e-04
   4.8508871e-02   1.8956643e-02  -1.5536023e-02   2.1662502e-03  -9.6252440e-04  -2.7575702e-04
   5.8691336e-02   3.1229549e-02  -4.3767118e-02   1.5525570e-03  -1.0636042e-03  -2.1758495e-04
   6.0427010e-02  -8.5551538e-02  -1.1953158e-01   1.2727170e-03  -1.1168120e-03  -2.9740313e-04
   3.5498461e-05   5.5957093e-02   1.3316988e-01   3.4607763e-04  -4.1476464e-04  -6.2121115e-04
   3.0765289e-02   2.3095709e-02   2.8737914e-01   2.8520150e-04  -4.4660830e-04  -2.0620487e-04
  -1.0252362e-02   5.3424178e-02   3.4049263e-01  -4.0399095e-04  -6.2610405e-04  -5.3835731e-04
  -4.9836027e-03  -9.1762259e-02   3.2640432e-01   4.0966644e-05  -4.6037086e-05  -2.1529574e-04
  -7.3685378e-05  -1.6412056e-02   3.1208666e-01  -9.7115417e-05  -4.0321798e-04  -2.0684807e-04
  -1.4596200e-02  -1.0109182e-01   2.5052970e-01   4.5361804e-04  -1.0918681e-04  -3.0144160e-04
  -2.5392001e-02   4.2806566e-02   2.6412368e-01   2.4045575e-04  -3.1950108e-04  -2.9731428e-04
  -3.9458422e-02   6.4426017e-03   2.6229959e-01   3.2071234e-04  -3.5162497e-04  -5.5932082e-04
  -4.2133124e-02  -6.1154211e-02   2.4233665e-01   6.0156204e-04  -1.1010224e-04  -5.4988966e-04
  -4.8500568e-02   1.1948072e-02   2.6364701e-01   4.5484600e-04  -3.7022084e-04  -5.3776623e-04
  -4.2072308e-02  -6.5088243e-03   2.4789847e-01   4.2359960e-05  -2.7769697e-04  -5.4607912e-04
  -3.0037822e-02  -1.7864900e-02   2.7672419e-01   5.5090501e-04  -4.2730570e-04  -4.2491575e-04
  -5.7419807e-02  -5.5527192e-02   2.8490488e-01   6.1274146e-04  -3.6192327e-04  -4.9441681e-04
  -5.8111923e-02   7.3723595e-02   2.5662702e-01   1.7564859e-04  -4.8298954e-04  -5.5383976e-04
  -8.5612044e-02  -6.1600360e-02   2.4394604e-01   2.5775383e-04   6.9003559e-05  -6.7125377e-04
  -7.0709890e-02   7.2642694e-02   2.8248513e-01  -4.0005327e-04  -2.3576005e-04  -7.0943534e-04
  -7.3754051e-02   1.0902630e-02   2.5891734e-01  -3.1698866e-04  -1.4513746e-04  -8.1488644e-04
  -7.3910411e-02   6.4892145e-02   2.7033461e-01  -2.6002941e-05   7.1402707e-06  -7.4672297e-04
  -7.6941412e-02   1.6878027e-01   2.0286952e-01   1.2740098e-03  -6.0979265e-04  -1.2041348e-03
  -6.4314881e-02  -5.2823547e-02   1.3045852e-01   5.0651225e-03  -1.6717459e-03  -1.2424666e-03
  -2.2860091e-03  -4.4348795e-01   9.7124830e-02   1.1625868e-03  -2.0613701e-03  -5.5891659e-04
  -3.4410215e-02   2.2909469e-02   1.5859060e-01  -8.4753669e-04  -1.8078444e-03  -9.9496519e-04
  -2.6044173e-02  -1.8738804e-02   1.7494571e-01  -4.8898068e-04  -1.2222920e-03  -7.4388427e-04
  -4.3740045e-02  -2.9495326e-02   1.8323190e-01   3.2824485e-04  -1.4650732e-03  -7.2084281e-04
  -4.3548490e-02  -7.8214952e-03   1.6425014e-01   2.7425082e-04  -1.7434673e-03  -8.6618986e-04
  -3.5593866e-02  -6.9985231e-02   1.4680655e-01  -1.1811557e-04  -1.1491538e-03  -8.3469746e-04
  -3.4109714e-02   1.9875176e-02   1.5738130e-01  -4.3178958e-04  -1.0485737e-03  -5.8039849e-04
  -2.7268868e-02   5.4822484e-04   1.5423833e-01  -2.6951725e-04  -1.1749233e-03  -5.5677093e-04
   2.1237504e-03  -3.1244777e-02   1.2010781e-01   1.1539270e-04  -1.2174868e-03  -2.2664966e-04
   3.6402476e-03   4.2530763e-02   1.2277776e-01  -1.9284934e-04  -1.2913356e-03  -2.3463962e-04
  -1.3789572e-03   1.3494904e-02   1.8973411e-01  -8.4519237e-04  -1.3433201e-03  -3.1052402e-04
   8.6021732e-03   1.8994859e-02   1.5496853e-01  -2.4987015e-04  -1.4549454e-03  -7.3397357e-05
   1.1276052e-02  -2.3318654e-02   1.7982208e-01  -7.1711901e-04  -1.3796002e-03  -3.2235109e-04
   5.8087818e-03  -3.3752430e-02   1.5114362e-01   1.5951638e-04  -1.2845585e-03  -8.1701445e-05
   1.0990570e-02   1.9811350e-02   1.9128594e-01  -5.2430632e-04  -1.2381699e-03  -2.3464003e-04
   7.7002681e-03   5.4984316e-03   2.0931632e-01  -6.8520235e-04  -1.3566981e-03  -3.0876960e-04
   4.5026962e-04  -1.6927861e-02   1.8336507e-01  -6.1352862e-05  -1.1464297e-03  -3.8478503e-04
   4.1761733e-03   5.7293397e-02   1.5511761e-01   2.9922930e-04  -1.5869505e-03  -1.0223109e-04
  -5.7900754e-03   1.5212952e-01   2.1346004e-01   1.1882841e-03  -1.0444178e-03  -5.2460952e-04
  -7.8842902e-03   1.1180587e-01   2.6909580e-01   9.6315302e-03  -2.4881850e-03   9.8127163e-05
   8.5748392e-02  -4.1310467e-01   3.5969883e-01   4.2646001e-03  -3.5777295e-03   1.9186340e-04
   9.0799402e-02  -1.5371109e-02   3.5899532e-01   3.5056009e-03  -2.3648731e-03   8.8653872e-05
   7.3511492e-02  -1.0072646e-01   3.7380988e-01   3.0875481e-03  -1.5628738e-03   1.4330158e-05
   6.8188557e-02   2.9136106e-02   3.7201784e-01   3.1924525e-03  -1.5501674e-03  -1.0123536e-05
   7.6811999e-02   1.4205536e-02   3.6212417e-01   3.9227969e-03  -1.9269917e-03   9.6371336e-05
   7.6842068e-02  -4.0222531e-02   3.3912599e-01   3.9044742e-03  -1.7331628e-03   9.1614843e-05
   8.4581299e-02  -5.1397067e-03   3.0140345e-01   4.0270523e-03  -1.8314069e-03   1.8376427e-04
   7.2819319e-02   6.9596254e-02   3.0766571e-01   4.2739025e-03  -1.7807162e-03   1.4400422e-04
   7.8412027e-02  -1.0685969e-02   3.1285093e-01   3.7658660e-03  -2.1076964e-03   2.3959824e-04
   7.3331990e-02   1.2346360e-02   3.1711942e-01   4.3678582e-03  -2.0158302e-03   2.2855170e-04
   7.1204222e-02   8.6376569e-02   2.7005032e-01   6.3034168e-03  -2.2753502e-03   4.5945956e-04
   9.2085192e-02   2.3969597e-02   3.0618033e-01   4.8048031e-03  -2.6036825e-03  -1.4214449e-04
   6.7232059e-02   2.2732561e-02   3.2279919e-01   4.6162094e-03  -1.8894456e-03  -1.8028907e-04
   6.9541275e-02   2.4894789e-01   2.6891973e-01   8.6765074e-03  -2.1752119e-03   4.4583185e-04
   1.9901547e-01   2.2557613e-01   2.5199412e-01   1.3764177e-02  -3.6456879e-03   2.4220589e-03
   1.9389411e-01  -2.0165767e-01   3.4204627e-01   1.0838186e-02  -2.1621086e-03   2.7346988e-03
   1.5537081e-01   6.7149534e-02   4.3196526e-01   9.2451773e-03  -1.5861455e-03   1.7704231e-03
   1.3637984e-01   7.7508453e-02   3.9242263e-01   8.9836986e-03  -1.3876794e-03   1.4152953e-03
   1.2747208e-01   1.4920069e-01   4.2991358e-01   8.7510700e-03  -1.4321702e-03   1.2994146e-03
   1.0682623e-01   1.3737895e-02   4.7036821e-01   9.0936983e-03  -1.1396191e-03   1.3180230e-03
   1.1841360e-01   1.6553205e-01   5.0320152e-01   9.1618254e-03  -1.4185658e-03   1.4242199e-03
   1.2310793e-01   6.9052124e-02   4.7413998e-01   9.4256895e-03  -1.3760161e-03   1.3740133e-03
   1.1202541e-01   9.3859570e-02   4.7359935e-01   9.4445233e-03  -1.3619097e-03   1.2730523e-03
   1.1643691e-01   1.6136324e-01   4.7396510e-01   1.0077436e-02  -1.3980853e-03   1.3285411e-03
   1.1512520e-01   1.1887645e-01   4.9598556e-01   9.0938741e-03  -1.5689325e-03   1.3619935e-03
   1.1514554e-01   1.1023953e-01   4.8055829e-01   9.2014136e-03  -1.4979129e-03   1.2035494e-03
   8.5923568e-02   7.1304363e-02   4.4229359e-01   8.9974961e-03  -1.4779342e-03   1.1269925e-03
   8.8555488e-02   1.0435986e-01   4.5701306e-01   9.0012366e-03  -1.2434364e-03   1.2268580e-03
   7.0029149e-02   1.4591057e-01   4.9211270e-01   9.3377802e-03  -9.0310600e-04   1.1955972e-03
   6.2320201e-02   1.3246931e-01   5.0052494e-01   9.5368492e-03  -1.1010375e-03   1.1790571e-03
   6.1784303e-02   9.7017994e-02   4.8092155e-01   8.6257396e-03  -1.4201628e-03   9.5670802e-04
   2.6746253e-02   2.0750240e-01   2.7961550e-01   1.4080470e-02  -2.3477762e-03   2.8841585e-04
   7.9034886e-02   5.9452471e-02   4.2381809e-01   1.4066870e-02  -1.8250402e-03   6.0489885e-04
   8.1661109e-02  -2.2628929e-01   4.5743874e-01   1.1426927e-02  -1.3068297e-03   1.2422413e-03
   8.4230906e-02   1.7744601e-01   4.8676661e-01   1.1085095e-02  -1.3560881e-03   1.0009070e-03
   7.7079869e-02   1.0029625e-01   4.9565552e-01   1.1249862e-02  -1.4028205e-03   1.0634076e-03
   8.0234185e-02   1.1809210e-01   5.2216108e-01   1.0755156e-02  -1.3711105e-03   1.0806399e-03
   9.6069318e-02   6.9374567e-02   5.0058915e-01   1.0900343e-02  -1.4398914e-03   1.1074083e-03
   8.6328985e-02   6.2372033e-03   4.8283444e-01   1.1202530e-02  -1.4014818e-03   1.0824017e-03
   5.2451015e-02   9.8932799e-02   4.4180256e-01   8.9956183e-03  -1.7451767e-03   5.5547894e-04
   5.4238484e-02   2.2163644e-01   5.1664459e-01   1.0128313e-02  -1.6205716e-03   7.8448767e-04
   4.6211465e-02   1.3612057e-01   5.0716227e-01   1.1416874e-02  -1.5031845e-03   9.3619908e-04
   6.1590868e-02   1.1286967e-01   5.2596516e-01   1.0653673e-02  -1.3007694e-03   9.3582836e-04
   5.6338610e-02   1.1662284e-01   5.3176465e-01   1.1055564e-02  -1.3954141e-03   8.6466854e-04
   4.8607190e-02   1.6641404e-01   5.7287010e-01   1.1122044e-02  -1.5736576e-03   9.6396407e-04
   6.3558443e-02   6.7751136e-02   5.5452712e-01   1.1501139e-02  -1.2804116e-03   1.2814507e-03
   6.9112236e-02   1.4933998e-01   5.7240094e-01   1.2376897e-02  -1.1240408e-03   1.5577843e-03
   5.8337541e-02   1.1199053e-01   6.4719006e-01   1.1523412e-02  -1.1052554e-03   1.5285851e-03
   4.9612294e-02   1.0636737e-01   6.5854671e-01   1.1542248e-02  -9.7045452e-04   1.5182369e-03
   4.5630530e-02   1.2175021e-01   6.5482288e-01   1.2375229e-02  -1.0061144e-03   1.4246793e-03
   4.6480256e-02   1.3884490e-01   6.5438482e-01   1.2655269e-02  -9.1421152e-04   1.6302897e-03
   6.3990932e-02   1.2484904e-01   6.7969281e-01   1.2201808e-02  -7.5547626e-04   1.6924605e-03
   6.2935167e-02   1.7115819e-01   6.6421182e-01   1.2874407e-02  -1.0719043e-03   1.6750854e-03
   5.8753957e-02   2.5430227e-01   6.6327112e-01   1.3097411e-02  -2.4703306e-03   1.1281287e-03
   5.5325977e-02  -2.1298933e-01   6.7842086e-01   1.2251435e-02  -1.4995861e-03   1.4985534e-03
   5.8924320e-02   1.5341093e-01   7.5793075e-01   1.2264602e-02  -1.1472453e-03   1.6622885e-03
   3.6878197e-02   2.9634113e-02   7.8333427e-01   1.2493445e-02  -6.9906394e-04   1.7191442e-03
   3.9878106e-02   1.0383754e-01   8.1933249e-01   1.2614331e-02  -8.6385728e-04   1.5599749e-03
   3.7598406e-02   7.7281468e-02   8.2377961e-01   1.2861746e-02  -6.4994820e-04   1.6256992e-03
   4.6883929e-02   7.4276699e-02   7.9190239e-01   1.3348085e-02  -5.4570402e-04   1.9784226e-03
   4.7737381e-02   1.2296774e-01   8.1853115e-01   1.3070051e-02  -5.9023130e-04   1.8550742e-03
   4.3217183e-02   6.8632161e-02   8.0569608e-01   1.3135905e-02  -4.4003293e-04   1.9925540e-03
   4.9604371e-02   9.0112231e-02   7.8182688e-01   1.3273506e-02  -6.5995551e-04   1.9367798e-03
   4.2675476e-02   1.4719352e-01   8.2681505e-01   1.3011937e-02  -5.9282320e-04   1.8044200e-03
   2.4943516e-02   2.0265484e-01   1.1421555e+00   9.3178509e-03  -8.3533489e-04   1.4487840e-03
   3.6088181e-02   4.8435894e-02   1.3162278e+00   7.8489428e-03  -1.4127431e-03   1.0567653e-03
   1.4734823e-02  -2.6578578e-02   1.1372177e+00   9.0862657e-03  -1.4181676e-03   1.2070187e-03
   7.0190814e-03  -7.6065728e-02   9.2814011e-01   1.1315742e-02  -2.0709137e-04   1.4816000e-03
   8.7248585e-03   1.1253895e-01   1.0060854e+00   1.1980848e-02   9.2750012e-06   1.5581384e-03
   3.3964891e-02   6.0464962e-02   1.0332950e+00   1.1963474e-02  -5.4058075e-04   1.8985421e-03
   1.9214771e-02   1.2999789e-01   1.0337561e+00   1.2641130e-02  -1.4720116e-04   1.6406543e-03
   3.9069765e-02   3.9402037e-02   1.0181087e+00   1.2179531e-02  -2.8054268e-04   2.0023287e-03
   6.4722579e-02   3.2067007e-01   8.6692923e-01   1.8224255e-02  -1.6132815e-03   1.8319649e-03
   7.4726364e-02   3.0390886e-01   1.1225392e+00   2.1466899e-02  -2.1191863e-03   8.1449442e-04
   7.2399795e-02  -5.1382330e-02   1.3113388e+00   1.7312730e-02  -9.8364716e-04   1.0227151e-03
   1.0381170e-01   3.1165058e-01   1.3728453e+00   1.7752727e-02  -8.7549818e-04   1.0453940e-03
   9.4709319e-02   2.0053048e-01   1.3305771e+00   1.8813698e-02  -7.2506048e-04   9.3845176e-04
   1.0347437e-01   2.9861431e-01   1.4065101e+00   1.8838955e-02  -1.3825068e-03   1.1850639e-03
   8.5731362e-02   2.2826938e-01   1.4401692e+00   1.7683091e-02  -7.8557196e-04   9.0860885e-04
   9.1243087e-02   2.0201843e-01   1.4245431e+00   1.7775933e-02  -7.1021972e-04   1.1940216e-03
   9.7652898e-02   2.4622237e-01   1.4226308e+00   1.7403415e-02  -7.3399867e-04   1.2519248e-03
   9.9168777e-02   1.7863732e-01   1.3904466e+00   1.7913893e-02  -7.7662772e-04   1.3474403e-03
   1.0603324e-01   2.9094735e-01   1.3808707e+00   1.8010523e-02  -1.2801941e-03   1.2705429e-03
   1.1450267e-01   2.6971176e-01   1.3885016e+00   1.8539792e-02  -1.1927763e-03   1.3470188e-03
   1.1830216e-01   2.6419851e-01   1.4143265e+00   1.8526893e-02  -1.2062024e-03   1.3973043e-03
   1.1325170e-01   2.3030059e-01   1.4044496e+00   1.8377978e-02  -1.0526629e-03   1.5221109e-03
   1.3263432e-01   2.5184918e-01   1.3816095e+00   1.8677913e-02  -1.1110984e-03   1.7800011e-03
   1.2102540e-01   2.4634937e-01   1.3806548e+00   1.9868898e-02  -9.2074164e-04   1.7608458e-03
   1.0590237e-01   2.3026319e-01   1.4434025e+00   1.8980960e-02  -7.0318993e-04   1.9475213e-03
   1.0891791e-01   2.6659129e-01   1.4016257e+00   2.0475370e-02  -1.0344422e-03   1.8798162e-03
   1.1230966e-01   4.7920192e-01   1.3196725e+00   2.1943970e-02  -1.6943979e-03   1.3482579e-03
   9.9851618e-02   5.0661261e-01   1.2655606e+00   3.1445723e-02  -3.8139916e-03  -7.0362994e-05
   1.9994600e-01   4.4476693e-01   1.6309569e+00   3.3490239e-02  -4.5859968e-03   1.6220475e-03
   2.4477638e-01   8.1564964e-02   1.8084743e+00   2.8598215e-02  -2.8886364e-03   2.1370782e-03
   2.5402120e-01   4.2645616e-01   1.8334286e+00   2.7848709e-02  -2.8670813e-03   2.2373582e-03
   2.4135120e-01   4.3406147e-01   1.8100369e+00   2.8650497e-02  -2.6391375e-03   2.4157713e-03
   2.3136738e-01   4.6835176e-01   1.8581096e+00   2.8266778e-02  -2.6977888e-03   2.1011110e-03
   2.1734125e-01   3.9038206e-01   1.8416056e+00   2.8814794e-02  -2.0315268e-03   2.1412393e-03
   2.3673643e-01   5.2654170e-01   1.8462414e+00   2.8910261e-02  -2.3237204e-03   2.1539081e-03
   2.2758464e-01   4.2679377e-01   1.8242518e+00   2.9605299e-02  -1.8643958e-03   2.2793954e-03
   2.0434108e-01   3.9485817e-01   1.8112680e+00   2.8571344e-02  -1.6214711e-03   2.3493564e-03
   2.0946012e-01   5.4805067e-01   1.7785133e+00   3.0409878e-02  -2.3207211e-03   2.5074260e-03
   1.8621526e-01   5.0072179e-01   1.8189549e+00   2.8700503e-02  -1.6280460e-03   1.8510396e-03
   1.9982996e-01   4.6838264e-01   1.8253649e+00   2.8414546e-02  -1.5846006e-03   2.3931197e-03
   2.0449816e-01   5.4254050e-01   1.8099827e+00   2.8604556e-02  -1.7675026e-03   2.0988707e-03
   1.7483185e-01   5.9078105e-01   1.6106773e+00   3.4739893e-02  -2.3104691e-03   1.4098716e-03
   2.9934712e-01   2.8838074e-01   1.7988848e+00   3.3559658e-02  -8.2195401e-04   3.4774580e-03
   3.1142549e-01   3.5583463e-01   1.8451488e+00   3.3047363e-02  -1.4842946e-03   3.4358110e-03
   3.1994196e-01   6.5111087e-01   1.8554341e+00   3.3365700e-02  -1.5470497e-03   3.1831071e-03
   3.1301143e-01   3.9032631e-01   1.9046817e+00   3.2721994e-02  -1.4549211e-03   3.0382643e-03
   3.0530095e-01   5.2482736e-01   1.9721380e+00   3.2186291e-02  -1.4202304e-03   3.1812170e-03
   3.1490014e-01   4.5294394e-01   1.9326782e+00   3.2274446e-02  -1.3347198e-03   3.2040764e-03
   2.9696795e-01   4.5784351e-01   1.9280377e+00   3.2421405e-02  -1.0390422e-03   3.0201671e-03
   2.9466179e-01   5.3854290e-01   1.9676945e+00   3.2035271e-02  -1.1156596e-03   3.1289078e-03
   2.9004166e-01   5.2833543e-01   1.9289379e+00   3.3132847e-02  -1.0951960e-03   3.1099177e-03
