   0.0000000e+00   0.0000000e+00  -1.4210855e-14   0.0000000e+00   0.0000000e+00   0.0000000e+00
   1.2395879e-02   5.7063379e-02   2.5423636e-02  -2.1862418e-04  -1.0008395e-04   2.8062209e-04
   1.9292452e-02  -3.3623511e-03   1.4332635e-02  -2.2692931e-04  -3.5538459e-05   2.6865413e-04
  -8.2020286e-03  -1.6036287e-02   1.3118050e-02  -4.5270389e-05  -9.2538897e-05  -2.8741063e-05
   1.3016274e-03   4.6987003e-02  -8.8113394e-03   8.4961838e-06  -4.3225370e-04   2.0830224e-04
   7.6058011e-03   5.7890044e-02  -2.2116725e-02  -8.2467339e-05  -5.6668509e-04   2.3253537e-04
   3.0170800e-02   2.2813859e-02  -3.9128096e-02   7.7671030e-04  -6.3857530e-04   4.5434528e-04
   3.5792699e-02   5.6786224e-02  -2.5578433e-02   8.6050727e-04  -9.7390154e-04   5.2500392e-04
   3.0595223e-02   3.6690147e-02  -2.1309618e-02   2.4959252e-04  -6.6559223e-04   4.6125035e-04
   1.0501523e-02   1.0651385e-02  -2.9072301e-02   6.2395636e-04  -6.5702021e-04   3.5183485e-04
   1.8393633e-02   1.2614211e-02  -3.8139768e-02   1.0654378e-03  -7.3540280e-04   2.9849272e-04
   2.8553456e-02   9.2678086e-02   3.1090089e-02   7.5401641e-04  -3.9994349e-04   2.4822547e-04
   3.5822822e-02   1.8544147e-02   3.2018667e-02   8.7798780e-04  -4.0092433e-04   3.8872230e-04
   4.4751603e-02   2.0102066e-02   1.8155959e-02   9.2320182e-04  -4.9305207e-04   5.2385475e-04
   6.9123247e-02   5.9569382e-02  -4.3806993e-02   3.6221052e-03   4.1546333e-04   1.6146089e-03
   1.0291260e-01   2.4105795e-02   1.8866475e-01   1.6305606e-03   8.5744253e-04   2.6884651e-03
   9.1362728e-02   4.1195751e-02   1.6891328e-01  -2.7271953e-04   4.4859134e-04   1.7680668e-03
   8.6367537e-02  -4.0900676e-03   1.7131455e-01  -3.3452179e-04   3.8785785e-04   1.5646023e-03
   9.3617043e-02   4.2901710e-02   1.6916010e-01   1.4630195e-06   6.6663584e-06   1.5986849e-03
   9.8304229e-02  -3.7338502e-03   1.6893470e-01  -2.9831855e-04   2.7448406e-04   1.4275561e-03
   1.0186204e-01  -8.9805669e-04   1.7594471e-01   2.6751205e-05   1.9731772e-04   1.5269995e-03
   1.0903191e-01   4.9783440e-02   1.3217847e-01   3.5327260e-04  -3.4490924e-04   1.7330338e-03
   1.0707674e-01  -4.0700123e-03   9.5374170e-02   5.4229305e-05  -4.3351403e-04   1.7237586e-03
   1.0883370e-01   3.3582788e-02   9.4981265e-02  -2.4554794e-04  -4.9753193e-04   1.6468001e-03
   1.0714729e-01   9.9631569e-03   1.1629105e-01  -1.1455423e-05  -2.2965538e-04   1.5758624e-03
   1.0622241e-01   2.0251023e-02   1.0286539e-01   1.5330220e-04  -3.8245845e-04   1.5120109e-03
   1.1849281e-01   5.7471918e-02   1.1311939e-01   2.1069797e-04  -3.4226277e-04   1.6962414e-03
   1.1685373e-01   4.9440434e-02   1.1173686e-01   2.8909988e-04  -2.0857384e-04   1.6680223e-03
   1.0870410e-01   5.5014386e-02   1.1892158e-01   2.6745022e-04  -1.5649420e-04   1.4849255e-03
   1.0532088e-01   1.7004713e-02   1.0710610e-01   3.0634509e-04  -3.0451755e-04   1.5184356e-03
   9.3540205e-02   4.0012170e-02   1.1299109e-01  -1.2345926e-04  -3.2754498e-04   1.5209892e-03
   1.0319483e-01   1.2257117e-02   1.2612972e-01   3.1244373e-05  -1.5107663e-04   1.5845894e-03
   8.6842830e-02   2.6796657e-04   1.1628135e-01  -2.0394780e-05  -4.2235890e-04   1.3298720e-03
   1.1634695e-01   1.3515110e-02   7.6384471e-02   4.0467414e-04  -5.7360875e-04   1.6786170e-03
   1.0288267e-01   9.2415034e-02   8.6017022e-02  -1.7442416e-04  -1.0368403e-03   1.6153177e-03
   1.1354784e-01   4.5925660e-02   8.2229323e-02   5.7339601e-04  -7.6968119e-04   1.6395146e-03
   9.5578398e-02   1.4936893e-02   9.1058004e-02   1.3279742e-04  -7.5713391e-04   1.3613194e-03
   1.0398798e-01  -5.3200842e-03   8.4233531e-02   5.0809742e-04  -9.1571553e-04   1.2626394e-03
   1.3329817e-01   3.4401018e-02   6.6705211e-02   3.4239337e-04  -8.2180690e-04   1.6632683e-03
   1.2187705e-01   5.0495433e-02   9.9977375e-02   1.8444475e-04  -7.2291326e-04   1.7173799e-03
   1.1409539e-01   5.4759768e-03   1.0711284e-01   5.4574584e-04  -6.1990170e-04   1.4999098e-03
   1.0260940e-01   7.9601089e-03   1.0501094e-01   5.9282183e-04  -7.1251013e-04   1.2456891e-03
   1.3191673e-01   6.6974675e-02   5.6567275e-02   1.7909061e-04  -9.2421136e-04   1.5011857e-03
   1.0033574e-01  -1.5039529e-02   1.2063677e-01   6.0168680e-04  -7.5523804e-04   1.3845642e-03
   1.0083417e-01   1.6190879e-03   8.1360051e-02   4.2436362e-04  -8.7407921e-04   1.4855935e-03
   1.0506621e-01   2.4986562e-02   9.8971780e-02   1.1228274e-04  -8.4335659e-04   1.4384082e-03
   1.2758697e-01  -4.2497552e-03   6.4590410e-02   3.5942384e-04  -1.3237657e-03   1.6630789e-03
   1.2379538e-01   5.3878581e-02   4.7528773e-02   6.1032358e-04  -1.4167821e-03   1.6724180e-03
   1.1788463e-01   5.2664596e-02   7.7217322e-02   5.2446893e-04  -1.2086465e-03   1.5822356e-03
   1.1215161e-01   4.5856984e-02   8.0747592e-02   5.7344462e-04  -1.2534466e-03   1.5288942e-03
   1.0857656e-01   8.4492800e-02   6.8420861e-02   5.8978232e-04  -1.3127224e-03   1.4786852e-03
   1.0738831e-01   2.6714965e-02   4.9675424e-02   1.2237470e-03  -1.3319859e-03   1.4097123e-03
   1.1081264e-01   4.9482413e-02   5.4890303e-02   1.1599779e-03  -1.3181117e-03   1.5217466e-03
   1.1222434e-01   9.3667543e-02   4.5694812e-02   6.0245013e-04  -1.1418119e-03   1.3341703e-03
   1.0651656e-01   2.8691152e-02   2.6928637e-02   7.8814945e-04  -1.2556189e-03   1.1799161e-03
   1.0444148e-01   2.8282233e-02   6.2097750e-02   9.6624151e-04  -1.1411931e-03   1.2721148e-03
   1.1805753e-01   8.9812514e-02   7.4080927e-03   6.5022898e-04  -1.4162233e-03   1.4208429e-03
   1.1456783e-01  -7.8409310e-03   4.9368718e-02   1.1242478e-03  -1.2141441e-03   1.3838146e-03
   1.2459470e-01  -3.4327258e-02  -1.8493642e-02   1.1559192e-03  -1.8410484e-03   1.9901961e-03
   1.1603205e-01  -1.8149108e-01  -4.0670942e-01   5.3738117e-03  -8.8957864e-04   2.9922789e-03
   1.2255800e-01   2.4486034e-01  -1.5452314e-01   2.4890050e-03  -1.2493485e-03   2.1726725e-03
   1.1914588e-01   1.4068684e-01  -1.4576264e-01   2.7695509e-03  -1.3436957e-03   2.0627635e-03
   1.2142738e-01   5.9508893e-02  -9.5314443e-02   2.6300676e-03  -1.2597024e-03   1.8012165e-03
   1.2573746e-01   9.0795619e-02  -8.3432025e-02   2.5021607e-03  -1.1086232e-03   1.8833964e-03
   1.1724334e-01   1.1622267e-01  -1.1276585e-01   2.5021141e-03  -1.4164785e-03   2.1613312e-03
   1.1384056e-01   8.3078795e-02  -6.5388055e-02   1.9931635e-03  -1.1232251e-03   1.7131615e-03
   1.2194810e-01   5.3387043e-02  -1.0067566e-01   2.2400587e-03  -1.1476860e-03   1.9350992e-03
   1.3136946e-01   9.3784568e-02  -8.5236970e-02   2.0424937e-03  -1.0738401e-03   1.8367067e-03
   1.2591761e-01   1.0808996e-01  -3.2972348e-02   1.6352652e-03  -1.1682504e-03   2.0118845e-03
   1.2583770e-01   2.3800653e-02  -6.5672624e-02   2.3568573e-03  -1.4804251e-03   2.0984022e-03
   6.6465953e-02   1.3407308e-01   2.0823349e-01   3.5210049e-04  -2.4055006e-03   1.4204318e-03
   7.2050128e-02   4.5173829e-02   1.3341702e-01   3.4456420e-04  -1.5928115e-03   1.2946299e-03
   7.3226118e-02   6.0654844e-02   1.1862894e-01   3.9420056e-04  -1.4353288e-03   1.1493138e-03
   7.3740306e-02   4.4730095e-04   1.1512713e-01   8.1566646e-04  -1.4837605e-03   1.2456659e-03
   9.1252559e-02   7.2610725e-02   1.0665958e-01   6.3945261e-04  -1.8331202e-03   1.3510068e-03
   9.5349919e-02   7.6583814e-02   1.1512053e-01   8.0494623e-04  -1.6518023e-03   1.2655801e-03
   9.9216828e-02   3.5561655e-02   1.1990128e-01   8.7381948e-04  -1.7222891e-03   1.4126066e-03
   1.0776950e-01   3.3052796e-02   1.1569890e-01   1.2464800e-03  -1.7308588e-03   1.4887664e-03
   1.0921981e-01   7.1619822e-02   1.1498767e-01   8.7837364e-04  -1.9017085e-03   1.5350655e-03
   1.1033783e-01   3.6698959e-02   1.1951557e-01   9.0425437e-04  -1.7394270e-03   1.4424847e-03
   1.0449097e-01   6.9008426e-02   1.1251410e-01   7.7562821e-04  -1.8164818e-03   1.4473722e-03
   9.5062123e-02   4.3721440e-02   1.0339983e-01   1.1280737e-03  -1.7798973e-03   1.3246696e-03
   7.8980661e-02   1.0699001e-01   1.0757830e-01   9.1884618e-04  -1.7513928e-03   9.7628859e-04
   9.8706845e-02   8.1015185e-02   1.2323175e-01   1.1395172e-03  -1.6798738e-03   1.2045280e-03
   1.0196605e-01   5.7564950e-02   9.0313479e-02   9.6514721e-04  -1.5990347e-03   1.3150869e-03
   9.2985983e-02   5.7780321e-02   1.0098483e-01   1.1618714e-03  -1.4914836e-03   1.1477153e-03
   9.4458750e-02   1.1783260e-01   9.6576508e-02   7.4458903e-04  -1.7835805e-03   1.3577416e-03
   1.0607832e-01   6.4833858e-02   9.3828913e-02   1.5706604e-03  -1.9992620e-03   1.7399907e-03
   9.7174715e-02   3.6275733e-02   1.0845778e-01   1.0261597e-03  -1.6600844e-03   1.4674867e-03
   8.5827725e-02   5.1687591e-02   8.6392458e-02   1.1264358e-03  -1.7733633e-03   1.3879054e-03
   7.5571813e-02   8.0556691e-02   1.1104428e-01   9.9238441e-04  -1.7259047e-03   1.2872224e-03
   7.5626574e-02   4.9244144e-02   1.3472907e-01   1.0581012e-03  -1.8133091e-03   1.2688440e-03
   6.6562032e-02   9.2561763e-03   1.2293354e-01   1.2823672e-03  -1.6516425e-03   1.1855160e-03
   7.0363486e-02   7.2403832e-02   1.3506015e-01   8.5527151e-04  -2.0241640e-03   1.2771705e-03
   9.5316541e-02   3.5718244e-02   1.0467361e-01   8.8439528e-04  -1.9523898e-03   1.4849207e-03
   9.0107074e-02   9.6662962e-03   8.8253693e-02   1.1635904e-03  -2.4461731e-03   1.6344117e-03
   7.8874270e-02   6.0402829e-02   1.2744569e-01   5.5676897e-04  -2.5321484e-03   1.5655389e-03
   7.8270826e-02   6.3744924e-02   1.2735645e-01   1.1569251e-03  -2.3666155e-03   1.6749273e-03
   9.7603286e-02   5.4684240e-02   8.7084416e-02   1.5928377e-03  -2.3163602e-03   1.9857753e-03
   8.5385835e-02   1.1567074e-01   8.0629152e-02   1.3688132e-03  -2.4414170e-03   1.7258052e-03
   9.9057696e-02   9.7257128e-02   9.5848839e-02   1.0127550e-03  -2.0986442e-03   1.7779431e-03
   1.0163044e-01   5.4285256e-02   9.6569693e-02   1.0876568e-03  -2.1155987e-03   1.5290017e-03
   1.1333649e-01   9.5921444e-02   9.4764557e-02   1.6559621e-03  -1.9663457e-03   1.6990702e-03
   1.1084602e-01   6.4262300e-02   8.2717003e-02   1.1428057e-03  -2.1145869e-03   1.6231913e-03
   1.1774577e-01   7.0481759e-02   7.0223947e-02   1.4899507e-03  -2.1234937e-03   1.8056006e-03
   1.1913828e-01   1.2540425e-01   7.2516771e-02   1.2133676e-03  -2.2257837e-03   1.8282222e-03
   1.4229295e-01   1.0764000e-01   7.6691681e-02   1.5674732e-03  -1.9135108e-03   1.8123088e-03
   1.4327261e-01   7.2867335e-02   5.3234658e-02   1.0388480e-03  -2.1316575e-03   1.7876894e-03
   1.4032791e-01   4.4451460e-02   7.7489189e-02   9.8729679e-04  -2.1982017e-03   1.7876285e-03
   1.3577403e-01   6.6435309e-02   6.1490507e-02   1.1288540e-03  -2.0591723e-03   1.5808997e-03
   1.3316540e-01   6.5584661e-02   5.8582762e-02   8.1149336e-04  -2.5536364e-03   1.9591375e-03
   1.3036737e-01   3.5430462e-02   5.4344053e-02   7.4886060e-04  -2.2805364e-03   1.7941973e-03
   1.4491644e-01   8.1636108e-02   5.8012394e-02   6.2154463e-04  -2.2297113e-03   1.8816654e-03
   1.3658947e-01   2.1142882e-02   5.1121190e-02   9.2746212e-04  -1.9471522e-03   1.6870887e-03
   1.3532196e-01   1.1582367e-01   4.4938702e-02   6.8840579e-04  -2.1386490e-03   1.7605250e-03
   1.3615489e-01   9.4773112e-02   5.9180286e-02   1.1060701e-03  -2.2989668e-03   1.7270561e-03
   1.1988034e-01   1.0118857e-01   6.5387051e-02   7.1287872e-04  -1.5744322e-03   1.1065054e-03
   1.2159365e-01   4.3293772e-02   4.5499334e-02   7.4812474e-04  -2.0462888e-03   1.4837893e-03
   7.7581075e-02   2.7509564e-02  -4.7913694e-02   1.6805832e-03  -1.9438964e-03   1.6538775e-03
   1.2574255e-01   2.4882637e-01   1.2205827e-01   1.8362010e-03  -1.9033148e-03   3.2476393e-03
   8.8090363e-02   3.7307773e-02   7.6115617e-02  -3.8365268e-05  -1.7142388e-03   1.1943868e-03
   8.0537182e-02   4.3225985e-02   9.6644507e-02   1.8169221e-04  -1.6514271e-03   9.0259401e-04
   7.9214042e-02   2.1512385e-02   9.8548833e-02   8.2512632e-04  -1.6409293e-03   9.0510187e-04
   9.6737732e-02   6.3459910e-02   8.5700135e-02   8.8515968e-04  -2.0611762e-03   1.3433159e-03
   9.2508016e-02   6.0732138e-02   9.8418401e-02   1.7509489e-04  -1.9632744e-03   1.2865485e-03
   8.9932730e-02   5.5547084e-02   8.6495532e-02   4.1583577e-04  -1.8897836e-03   1.1849699e-03
   9.1401060e-02   5.2939012e-02   8.5446580e-02   6.5373961e-04  -1.7310416e-03   1.1246861e-03
   9.1936872e-02   1.2869960e-01   3.5555661e-02   2.4370018e-05  -2.1089463e-03   9.5679842e-04
   7.7521511e-02   5.3487474e-03   8.9380581e-02   5.4882811e-04  -1.7402301e-03   8.8292773e-04
   8.4692427e-02   3.9019080e-02   6.1753050e-02   5.7905116e-04  -1.8784562e-03   9.4617928e-04
   8.8624323e-02   5.7355857e-02   6.7076693e-02   4.8363200e-04  -2.0115800e-03   9.7017024e-04
   9.2763404e-02   2.4986043e-02   7.6502320e-02   8.2600719e-04  -1.9287589e-03   1.0485629e-03
   8.1047272e-02   4.2375330e-02   6.1640673e-02   7.2509410e-04  -1.9596718e-03   1.0261789e-03
   5.4135115e-02   7.7939499e-02   1.0490310e-01   2.6401547e-04  -1.5110760e-03   5.9122131e-04
   5.4004469e-02  -2.6062426e-02   7.0039446e-02   1.0272031e-03  -1.4743460e-03   6.5996296e-04
   4.8436908e-02   8.5416513e-02   7.6900964e-02   2.8989241e-04  -1.8413659e-03   6.1990134e-04
   5.2936925e-02   7.2428601e-02   7.9108793e-02   9.5247697e-04  -1.8721849e-03   7.5514472e-04
   6.5053969e-02   6.0242308e-02   9.2792926e-02   6.6407647e-04  -1.8408828e-03   7.1287673e-04
   7.8222384e-02   3.7985778e-02   7.8388220e-02   8.5486704e-04  -1.7085425e-03   6.8485443e-04
   8.4570803e-02   7.3424844e-02   7.3204832e-02   1.1479310e-03  -2.1578021e-03   9.0616399e-04
   9.5721232e-02   8.1587638e-02   6.8928183e-02   8.3054288e-04  -2.0450991e-03   9.5050712e-04
   1.0259095e-01   4.9876927e-02   6.6769354e-02   9.8051449e-04  -2.0235816e-03   1.0248356e-03
   1.0189958e-01   9.0631404e-02   4.2402546e-02   9.7927331e-04  -1.9430128e-03   1.0002730e-03
   9.7273434e-02   1.1633422e-02   4.2643514e-02   1.0083424e-03  -1.8554259e-03   9.5490403e-04
   1.2183942e-01   8.4763010e-02  -4.7033190e-03   5.5632831e-04  -2.0591014e-03   1.0576155e-03
   1.0801679e-01   3.7781245e-02   6.0137847e-02   9.7408070e-04  -1.8168566e-03   1.0804201e-03
   1.0388141e-01   5.5093505e-02   3.4952870e-02   9.8433100e-04  -1.7002949e-03   1.1397230e-03
   9.5681553e-02   2.8095084e-02   2.7418130e-02   1.0582572e-03  -1.9172923e-03   9.5087370e-04
   8.2767543e-02   4.7213746e-02   6.0055432e-02   8.3173338e-04  -1.6795816e-03   8.0407156e-04
   1.0087605e-01   4.3961623e-02   4.3368445e-02   7.8990881e-04  -1.3535702e-03   1.0506891e-03
   8.5473872e-02   6.7444406e-02   3.8305288e-02   1.0792602e-03  -1.6629194e-03   9.3649346e-04
   9.1672410e-02   9.5413668e-02   2.4650945e-02   9.4271726e-04  -1.5793001e-03   1.0736588e-03
   9.1628275e-02   1.3929622e-01   7.8375975e-02   4.4942230e-04  -1.7164787e-03   1.0951956e-03
   1.0068669e-01   2.7219701e-02   4.7036925e-02   8.3627488e-04  -1.6655725e-03   1.1614889e-03
   9.7286755e-02   7.0622258e-02   5.4376765e-02   7.4621995e-04  -1.6824101e-03   1.0305940e-03
   1.0547688e-01   5.5208294e-02   4.8170891e-02   1.0963754e-03  -1.7469042e-03   1.1683628e-03
   1.1124169e-01   1.0279258e-01   7.9551872e-02   8.3867158e-04  -1.6435155e-03   1.3857015e-03
   1.1270935e-01   9.2639216e-02   3.3870141e-02   1.2393936e-03  -1.5917117e-03   1.2841934e-03
   1.0758479e-01   1.9415394e-02   2.3549571e-02   1.0650801e-03  -1.9874904e-03   1.1598168e-03
   1.1375924e-01   1.2298221e-01   5.5539924e-02   4.9973585e-04  -2.2654364e-03   1.3533652e-03
   1.0928748e-01   4.8808250e-02   3.2170640e-02   8.0654111e-04  -2.2460205e-03   1.3746664e-03
   1.1684462e-01   4.8108935e-02   7.0857644e-03   8.3955398e-04  -2.4103036e-03   1.3816463e-03
   1.1766991e-01   2.3524620e-02   1.3208345e-03   1.1509430e-03  -2.5459972e-03   1.3287617e-03
   1.2126674e-01   6.4016118e-02   2.9848137e-02   1.0711163e-03  -2.5142308e-03   1.3579148e-03
   1.2763357e-01   5.2705687e-02   1.8290040e-02   1.0525428e-03  -2.6514423e-03   1.3934443e-03
   1.1956264e-01   5.4640207e-02  -9.4299348e-03   1.2023131e-03  -2.7293647e-03   1.2175300e-03
   1.1780671e-01   8.4962908e-02  -1.3226436e-02   1.2414592e-03  -2.6326319e-03   1.2128320e-03
   1.2704307e-01   8.0408231e-02   8.2467295e-03   1.2140555e-03  -2.6914797e-03   1.4336488e-03
   1.2097895e-01   7.0729157e-02   2.9935516e-02   1.2180843e-03  -2.5188919e-03   1.3601002e-03
   1.3027495e-01   5.8105034e-02   9.1601179e-03   1.0964725e-03  -2.6073944e-03   1.4995240e-03
   1.3447621e-01   5.7416811e-02  -3.3376857e-02   1.6345863e-03  -2.6974650e-03   1.4533802e-03
   1.3311057e-01   1.0123070e-01  -1.3328446e-02   1.4256884e-03  -2.6631228e-03   1.6007905e-03
   1.3298037e-01   6.6832352e-02  -1.3511106e-02   7.0712506e-04  -2.7447338e-03   1.5288976e-03
   1.2871384e-01   5.7764438e-02  -2.9219109e-02   1.2940584e-03  -2.7509464e-03   1.5642899e-03
   1.2773971e-01   1.0077473e-01  -3.9587366e-02   1.2678793e-03  -2.6870757e-03   1.5610238e-03
   1.2274677e-01   1.2214401e-01  -5.9700356e-02   7.9433285e-04  -2.8207855e-03   1.4328467e-03
   1.3886005e-01   2.5442225e-02  -2.6985915e-02   1.4971398e-03  -2.5315433e-03   1.5841308e-03
   1.4413268e-01   6.7189195e-02  -4.6048648e-02   1.3539618e-03  -2.7281987e-03   1.7933575e-03
   1.5088476e-01   7.1991298e-02  -3.2952338e-02   1.0139740e-03  -2.5836429e-03   1.6082243e-03
   1.3570044e-01   7.5252719e-02  -3.0281443e-02   1.1221952e-03  -2.8026461e-03   1.5285664e-03
   1.4480238e-01   5.1212884e-02  -5.1916148e-02   1.8258430e-03  -2.9619353e-03   1.6667563e-03
   1.4631293e-01   8.4293729e-02  -4.2273567e-02   1.7152393e-03  -2.9910373e-03   1.6067332e-03
   1.5129943e-01   1.0281051e-01  -8.5027909e-03   1.4091153e-03  -2.8785416e-03   1.6770894e-03
   1.4851936e-01   8.7707031e-02   2.8883048e-02   1.8324058e-03  -2.6044036e-03   1.5729941e-03
   1.7454691e-01   8.2183061e-02   5.8909223e-02   1.9015971e-03  -3.1380922e-03   1.9184830e-03
   1.1558574e-01   3.8863074e-02  -3.3742206e-02   1.1233005e-03  -4.0161821e-03   1.4932784e-03
   1.0743992e-01   4.3545524e-02  -2.5635524e-02   1.5367297e-03  -3.8098191e-03   1.5487608e-03
   1.0396795e-01   1.6723303e-01  -3.7482215e-02   1.8441449e-03  -3.9272149e-03   1.2909030e-03
   1.1419170e-01   8.0896135e-02  -3.1608328e-02   1.3936655e-03  -4.3798025e-03   1.4084099e-03
   1.1993592e-01   5.0909003e-02  -1.1630542e-02   1.8080132e-03  -4.2738993e-03   1.4061121e-03
   1.2683010e-01   4.2165760e-02  -6.5201986e-03   1.9495215e-03  -4.3509663e-03   1.3989332e-03
   1.2230390e-01   6.6508917e-02  -2.5704868e-02   1.8395393e-03  -4.3051578e-03   1.4934360e-03
   1.4939705e-01   6.1743228e-02  -3.8593071e-02   1.8562296e-03  -4.2744489e-03   1.6286114e-03
   1.5132189e-01   3.7784093e-02  -1.3475790e-02   2.0203259e-03  -4.0490626e-03   1.7143308e-03
   1.4127055e-01   3.0083982e-02  -4.9452387e-03   2.0511028e-03  -4.0418758e-03   1.6305006e-03
   1.3134182e-01   3.9958097e-02  -6.1269438e-03   1.7995575e-03  -4.3114052e-03   1.6315249e-03
   1.1230598e-01   5.9111744e-02  -7.0094332e-02   1.6462542e-03  -4.3615547e-03   1.4264803e-03
   8.3181245e-02  -1.0361642e-02  -1.3694309e-01   2.4932459e-03  -3.4247067e-03   1.2993461e-03
   7.8230233e-02   6.2386089e-02  -3.4270617e-02   1.4772211e-03  -4.2076003e-03   1.2427546e-03
   8.3006077e-02   9.7062235e-02  -3.5747772e-02   1.3266812e-03  -4.4328525e-03   1.3900916e-03
   9.0549723e-02   9.5680263e-02   1.3908526e-02   1.5721040e-03  -4.1540059e-03   1.3995290e-03
   9.8082835e-02   6.8032261e-02   1.1954771e-02   1.6953931e-03  -4.2698572e-03   1.4121279e-03
   1.1479096e-01   4.9512518e-02  -9.0506075e-03   1.9735265e-03  -4.2906065e-03   1.4666906e-03
   1.2465886e-01   1.3484270e-01  -4.6686848e-02   2.4566891e-03  -4.5406916e-03   1.6366570e-03
   1.2215790e-01   9.7966239e-02  -4.4884438e-03   1.9769343e-03  -4.5682290e-03   1.6282457e-03
   1.2451458e-01   1.2573484e-01  -9.6014888e-03   2.0548340e-03  -4.6419742e-03   1.7300750e-03
   1.1036217e-01   1.1274306e-01  -1.3719316e-02   2.0925581e-03  -4.7304145e-03   1.5924251e-03
   1.1224890e-01   1.0311455e-01  -1.0277184e-02   2.0910165e-03  -4.6350889e-03   1.5630251e-03
   1.1727723e-01   7.7510689e-02  -5.2606864e-03   2.2346417e-03  -4.5312633e-03   1.5516257e-03
   1.4741386e-01   6.6678101e-02  -1.9930912e-02   2.6111744e-03  -4.5732019e-03   2.0365230e-03
