   1.0080387e-14   0.0000000e+00   0.0000000e+00   4.1409913e-53   3.8518599e-34   6.0185311e-36
  -6.1705390e-03   4.4032756e-02   3.1821330e-03  -2.2225317e-04  -6.0009107e-05   5.6342730e-05
  -6.7018370e-03   3.0586720e-02   1.3451070e-02   1.2785701e-04  -2.2328709e-04  -2.1464616e-05
  -6.0284431e-04   4.7104170e-02   1.8809937e-02   8.2025566e-05  -2.3333378e-04   4.0216349e-05
   7.6592439e-04  -1.0789342e-02   2.6145242e-02   3.7200858e-04  -3.2055957e-04   7.8529889e-05
  -4.3292188e-03  -7.2294257e-03   1.8002398e-02   1.5309645e-04  -3.4155167e-04   3.1033597e-05
  -4.5565897e-04   3.1929788e-02   1.4959831e-02  -8.1301819e-05  -5.6383089e-04   7.7347730e-05
  -2.7937759e-03  -2.8784945e-03   1.6831905e-03  -3.0282830e-04  -6.0571966e-04   5.5377985e-05
   7.8664548e-03  -8.7151320e-05  -1.4424067e-02  -3.6302690e-04  -2.4897147e-04   3.8401498e-04
   4.6524902e-03  -4.2903928e-02   6.1908550e-03  -2.9113384e-04  -6.5897579e-04   3.7677292e-04
   1.0417635e-02   1.3365626e-03   1.0587320e-02  -7.4577266e-04  -8.8055643e-04   3.9795654e-04
   8.6643353e-03  -2.9704227e-02   1.3840671e-02  -5.0915446e-04  -9.2900366e-04   2.8256889e-04
   6.0562362e-03  -1.1896130e-02  -5.1928920e-03  -6.6217593e-04  -6.8508824e-04   3.0972229e-04
   3.7434130e-03  -8.3009175e-03  -2.6551100e-03  -5.2284489e-04  -6.9711385e-04   3.4464713e-04
   2.1128672e-02   7.6924200e-03  -1.0026716e-02  -6.2485701e-04  -8.1998963e-04   6.0143079e-04
   1.6120519e-02  -9.0705646e-03  -1.8160997e-02  -9.8359768e-04  -1.1099063e-03   7.1046775e-04
  -7.2510419e-04   8.7363877e-02  -7.1148719e-02   7.8120448e-04  -1.2038954e-03   1.4340657e-04
   5.0623868e-03  -4.1975933e-02  -5.9765164e-02   1.6877828e-03  -7.4913880e-04   2.6122334e-04
   9.2767785e-03  -1.4481436e-02  -4.4985644e-02   9.4723150e-04  -9.6781448e-04   2.4953324e-04
   1.9378944e-02  -5.6970586e-02  -3.6293982e-02   7.9102973e-04  -1.2857165e-03   3.0699487e-04
   1.8750975e-02  -9.7440756e-03  -6.2346531e-02   1.1169273e-03  -1.2768608e-03   4.0062445e-04
   1.0613374e-02  -2.6145364e-02  -6.8247830e-02   1.1556111e-03  -1.2533749e-03   5.0252498e-04
   1.1508012e-02  -6.3966599e-02  -8.5350469e-02   1.6932652e-03  -1.2387107e-03   3.0662847e-04
  -1.6453318e-02  -8.4621531e-03  -1.2566645e-01   3.2229348e-03  -1.0588616e-03  -1.3996759e-04
  -8.0207140e-03  -1.1423747e-01  -1.3785154e-01   3.7243974e-03  -1.4348594e-03  -5.8243486e-04
   1.0184269e-02  -4.8191577e-02  -1.3867461e-01   3.7678630e-03  -1.8167209e-03  -7.9748444e-04
   1.0784347e-02  -9.2596188e-02  -1.4110523e-01   3.9097685e-03  -1.8675298e-03  -6.7926693e-04
   3.2130072e-03  -4.8581052e-02  -1.3123360e-01   3.4551893e-03  -1.7467740e-03  -7.0525506e-04
  -4.5055810e-03  -8.3971174e-02  -1.2818460e-01   3.4890517e-03  -1.4825277e-03  -5.9592840e-04
   6.3882930e-03  -1.9876081e-02  -1.1481725e-01   3.0355333e-03  -1.8299198e-03  -5.9525036e-04
   3.3733954e-02  -3.2792564e-02  -1.1126387e-01   3.0092025e-03  -1.5908608e-03   1.7532197e-04
   1.6839659e-02  -2.8443437e-02  -9.0966999e-02   1.7246354e-03  -1.6621720e-03  -1.1340972e-04
   1.7974990e-02  -6.5790152e-02  -1.4208556e-01   2.7226519e-03  -1.6351413e-03  -9.4224545e-05
   1.3397087e-02  -5.8298353e-02  -1.4394378e-01   2.8934284e-03  -1.4830682e-03  -1.8276478e-04
   1.4289073e-02  -5.8467125e-02  -1.5143490e-01   3.0320415e-03  -1.6157889e-03  -2.6926198e-04
   1.8353075e-02  -5.1915735e-02  -1.6070132e-01   2.7436236e-03  -1.6480011e-03  -2.5976592e-04
   1.6368858e-02  -5.8181686e-02  -1.6612480e-01   3.1852488e-03  -1.5670946e-03  -1.4445429e-04
   3.1897353e-02  -4.3993206e-02  -1.7704167e-01   3.3880398e-03  -1.6475512e-03  -3.0782338e-05
   2.9206835e-02  -8.6093440e-02  -1.7567833e-01   3.4119327e-03  -1.6942915e-03  -3.0996864e-04
   2.3347565e-02  -6.1243134e-02  -1.7078166e-01   3.3125321e-03  -1.6972039e-03  -2.5798888e-04
   8.9210850e-03  -3.5369171e-02  -1.5500499e-01   3.2815484e-03  -1.5780017e-03  -3.2667265e-04
   2.2026102e-02  -2.7615124e-02  -1.1693368e-01   2.8426310e-03  -2.2460957e-03  -4.4259721e-04
   2.3967650e-02   4.2435530e-04  -1.4723685e-01   3.1157144e-03  -2.1599512e-03  -6.3588510e-04
   1.8202790e-02  -7.0277868e-02  -1.7708902e-01   4.1198784e-03  -1.8084412e-03  -6.8208204e-04
   1.5382018e-02  -6.7937818e-02  -1.6506032e-01   3.6411805e-03  -1.8650531e-03  -7.5492575e-04
   2.8878475e-02  -6.6586798e-02  -1.6650668e-01   3.7694898e-03  -2.0714875e-03  -6.6853033e-04
   3.3318551e-02  -7.4571207e-02  -1.8343966e-01   3.7793802e-03  -1.9716970e-03  -6.2807443e-04
   3.7683320e-02  -6.6047030e-02  -1.9443121e-01   4.1823338e-03  -2.2603075e-03  -6.2689963e-04
   4.4137509e-02  -6.4422650e-02  -1.9646033e-01   4.0621698e-03  -2.3090074e-03  -6.0752744e-04
   4.9803372e-02  -7.1251832e-02  -1.7375010e-01   4.2772126e-03  -2.4213067e-03  -5.5926421e-04
   4.6318790e-02  -7.9430964e-02  -1.6599415e-01   4.0514715e-03  -2.4478218e-03  -6.4240903e-04
   4.0129835e-02  -4.5125381e-02  -1.5372487e-01   3.3159652e-03  -2.3049776e-03  -6.8796906e-04
   3.7264560e-02  -7.7672536e-02  -1.6904292e-01   3.9000527e-03  -2.2910708e-03  -6.5760773e-04
   3.2424979e-02  -3.0965869e-02  -1.6743502e-01   3.5502708e-03  -2.2669872e-03  -7.1414889e-04
   3.4271718e-02  -5.8884817e-02  -1.6315685e-01   3.4362582e-03  -2.3178220e-03  -6.9226794e-04
   3.0581632e-02  -4.7967379e-02  -1.7239016e-01   3.9103822e-03  -2.4169211e-03  -6.4874421e-04
   3.0099016e-02  -3.4016416e-02  -1.6580269e-01   3.4709072e-03  -2.6603189e-03  -6.8797780e-04
   2.9273333e-02  -5.6417690e-02  -1.8755022e-01   3.8202804e-03  -2.6220877e-03  -8.2277905e-04
   3.3101811e-02  -6.4633119e-02  -2.0883747e-01   4.2213973e-03  -2.6850546e-03  -6.2096327e-04
   3.1894517e-02  -4.9771423e-02  -1.8539570e-01   3.8474474e-03  -2.6291181e-03  -5.4397296e-04
   3.9199869e-02  -5.2274279e-02  -1.9875154e-01   3.7381093e-03  -2.7543516e-03  -5.8114766e-04
   4.6380599e-02  -7.3799662e-02  -1.9882424e-01   3.5777730e-03  -2.9382831e-03  -3.6793011e-04
   5.0175687e-02  -6.5732012e-02  -2.0500824e-01   3.5981549e-03  -2.8524053e-03  -3.4404304e-04
   4.8998959e-02  -6.1021048e-02  -1.9947098e-01   3.4785920e-03  -2.8504101e-03  -3.8238171e-04
   4.2515755e-02  -5.6932360e-02  -1.9462007e-01   3.3141357e-03  -2.9340419e-03  -4.8947728e-04
   4.3014522e-02  -4.4545042e-02  -1.8973633e-01   2.8967252e-03  -2.9018975e-03  -5.8950419e-04
   4.0733976e-02  -1.3962319e-02  -1.8429985e-01   2.9571126e-03  -2.9153259e-03  -5.5958972e-04
   4.7867607e-02  -2.5219884e-02  -1.8052860e-01   2.7376205e-03  -2.7631475e-03  -3.8892974e-04
   7.2529590e-02  -1.1357782e-01  -1.6327518e-01   3.4995479e-03  -3.0854016e-03  -5.8674879e-05
   5.1046219e-02   7.3372651e-02  -1.6586943e-01   3.5688668e-03  -2.3477749e-03  -2.2175163e-04
   8.0401975e-03  -1.7762382e-02  -1.8170217e-01   3.7239724e-03  -1.6075086e-03  -5.1603436e-04
   2.9584190e-02  -7.7573984e-02  -1.8633664e-01   3.8848652e-03  -1.8913731e-03  -3.8932049e-04
   3.8277136e-02  -5.7891149e-02  -1.8515478e-01   3.4422748e-03  -2.1968688e-03  -4.7950507e-04
   4.3315579e-02  -5.7315206e-02  -1.9048724e-01   3.4252279e-03  -2.2766992e-03  -5.0017715e-04
   3.7001338e-02  -3.5652210e-02  -1.8894415e-01   3.0772276e-03  -2.0571131e-03  -4.3823866e-04
   3.9322853e-02  -6.3243339e-02  -1.9899922e-01   3.6674803e-03  -2.0421647e-03  -3.3454399e-04
   4.2340962e-02  -5.6621848e-02  -1.9952689e-01   3.3079474e-03  -2.1016698e-03  -4.1372522e-04
   4.7065739e-02  -5.8692999e-02  -2.2098086e-01   3.7687761e-03  -2.1433428e-03  -3.6462919e-04
   5.3288367e-02  -6.5614609e-02  -2.2146187e-01   3.7690530e-03  -2.1993033e-03  -1.9497497e-04
   6.1528044e-02  -7.3444586e-02  -2.1863301e-01   4.0570721e-03  -2.3531901e-03  -1.3630564e-04
   6.2201733e-02  -3.5701678e-02  -2.1559505e-01   3.8654055e-03  -2.3978700e-03  -2.7136960e-04
   6.7420529e-02  -2.0000724e-02  -2.0275296e-01   3.2719703e-03  -2.6523735e-03  -1.5897885e-04
   6.7677746e-02  -7.1438451e-02  -2.1383489e-01   3.1815222e-03  -2.7273977e-03   2.6459645e-05
   6.9870097e-02  -9.9977516e-03  -2.2190994e-01   2.9551565e-03  -2.8617284e-03  -7.7087564e-06
   8.8668004e-02  -4.3334253e-02  -2.3174975e-01   3.6704860e-03  -3.1738671e-03  -3.9344296e-05
   9.7158384e-02  -5.2911671e-02  -2.2545641e-01   3.7710839e-03  -3.2226861e-03   8.1339475e-05
   9.3912213e-02  -6.4363194e-02  -1.9959563e-01   3.7558840e-03  -3.2452287e-03   1.7381549e-05
   1.0048322e-01  -6.3054834e-02  -1.9728686e-01   3.2580602e-03  -3.4864254e-03   1.0759011e-04
   1.0366319e-01  -4.6109513e-02  -2.0179003e-01   3.2134866e-03  -3.4289033e-03   5.2947497e-05
   1.1407388e-01  -7.2449127e-02  -2.0363649e-01   3.6419309e-03  -3.5843701e-03   1.9401861e-04
   1.0633376e-01  -7.9216556e-02  -2.0321381e-01   3.3585191e-03  -3.4736383e-03   1.7306347e-04
   1.0436973e-01  -5.3983580e-02  -2.0131380e-01   3.2623750e-03  -3.6223965e-03   7.7793776e-05
   1.3214097e-01  -2.8774490e-02  -1.8830526e-01   3.4257801e-03  -3.8763960e-03   3.5465500e-04
   1.2872579e-01  -5.3630026e-02  -1.6913795e-01   3.1972031e-03  -4.0778575e-03   1.4207297e-04
   1.3533294e-01  -5.6176922e-02  -1.9758144e-01   4.4479520e-03  -4.1898016e-03   3.0675158e-04
   1.3688257e-01  -4.8218888e-02  -1.9547258e-01   3.7488109e-03  -4.2270641e-03   4.2619647e-04
   1.4515853e-01  -1.1629794e-01  -1.8482897e-01   3.6102532e-03  -4.4264403e-03   3.6141821e-04
   1.4169722e-01  -7.2279992e-02  -1.8693201e-01   3.3354840e-03  -4.2510327e-03   3.2534666e-04
   1.5481883e-01  -3.3979204e-02  -2.0387732e-01   3.8255475e-03  -4.5933347e-03   3.6198145e-04
   1.5029503e-01  -5.8963317e-02  -2.0566731e-01   3.7465334e-03  -4.4541805e-03   3.2261641e-04
   1.5556125e-01  -8.7761536e-02  -1.9970271e-01   4.1606701e-03  -4.5831596e-03   2.1842309e-04
   1.6832378e-01  -8.6588232e-02  -1.9553714e-01   3.6236314e-03  -4.5881907e-03   3.3960633e-04
   1.7361494e-01  -8.1112246e-02  -2.1116222e-01   3.5553223e-03  -4.7125223e-03   4.7186910e-04
   1.6089853e-01  -3.8375706e-02  -2.2174728e-01   3.6709458e-03  -4.5197071e-03   2.9380001e-04
   1.6237972e-01  -6.6049856e-02  -2.2065890e-01   3.6920711e-03  -4.5295428e-03   2.9701112e-04
   1.5924965e-01  -7.5037514e-02  -2.2576795e-01   3.8197290e-03  -4.4841085e-03   3.2216706e-04
   1.5826097e-01  -4.5741830e-02  -2.1032143e-01   3.3712140e-03  -4.8412059e-03   3.4219111e-04
   1.4743153e-01  -4.8354717e-02  -2.2009961e-01   3.5493315e-03  -4.8374425e-03   3.4562484e-04
   1.4589668e-01  -6.2174121e-02  -2.0513496e-01   3.7484162e-03  -4.9260670e-03   4.5271284e-04
   1.4936617e-01  -6.6476103e-02  -1.8257899e-01   3.2074216e-03  -5.1693468e-03   3.0435356e-04
   1.5068890e-01  -6.8872867e-02  -2.0155015e-01   3.0522253e-03  -5.2598133e-03   1.0005158e-04
   1.5529281e-01  -5.3971364e-02  -2.1553523e-01   3.3339336e-03  -5.2281462e-03   3.7860299e-04
   1.6043736e-01  -6.2420081e-02  -2.0308644e-01   3.4727140e-03  -5.4179301e-03   4.3381572e-04
   1.4740388e-01  -7.0697071e-02  -2.1574828e-01   2.9949556e-03  -4.9065993e-03   3.6889447e-04
   1.4645567e-01  -8.6699339e-02  -2.2859128e-01   3.3786197e-03  -4.8636587e-03   2.4228966e-04
   1.3920796e-01  -4.7739140e-02  -2.2508082e-01   3.1055357e-03  -4.7251319e-03   2.3484294e-04
   1.3411922e-01  -6.3725090e-02  -2.2887084e-01   2.9982459e-03  -4.7212328e-03   3.0574087e-04
   1.3950853e-01  -3.7279812e-02  -2.2715475e-01   2.7459769e-03  -4.7452157e-03   2.7975665e-04
   1.6974488e-01  -4.2650664e-02  -2.3029321e-01   3.0238073e-03  -5.0927137e-03   8.2786770e-04
   1.2899546e-01  -1.4491524e-02  -2.2766588e-01   2.6508129e-03  -5.5455682e-03   1.6711897e-04
   1.1772001e-01   1.2441084e-02  -2.5275947e-01   3.3484533e-03  -5.1391565e-03  -1.4461774e-04
   1.1087393e-01  -1.7506056e-03  -2.4769230e-01   3.3603757e-03  -5.0905562e-03  -1.3459868e-04
   1.1078293e-01  -8.1444018e-02  -2.5748144e-01   3.7182363e-03  -5.1299662e-03  -3.9030856e-04
   1.1201807e-01  -6.6634435e-02  -2.5275060e-01   3.7950809e-03  -5.2015197e-03  -2.2411077e-04
   1.0778587e-01  -5.3865443e-02  -2.5722265e-01   3.5023131e-03  -5.0385583e-03  -2.1058646e-04
   1.2012519e-01  -5.6500015e-02  -2.4990749e-01   3.4768098e-03  -5.2742120e-03  -1.7122992e-04
   1.2380709e-01  -3.7328913e-02  -2.6101167e-01   3.4576662e-03  -5.2323885e-03  -8.0887506e-05
   1.2168288e-01  -4.1942536e-02  -2.5402962e-01   4.0108002e-03  -5.3289327e-03  -1.2428429e-04
   1.3366930e-01  -5.1063536e-02  -2.5230892e-01   3.5768637e-03  -5.4586612e-03  -1.1742311e-04
   1.2863407e-01  -5.7962273e-02  -2.6194460e-01   4.2928826e-03  -5.2285310e-03  -1.5923031e-04
   1.3777743e-01  -6.4347508e-02  -2.4933217e-01   3.7523812e-03  -5.5880123e-03  -1.4782620e-04
   1.5011853e-01  -2.1027987e-02  -2.5635374e-01   4.1692081e-03  -5.7943111e-03  -2.1786029e-04
   1.7087591e-01  -6.8053090e-02  -2.4289487e-01   4.2481940e-03  -6.1062018e-03   9.8234453e-06
   1.6539095e-01  -2.1165291e-02  -2.3372713e-01   4.0960108e-03  -6.3139477e-03  -3.0680853e-04
   1.7442864e-01  -5.7507562e-02  -2.3381557e-01   4.3707949e-03  -6.4627687e-03  -7.0022361e-06
   1.7637452e-01  -9.3146341e-02  -2.1939668e-01   4.0026948e-03  -6.5278977e-03  -5.5099250e-05
   1.8733441e-01  -6.6637019e-02  -2.2645454e-01   4.2542932e-03  -6.5551827e-03  -1.5314031e-04
   2.0069345e-01  -6.9408050e-02  -2.4144809e-01   4.8820490e-03  -6.9983251e-03   1.4403530e-04
   1.9789055e-01  -7.4667789e-02  -2.2893315e-01   4.5068653e-03  -6.9862634e-03   1.3413575e-04
   2.0372308e-01  -7.6822164e-02  -2.0627643e-01   3.8993249e-03  -7.4474319e-03   2.6142325e-05
   1.9728168e-01  -8.6202458e-02  -2.3709414e-01   4.7255014e-03  -6.9204623e-03  -5.0280792e-05
   2.1294603e-01  -5.9845540e-02  -2.2439944e-01   3.8782301e-03  -7.4612952e-03   1.5226438e-04
   2.1333251e-01  -1.0382185e-01  -2.1469029e-01   3.5281037e-03  -7.4198337e-03   2.9610295e-04
   2.1313984e-01  -4.7436542e-02  -2.3013697e-01   3.4159625e-03  -7.4252386e-03   3.6928426e-04
   1.9216304e-01  -5.0287103e-02  -2.1368096e-01   3.5512371e-03  -7.1483325e-03   1.8079544e-05
   1.9112265e-01  -5.2502608e-02  -2.1474552e-01   3.5023509e-03  -7.1817792e-03   2.0082522e-05
   2.0053789e-01  -5.0856670e-02  -2.0042944e-01   3.5196537e-03  -7.2735749e-03   1.0810360e-04
   2.0384330e-01  -2.7713536e-02  -2.1247200e-01   3.4414361e-03  -7.1211292e-03   1.1154513e-04
   1.9371998e-01  -3.8449204e-02  -2.1536277e-01   3.5408246e-03  -6.8639417e-03  -6.9923934e-05
   2.0667770e-01  -6.3120746e-02  -2.1371980e-01   3.5116513e-03  -7.0981928e-03   1.9000450e-04
   2.0325497e-01  -3.1184096e-02  -2.1514304e-01   3.1969976e-03  -7.2065001e-03  -5.0704881e-05
   1.9518442e-01  -3.3343675e-02  -2.3528815e-01   3.3450974e-03  -7.0785259e-03  -1.3730738e-05
   1.9582412e-01  -6.3328866e-02  -2.3514147e-01   3.7110631e-03  -7.1620824e-03   1.6436076e-04
   1.9809338e-01  -3.9530623e-02  -2.3758796e-01   3.4783879e-03  -7.2964253e-03   2.0514437e-04
   1.9934761e-01  -4.3776548e-02  -2.2866725e-01   3.4936772e-03  -7.4849720e-03   1.9043969e-04
   2.0063439e-01  -5.1317173e-02  -2.1553717e-01   3.4896082e-03  -7.5799559e-03   1.0509576e-04
   2.0101669e-01  -4.6136176e-02  -2.2616506e-01   3.6503202e-03  -7.4598717e-03   9.9463602e-05
   2.0861048e-01  -6.4137199e-02  -2.2502573e-01   4.0441003e-03  -7.5361134e-03   3.4168919e-04
   1.9107834e-01  -2.8744721e-02  -2.0225262e-01   2.9055476e-03  -7.4098031e-03   1.3535784e-04
   1.9787379e-01  -3.2154682e-02  -1.9391798e-01   2.3560445e-03  -7.6548446e-03   1.2629718e-04
   1.9297370e-01  -2.6749933e-02  -2.0196059e-01   2.4085220e-03  -7.6318834e-03   6.7857090e-05
   1.9966771e-01  -4.5791114e-02  -1.8789671e-01   1.9003944e-03  -7.8854543e-03   2.3141734e-04
   2.0544824e-01  -1.4029769e-02  -1.7468282e-01   1.2924734e-03  -7.9149808e-03   2.9479526e-04
   2.0897509e-01   3.3548229e-03  -1.9112829e-01   1.8368179e-03  -7.9681021e-03   2.3707666e-04
   2.0104277e-01  -8.3446356e-03  -2.0132832e-01   2.0572469e-03  -7.6866232e-03   1.7199098e-04
   2.0769984e-01  -2.9586882e-02  -1.9009178e-01   1.7166963e-03  -7.8222339e-03   2.1932823e-04
   2.0688418e-01  -5.5063200e-02  -1.8781363e-01   1.6956630e-03  -7.8285241e-03   4.1675555e-04
   2.1003496e-01  -4.8206832e-03  -1.8378585e-01   1.3254504e-03  -8.1018964e-03   4.2517608e-04
   2.0505119e-01  -4.8155819e-02  -1.8129373e-01   1.2279078e-03  -8.0646924e-03   5.5555164e-04
   2.0247515e-01  -2.7833581e-03  -1.7514925e-01   5.6241604e-04  -8.3272933e-03   4.8246152e-04
   1.9820152e-01  -3.3199769e-03  -1.8165962e-01   9.5266999e-04  -8.1602174e-03   4.1852217e-04
   2.0418161e-01   2.2766818e-02  -1.8620039e-01   6.1446970e-04  -8.2837506e-03   4.9429231e-04
   2.0370595e-01   1.5883247e-02  -1.7537127e-01   8.4883624e-04  -8.2831643e-03   6.0069342e-04
   1.9217077e-01   1.1656850e-02  -1.6834471e-01   7.3422188e-04  -8.1883704e-03   5.0273512e-04
   1.9838082e-01  -1.0507845e-02  -1.7945349e-01   7.5442518e-04  -8.4518740e-03   5.0422139e-04
   2.1456388e-01  -2.3791441e-02  -1.9942882e-01   2.0657732e-03  -8.9512779e-03   7.5696650e-04
   2.1600846e-01   7.9698742e-03  -1.9609261e-01   1.3888425e-03  -8.8822074e-03   7.3059865e-04
   2.2487814e-01  -3.4132628e-02  -1.8898928e-01   1.3449538e-03  -9.0892507e-03   7.1706887e-04
   2.3169051e-01  -2.1810929e-02  -1.8419598e-01   8.1250770e-04  -9.5046329e-03   8.6854106e-04
   2.3031913e-01  -2.0457170e-02  -1.7840206e-01   6.3834662e-04  -9.6051501e-03   8.8819421e-04
   2.2966719e-01  -1.1735534e-02  -1.8588283e-01   1.0245090e-03  -9.6857449e-03   8.7738515e-04
   2.2200736e-01  -2.2924782e-02  -1.9014677e-01   9.1897808e-04  -9.4679971e-03   8.0828160e-04
   2.2777558e-01  -1.7981592e-02  -1.7631542e-01   6.2093410e-04  -9.7668869e-03   6.5212206e-04
   2.4311261e-01  -7.3745407e-02  -1.6607814e-01   1.3402505e-03  -9.6275241e-03   1.0939915e-03
   2.3284181e-01   1.1356414e-01  -1.8481128e-01   1.5186222e-03  -9.4501816e-03   8.1890089e-04
   1.9073858e-01  -7.5863422e-03  -1.1702841e-01  -3.0219747e-04  -9.1342758e-03   8.0059149e-04
   1.6790492e-01  -1.3321453e-02  -9.8811222e-02  -9.2476222e-04  -8.5430172e-03   1.0524765e-03
   1.9202930e-01  -3.2401922e-02  -1.4542524e-01  -4.2069119e-04  -9.2918303e-03   9.6183664e-04
   1.9391621e-01  -2.8986564e-02  -1.6737660e-01   1.2785024e-04  -9.3439035e-03   8.8382621e-04
   1.9057520e-01   1.4474489e-03  -1.7769980e-01   5.0436103e-04  -9.1294109e-03   9.5009453e-04
   1.9674199e-01   8.6502430e-03  -1.6104163e-01  -2.6072797e-04  -9.4882044e-03   1.1428470e-03
   1.8683689e-01  -1.8659283e-02  -1.7470906e-01  -2.8983308e-04  -9.4895013e-03   1.2447162e-03
   1.8361905e-01  -3.3067238e-03  -1.7193523e-01  -7.6860500e-04  -9.4381097e-03   1.2742569e-03
   1.9013853e-01  -2.5170035e-02  -1.6980726e-01  -1.0189614e-03  -9.6617420e-03   1.2701306e-03
   1.7887075e-01  -7.6178624e-03  -1.6585863e-01  -1.0599976e-03  -9.7062535e-03   1.2634794e-03
   1.7725327e-01  -1.2782667e-02  -1.6554423e-01  -1.4291290e-03  -9.6932746e-03   1.1888870e-03
   1.9222161e-01  -1.2521285e-02  -1.5047563e-01  -1.4811921e-03  -9.7392248e-03   1.2086007e-03
   1.8671841e-01  -1.3336457e-02  -1.4562543e-01  -1.8779871e-03  -9.6552610e-03   1.0625761e-03
   1.8757785e-01  -3.7284284e-04  -1.4940299e-01  -1.8295104e-03  -9.7142238e-03   1.1892719e-03
   1.8272931e-01   2.0412156e-02  -1.3470525e-01  -2.2426877e-03  -9.7484989e-03   1.2070068e-03
   1.8531781e-01   5.9508700e-03  -1.1999159e-01  -2.6852182e-03  -9.7707162e-03   1.0778138e-03
   1.7981026e-01  -8.8833306e-03  -1.2450483e-01  -2.8163260e-03  -9.6409647e-03   1.1225308e-03
   1.8605166e-01   3.7251611e-02  -1.3121137e-01  -3.2462635e-03  -9.8840837e-03   1.1360260e-03
   1.8777882e-01   3.3317523e-02  -1.4852543e-01  -3.0402171e-03  -1.0043124e-02   1.2239526e-03
   1.8190594e-01  -1.9433663e-03  -1.2722684e-01  -3.1853401e-03  -1.0065046e-02   1.3975222e-03
   1.8882734e-01   1.8610435e-02  -1.4178369e-01  -3.4551529e-03  -1.0221149e-02   1.4125100e-03
   1.8952759e-01  -3.0664596e-02  -1.2902456e-01  -3.0021186e-03  -1.0171373e-02   1.3729885e-03
   1.8460459e-01  -1.5375893e-02  -1.3133625e-01  -3.0361527e-03  -1.0311084e-02   1.3390383e-03
   1.7090857e-01   7.3147768e-03  -1.3995078e-01  -3.2122753e-03  -9.9028783e-03   1.1525992e-03
   1.2637132e-01   5.6271183e-02  -8.7522576e-02  -9.2691073e-03  -8.6894729e-03   3.9878066e-04
