   0.0000000e+00   0.0000000e+00   7.1054274e-15   0.0000000e+00   0.0000000e+00   0.0000000e+00
  -1.0684173e-02  -1.0452885e-01  -1.9122124e-01  -9.2810212e-04  -7.5401362e-04  -3.8446593e-04
  -4.3061535e-02   1.3584887e-01  -2.1457642e-01   5.9820475e-04  -1.0095106e-03  -6.7335473e-04
  -4.7519867e-02   7.3524585e-02  -1.5402751e-01   1.0361174e-03  -5.2145276e-04  -7.4940289e-04
   3.1885943e-02  -3.7747744e-02  -1.7726486e-01   1.6767797e-03  -3.7872335e-04  -2.0588387e-05
   1.0181746e-02   8.3147456e-03  -1.9026133e-01   3.8503508e-04   1.9237940e-04  -1.1352541e-04
  -1.7310837e-02   5.5166970e-02  -2.0221440e-01  -3.6318713e-04   4.4844692e-05  -1.6108296e-04
  -1.4004231e-02   7.2533149e-02  -1.7824160e-01  -3.2931761e-04  -1.0504910e-04  -9.4648423e-05
  -1.9734154e-02   2.9728884e-02  -1.9205730e-01  -6.6929409e-04  -5.3615851e-05  -1.5847440e-04
  -2.0423817e-02   6.0279794e-02  -1.9042811e-01  -5.5620367e-04  -7.2574306e-04  -3.1048315e-04
  -3.9254305e-02   3.1627396e-02  -2.0875488e-01  -7.1944189e-04  -1.6524265e-04  -2.8291496e-04
  -4.3564462e-02   2.5421969e-02  -2.3153542e-01   3.9161192e-04  -3.8950378e-04  -5.4191635e-04
  -2.6565473e-02   1.0924443e-01  -1.7375602e-01   2.3343618e-03   1.3821989e-06  -6.3285966e-04
  -3.6487477e-02   4.8238544e-02  -2.1982858e-01   1.6520006e-03  -2.1353030e-04  -8.8233342e-04
  -2.2674153e-02   4.8030526e-02  -2.2417339e-01   1.5445098e-03  -4.3371027e-04  -7.9382780e-04
  -4.1318628e-02   3.0717546e-02  -2.3958159e-01   1.7735285e-03  -6.3974707e-04  -8.3465307e-04
  -5.1552229e-02   1.5715176e-01  -1.5459363e-01   2.4386609e-03  -3.0861465e-04  -6.1468295e-04
  -5.8888696e-02  -9.3118024e-02  -3.0451515e-01   3.2008447e-03  -9.4619275e-04  -9.1594431e-04
  -9.9697505e-02  -1.6645674e-02  -4.2637184e-01   7.1398910e-03  -9.6507988e-04  -3.4152620e-03
  -2.5893528e-02   5.8476998e-02  -3.1022611e-01   3.2905695e-03  -4.0846375e-04  -1.3221363e-03
   4.9489140e-04   1.0664039e-01  -2.7732119e-01   2.0142776e-03  -2.1254063e-05  -5.8418444e-04
  -3.0709059e-02   1.0001842e-01  -2.5621214e-01   2.0337137e-03  -4.2897870e-04  -1.3809948e-03
  -1.2288742e-02   7.7164727e-02  -2.5727980e-01   1.5181869e-03  -3.9118533e-04  -1.2785375e-03
  -1.1854614e-02   1.1543021e-01  -2.3920091e-01   1.3982026e-04  -5.9705583e-04  -1.2780648e-03
  -2.8545031e-02   1.3345510e-01  -2.1542822e-01   2.6682292e-05  -7.8636206e-04  -1.5325370e-03
  -2.6796794e-02   1.4627577e-01  -1.6295439e-01   5.6273903e-04  -1.7799892e-04  -1.4539367e-03
  -7.0633935e-02   3.5341683e-02  -2.0002272e-01   4.5837004e-04  -2.7890817e-04  -1.8768807e-03
  -6.9057481e-02   1.4073820e-01  -1.7266379e-01   1.1388700e-03  -6.4924964e-04  -2.0115530e-03
  -1.4429328e-01   2.0453540e-01  -1.2914737e-01   2.1805114e-03  -1.5311149e-03  -2.8928104e-03
  -1.0761749e-01   5.3739528e-02  -1.6677422e-01   1.6020260e-03  -9.9092534e-04  -1.9964186e-03
  -8.4863384e-02   1.4468526e-01  -1.7735089e-01   1.3507624e-03  -9.5308683e-04  -1.7912388e-03
  -8.7241145e-02   8.2247668e-02  -2.1815985e-01   1.5663772e-03  -8.1804499e-04  -1.5972533e-03
  -8.8971548e-02   1.2664695e-01  -1.9800801e-01   1.4517886e-03  -1.1490313e-03  -1.5980438e-03
  -9.1925474e-02   1.1390635e-01  -2.0068241e-01   1.4265138e-03  -5.6549156e-04  -1.7211234e-03
  -1.0182092e-01   1.1001047e-01  -1.8654614e-01   9.8375903e-04  -4.2811709e-04  -1.7528374e-03
  -9.5641283e-02   1.3953988e-01  -1.6416111e-01   9.7392130e-04  -5.3850256e-04  -1.8171981e-03
  -1.1561466e-01   1.9266996e-01  -1.0800280e-01   1.0515121e-03  -7.1363372e-04  -2.1439484e-03
  -9.8321300e-02   2.4948894e-02  -1.4779343e-01   1.0369984e-03  -8.8892381e-04  -1.8535191e-03
  -1.0022695e-01   8.1691010e-02  -1.6268425e-01   9.1448188e-04  -1.0529121e-03  -1.6758089e-03
  -9.4057063e-02   1.7897801e-01  -7.9944977e-02   1.1706784e-03  -9.5995081e-04  -1.9175052e-03
  -1.3189021e-01   6.3795617e-01   5.3996347e-01   1.1637485e-02   1.4758263e-04  -4.0573459e-03
  -1.3326153e-01  -2.1983105e-01   1.1769269e-01   7.7064312e-03   1.0168146e-03  -1.6745616e-03
  -1.6638919e-01  -3.1002386e-02  -1.1151020e-01   7.1947425e-03   2.3087143e-04  -2.0196813e-03
  -1.0232504e-01  -6.0134107e-02  -9.8492774e-02   8.7903320e-03   3.5407228e-04  -1.2062341e-03
  -1.5776318e-01   2.1946613e-01   1.3002901e-01   9.5654072e-03   3.0729015e-04  -1.4082765e-03
  -1.0994303e-01  -8.3090167e-02  -2.5729285e-02   7.5758951e-03   2.4753577e-04  -1.8872500e-04
  -1.3407513e-01   7.8287580e-02  -5.5630267e-02   4.8454738e-03  -3.5612655e-04  -6.4733701e-04
  -1.1612139e-01   1.8136837e-01   2.5676368e-03   5.1589559e-03  -3.6014649e-04  -2.6585490e-04
  -1.2069442e-01   5.4249110e-02  -2.5936122e-02   4.3650541e-03  -6.9461291e-04  -2.0284617e-04
  -9.5197980e-02   6.6378261e-02  -6.0094257e-02   2.3691357e-03  -1.3741856e-03  -4.3599739e-04
  -5.9624299e-02   1.8149297e-01  -1.6434253e-02   2.3022428e-03  -9.4448874e-04   1.7820637e-04
  -7.8764116e-02   5.0608662e-02  -8.6135889e-02   2.8800973e-03  -9.9530111e-04   2.2747085e-04
  -4.3385715e-02   1.1789809e-01  -8.4152690e-02   1.8957165e-03  -1.5228148e-03   5.3518925e-05
  -8.0649566e-02   2.8234188e-01   5.7285466e-02   3.3836636e-03  -1.2408888e-03  -2.4920993e-04
  -1.6048806e-01   4.9610158e-01   2.8141362e-01   1.0153431e-02  -4.4963090e-04  -2.1222418e-03
  -1.5580913e-01  -2.8779503e-01  -4.6383403e-02   3.5308759e-03  -1.4535782e-03  -1.5649140e-03
  -1.1133224e-01   1.0389761e-01   1.2050165e-02   3.4122660e-03  -9.5213959e-04  -8.3115010e-04
  -7.5378079e-02   1.1456877e-01  -2.5594345e-02   2.8253299e-03  -1.2361989e-03  -9.4259903e-04
  -4.9434227e-02   1.7622275e-01  -1.5643943e-03   1.9865696e-03  -1.4444234e-03  -7.8848626e-04
  -7.5447815e-02   1.8101170e-01   1.9022364e-02   1.8907356e-03  -1.0699470e-03  -1.0292854e-03
  -6.6776979e-02   1.4470436e-01   6.8774481e-03   9.0267727e-04  -1.0124862e-03  -9.9748843e-04
  -8.5758416e-02   1.3792641e-01   4.0189347e-03   1.2752124e-03  -1.1769649e-03  -7.0309042e-04
  -6.0617239e-02   1.8583931e-01   4.5907975e-02   1.0956919e-03  -1.4401168e-03  -9.4650917e-04
  -7.0379806e-02   1.0139697e-01   1.1557692e-02   1.2918620e-03  -1.5461565e-03  -1.1074616e-03
  -7.8991849e-02   2.1110287e-01   4.6975787e-02   7.1013333e-04  -1.2704217e-03  -7.8513937e-04
  -7.2548762e-02   1.2541032e-01  -1.2899674e-03   6.2425668e-05  -1.4824237e-03  -9.7438267e-04
  -1.3046172e-01   2.3158415e-01   5.2809619e-02   1.9800861e-03  -1.4714646e-03  -1.5869210e-03
  -9.6160944e-02  -4.9460456e-03  -1.0289190e-01   2.2578046e-03  -1.9318217e-03  -1.4017222e-03
  -7.8099422e-02   1.9856096e-01  -1.2714721e-02   2.9267953e-03  -1.7600316e-03  -9.7928897e-04
  -6.6430758e-02   1.6505852e-01   1.2307955e-02   3.4418395e-03  -1.9146262e-03  -9.8572503e-04
  -5.9240582e-02   1.5681070e-01   2.1311365e-02   3.7073751e-03  -1.6309856e-03  -9.2220725e-04
  -5.5937086e-02   1.4885867e-01  -4.0498117e-02   3.3129313e-03  -2.0148167e-03  -5.8710779e-04
  -6.3875659e-02   1.5578292e-01  -5.1365067e-02   3.2258369e-03  -2.0608023e-03  -5.4619527e-04
  -3.4643530e-02   1.3211781e-01  -5.4942721e-02   2.6900711e-03  -2.3588523e-03  -2.8025032e-04
  -7.7398499e-02   3.5397441e-01   1.0871705e-01   3.5242616e-03  -1.7771861e-03  -5.0612397e-04
  -6.8948966e-02   2.7658604e-02   1.8476922e-02   3.4049121e-03  -2.0252105e-03  -2.5738933e-04
  -2.9156539e-02   7.2378373e-02   2.6350350e-02   3.4144485e-03  -1.9125954e-03   5.7877468e-05
  -8.0996967e-02   6.3168740e-01   4.8263508e-01   7.7086299e-03  -1.1617999e-03  -1.4727075e-03
  -5.0503762e-02  -1.5893874e-01   1.4065635e-01   6.1151001e-03  -1.5183832e-03  -7.0262109e-04
  -7.4605087e-02  -5.6678675e-02  -2.0571663e-02   6.1808477e-03  -3.1477242e-03  -6.2121715e-04
  -4.7611603e-02   6.7513216e-02  -4.4195145e-02   5.9890972e-03  -3.4128970e-03  -6.3551292e-04
  -6.4283280e-02   2.0788784e-01   1.2400625e-02   5.6417973e-03  -3.2439015e-03  -4.1106956e-05
  -3.5178928e-02   1.3698323e-01  -6.1814699e-03   5.3776616e-03  -3.0227065e-03   3.5422979e-04
   1.9710127e-02   1.3838356e-01  -3.2472012e-02   4.5453367e-03  -2.6508993e-03   6.3293637e-04
   1.6148824e-02   2.4468196e-01   6.5303168e-02   4.4869071e-03  -2.2281795e-03   7.3922138e-04
   2.3142295e-04   7.5584711e-02  -8.5823312e-03   3.8691121e-03  -2.2182383e-03   7.4740398e-04
   1.5629597e-02   1.3558737e-01   2.5429377e-02   3.3228557e-03  -2.5383532e-03   7.3086577e-04
   3.9651486e-02   1.8258328e-01   6.3490971e-02   3.4873180e-03  -1.8065191e-03   1.0276113e-03
   4.4295751e-02   1.2162821e-01   4.4136725e-02   3.3854791e-03  -1.8569246e-03   1.1300480e-03
   2.9969568e-02   1.9993010e-01   8.8540511e-02   3.3125709e-03  -2.2332493e-03   1.0713790e-03
   8.0502717e-03   1.4641373e-01   6.8387514e-02   3.1864537e-03  -2.2126308e-03   6.8511967e-04
   2.0830391e-02   1.2644159e-01   5.8252471e-02   3.5095284e-03  -2.2532305e-03   7.6428162e-04
   3.1564965e-03   3.5363931e-01   2.3730285e-01   5.3926811e-03  -1.8074371e-03   3.9615277e-04
   3.1993836e-02   2.8013793e-02   6.9377296e-02   4.4163411e-03  -1.8820779e-03   1.2145343e-03
   3.0456248e-02   1.7671519e-01   1.1571073e-01   4.5504931e-03  -1.9877838e-03   1.3456243e-03
   4.7094302e-02   1.5438962e-01   9.2981792e-02   6.2964452e-03  -2.5171672e-03   1.8146390e-03
   2.5980601e-02   2.0439913e-01   1.1201988e-01   7.3294952e-03  -2.3738634e-03   1.8602512e-03
   9.5129374e-03   1.8845867e-01   8.8293631e-02   6.2513716e-03  -2.5374245e-03   1.6349834e-03
   3.3246395e-02   2.0643435e-01   6.6693991e-02   5.8193560e-03  -2.3482286e-03   1.9241894e-03
   5.0461642e-02   1.5608435e-01   5.8883176e-02   6.1304877e-03  -2.1246429e-03   2.0719235e-03
   2.9899574e-02   2.1697032e-01   7.8435803e-02   5.7901484e-03  -2.4335649e-03   1.5926269e-03
   9.3974288e-02   2.1189730e-01   4.0283719e-02   5.8988879e-03  -2.7652937e-03   1.7376962e-03
   5.7547843e-02   1.5087840e-01   1.9875369e-02   5.1432426e-03  -2.6445658e-03   1.8432548e-03
   8.8410830e-02   1.7966426e-01  -1.3060943e-02   4.7446489e-03  -2.4012975e-03   2.2471956e-03
   5.5996224e-02   1.8325810e-01  -4.4503888e-03   4.4594863e-03  -2.1799010e-03   2.0949318e-03
   2.4612646e-02   2.6880917e-01   7.8585137e-02   7.6864321e-03  -1.0403806e-03   1.0075602e-03
  -8.8966118e-03  -5.0632359e-02   3.0169460e-01   9.2445573e-03  -5.1768150e-05   2.3850533e-03
  -7.7382021e-02   4.4426028e-03   1.9375400e-02   3.5599617e-03  -5.2909141e-04   1.1106064e-03
  -4.0232627e-02  -1.1394341e-01  -6.2204344e-02   6.4085070e-04  -1.5159570e-03   3.7097015e-05
  -9.6515104e-02   2.0724591e-01   3.6044283e-02   3.3026365e-03  -2.1871002e-04   4.6323589e-04
  -4.8404334e-02   1.0230213e-01  -4.9743785e-02   3.2988365e-03   7.4001839e-05   9.9095918e-04
  -3.2897054e-02   1.1627503e-01  -4.0116933e-02   1.8840812e-03  -3.7597799e-04   1.2502600e-03
  -2.0770908e-02   8.6394108e-02  -5.3854999e-02   1.6896091e-03  -1.0563481e-03   1.3458560e-03
   7.8433702e-03   1.0474247e-01  -5.6363173e-02   1.2649024e-03  -1.0878318e-03   1.9881155e-03
   2.3863378e-02   1.3690599e-01  -2.9691246e-02   9.3654199e-04  -1.0619341e-03   2.4942145e-03
   8.2455729e-03   2.4073300e-01   9.9212379e-02   2.9493502e-03  -9.5672028e-04   2.0357749e-03
   1.8716720e-02  -3.8653385e-03  -7.4969265e-03   3.0736098e-03  -9.9734862e-04   2.4362242e-03
   2.7329925e-02   1.2450726e-01   6.6281189e-03   2.4255399e-03  -1.3105348e-03   2.4251949e-03
   4.0472177e-02   1.2440729e-01   6.4578430e-02   3.0480275e-03  -1.5724822e-03   2.3703285e-03
   4.1397955e-02   4.9451035e-02   1.8354931e-02   3.1732753e-03  -2.2969307e-03   2.2964606e-03
   7.4849289e-03   9.3091839e-02   1.6050508e-02   3.5154519e-03  -1.7512225e-03   2.6434192e-03
  -2.8269633e-01   2.6959257e-01  -2.4777604e-02   5.1627667e-03  -4.4816353e-03  -2.6150829e-03
  -2.8756606e-01   3.0085353e-01   8.0291407e-03   5.0886685e-03  -4.1399657e-03  -1.4530821e-03
  -2.5913172e-01   1.5401557e-01  -3.9555607e-02   4.5902907e-03  -4.1962187e-03  -1.2961831e-03
  -2.2059300e-01   1.9815316e-01   1.6679117e-02   5.1033888e-03  -4.2777026e-03  -7.7542104e-04
  -2.7351154e-01   3.2038175e-01   6.9363723e-02   5.2465411e-03  -3.7273906e-03  -5.0047199e-04
  -2.4701134e-01   1.4713019e-01   4.0117798e-02   5.1678711e-03  -3.7015989e-03  -2.4976166e-04
  -2.3398029e-01   2.3559748e-01   5.6580488e-02   5.3696700e-03  -3.6281017e-03  -3.3132271e-04
  -2.0131717e-01   1.3677659e-01   6.7752248e-02   5.8480967e-03  -3.8845870e-03   4.4802074e-05
  -2.1543888e-01   2.1219164e-01   1.1982653e-01   6.2879575e-03  -3.6394157e-03   4.9026189e-06
  -2.1112601e-01   1.6751097e-01   1.0319405e-01   6.0563915e-03  -3.6815616e-03   1.3298397e-04
  -2.3603814e-01   2.5657894e-01   1.7164128e-01   5.8098705e-03  -2.7361190e-03  -6.6307228e-05
  -1.9751461e-01   1.8761508e-01   1.0275302e-01   5.8238330e-03  -2.0013498e-03  -1.0226580e-04
  -2.2777592e-01   8.4863987e-03   1.5120181e-01   2.7020768e-03  -3.4911760e-03  -4.2261570e-04
  -2.2990243e-01  -2.8588306e-01  -2.5930607e-01  -3.2145933e-02  -9.0311728e-03  -2.0812519e-03
  -1.5944121e-01   2.4906445e-01  -1.2357135e-01  -7.7022317e-03  -4.5229772e-03  -2.4658517e-03
  -2.6365093e-01   2.6771868e-01   7.4855068e-01  -1.9175736e-03  -5.5306560e-03  -1.2935022e-03
  -4.3594685e-01   8.6646296e-02   5.6956442e-01  -7.0611235e-03  -2.5863316e-03   1.1063097e-03
  -4.2013726e-01   2.4649049e-01   5.4770201e-01  -8.7040925e-03  -4.4813460e-03   1.6924913e-03
  -4.3064942e-01   2.5852515e-01   5.0512013e-01  -9.6676970e-03  -4.1345830e-03   1.5006745e-03
  -4.1778121e-01   2.7502593e-01   5.8049666e-01  -1.0105769e-02  -3.9118015e-03   1.7862278e-03
  -3.8311328e-01   1.7081035e-01   4.7378585e-01  -1.0420822e-02  -3.5821936e-03   2.0777858e-03
  -3.9789501e-01   2.6958090e-01   5.8389558e-01  -1.0561176e-02  -3.6951752e-03   2.3240620e-03
  -3.8562678e-01   1.9795456e-01   5.4767055e-01  -1.0444976e-02  -3.8573949e-03   2.6464808e-03
  -3.6850481e-01   2.0428799e-01   5.2660559e-01  -1.0789343e-02  -3.9717633e-03   2.6989858e-03
  -3.7801670e-01   3.0041904e-01   5.8819177e-01  -1.0261058e-02  -3.7994503e-03   2.7598536e-03
  -3.7009445e-01   2.2285345e-01   5.6888124e-01  -1.0087515e-02  -3.6528225e-03   2.6471546e-03
  -3.6226620e-01   1.9820000e-01   5.5869212e-01  -1.0122341e-02  -3.4370106e-03   3.1025095e-03
  -3.7136141e-01   3.1560029e-01   5.0435953e-01  -7.3137641e-03  -3.5092444e-03   2.7667641e-03
  -3.5463817e-01   2.6644132e-01   4.6259917e-01  -5.4275631e-03  -4.1567813e-03   3.1334009e-03
  -3.8098754e-01   2.7873690e-01   4.8673907e-01  -5.1469142e-03  -3.8018172e-03   3.0112098e-03
  -3.6386583e-01   2.4989730e-01   4.9814337e-01  -5.3953859e-03  -4.1792467e-03   2.7020840e-03
  -3.6512273e-01   2.8232505e-01   4.8058979e-01  -5.8339682e-03  -3.7593105e-03   2.7468139e-03
  -3.7472035e-01   2.3186548e-01   4.4386491e-01  -5.3313203e-03  -3.9213356e-03   2.3857312e-03
  -3.3735832e-01   2.6058435e-01   4.6386985e-01  -5.1692263e-03  -3.7489745e-03   2.3535035e-03
  -3.5262659e-01   3.1307216e-01   5.3961858e-01  -5.3726977e-03  -3.4480824e-03   2.7795741e-03
  -3.6478719e-01   3.1350333e-01   5.5921835e-01  -4.7382932e-03  -3.8130863e-03   2.4883908e-03
  -2.5077122e-01   2.2623138e-01   2.3923739e-01  -4.7416208e-03  -5.1808309e-03   1.9335625e-03
  -3.0349853e-01   2.9363435e-01   3.5832398e-01  -4.5765761e-03  -5.2056648e-03   2.7029510e-03
  -3.0033838e-01   3.0177564e-01   3.6773912e-01  -3.6370658e-03  -5.3717058e-03   2.7153706e-03
  -3.0554032e-01   3.8384047e-01   3.5817126e-01  -2.6584003e-03  -5.5267552e-03   2.7367359e-03
  -2.9439289e-01   1.7689141e-01   2.7281592e-01  -8.2716673e-04  -5.9322211e-03   3.0243329e-03
  -2.7065280e-01   2.7166130e-01   3.0551658e-01  -1.6193090e-03  -5.5097075e-03   3.5707548e-03
  -2.3538344e-01   2.6422214e-01   2.9576657e-01  -2.6255172e-03  -5.7561670e-03   3.3851805e-03
  -2.0495806e-01   2.3863400e-01   3.0743491e-01  -3.5691502e-03  -5.9157956e-03   3.3649968e-03
  -2.1260654e-01   2.4701749e-01   3.2175761e-01  -3.8814277e-03  -5.8462898e-03   3.3068467e-03
  -2.3578357e-01   2.0859020e-01   2.2445771e-01  -3.8726748e-03  -5.2427549e-03   3.3299863e-03
  -2.6321568e-01   2.2616299e-01   3.1772879e-01  -3.3865249e-03  -6.2754654e-03   2.7249577e-03
  -2.7281139e-01   3.0689545e-01   3.6501659e-01  -4.5345556e-03  -6.0606944e-03   3.0131695e-03
  -2.7345897e-01   2.6574389e-01   3.6291220e-01  -5.0388689e-03  -5.8485625e-03   2.9759146e-03
  -2.6021036e-01   2.4267189e-01   3.6138225e-01  -4.8540488e-03  -5.9257770e-03   3.0938368e-03
  -2.8016707e-01   3.4514023e-01   4.5511695e-01  -3.4237525e-03  -5.5840373e-03   2.9880177e-03
  -2.6293216e-01   2.1667010e-01   3.6338918e-01  -3.2631997e-03  -5.8031697e-03   2.8241138e-03
  -2.6642140e-01   2.4075272e-01   3.2393421e-01  -3.2084204e-03  -5.6505180e-03   3.0607329e-03
  -2.7889639e-01   3.1478523e-01   3.7209558e-01  -1.7078319e-03  -5.1283773e-03   2.7179576e-03
  -2.5892045e-01   2.4900911e-01   3.6123107e-01  -3.4425560e-03  -5.8120510e-03   2.9773190e-03
  -2.7233024e-01   3.0249474e-01   3.7941535e-01  -3.4864466e-03  -5.8084910e-03   2.9456180e-03
  -2.4553059e-01   2.5621801e-01   3.7975571e-01  -4.0177522e-03  -5.9147967e-03   3.0083215e-03
  -2.3157380e-01   2.5236697e-01   3.9115346e-01  -3.6304154e-03  -6.5308918e-03   3.0630174e-03
  -2.4808218e-01   3.1877026e-01   4.5273161e-01  -3.9346450e-03  -6.7509191e-03   2.9032830e-03
  -2.1351604e-01   2.6832356e-01   4.4542090e-01  -3.8777138e-03  -6.6603729e-03   2.9553190e-03
  -1.9867431e-01   2.5646140e-01   4.7235959e-01  -4.9178696e-03  -7.0317189e-03   3.1370858e-03
  -2.1508703e-01   3.1192012e-01   4.8530465e-01  -4.5880801e-03  -7.1291737e-03   2.8729596e-03
  -2.6068340e-01   2.5213513e-01   2.9184435e-01  -5.4948465e-04  -7.0369706e-03   2.0909809e-03
  -2.5897636e-01   2.3510969e-01   2.9266113e-01  -1.3097994e-03  -6.5675613e-03   2.3145744e-03
  -2.5019985e-01   2.1778011e-01   3.1901763e-01  -1.4281019e-03  -6.8029850e-03   2.5182015e-03
  -2.6082302e-01   2.5356900e-01   3.3706026e-01  -1.1366820e-03  -7.0749573e-03   2.3490781e-03
  -2.4318832e-01   3.5483324e-01   3.7610040e-01  -1.2946674e-03  -7.2799386e-03   2.5426201e-03
  -1.9350212e-01   2.0126040e-01   2.6209345e-01  -7.8959470e-04  -7.9475348e-03   2.7042992e-03
  -1.8826961e-01   2.5931983e-01   2.9062396e-01  -9.9835460e-04  -8.1562403e-03   2.8370639e-03
  -1.8621327e-01   2.4810823e-01   3.0474645e-01  -1.4542968e-03  -8.1103083e-03   3.2132037e-03
  -2.2487111e-01   3.0911741e-01   3.3818058e-01  -7.7871337e-04  -8.2116131e-03   2.7408653e-03
  -2.0993225e-01   2.1456752e-01   2.8865100e-01  -9.7782334e-04  -7.7569082e-03   2.8341819e-03
  -1.9417741e-01   2.6639881e-01   3.5111667e-01  -1.2091787e-03  -7.1047408e-03   3.3356489e-03
  -1.7907749e-01   3.3035526e-01   4.2250606e-01   2.4498608e-04  -6.5267089e-03   3.2682678e-03
  -1.3472465e-01   1.6053279e-01   5.0682664e-01   3.6629961e-03  -4.7906217e-03   3.5454369e-03
