   0.0000000e+00  -1.0364686e-14  -1.4210855e-14   1.5407440e-33   8.3523897e-53   5.7458005e-20
   3.7963391e-02   6.0623684e-03  -5.5572892e-02   1.0627387e-03  -1.0097604e-04   5.0060273e-04
   7.4994932e-02   3.5918764e-02  -1.2816360e-01   1.7998962e-03  -1.3086563e-04   1.2057508e-03
   6.3509680e-02   1.0930265e-01  -1.7111211e-01   2.1096344e-03   4.0597688e-04   8.8205487e-04
   6.2180328e-02   9.8936390e-02  -1.2607249e-01   1.6551290e-03   3.2083519e-04   8.6685681e-04
   6.7605388e-02   7.6039551e-02  -7.5068368e-02   1.6151123e-03   2.4045696e-04   1.0521609e-03
   7.2838398e-02   6.2539068e-02  -8.3276743e-02   1.6028109e-03   7.6265077e-05   1.1058109e-03
   8.3491166e-02   4.8842196e-02  -6.0954927e-02   1.1295788e-03  -1.0592141e-04   1.1974724e-03
   9.0617132e-02   4.7103338e-02  -5.4368227e-02   2.5503857e-03  -2.5103379e-04   1.4140407e-03
   9.9070616e-02   3.2385270e-02  -2.0230308e-02   1.6788145e-03  -1.2178257e-04   1.5368589e-03
   1.0606264e-01   7.6429091e-02  -4.1569000e-02   2.2269386e-03  -2.8676829e-04   1.6069656e-03
   1.1537526e-01   4.7324482e-02  -1.5951338e-02   1.8544520e-03  -2.8128808e-04   1.6532971e-03
   1.1944517e-01   4.2153197e-03   9.6523055e-03   1.4068248e-03  -1.3202230e-04   1.8888992e-03
   1.1537109e-01   7.3090452e-02  -1.0810798e-02   1.3284694e-03  -4.3570887e-05   1.8758200e-03
   1.3981608e-01   4.0510450e-02   5.6735970e-03   9.6204481e-04  -2.8450049e-04   2.0451005e-03
   1.3528238e-01   3.9640503e-02   1.3973903e-02   1.1806542e-03  -3.4713240e-04   2.2214199e-03
   1.4043444e-01   3.1736191e-02   2.1712812e-02   1.6543073e-03  -1.9614476e-04   2.2385465e-03
   1.3835914e-01   1.1381326e-01   8.1156714e-02   1.3993224e-03  -3.4391101e-04   2.3627402e-03
   1.4404276e-01  -2.9332171e-02   7.3853432e-02   1.3153372e-03  -1.5922743e-04   2.4416084e-03
   1.3424493e-01   1.0058220e-01   8.0452245e-02   1.2217113e-03  -2.9492003e-04   2.4586058e-03
   1.5615410e-01   4.4231155e-02   5.2005893e-02   2.2422709e-03  -3.9593447e-04   2.7339787e-03
   1.5316200e-01   1.9873067e-02   6.4765471e-02   1.2620447e-03  -1.9462610e-04   2.6240012e-03
   1.5008475e-01   8.7014767e-02   6.1037557e-02   1.4034667e-03  -2.8223989e-04   2.6119669e-03
   1.5861984e-01   1.1885498e-02   4.1586977e-02   1.3906481e-03  -1.1517859e-04   2.8152779e-03
   1.5365223e-01   1.1502996e-02  -3.3450847e-02   1.7509377e-03   7.8632960e-05   2.8000833e-03
   1.4545550e-01   8.0989334e-02   1.2276826e-02   1.8005949e-03   1.2754388e-04   2.8107821e-03
   1.5588365e-01   1.6225989e-02   2.6011820e-02   2.3820220e-03   1.7830043e-04   3.1429773e-03
   1.4600243e-01   1.8242358e-02   7.8993361e-02   2.3688591e-03   2.3040118e-04   3.2239789e-03
   1.6040529e-01   1.8334586e-02   3.5759588e-02   2.8870348e-03   2.0305789e-04   3.4117870e-03
   1.9269601e-01   1.5004722e-01   9.3042971e-04   3.7531477e-03   5.6671732e-04   2.9518706e-03
   2.0653881e-01  -1.4118129e-01  -1.1397583e-01   3.1717238e-03   2.1959101e-04   2.2860339e-03
   2.2459530e-01   8.7063831e-02  -1.0784843e-01   3.5027087e-03  -1.1156113e-04   3.3906270e-03
   1.9020338e-01  -1.5238327e-02   4.4011203e-02   2.4197970e-03  -1.9685202e-04   2.9817051e-03
   1.8933771e-01   1.3867445e-01   1.6743934e-01   2.6154075e-03  -4.3681578e-04   3.1833986e-03
   1.8762923e-01  -3.2265597e-02   1.9534999e-01   1.9955217e-03  -3.0918376e-04   3.1783760e-03
   1.8417134e-01   1.7626041e-02   1.4210011e-01   1.9353675e-03  -3.5788981e-04   3.0942043e-03
   1.7691004e-01   5.9321885e-02   1.7894356e-01   2.0103810e-03  -3.3998431e-04   3.1543329e-03
   1.7796007e-01  -3.2794731e-02   1.8814099e-01   3.0707247e-03  -2.2252550e-04   3.3149844e-03
   1.4785814e-01   3.2256642e-02   2.3540345e-01   2.1182139e-03   3.8657533e-05   3.1171905e-03
   1.4025211e-01   3.4502870e-02   3.3137610e-01   2.1219981e-03   4.9584113e-05   3.2656947e-03
   1.4346438e-01  -2.9589581e-03   3.6703140e-01   2.2006882e-03   2.7434360e-04   3.4299212e-03
   1.7721647e-01   6.6620530e-02   3.0477594e-01   2.6585520e-03   5.2716904e-04   3.9392548e-03
   1.9417731e-01   1.3219671e-02   3.1976044e-01   2.8512454e-03   6.9652929e-04   4.0372637e-03
   2.1860791e-01  -4.5977945e-03   2.7153902e-01   2.7437443e-03   4.9721500e-04   4.1303200e-03
   2.2378823e-01   8.4736398e-02   3.0663440e-01   1.9506829e-03   4.7526174e-04   4.2374658e-03
   2.2909439e-01  -1.5450295e-03   3.3588108e-01   2.0295959e-03   6.7126322e-04   4.4504351e-03
   2.2326287e-01   6.5762716e-03   3.2460101e-01   1.8481503e-03   6.3730662e-04   4.5631855e-03
   2.1438358e-01   8.5418686e-02   3.2211589e-01   2.0837664e-03   5.7001303e-04   4.4812809e-03
   2.3154974e-01   1.1593761e-02   3.0896430e-01   2.1974997e-03   7.5281587e-04   4.6824231e-03
   2.3667391e-01   2.0897986e-03   3.3048835e-01   2.0879299e-03   5.9402600e-04   4.7563905e-03
   2.4716951e-01   6.9452378e-02   3.5812138e-01   1.9003397e-03   5.7279849e-04   4.8167789e-03
   2.4378020e-01  -4.1584477e-03   3.8779104e-01   1.6207326e-03   7.7721250e-04   4.8531349e-03
   2.4644238e-01  -1.5091887e-02   3.8423471e-01   1.7890360e-03   7.2807955e-04   4.8616471e-03
   2.4760281e-01   5.0748654e-02   3.6674815e-01   1.6489728e-03   7.9214549e-04   4.9114931e-03
   2.4747932e-01   6.9175664e-02   3.9674608e-01   2.2805818e-03   6.1782339e-04   5.1993598e-03
   2.5409619e-01  -4.8646098e-02   3.8728515e-01   2.0555719e-03   8.4302709e-04   5.2179853e-03
   2.3776816e-01   6.0659306e-02   3.9186712e-01   2.8094492e-03   6.3272384e-04   5.1850882e-03
   2.4844570e-01   1.3513204e-02   4.3493516e-01   1.7317545e-03   7.8694977e-04   5.1330281e-03
   2.5941536e-01  -3.0109931e-02   4.3049176e-01   2.2720601e-03   5.0057151e-04   5.2920475e-03
   2.5410666e-01   2.9613974e-02   4.3630730e-01   1.3357577e-03   5.9638445e-04   5.2655788e-03
   2.5931271e-01  -2.2482705e-03   4.3953358e-01   1.8864120e-03   7.0908496e-04   5.4127106e-03
   2.5182287e-01  -6.5134848e-02   4.4142422e-01   1.8421903e-03   8.8881193e-04   5.4940687e-03
   2.4201393e-01   6.3890167e-02   4.6513630e-01   1.5290936e-03   7.1914999e-04   5.5518598e-03
   2.4405909e-01   2.4289227e-02   4.9809013e-01   1.6659227e-03   8.4791952e-04   5.6295051e-03
   2.3804930e-01  -1.6905478e-03   4.7341724e-01   2.1947675e-03   8.7616454e-04   5.6964627e-03
   2.3857623e-01   4.0460680e-02   5.3574854e-01   8.1933424e-04   9.6483315e-04   5.6488142e-03
   2.5227690e-01  -2.3851618e-02   5.2358051e-01   1.0875676e-03   1.2058688e-03   5.7994525e-03
   2.5400467e-01  -6.9048223e-03   4.7120935e-01   1.5201003e-03   1.2148258e-03   5.7954034e-03
   2.5632864e-01   7.1904329e-02   5.1258954e-01   1.8724187e-03   1.0294389e-03   5.9580709e-03
   2.4177682e-01  -2.1582728e-02   5.2576552e-01   1.5494986e-03   1.1561299e-03   5.8931147e-03
   2.3454888e-01  -2.2670683e-02   4.9736256e-01   2.4448238e-03   1.1513900e-03   5.8331200e-03
   2.2819338e-01   6.0187731e-02   4.1813609e-01   2.0743097e-03   9.6194847e-04   5.9068331e-03
   2.2425235e-01  -1.4347575e-02   4.6524194e-01   1.7913715e-03   1.0101983e-03   5.8525841e-03
   2.4179149e-01  -5.2161707e-03   4.5456153e-01   2.3337007e-03   1.0724555e-03   5.9788531e-03
   2.2552194e-01   5.7976730e-02   4.3731690e-01   2.0427670e-03   9.7627950e-04   5.8909120e-03
   2.4484208e-01   1.5687448e-02   4.7762017e-01   2.1743483e-03   1.1955993e-03   6.0698933e-03
   2.5073574e-01  -1.3657635e-02   4.5892734e-01   2.9914688e-03   1.1194146e-03   6.1232864e-03
   2.3957628e-01   5.4584851e-02   4.4907056e-01   1.5483086e-03   1.4552926e-03   6.0305489e-03
   2.5208819e-01   3.0014924e-02   4.6831055e-01   2.1508220e-03   1.2223263e-03   6.1603292e-03
   2.4801319e-01  -1.1741897e-02   4.6917383e-01   2.3897585e-03   1.2493725e-03   6.2660599e-03
   2.3753050e-01   3.6707334e-02   4.5716037e-01   2.5948560e-03   1.3700761e-03   6.1447041e-03
   2.3637751e-01   2.9773460e-02   4.2845669e-01   2.5513219e-03   1.5659831e-03   6.3341115e-03
   2.4322180e-01  -1.7568863e-02   3.9025919e-01   2.9296332e-03   1.5545095e-03   6.4583720e-03
   2.4171879e-01  -1.9214770e-02   3.7829255e-01   2.8250958e-03   1.8372787e-03   6.2523381e-03
   2.4493308e-01   7.2238990e-02   4.6903135e-01   2.9563769e-03   1.6484819e-03   6.4955020e-03
   2.3843825e-01  -3.3688983e-02   4.6830867e-01   3.3579955e-03   1.7843619e-03   6.4158383e-03
   2.2670797e-01   3.3145897e-02   4.9099639e-01   3.0250540e-03   1.7910585e-03   6.4393237e-03
   2.0565540e-01  -1.3783963e-02   3.6936690e-01   3.8148038e-03   1.9664235e-03   6.4037424e-03
   1.8504133e-01  -3.9084487e-02   3.4975865e-01   3.6630845e-03   2.1465019e-03   6.1173567e-03
   1.8930692e-01   1.3035375e-01   3.8787487e-01   3.2866017e-03   1.9562669e-03   6.1500345e-03
   2.0714829e-01  -7.8198811e-02   4.0326177e-01   3.5018794e-03   2.0963669e-03   6.3315926e-03
   1.8364051e-01   1.1701740e-01   4.0958705e-01   3.4767380e-03   2.3578457e-03   6.3768063e-03
   1.9548959e-01  -1.8904367e-02   4.3096125e-01   4.0573973e-03   2.2275596e-03   6.4760201e-03
   1.9850141e-01   5.1128469e-02   4.3457025e-01   3.5910312e-03   2.1621083e-03   6.5374377e-03
   2.0090077e-01   5.3217145e-02   3.1642382e-01   3.9631819e-03   2.2010337e-03   6.4562482e-03
   2.1409157e-01  -4.0714965e-02   3.3973787e-01   4.0160847e-03   2.1445239e-03   6.6170232e-03
   2.2423847e-01   1.0683893e-01   3.7191156e-01   3.9627354e-03   2.0394550e-03   6.7875031e-03
   2.4028563e-01   2.9471234e-02   4.2390764e-01   4.1669200e-03   2.0855515e-03   7.1756969e-03
   2.4873803e-01   5.8561466e-02   4.2552789e-01   3.3008279e-03   2.0746828e-03   7.2777737e-03
   2.4897790e-01   5.1832141e-02   4.6502959e-01   2.9872263e-03   1.9579016e-03   7.3844722e-03
   2.4176056e-01  -3.3574438e-02   4.8022045e-01   3.0663218e-03   2.0316242e-03   7.4818610e-03
   2.3031387e-01   5.9940163e-02   4.8007359e-01   3.0002547e-03   2.1622004e-03   7.5060159e-03
   2.3418418e-01   2.8581660e-02   4.4908107e-01   2.8562981e-03   2.3951438e-03   7.4269902e-03
   2.2602434e-01   5.9451864e-03   4.4534777e-01   3.3429092e-03   2.3043703e-03   7.4443349e-03
   2.3984979e-01   3.7882837e-02   4.5763008e-01   3.6260764e-03   2.1783948e-03   7.6897190e-03
   2.4299229e-01   9.6803945e-02   5.3545772e-01   3.5621722e-03   2.1399267e-03   7.8614913e-03
   2.4579487e-01  -7.9184452e-03   5.6271365e-01   3.6459872e-03   2.2347531e-03   7.9763382e-03
   2.5048072e-01   4.3878516e-02   4.8348117e-01   4.4854789e-03   2.1186364e-03   8.0228642e-03
   2.5557986e-01   5.3930772e-02   5.4179894e-01   3.9640334e-03   2.1754080e-03   7.9974771e-03
   2.5961566e-01   7.8861552e-03   5.8061443e-01   4.1250797e-03   2.2892815e-03   8.1523921e-03
   2.3817041e-01   8.3259838e-02   5.8840697e-01   3.8139208e-03   2.5983548e-03   7.8593665e-03
   2.3681840e-01  -8.4370100e-03   5.6040374e-01   4.2773273e-03   2.2291085e-03   8.2359369e-03
   2.2681046e-01   2.1944092e-02   5.1988046e-01   4.7250870e-03   2.3848157e-03   8.2028610e-03
   2.4562283e-01   1.0891817e-01   4.9473066e-01   5.6335059e-03   2.0484375e-03   8.4846910e-03
   2.5884857e-01  -1.9819619e-02   5.8085871e-01   4.4785583e-03   2.4084956e-03   8.5396929e-03
   2.5376143e-01   3.4697548e-02   5.5747848e-01   4.2880780e-03   2.5138176e-03   8.5975577e-03
   2.7613554e-01   4.9530926e-02   5.3628684e-01   4.5892945e-03   2.3439955e-03   8.7477002e-03
   2.7832589e-01  -2.5180457e-02   5.6313015e-01   5.2869944e-03   2.2778965e-03   8.8893809e-03
   2.7058330e-01   1.3560666e-02   5.8500224e-01   4.8186191e-03   2.4727829e-03   8.8116150e-03
   2.7136621e-01   9.5529119e-02   5.9695054e-01   5.2633524e-03   2.3581646e-03   8.8378359e-03
   2.7822892e-01  -3.2205555e-02   6.0866940e-01   4.7252872e-03   2.6012153e-03   8.9799801e-03
   2.7910970e-01   2.9008765e-02   5.8390606e-01   4.6827380e-03   2.6716919e-03   8.9511892e-03
   2.8635366e-01   6.1238411e-02   5.9011405e-01   5.2219013e-03   2.7185615e-03   9.1206069e-03
   2.7335636e-01   2.3116889e-02   6.3283107e-01   5.4800265e-03   2.6745139e-03   9.2198815e-03
   2.6145518e-01   9.9887307e-02   6.4437663e-01   5.2034197e-03   2.7226942e-03   9.0515129e-03
   2.7059339e-01   5.2870379e-02   6.3014894e-01   5.6282336e-03   2.7846611e-03   9.0766576e-03
   2.9232546e-01   1.5098374e-02   5.9360682e-01   5.4251051e-03   2.7578143e-03   9.3648070e-03
   3.1964069e-01  -2.0531231e-02   6.0293589e-01   5.0756076e-03   2.9892248e-03   9.7342046e-03
   3.1981521e-01   9.7414094e-02   6.4627318e-01   5.1494924e-03   2.7336648e-03   9.7921131e-03
   3.1975782e-01   7.7160499e-03   6.5693161e-01   5.4167947e-03   2.8854456e-03   9.8160918e-03
   3.0647759e-01  -2.7837825e-03   6.4729021e-01   4.7532442e-03   2.9069357e-03   9.7711335e-03
   3.0263639e-01   3.8467857e-02   6.4209512e-01   4.7422196e-03   2.7487446e-03   9.7669598e-03
   3.1101751e-01   2.6276556e-02   7.0235838e-01   4.9700584e-03   2.8463222e-03   9.8914309e-03
   3.1891616e-01  -2.3044723e-02   6.5019297e-01   5.9607899e-03   2.8797636e-03   1.0163538e-02
   3.0595902e-01   7.8453021e-02   6.2784800e-01   5.7553538e-03   3.0499877e-03   9.8695038e-03
   3.2198591e-01  -2.0846689e-02   6.9744722e-01   5.9921942e-03   2.9367068e-03   1.0139433e-02
   3.2166848e-01   1.6010922e-02   7.1727699e-01   6.0792555e-03   3.0901323e-03   1.0236401e-02
   3.2704566e-01   4.0230531e-02   8.2607901e-01   5.4093687e-03   3.1164161e-03   1.0429534e-02
   3.2551515e-01  -2.8396214e-02   7.8559573e-01   5.3608980e-03   3.2798338e-03   1.0426578e-02
   3.2010597e-01   9.6414849e-02   7.5773851e-01   6.3630956e-03   3.1253705e-03   1.0462235e-02
   3.1614080e-01  -6.7322387e-03   7.7914588e-01   5.6862969e-03   3.0869438e-03   1.0525503e-02
   3.1138018e-01  -3.1107115e-02   7.1741542e-01   4.2915828e-03   3.6906483e-03   1.0504496e-02
   3.2594287e-01  -3.3560874e-02   4.9845893e-01   5.9602386e-03   3.5816284e-03   1.0656608e-02
   3.3216384e-01   3.2507755e-02   5.1963466e-01   6.9526897e-03   3.3888320e-03   1.0945745e-02
   3.4641969e-01   4.4271075e-02   5.8544010e-01   7.3128728e-03   3.3649838e-03   1.1387291e-02
   3.1672560e-01   7.9031832e-02   6.1245946e-01   7.3125132e-03   3.6541233e-03   1.0974523e-02
   3.2778535e-01   3.0815517e-02   5.9081510e-01   7.0263938e-03   3.8075019e-03   1.0992888e-02
   3.4155512e-01   1.1438516e-01   4.9453961e-01   7.2438350e-03   4.1644052e-03   1.1257983e-02
   3.6207958e-01  -5.9580566e-02   5.0491719e-01   7.4726179e-03   4.0111194e-03   1.1614244e-02
   3.4126188e-01   7.1141125e-02   5.1624256e-01   7.7714814e-03   4.1205430e-03   1.1274045e-02
   3.5390111e-01  -1.3483492e-02   6.0865861e-01   7.5553467e-03   4.0266910e-03   1.1277464e-02
   3.3835591e-01   7.9599572e-02   5.8133920e-01   7.6414920e-03   4.1749363e-03   1.1183198e-02
   3.4972877e-01  -1.9389638e-02   6.0444094e-01   7.1651307e-03   4.1019123e-03   1.1225899e-02
   3.5901877e-01  -4.8064040e-03   5.7305015e-01   7.1295087e-03   4.1547476e-03   1.1389715e-02
   3.3868860e-01   9.4835001e-02   5.3181292e-01   8.1165696e-03   3.9081205e-03   1.1289493e-02
   3.4245356e-01  -2.1388599e-02   5.7547305e-01   7.4359001e-03   4.2301029e-03   1.1120170e-02
   3.4877982e-01   2.6570970e-02   5.8514031e-01   7.4740747e-03   4.2783488e-03   1.1198596e-02
   3.4265738e-01   7.9116222e-02   5.7221505e-01   7.1413317e-03   4.1322532e-03   1.1113522e-02
   3.3088029e-01   8.6627173e-03   5.3942158e-01   7.6846863e-03   4.4048825e-03   1.0979726e-02
   3.1773384e-01   2.7156389e-02   4.9139756e-01   8.2800253e-03   4.5727569e-03   1.0876928e-02
   3.0291222e-01   9.9869419e-02   4.8267771e-01   8.3652653e-03   4.8096465e-03   1.0691240e-02
   2.9971107e-01   3.7358796e-02   4.6484636e-01   8.4060987e-03   4.7169142e-03   1.0809286e-02
   3.2070223e-01   2.8035878e-02   3.8523935e-01   8.3333129e-03   4.8338861e-03   1.1086255e-02
   2.5082102e-01   8.1849269e-02   1.8491512e-01   8.6039078e-03   5.5741320e-03   1.0440565e-02
   2.4563221e-01   2.3893056e-02   3.2705174e-01   8.6377261e-03   5.3126658e-03   1.0291894e-02
   2.6328445e-01   5.7987120e-02   3.5754342e-01   8.9751511e-03   5.4786793e-03   1.0372202e-02
   2.5496179e-01   1.5981846e-01   4.1798824e-01   8.8290277e-03   5.5690900e-03   1.0464905e-02
   2.6778580e-01   2.1681295e-03   4.5436763e-01   8.6387077e-03   5.5556455e-03   1.0528126e-02
   2.7458471e-01   3.0432604e-02   4.4042502e-01   8.3968393e-03   5.7069428e-03   1.0453129e-02
   2.6867793e-01   1.2794677e-01   4.5360438e-01   9.2462386e-03   5.5741799e-03   1.0636436e-02
   2.7268244e-01  -3.2697024e-03   4.7882178e-01   8.4654487e-03   5.5734303e-03   1.0589414e-02
   2.7101728e-01   6.9759921e-02   4.2996699e-01   8.9577310e-03   5.6468089e-03   1.0627626e-02
   2.6864044e-01   1.6757088e-01   3.0208170e-01   9.5449560e-03   5.8888717e-03   1.0450089e-02
   3.3308328e-01  -1.5110744e-01   1.0064785e-01   8.9371758e-03   5.1453179e-03   9.8065990e-03
   3.6265041e-01   1.3350485e-01   1.5726336e-01   8.0121180e-03   5.2406403e-03   1.1947919e-02
   3.3093434e-01  -3.4343889e-02   2.9090989e-01   8.3707551e-03   5.3616651e-03   1.1913239e-02
   3.0800424e-01   1.2461738e-01   4.3571793e-01   7.3554357e-03   5.9013321e-03   1.1494008e-02
   3.3198976e-01   1.2798810e-02   4.9511622e-01   8.3477051e-03   5.7811281e-03   1.1668174e-02
   3.2972182e-01   1.5198647e-01   5.3418054e-01   8.2116335e-03   5.9066958e-03   1.1822476e-02
   3.5081514e-01  -1.0047561e-02   6.2103069e-01   7.6924225e-03   6.0144474e-03   1.2019248e-02
   3.4260938e-01   5.6770455e-02   6.2727039e-01   7.2736877e-03   6.3009744e-03   1.1785336e-02
   3.4671786e-01   3.2968111e-02   6.4581640e-01   7.3763510e-03   6.3436128e-03   1.1798534e-02
   3.7048014e-01  -2.2209624e-02   6.1409497e-01   7.5751522e-03   6.3525188e-03   1.2161771e-02
   3.4680521e-01   6.6619170e-02   6.0384119e-01   8.0048021e-03   6.2918834e-03   1.1924408e-02
   3.6451980e-01   1.5031039e-02   6.1604126e-01   8.2861186e-03   6.3948002e-03   1.2015521e-02
   3.6699237e-01  -5.5118238e-03   6.0125123e-01   8.1894878e-03   6.7009170e-03   1.1992855e-02
   3.3286202e-01   1.0353659e-01   5.4819223e-01   7.3839829e-03   6.7127594e-03   1.1564160e-02
   2.9901921e-01  -3.4358946e-02   5.2763871e-01   8.6702938e-03   6.9174953e-03   1.1411445e-02
   3.2360545e-01   3.3419701e-02   5.1317759e-01   9.5360954e-03   6.9133741e-03   1.1308511e-02
   3.1872109e-01   1.0161335e-01   6.3511903e-01   9.1339186e-03   6.7085307e-03   1.1359250e-02
   3.5067536e-01  -4.8979623e-02   6.9815728e-01   9.5205399e-03   6.8083014e-03   1.1641279e-02
   3.3777810e-01   6.7850123e-02   6.6511566e-01   9.2897571e-03   6.7360904e-03   1.1692190e-02
   3.5102985e-01  -1.4263768e-02   6.0512870e-01   9.9311472e-03   6.5866128e-03   1.2041506e-02
   3.6037398e-01  -1.1227496e-02   5.8782424e-01   9.2850509e-03   6.9104484e-03   1.2061197e-02
   3.6260233e-01   8.3116902e-02   6.4629681e-01   9.0598217e-03   6.8755160e-03   1.2102993e-02
   3.9674574e-01  -1.2613856e-03   6.8551632e-01   1.0364443e-02   6.8981206e-03   1.2530088e-02
   3.7729074e-01   9.7305001e-02   7.0409654e-01   9.7373419e-03   7.0661439e-03   1.2214750e-02
   3.9040673e-01   7.3090051e-03   7.5571544e-01   9.9318142e-03   6.9455576e-03   1.2497612e-02
   4.1634356e-01  -3.4349504e-03   7.4589607e-01   1.0421843e-02   6.8540765e-03   1.2867939e-02
   3.9320903e-01   8.3205680e-02   7.7086368e-01   8.7143805e-03   6.9172613e-03   1.2593403e-02
   3.9311579e-01  -1.0120855e-02   5.6556458e-01   1.0072073e-02   6.9216605e-03   1.2611761e-02
   4.2776367e-01  -1.0426382e-02   5.9419981e-01   1.0452582e-02   6.9889681e-03   1.2898983e-02
   4.2363747e-01   9.4129340e-02   5.5702340e-01   1.0762551e-02   6.8859934e-03   1.2907231e-02
   4.3069387e-01   4.7513540e-02   5.9172795e-01   1.1648368e-02   6.8056318e-03   1.3058671e-02
   4.3065632e-01  -1.0318389e-02   5.9772113e-01   1.0794879e-02   6.8116028e-03   1.3108716e-02
   4.1826738e-01   7.2124045e-02   6.1016901e-01   1.1293631e-02   6.5891711e-03   1.2880369e-02
   4.3535797e-01  -7.5068976e-03   6.2235828e-01   1.1125914e-02   6.6557448e-03   1.3250598e-02
   4.4629271e-01  -6.6180287e-03   6.0964582e-01   1.1667323e-02   6.6250714e-03   1.3368460e-02
   4.3645271e-01   6.2912495e-02   6.4404712e-01   1.1622626e-02   6.5685022e-03   1.3223228e-02
   4.3866222e-01  -2.7917046e-02   6.8476638e-01   1.1443388e-02   6.6242598e-03   1.3301878e-02
