   0.0000000e+00   0.0000000e+00   7.1054274e-15   0.0000000e+00   0.0000000e+00   0.0000000e+00
  -5.8385890e-03   3.9865011e-02   1.3122639e-02  -2.0738426e-04  -5.4560109e-05   7.3465545e-05
  -1.5380984e-02  -1.4247136e-02   1.7556837e-02   5.6452106e-05  -1.3176281e-04  -7.6086990e-05
  -2.4793963e-02  -4.0092771e-02  -1.5005587e-01   2.0844205e-03   1.7774938e-04  -2.7789466e-04
  -2.5320384e-02   6.5061705e-02  -5.8745355e-02   1.2273534e-03  -2.2941480e-05  -6.2640896e-04
  -2.6372034e-02  -9.2233245e-03  -2.7014932e-02   1.0499505e-03   4.5728484e-05  -6.3578059e-04
  -1.4845337e-02   8.6530635e-02  -5.0505043e-02   8.9693505e-04   7.4585873e-05  -5.3171753e-04
  -1.3519132e-02  -8.6758960e-03  -2.7394324e-02   8.3624450e-04  -1.6962448e-04  -4.9132668e-04
  -1.4692151e-02  -3.1870084e-02   7.1942315e-03   9.6399648e-04  -2.6410022e-04  -4.1291543e-04
  -1.6840183e-02   1.0336447e-01  -2.1261491e-02   8.7200174e-04  -2.4110920e-04  -3.9219215e-04
  -1.5790742e-02  -3.5112297e-02   1.8421520e-02   6.1456983e-04  -4.9685727e-04  -2.8262276e-04
  -1.5441839e-02   1.1722825e-02   1.8756235e-02   8.6114577e-04  -5.1371222e-04  -2.0512063e-04
  -1.5994364e-02   6.7416490e-02   2.2175395e-02   7.4942632e-04  -3.5981067e-04  -5.9771407e-05
  -2.2568775e-02  -4.7570543e-02   5.5372474e-02   9.2080397e-04  -4.1455180e-04  -1.2509554e-05
  -2.1454921e-02   7.0949043e-02   2.7747558e-02   7.0805615e-04  -2.9856867e-04  -1.6606672e-04
  -1.5564294e-02   5.2526932e-02   3.7592356e-02   4.2319989e-04  -4.1745574e-04  -8.5256558e-05
  -1.4724707e-02   1.4318682e-02   5.8343424e-02   6.5867729e-04  -4.6164418e-04  -4.3450234e-05
  -6.1191989e-03   6.8846334e-02   4.8667167e-02  -1.8498868e-04  -7.1788696e-04  -1.7025701e-06
  -1.0783031e-02   4.5981206e-02   8.8826582e-02  -4.3718553e-04  -6.6690821e-04   9.3876879e-05
  -2.0615844e-02  -4.9866286e-03   9.2843667e-02   1.9087625e-04  -5.6370366e-04   7.4371837e-05
  -8.2250306e-03   8.4788877e-02   5.6053418e-02   2.0792272e-04  -5.1001575e-04   1.0009236e-04
  -1.0269585e-02  -1.8333723e-02   6.6997226e-02   5.0522604e-04  -3.7544838e-04   4.1151069e-05
  -2.6762006e-03  -8.2225552e-03   6.0534794e-02   5.2133637e-04  -3.9614668e-04   6.1953278e-05
  -1.5052244e-03   8.3200710e-02   5.0969547e-02   4.8011876e-04  -2.8867013e-04   9.4238411e-05
  -3.9736348e-03   1.7583324e-02   7.6523993e-02   5.5806810e-04  -3.4450432e-04   1.0120873e-04
   2.5280292e-03   3.4876918e-02   6.5726960e-02   2.8370533e-04  -4.3393088e-04   6.9894645e-05
   1.5347644e-04   6.3570471e-02   6.9440473e-02   2.8265540e-05  -3.9552893e-04   5.6784067e-05
  -4.7168529e-03   1.7024227e-02   7.7346356e-02  -1.1890320e-04  -5.4124835e-04   1.3389188e-04
  -1.1228351e-03   6.6946703e-02   1.1867573e-01  -1.4601166e-03  -9.7525611e-04   1.1131546e-04
  -7.4077364e-03   4.2266564e-02   8.9736424e-02  -1.2997306e-03  -1.0070169e-03   3.4388360e-06
  -9.8541579e-03   2.8351285e-02   7.1088735e-02  -1.5944471e-04  -9.1369682e-04   5.8817396e-05
   4.3227034e-03   3.7470997e-02   9.5867250e-03  -1.1811327e-04  -1.1867178e-03   2.6177524e-04
  -2.1649079e-02   1.8567740e-02   1.0292715e-01  -1.3623665e-03  -1.1673831e-03  -9.9006662e-05
  -1.8031278e-02   1.0483532e-03   1.2352194e-01  -8.5767906e-04  -1.0494698e-03  -6.8631071e-06
  -1.1837613e-02   1.3958843e-01   9.8840668e-02  -1.1689693e-03  -8.6545900e-04   8.8063918e-05
  -1.6069121e-02  -2.2186516e-03   1.3959447e-01  -9.3700430e-04  -8.9608568e-04   1.0242747e-04
  -1.2505357e-02   5.3161466e-02   1.1162991e-01  -1.0964334e-03  -9.7794019e-04   1.5146706e-04
  -1.3722541e-02   1.0386302e-01   1.0034397e-01  -1.1462909e-03  -9.4551872e-04   1.9601724e-04
  -1.4172790e-02   1.8952862e-02   1.2391647e-01  -9.5220478e-04  -1.0942148e-03   2.4828108e-04
  -1.8598631e-02   3.2143408e-02   1.0760312e-01  -8.6454143e-04  -1.0649513e-03   1.8730908e-04
  -1.8759870e-02   1.1197341e-01   1.1287651e-01  -1.2440528e-03  -1.0490654e-03   1.9241328e-04
  -2.2966226e-02   5.5973555e-02   1.7057453e-01  -1.4945517e-03  -1.0846996e-03   1.0499225e-04
  -1.7568538e-02   7.4348157e-02   1.3506086e-01  -1.2767233e-03  -1.0998141e-03   1.1224856e-04
  -1.2237563e-02   1.4976140e-01   1.3289821e-01  -1.7437600e-03  -1.1280159e-03   2.5774636e-05
  -1.3805177e-02  -1.9977241e-02   1.8062565e-01  -1.4902542e-03  -1.2055133e-03   4.1031389e-05
  -6.6870829e-03   1.3846722e-01   1.6312722e-01  -2.0740123e-03  -1.1913632e-03  -3.4412531e-07
  -1.1247443e-02   6.6102693e-02   2.2277088e-01  -2.2352053e-03  -1.2410319e-03  -6.4887654e-05
  -7.6749633e-03   9.5779911e-02   2.1005343e-01  -2.1444915e-03  -1.3203459e-03   4.7647880e-05
  -9.6107224e-04  -2.2506876e-02   1.5999012e-01  -4.9085913e-04  -1.1655280e-03   3.7239454e-04
  -1.4247044e-02   1.3018747e-01   2.2190820e-01  -2.1003106e-03  -1.3539696e-03   8.0717701e-05
  -8.4019490e-03   8.8437486e-02   2.2448375e-01  -2.4163823e-03  -1.4534347e-03  -3.9876596e-05
  -1.8787476e-02   1.7511953e-01   2.6461042e-01  -3.2120941e-03  -1.5010936e-03  -2.3684048e-04
  -3.7168982e-02   1.3655028e-01   3.2910432e-01  -3.9937673e-03  -1.4369827e-03  -2.1308318e-04
  -3.8091222e-02   8.3036023e-02   3.5953062e-01  -3.8244293e-03  -1.6431255e-03  -2.7418282e-04
  -4.1613266e-02   2.4985686e-01   3.2047514e-01  -4.3141681e-03  -1.5574975e-03  -4.8846363e-04
  -3.4394611e-02   7.8050724e-03   2.9512455e-01  -3.2297827e-03  -1.6086081e-03  -2.6853348e-04
  -3.6899364e-02   2.9603514e-01   2.8437294e-01  -3.2194822e-03  -1.5440701e-03  -5.6077684e-04
  -1.1881961e-02   6.5390878e-02   1.6658707e-01  -1.6032979e-03  -1.3304932e-03  -1.0917000e-04
  -3.1020611e-02   1.2968155e-01   1.6966521e-01  -1.3733537e-03  -1.3570957e-03  -2.2598071e-04
  -1.9490980e-02   2.2154999e-02   2.3755003e-01  -2.0484538e-03  -1.5554057e-03  -2.3357281e-04
  -9.8938851e-03   1.6365884e-01   2.0119481e-01  -2.0670855e-03  -1.6469730e-03  -2.4212199e-04
  -1.4889950e-02   1.4178432e-01   2.4147048e-01  -2.2112471e-03  -1.6738356e-03  -2.4087820e-04
  -2.8227785e-02   5.9737423e-02   2.7307436e-01  -2.0546894e-03  -1.7169360e-03  -2.4767673e-04
  -1.5097474e-02   1.7697144e-01   2.5036422e-01  -2.2924104e-03  -1.6535131e-03  -2.0496283e-04
  -1.2689158e-02   1.1263656e-01   2.6616437e-01  -2.4218125e-03  -1.7728870e-03  -9.1298711e-05
  -1.9858329e-02   8.2706336e-02   2.9526964e-01  -2.3810559e-03  -1.8485376e-03  -1.3884517e-04
  -2.0042428e-02   1.9371262e-01   2.6862283e-01  -2.5452962e-03  -1.6892207e-03  -1.2261158e-04
  -2.2735864e-02   1.3300178e-01   3.0911493e-01  -2.6911457e-03  -1.6116864e-03  -3.4900657e-04
  -2.0157404e-02   7.9096132e-02   2.9494347e-01  -2.2426678e-03  -1.8183346e-03  -2.3717940e-04
  -2.5343115e-02   2.1869500e-01   2.7169291e-01  -2.4385827e-03  -1.6688264e-03  -2.7136290e-04
  -2.7285173e-02   9.2584439e-02   2.9676159e-01  -2.2061269e-03  -1.8357367e-03  -2.0236971e-04
  -1.6632882e-02   1.9432417e-01   2.7348092e-01  -2.4880707e-03  -1.7427588e-03  -1.4993335e-04
  -2.4049980e-02   1.9846592e-01   2.6429982e-01  -2.7968068e-03  -1.6315470e-03  -3.0787856e-04
  -1.9920533e-02   1.2550568e-01   2.7283088e-01  -2.6286195e-03  -1.8605448e-03  -2.4455646e-04
  -2.2027396e-02   1.1387245e-01   2.7816799e-01  -2.4132406e-03  -1.7979306e-03  -2.8166152e-04
  -1.6779329e-02   1.9084373e-01   2.6112962e-01  -2.4777244e-03  -1.7995538e-03  -2.6627800e-04
  -1.3159354e-02   1.5543316e-01   2.7832777e-01  -2.4368032e-03  -1.8888511e-03  -1.6500976e-04
  -2.1983268e-02   1.0911689e-01   2.9888089e-01  -2.4443719e-03  -1.9188496e-03  -1.7624150e-04
  -2.0444456e-02   1.9182220e-01   2.6848200e-01  -2.5814551e-03  -1.8095455e-03  -2.1405278e-04
  -2.9280208e-02   1.2771864e-01   2.6138157e-01  -2.1921777e-03  -1.6941851e-03  -1.2849259e-04
  -3.6877569e-02   1.0512651e-01   2.8668253e-01  -1.9491841e-03  -1.9069009e-03  -2.1660020e-04
  -3.2658106e-02   1.4889170e-01   2.7348017e-01  -2.0663850e-03  -1.9098507e-03  -1.8366294e-04
  -2.8232955e-02   1.7925568e-01   2.6124189e-01  -2.1979296e-03  -1.7357731e-03  -1.2486873e-04
  -3.0281959e-02   7.9771554e-02   2.8015299e-01  -2.2480135e-03  -1.7631654e-03  -1.4974939e-04
  -2.4362080e-02   1.7707342e-01   2.6483310e-01  -2.5734126e-03  -1.6518210e-03  -1.3366791e-04
  -1.9859938e-02   1.5677788e-01   2.6028174e-01  -2.5289881e-03  -1.6282040e-03  -9.9757544e-05
  -1.4518947e-02   1.0166654e-01   2.7514358e-01  -2.3526887e-03  -1.7343425e-03  -7.8671192e-05
  -1.5105819e-02   1.1846326e-01   2.5848581e-01  -2.2582741e-03  -1.7238176e-03  -5.0761125e-05
  -1.9190637e-02   1.6533080e-01   2.4824058e-01  -2.3048798e-03  -1.5176101e-03  -7.8264343e-05
  -2.0433764e-02   9.9212534e-02   2.7002537e-01  -1.9987509e-03  -1.5748650e-03  -6.6702861e-05
  -1.9089920e-02   1.2025419e-01   2.5680320e-01  -1.9636774e-03  -1.7133051e-03  -6.5494642e-05
  -2.5359961e-02   1.9284865e-01   2.4733249e-01  -2.2385229e-03  -1.5478977e-03  -1.4973143e-04
  -2.9725008e-02   1.3899447e-01   2.6571658e-01  -2.3491825e-03  -1.5053685e-03  -1.2919959e-04
  -2.5939615e-02   8.1570710e-02   2.9194110e-01  -1.9816596e-03  -1.6973782e-03  -1.4285076e-04
  -1.8669645e-02   2.5123620e-01   2.8213139e-01  -2.5928950e-03  -1.6564912e-03  -3.1486503e-04
  -3.2042935e-02   7.9467731e-02   2.8582777e-01  -2.2426911e-03  -1.5155913e-03  -3.8690368e-04
  -3.5534539e-02   1.5767373e-01   2.3883464e-01  -1.8979700e-03  -1.3077211e-03  -5.3980113e-04
  -4.3079909e-02   1.5575856e-01   2.6249922e-01  -2.1932909e-03  -1.3788095e-03  -5.7421650e-04
  -3.7092507e-02   1.1225363e-01   2.5589020e-01  -2.1611478e-03  -1.6731793e-03  -3.7058935e-04
  -3.1768991e-02   2.1145176e-01   2.2641826e-01  -2.4658951e-03  -1.5332968e-03  -4.4151263e-04
  -2.6183804e-02   1.2999017e-01   2.4691517e-01  -2.3828261e-03  -1.4646447e-03  -2.4890244e-04
  -2.1098313e-02   1.0164547e-01   2.5157977e-01  -2.3264865e-03  -1.6631008e-03  -1.8330413e-04
  -2.2080462e-02   2.1650821e-01   2.3357981e-01  -2.6914981e-03  -1.4295054e-03  -2.5641582e-04
  -2.5626085e-02   1.5021924e-01   2.7735657e-01  -2.7448917e-03  -1.5102411e-03  -3.0030505e-04
  -1.8646477e-02   1.4311600e-01   2.9934546e-01  -2.6687622e-03  -1.7581886e-03  -2.3765114e-04
  -1.3607032e-02   1.8872424e-01   2.8125135e-01  -2.8323305e-03  -1.8467079e-03  -2.3050473e-04
  -1.8641381e-02   1.9257315e-01   2.8461789e-01  -3.0117941e-03  -1.7592245e-03  -2.1845730e-04
  -1.0762176e-02   1.5371323e-01   1.9514715e-01  -1.5201737e-03  -1.6446617e-03  -5.1610684e-05
   3.1490683e-02  -9.2400751e-02  -4.1529808e-02   1.2751149e-03  -1.8012575e-03   1.0110860e-03
  -1.5881806e-02   3.7561850e-02   1.6803542e-01  -9.9961441e-04  -1.6009221e-03   6.9478078e-05
  -9.0091521e-04   1.6918621e-01   1.3394486e-01  -9.9261476e-04  -1.6986885e-03   1.5735857e-04
   4.0924203e-03   1.1544739e-01   1.5800055e-01  -1.1509446e-03  -1.7520910e-03   1.4535463e-04
  -1.6134237e-02   4.1768656e-02   1.6516541e-01  -8.9426248e-04  -1.5551524e-03   3.2425661e-05
  -1.4848117e-02   1.6041445e-01   1.5681013e-01  -1.3730603e-03  -1.4967964e-03   4.6990771e-05
  -1.5656783e-02   1.1463378e-01   1.6281691e-01  -1.2943113e-03  -1.4366269e-03   7.3768580e-05
  -1.5119406e-02   5.6867854e-02   1.7994253e-01  -1.0542835e-03  -1.6236454e-03   1.6597422e-05
  -1.2969983e-02   1.9873236e-01   1.6429641e-01  -1.2693871e-03  -1.5604729e-03   5.2272878e-05
  -2.1696733e-02   6.7311375e-02   1.8735909e-01  -9.1658068e-04  -1.5376248e-03  -6.2334715e-06
  -1.6745765e-02   1.3809899e-01   1.7281568e-01  -8.4431376e-04  -1.6550799e-03   6.3312356e-05
  -1.3829116e-02   1.6297622e-01   1.5265018e-01  -1.1444197e-03  -1.7141243e-03  -8.3342635e-05
  -6.0456088e-03   1.2747768e-01   1.6633528e-01  -1.1756443e-03  -1.7116030e-03  -2.3672623e-05
  -4.8245730e-03   6.0493469e-02   1.6874164e-01  -5.6905298e-04  -1.5258095e-03   5.7460323e-05
  -3.9972587e-04   1.8223657e-01   1.3019639e-01  -7.1640311e-04  -1.3731835e-03   6.4563985e-05
  -1.2718121e-02   1.2452765e-01   1.7623147e-01  -1.8464827e-03  -1.5524754e-03   1.6581788e-05
  -1.5240040e-02   7.3560120e-02   1.8867378e-01  -1.5728117e-03  -1.5066256e-03   9.6140613e-05
   6.1507837e-04   2.2811368e-01   1.5762490e-01  -1.8088354e-03  -1.4777302e-03   3.7642109e-05
   9.4861242e-04   8.7888986e-02   1.8593025e-01  -1.6854357e-03  -1.5329415e-03   1.1330319e-04
   2.4741970e-03   1.4141707e-01   1.9484567e-01  -1.4985945e-03  -1.6189042e-03   1.3675243e-04
   6.1561222e-03   1.2181671e-01   1.9674177e-01  -1.6628164e-03  -1.6074179e-03   1.6479341e-04
  -5.9678560e-03   2.0806790e-01   2.0867082e-01  -2.2312033e-03  -1.0837868e-03   1.2409286e-04
  -5.1663653e-03   1.4757501e-01   2.3790778e-01  -2.3223218e-03  -1.4901695e-03   5.6276242e-05
  -5.6575753e-03   1.1969402e-01   2.4811670e-01  -2.0940531e-03  -1.7338488e-03   9.8628086e-05
  -3.0498177e-03   2.3304527e-01   2.0577727e-01  -2.1863844e-03  -1.4026241e-03   9.5566752e-05
  -5.4060995e-04   1.7370205e-01   2.3068787e-01  -2.0755934e-03  -1.6382094e-03   1.7923069e-04
   6.3929018e-03   1.8339912e-01   2.8514206e-01  -3.5318392e-03  -1.5132296e-03   3.2386357e-04
  -7.0155524e-03   1.9214256e-01   2.6224351e-01  -3.5605583e-03  -1.7900630e-03   8.1642426e-05
  -5.4397195e-03   1.8977927e-01   2.5975595e-01  -3.3089677e-03  -1.7239904e-03   2.2588373e-05
  -1.6905568e-02   1.6391013e-01   3.0521139e-01  -3.5853073e-03  -1.6991349e-03  -7.2711848e-05
  -1.7182060e-02   1.7624295e-01   3.0876602e-01  -3.8075901e-03  -1.9158261e-03  -9.2004243e-05
  -2.3460213e-02   2.0675277e-01   3.0072413e-01  -3.9229359e-03  -1.7854726e-03  -2.6023678e-04
  -2.4204893e-02   1.8736952e-01   3.2402025e-01  -3.8545613e-03  -1.7413383e-03  -2.5333345e-04
  -2.9860738e-02   1.5144418e-01   3.4399767e-01  -3.7865355e-03  -1.9392837e-03  -2.1932027e-04
  -2.8427400e-02   2.1832762e-01   3.4192003e-01  -3.8843372e-03  -1.7777054e-03  -2.4967070e-04
   1.1564264e-01   1.6807954e-01   1.6138458e-01  -3.5449194e-03  -2.9677119e-03  -1.7835366e-04
   7.1128108e-02   1.7657029e-01   2.4245046e-01  -4.5353631e-03  -2.6062227e-03  -1.9724737e-03
  -3.2909796e-02   3.2383414e-01   3.3574789e-01  -3.7034191e-03  -1.6323067e-03  -5.3611316e-04
  -3.3259930e-02   2.3841128e-01   3.4123302e-01  -3.9002419e-03  -1.9392375e-03  -3.5902820e-04
  -3.8492353e-02   1.7114802e-01   3.2539023e-01  -3.8403934e-03  -2.0099141e-03  -3.5626615e-04
  -2.8708481e-02   3.1145609e-01   2.6366147e-01  -4.0152238e-03  -1.9348796e-03  -2.6379383e-04
  -1.5198255e-02   1.4711109e-01   2.1734968e-01  -2.3874205e-03  -1.8008985e-03   2.0171945e-05
  -6.6053945e-03   5.2834695e-02   1.2709949e-01  -1.4549293e-03  -2.0992202e-03  -2.5930500e-04
  -2.3947253e-02   5.4467217e-02   2.1436504e-01  -2.3099407e-03  -2.1899563e-03  -6.5527748e-04
  -2.0235446e-02   2.4334461e-01   2.4943812e-01  -2.7868827e-03  -2.2669034e-03  -4.2043020e-04
  -4.5496850e-03   1.4326075e-01   2.2806279e-01  -2.0750556e-03  -2.0097474e-03  -1.7053238e-04
   1.0321103e-02   2.1692580e-02   1.6665838e-01  -1.2103932e-03  -2.1829571e-03  -3.3784772e-05
   8.2227175e-03   8.2396929e-02   1.6078418e-01  -1.1602572e-03  -2.0980975e-03  -2.6680602e-04
   1.6411478e-02   3.4215322e-01   1.1832516e-01  -6.9978757e-04  -2.2402333e-03  -2.1880558e-04
  -5.6980660e-05   5.5380144e-02   1.8989680e-01  -8.9511278e-04  -2.3061700e-03  -3.6464690e-04
   1.2650450e-02   2.4601142e-01   1.6201058e-01  -4.6445377e-04  -2.4130149e-03  -5.9342907e-04
   9.7556099e-04   9.6952602e-02   2.1046227e-01  -4.9340342e-04  -2.3747365e-03  -5.9888245e-04
   3.2014211e-02   2.2133408e-01   1.8861215e-01  -4.5028172e-04  -2.6482860e-03  -3.1302326e-04
   2.0979117e-02   1.8760485e-01   2.5499183e-01  -2.4123264e-04  -2.6972990e-03  -4.8589942e-04
   2.4317577e-03   1.6791406e-01   3.2627180e-01  -6.3044098e-04  -2.2406172e-03  -5.1532872e-04
  -1.0306192e-02   2.0530308e-01   3.2783345e-01  -8.3183051e-04  -1.7762984e-03  -7.2676036e-04
  -1.0963733e-02   1.6770444e-01   3.7309988e-01  -1.3999524e-03  -1.8078568e-03  -5.1452213e-04
  -1.2166570e-02   1.7920529e-01   3.7415609e-01  -1.4578817e-03  -1.8542589e-03  -5.8411072e-04
  -6.3023905e-03   2.7599563e-01   4.1647405e-01  -2.3135698e-03  -2.1332510e-03  -5.8639232e-04
  -1.9215772e-02   1.8394372e-01   4.6537135e-01  -2.4348392e-03  -2.0623338e-03  -6.6769622e-04
  -2.1576097e-02   2.1518396e-01   4.6205255e-01  -2.5211292e-03  -2.0219473e-03  -8.0525863e-04
  -2.5260533e-02   3.0246948e-01   4.8294432e-01  -3.0221075e-03  -2.1345949e-03  -8.3611792e-04
  -3.1721898e-02   2.7041541e-01   4.8161949e-01  -3.0516192e-03  -1.9832088e-03  -7.4601320e-04
  -2.4840100e-02   2.6429045e-01   5.1061772e-01  -3.2657248e-03  -2.1730476e-03  -8.1761745e-04
  -1.9192366e-02   1.9323051e-01   5.0454067e-01  -3.1844049e-03  -2.3731988e-03  -8.8831218e-04
   1.1064695e-02   3.7922965e-01   4.5984337e-01  -3.0379757e-03  -2.3599490e-03  -3.0284681e-04
   1.3298684e-02   1.5511061e-01   3.2825860e-01  -8.8159592e-04  -2.6972270e-03  -2.0344458e-04
   2.5159064e-02  -1.0104973e-01   2.6992263e-01  -1.2938922e-03  -2.5512700e-03  -2.5611740e-04
   1.1304493e-02   1.5171991e-01   2.4716080e-01  -1.2874334e-03  -1.8777049e-03  -4.4917554e-04
   1.4737297e-03   1.9487555e-01   2.9112137e-01  -1.8453315e-03  -1.8442118e-03  -5.5787106e-04
   7.0094041e-03   1.2319344e-01   3.3005038e-01  -1.7102185e-03  -2.1401114e-03  -4.7069128e-04
   1.5254006e-02   2.4415989e-01   3.0068854e-01  -2.3224015e-03  -1.9313129e-03  -4.8687985e-04
   6.7584525e-03   1.4636383e-01   2.9957324e-01  -1.9394957e-03  -1.9268163e-03  -4.2786750e-04
   5.7935744e-03   1.1985139e-01   3.1576747e-01  -1.5381457e-03  -2.1265452e-03  -3.7425150e-04
   3.2872900e-03   2.6020821e-01   2.7392852e-01  -2.0007965e-03  -1.7785847e-03  -4.7066894e-04
  -2.4667257e-03   1.8846461e-01   2.8818691e-01  -1.9532421e-03  -1.7762664e-03  -4.0607003e-04
   1.5009034e-02   1.5587137e-01   3.0151169e-01  -2.0109051e-03  -2.1033779e-03  -1.2811149e-04
   6.2973150e-03   2.2357141e-01   2.9433519e-01  -2.7134101e-03  -2.2789518e-03  -2.8064171e-04
   2.2427361e-02   1.8302544e-01   3.4611255e-01  -3.1881416e-03  -2.2219517e-03  -1.4720542e-04
   3.2282648e-02   1.5797495e-01   3.2823255e-01  -2.8087993e-03  -2.5294829e-03  -1.8535104e-04
   3.0106456e-02   2.4667009e-01   2.5645846e-01  -2.3190540e-03  -2.2587585e-03  -1.5875071e-04
   3.1038706e-02   1.4674597e-01   2.6615261e-01  -2.0838079e-03  -2.3594223e-03  -5.0312122e-05
   6.1751320e-02   6.0166701e-02   3.1114368e-02   1.1264688e-04  -2.3022268e-03   5.2308617e-04
   6.3517490e-02   2.2056529e-01   4.1143764e-02  -9.1338579e-05  -2.1977291e-03   6.2674883e-04
   5.9304825e-02  -4.5367774e-02   1.7454069e-01   1.8561182e-04  -2.8677822e-03   5.6350132e-04
   7.5462174e-02   1.6221731e-01   1.5418030e-01   5.8784355e-05  -2.8354709e-03   8.6061604e-04
   6.2639705e-02   3.5376039e-02   1.4235181e-01   1.3946155e-04  -2.6313067e-03   9.6901243e-04
   6.1018403e-02   1.8067273e-01   1.3515249e-01  -2.8864102e-04  -2.5434332e-03   6.9060147e-04
   6.6334446e-02   3.1085400e-02   1.8708422e-01  -6.9617490e-05  -2.7102402e-03   7.4170082e-04
   6.9891075e-02   1.3081442e-01   1.6002394e-01  -3.0426645e-04  -2.7823172e-03   7.6839417e-04
   7.8802541e-02   1.6166655e-01   2.1765291e-01   3.9844327e-04  -2.7796462e-03   9.3629289e-04
   4.1831917e-02   2.9812302e-02   1.4713636e-01   3.8474180e-04  -2.6617635e-03   5.6701032e-04
   3.5169191e-02   2.3114837e-01   1.9832542e-01  -7.4196972e-04  -2.8622072e-03   1.4829922e-04
   3.9882114e-02   1.7290353e-01   2.2178162e-01   6.3929908e-04  -2.7636763e-03   4.0375136e-04
   3.7505083e-02   7.3920106e-02   2.6779712e-01   3.3868456e-04  -2.9133044e-03   3.5023940e-04
   3.8896524e-02   1.3199746e-01   2.6164669e-01  -3.5262150e-04  -2.8227045e-03   3.3549130e-04
   3.2607807e-02   1.3192270e-01   2.9440494e-01  -4.0062558e-04  -2.8472398e-03   2.2666239e-04
   3.3005357e-02   8.3523893e-02   3.2898221e-01  -5.4108525e-04  -3.0297317e-03   3.5540062e-04
   3.9197760e-02   1.9412676e-01   3.0091277e-01  -7.2239617e-04  -2.9341054e-03   2.9498859e-04
   3.7683858e-02   1.5545917e-01   3.2982166e-01  -1.1626674e-03  -3.0870366e-03   3.0103453e-04
   3.7873925e-02   1.0869472e-01   3.3523934e-01  -7.7967989e-04  -3.1591748e-03   3.2711739e-04
   4.1712995e-02   1.8822697e-01   2.9731866e-01  -7.7314314e-04  -3.0538706e-03   3.0256660e-04
