   0.0000000e+00   0.0000000e+00   0.0000000e+00   0.0000000e+00   0.0000000e+00   0.0000000e+00
  -7.0789251e-03   1.9667829e-02  -4.6461712e-03  -3.7368439e-04  -1.9238382e-04  -3.0158222e-04
  -2.8638842e-02  -7.7657603e-03   1.6044449e-02  -1.6440158e-04  -9.5275041e-04  -7.9131800e-04
   4.6232238e-03   3.0037814e-02  -2.1298001e-02   1.2090909e-03  -1.0651839e-03   2.5828657e-04
  -4.8727212e-03   8.0511042e-02  -3.4734736e-03  -3.7243831e-04  -7.0197782e-04   1.3104513e-04
  -1.1902227e-02   5.2569546e-02  -3.7807881e-02   1.7706294e-04  -9.1451276e-04   9.3222716e-06
  -1.3624041e-02   6.6809901e-02  -1.3369794e-02  -5.1104084e-04  -5.0647860e-04  -2.1499587e-04
  -1.6485478e-02   2.3258409e-02   8.2258015e-04  -1.2940796e-03  -3.2371684e-04  -2.4004440e-04
  -1.7760690e-02   1.8457593e-02  -6.8341687e-03  -1.0832808e-03  -4.7505226e-04  -5.3636946e-04
  -2.5600844e-02   2.0688493e-02  -1.1052810e-02  -9.3072960e-04  -5.3693917e-04  -7.5327921e-04
  -2.8368493e-02  -1.7352421e-02   2.9324584e-03  -7.6491262e-04  -7.0977140e-04  -5.0743445e-04
  -3.4110852e-02  -1.0381194e-03  -1.5559046e-02  -1.0594873e-03  -1.5344707e-03  -7.3500273e-04
  -4.8587346e-02  -7.8877826e-03  -2.1211359e-02  -1.1138992e-03  -1.4967909e-03  -9.1308188e-04
  -4.6250349e-02   3.4768334e-02  -1.7481972e-02  -9.0550269e-04  -1.0009268e-03  -8.3548998e-04
  -4.0251933e-02   8.0830471e-03  -5.7266029e-02   9.2146686e-04  -1.2262837e-03  -5.3246654e-04
  -4.5466759e-02   3.9702656e-02  -2.0909894e-02  -3.7674983e-04  -7.1257428e-04  -7.2810018e-04
  -4.4910748e-02   4.2197312e-02  -2.9466778e-02  -5.2331574e-04  -7.3428917e-04  -5.2304069e-04
  -3.9626910e-02  -1.3875080e-02  -2.0885326e-02  -4.5739110e-05  -8.0178839e-04  -5.7883930e-04
  -4.5119334e-02   6.0237987e-02  -5.1920069e-03  -6.7660883e-05  -6.3981509e-04  -4.3235907e-04
  -3.6271443e-02   2.2331816e-02  -1.4049453e-03  -7.7369901e-04  -3.4082754e-04  -3.3316559e-04
  -3.2300079e-02   3.3098940e-03  -8.6196994e-03  -9.5372461e-04  -1.8336332e-04  -1.7360007e-04
  -2.3420688e-02  -1.2414669e-02  -6.0054892e-03  -6.4001651e-04  -4.6874577e-04  -6.7609831e-07
  -2.6398622e-02  -1.2072149e-02   4.4355768e-03  -7.1754640e-04  -1.1783475e-04  -1.0988994e-04
  -2.8017910e-02   1.6732148e-02  -4.4323986e-03  -8.0901081e-04  -3.4902977e-04  -8.0802132e-05
  -3.1053119e-02   6.7225719e-03  -1.8778097e-02  -7.8734533e-04  -3.9096199e-04   1.2928465e-04
  -4.2755662e-02  -5.1179772e-03  -6.2157202e-03  -6.7524825e-04  -4.2355474e-04  -1.9808872e-04
  -5.2722665e-02  -1.2531262e-02   3.5104647e-02  -1.5446731e-03  -2.4996117e-04  -3.8145100e-04
  -5.1774117e-02   6.2114842e-03  -2.8561379e-02   6.7771877e-04  -4.9013026e-04  -7.8045181e-05
  -6.5827384e-02   2.9964693e-02  -4.6540463e-03   2.4083902e-04  -5.6917383e-04  -4.2926662e-04
  -7.1503763e-02   4.9153084e-02  -1.8432336e-03  -9.9843998e-05  -3.9996931e-04  -4.2789619e-04
  -4.9660530e-02   4.3856858e-02  -5.8974133e-02   2.2048468e-03  -1.0737453e-03  -9.8218533e-05
  -8.9095741e-02   1.0355848e-02  -2.4855289e-02   6.3670220e-04  -9.0051026e-04  -2.8363468e-04
  -8.6369599e-02   1.6466606e-02   2.0848023e-02  -6.3012889e-04  -2.0446508e-04  -5.1161674e-04
  -8.2683045e-02  -1.1433805e-03   1.5006304e-02  -5.8711692e-04  -2.1429035e-04  -4.9571325e-04
  -9.4760191e-02   1.6409911e-02   1.2428622e-02  -4.5030794e-04  -3.5249119e-04  -4.6702628e-04
  -1.0039766e-01   6.1997557e-03   1.1306930e-02   2.6653853e-04  -1.8638824e-04  -3.8863909e-04
  -1.0430625e-01  -6.5094321e-03   1.1033204e-02   5.0263594e-05  -1.8286337e-05  -4.4716548e-04
  -1.0815857e-01   2.1998366e-02  -1.7716565e-02  -5.5432331e-06  -4.9890211e-04  -4.9053955e-04
  -1.1279037e-01   3.9540498e-02  -1.9899768e-02  -4.7032292e-05  -7.8362874e-04  -5.4338303e-04
  -1.0896351e-01  -2.5783133e-02  -6.3307882e-03   1.4429354e-04  -3.0694760e-04  -8.0595443e-04
  -1.0008858e-01  -9.9103904e-03  -7.0815796e-02   3.1477202e-03  -3.6297061e-04  -3.9277808e-04
  -9.2942336e-02   8.9297301e-02  -5.1332366e-02   2.2889489e-03  -1.1067272e-03  -3.0250320e-04
  -9.2669193e-02   7.4439346e-02  -8.9686475e-03   1.5029315e-03  -6.4625598e-04  -4.9271016e-04
  -9.5460042e-02   5.9943896e-02  -2.5408175e-02   1.8959684e-03  -6.6865944e-04  -2.0615780e-04
  -1.0182547e-01   3.5953604e-02  -4.0145525e-02   1.1478611e-03  -4.5543531e-04  -4.7527416e-04
  -1.0242531e-01   5.9942828e-02  -1.6686668e-02   1.0121071e-03  -1.9753095e-04  -2.8865977e-04
  -1.2225446e-01   1.0902707e-02  -5.3895977e-03   1.6594979e-04   3.4155944e-04  -9.3399532e-04
  -1.2008654e-01  -2.0555912e-02   4.0128611e-03   2.7906385e-04   3.4992425e-04  -7.9875796e-04
  -9.7706150e-02  -2.8170086e-02  -5.9123082e-03   3.7646886e-04   1.7269852e-04  -4.7469622e-04
  -8.1442320e-02  -3.4285720e-02  -3.2781516e-02   5.9975105e-04  -2.2226274e-04  -3.2271270e-04
  -1.0898155e-01  -9.5834404e-03  -5.4214470e-02   6.1649613e-04   8.2646060e-05  -9.6015022e-04
  -1.0786044e-01   2.1233288e-02  -4.8863119e-02   3.4436461e-04   5.2858331e-05  -7.2261199e-04
  -1.0117606e-01  -2.5554496e-03  -5.1982324e-02   4.0801841e-04   1.7111554e-05  -6.2188155e-04
  -8.9700992e-02  -3.1333684e-02  -8.7807663e-02   1.3533403e-03   8.4802044e-05  -2.6701845e-04
  -1.1739877e-01   3.4314722e-02  -8.6489135e-02   2.1733044e-03  -1.2445588e-04  -4.8388653e-04
  -1.2026111e-01   6.6271692e-03  -8.1479236e-02   2.1582334e-03  -2.9022139e-04  -6.0441055e-04
  -1.2409738e-01   6.5575638e-02  -5.5520510e-02   2.0304553e-03  -4.1324720e-04  -5.1921831e-04
  -1.3329116e-01   3.9383506e-02  -6.5574552e-02   2.8075467e-03  -2.2196865e-05  -6.3704632e-04
  -1.3863692e-01  -4.1976238e-03  -3.5104729e-02   1.4453729e-03   4.7242372e-04  -5.8258035e-04
  -1.2657819e-01   1.5675499e-02  -4.7570582e-02   1.8749937e-03   1.3317786e-04  -2.9780991e-04
  -1.2116214e-01   2.9696694e-02  -3.9934942e-02   1.8986104e-03   2.5427661e-04  -2.7446545e-04
  -1.3390590e-01   4.0997337e-02  -2.0147693e-02   1.0721652e-03   5.9351361e-04  -6.2282507e-04
  -1.2715742e-01   5.0135896e-02  -4.1784645e-02   2.0713484e-03   5.9600495e-06  -4.1787595e-04
  -1.3800585e-01   1.0277905e-02  -2.1810396e-02   9.7358210e-04   6.2409274e-04  -7.9491584e-04
  -1.2496040e-01   4.3274036e-02  -6.1687379e-02   1.2517846e-03   3.0847970e-04  -5.2491066e-04
  -1.4200714e-01   3.0631427e-02  -4.6222902e-02   8.0905241e-04   4.6178335e-04  -8.4176058e-04
  -1.1837822e-01   4.6949420e-02  -6.9634848e-02   1.2083132e-03  -7.4919929e-05  -3.4217732e-04
  -1.4132603e-01   6.4857656e-03  -6.8640033e-02   1.7408672e-03  -1.2170544e-04  -5.2728608e-04
  -1.6352520e-01   1.1505275e-01  -7.6561269e-02   2.1952878e-03  -5.4227833e-04  -1.0256339e-03
  -1.5878195e-01   1.0796186e-02  -1.5255884e-02   1.4222109e-03   9.4728962e-06  -1.0332021e-03
  -1.6320921e-01  -2.2172492e-02  -4.4599268e-03   1.2506121e-03   2.2630906e-04  -1.0085628e-03
  -1.6836917e-01  -6.8509205e-03  -1.9585067e-03   4.9638456e-04   9.3262798e-04  -1.1443319e-03
  -1.5078121e-01  -2.3653099e-03  -1.3496849e-02   4.6513722e-04   7.2599998e-04  -1.0055113e-03
  -1.4949396e-01   1.6654527e-02  -1.5875644e-02   6.0761504e-04   9.1763793e-04  -9.0401509e-04
  -1.5212136e-01  -5.9557176e-03  -9.8906002e-03   6.5470648e-04   9.1310372e-04  -1.3438546e-03
  -1.4999837e-01  -3.0628102e-03  -1.6078703e-02   6.9526628e-04   8.5571241e-04  -1.1803814e-03
  -1.5076846e-01  -1.2985484e-02   7.5938745e-04   7.6172556e-04   5.9328531e-04  -1.1107166e-03
  -1.3829443e-01  -2.8819214e-02  -8.7793704e-03   1.2432409e-03   3.6929162e-04  -9.8558664e-04
  -1.5332502e-01  -2.9926708e-02   9.4284870e-03   1.2487404e-03   5.6276925e-04  -1.2710141e-03
  -1.4770141e-01  -3.1859900e-02  -1.2343593e-02   1.9834138e-03   2.0223599e-04  -1.1926631e-03
  -1.4497042e-01   3.4807993e-02  -1.7501578e-02   1.2400894e-03   1.7305298e-04  -1.2836927e-03
  -1.6520389e-01   1.4747382e-02  -7.2869681e-03   1.3562582e-03   9.8949819e-05  -1.3607990e-03
  -1.4086633e-01   7.6832262e-03  -3.8741984e-02   2.7267910e-03   3.5548313e-04  -1.0469481e-03
  -1.4440468e-01  -1.8697303e-02  -9.1500616e-03   2.0229767e-03   7.2340005e-04  -1.0029243e-03
  -1.3595006e-01   5.3879858e-04  -1.9724563e-02   1.7190966e-03   8.1632586e-04  -6.8060106e-04
  -1.3394512e-01   5.8635181e-02  -2.5055467e-02   1.4860011e-03   7.9049314e-04  -7.5874618e-04
  -1.3363096e-01   3.2112412e-02  -4.6704628e-02   2.3961187e-03   5.5628628e-04  -8.1208335e-04
  -1.3339340e-01   9.4809227e-03  -2.8428568e-02   2.0536781e-03   4.9558028e-04  -8.7435712e-04
  -1.2476783e-01   3.1633357e-03  -7.2341905e-03   1.5167566e-03   8.0077603e-04  -8.3891348e-04
  -1.2014310e-01   7.8211924e-03  -1.7293426e-02   1.7151127e-03   5.9583722e-04  -6.4214097e-04
  -1.2776942e-01   2.5110846e-02  -1.5266073e-02   1.3333083e-03   9.7675773e-04  -8.6517707e-04
  -1.3335305e-01  -7.4705470e-03  -9.2556960e-03   9.6920810e-04   1.1411697e-03  -9.2814673e-04
  -1.3089033e-01  -5.4500265e-04  -3.5912426e-02   1.8793837e-03   8.8782698e-04  -7.4573315e-04
  -1.3288984e-01  -2.4741567e-02  -7.3744642e-03   1.4592627e-03   9.4116671e-04  -8.8780979e-04
  -1.3022334e-01   4.9509954e-02  -5.0558111e-02   2.8874762e-03   9.5219658e-04  -9.3061218e-04
  -1.1920593e-01   5.8696732e-02  -5.2110662e-02   2.8498719e-03   2.0778249e-04  -5.7054882e-04
  -1.2708511e-01   2.8985140e-02  -1.5837916e-02   1.5311073e-03   9.6382255e-04  -9.4097529e-04
  -1.2057028e-01   8.6941672e-03  -2.6866353e-02   1.7085053e-03   9.5120824e-04  -8.0701086e-04
  -1.2154174e-01   1.2695363e-02  -4.4444601e-02   1.5990354e-03   1.0145194e-03  -9.3602920e-04
  -1.1361336e-01   5.2400354e-02  -5.3235482e-02   1.5562580e-03   9.5174649e-04  -7.8848118e-04
  -1.1954050e-01  -1.2509020e-02  -2.5364614e-02   1.6552755e-03   1.0670644e-03  -7.2691900e-04
  -1.0309151e-01  -1.3024967e-02  -2.8191831e-02   2.0234785e-03   1.0040968e-03  -2.4598849e-04
  -1.0661654e-01   1.5125314e-02  -2.6930761e-02   1.7283728e-03   1.0622876e-03  -2.8048976e-04
  -9.8129264e-02   5.1571434e-02  -3.2688540e-02   1.7108661e-03   1.0543176e-03  -4.7543284e-04
  -1.0517304e-01  -2.4326574e-03  -3.2555968e-02   1.9149287e-03   9.9980106e-04  -4.1716909e-04
  -1.0986162e-01   1.2136989e-02  -3.4131086e-02   2.2169084e-03   1.0293348e-03  -2.6698442e-04
  -1.2943992e-01   2.7170684e-02  -3.2835197e-02   2.0769503e-03   1.1201089e-03  -4.7660620e-04
  -1.1343791e-01   2.3694047e-02  -4.0614492e-02   2.1386051e-03   1.0570478e-03  -2.5406321e-04
  -1.2210485e-01   4.8052421e-02  -6.8046982e-02   2.7383270e-03   1.1954151e-03  -8.4981097e-05
  -1.3917487e-01   2.4591465e-02  -3.6978261e-02   2.3345719e-03   1.0631313e-03  -1.7412574e-04
  -1.1982146e-01   2.6406293e-02  -5.4700648e-02   3.0568346e-03   1.2958686e-03   1.9246849e-05
  -1.1582430e-01  -1.0404459e-03  -4.5146264e-02   2.4946875e-03   1.3105302e-03  -3.7980132e-05
  -1.1781392e-01   2.3329239e-02  -1.7388943e-02   2.2432313e-03   1.5849964e-03   2.4435904e-05
  -1.1016928e-01   3.7819188e-02  -4.5760112e-02   2.6985843e-03   1.6718296e-03   9.4722332e-05
  -1.0886584e-01  -1.7183784e-03  -2.2949198e-02   1.7891621e-03   1.6867661e-03   1.1846757e-04
  -9.8778913e-02  -2.3076183e-02  -2.9514160e-02   2.5341622e-03   1.4144716e-03   3.7905650e-04
  -1.1473230e-01   2.7620221e-02  -3.4403361e-02   3.4150443e-03   1.3315501e-03   2.7414181e-04
  -1.1513117e-01   3.3681751e-02  -2.5836688e-02   2.3708459e-03   1.4700556e-03   2.3145312e-04
  -1.1255237e-01   4.0914327e-02  -1.4733799e-02   1.9850656e-03   1.8537722e-03   2.5601907e-04
  -1.1868561e-01   2.2281908e-02  -4.4856314e-02   2.8165219e-03   1.6413758e-03   1.4048451e-04
  -1.3513020e-01   3.1402327e-02  -2.1648893e-02   2.3250821e-03   1.9054352e-03  -3.7798465e-04
  -1.1929745e-01  -3.0569024e-02  -3.2348452e-02   2.7079241e-03   1.5317745e-03   1.9738176e-04
  -1.3190030e-01   8.7434114e-02  -6.1825570e-02   3.6093266e-03   1.3832374e-03   1.4418221e-04
  -1.2706881e-01   1.0508988e-03  -3.1194529e-02   1.8286901e-03   2.1401739e-03   5.5018175e-05
  -1.2359286e-01  -3.6996436e-02  -1.7152077e-02   1.8638288e-03   2.3517391e-03   1.7451164e-04
  -1.3002537e-01  -1.6091439e-02  -2.6395714e-02   1.9703115e-03   2.0359141e-03   6.3673847e-05
  -1.2770010e-01  -8.4449122e-03  -6.6184223e-03   1.9599141e-03   1.9205841e-03   9.8993793e-05
  -1.2636499e-01   1.1065285e-02  -1.9142527e-02   1.8759972e-03   2.0430046e-03  -6.4060514e-05
  -1.4789828e-01   8.9358714e-03  -1.9983997e-03   1.9601618e-03   1.8904724e-03  -1.7555918e-04
  -1.5376229e-01   1.6966529e-03  -4.4915032e-02   2.7850972e-03   1.6658450e-03  -2.4569984e-04
  -1.5518893e-01   2.0759588e-02  -2.7971808e-02   2.9155868e-03   1.5011204e-03  -4.1811534e-04
  -1.7100587e-01   3.6208273e-04  -2.8794733e-02   2.3562395e-03   1.9294579e-03  -6.1100621e-04
  -1.8120636e-01   1.0274265e-01  -5.3693076e-02   2.7258807e-03   1.8607095e-03  -5.0569471e-04
  -1.9094971e-01   2.0878658e-02  -6.9920360e-02   4.3692754e-03   1.0010866e-03  -7.9607571e-04
  -1.9562599e-01   1.0460165e-01  -4.8750352e-02   3.9417554e-03   8.7131884e-04  -8.8808419e-04
  -1.9561046e-01   4.6432292e-02  -1.8202447e-02   2.8691059e-03   1.5708657e-03  -9.8047194e-04
  -1.7606545e-01   4.0982111e-02   2.6904491e-03   2.0204285e-03   2.0042113e-03  -7.3910355e-04
  -1.5940105e-01   1.7703621e-02  -1.2417885e-02   1.4845932e-03   2.2274866e-03  -7.5413897e-04
  -1.6024203e-01   1.2615820e-02  -4.6212994e-02   2.0419530e-03   1.9301932e-03  -4.6682389e-04
  -1.7555549e-01   3.2272974e-02  -3.2502902e-02   1.8352900e-03   2.2311243e-03  -7.7589716e-04
  -1.5804150e-01   5.9162191e-02  -6.5011385e-02   2.1989740e-03   1.8474891e-03  -5.2727806e-04
  -1.5711635e-01   4.8286007e-02  -6.0578176e-02   2.1401931e-03   1.9375616e-03  -7.8285051e-04
  -1.6831579e-01   5.0086758e-02  -4.1282364e-02   1.9306524e-03   2.1433824e-03  -7.7908222e-04
  -1.6942314e-01   5.4761830e-02  -5.2968763e-02   2.0428927e-03   2.0501406e-03  -7.0383631e-04
  -1.9888971e-01   1.8523963e-02  -6.7976110e-02   2.3830750e-03   1.8691619e-03  -1.1981503e-03
  -2.0179417e-01   6.7039508e-02  -6.5632461e-02   2.6433542e-03   1.5977560e-03  -1.1791152e-03
  -2.1848855e-01   3.9702206e-02  -4.5732182e-02   2.5970379e-03   1.6054901e-03  -1.5385797e-03
  -2.1970963e-01   6.9873696e-02  -4.2455639e-02   2.1285101e-03   1.5908664e-03  -1.5825663e-03
  -1.9578343e-01   7.3234364e-02  -3.7842016e-02   1.9341669e-03   1.7195163e-03  -1.2674694e-03
  -1.5698757e-01  -9.1433596e-03  -5.6779005e-02   1.8723387e-03   2.2760298e-03  -7.9680943e-04
  -1.4552165e-01  -1.3579347e-02  -6.9181139e-02   1.9133117e-03   1.7842032e-03  -7.7671112e-04
  -1.7515409e-01   4.1865336e-02  -1.0023770e-01   3.2698898e-03   2.0063088e-03  -1.2102354e-03
  -1.6927407e-01   3.3933376e-02  -7.1785531e-02   2.0061649e-03   2.2506290e-03  -9.4263645e-04
  -1.6954452e-01   3.7283437e-02  -6.5759385e-02   1.8640838e-03   2.3543033e-03  -8.2591699e-04
  -1.8001202e-01   2.0341377e-02  -6.8326730e-02   1.9001641e-03   2.5750622e-03  -8.6853168e-04
  -1.5617377e-01   5.7786334e-02  -1.2204352e-01   3.8070424e-03   1.5718327e-03  -1.4853579e-04
  -1.6447609e-01   7.8780505e-02  -1.0353001e-01   2.8738352e-03   1.8492240e-03  -4.7522476e-04
  -1.7504660e-01   6.4452347e-02  -9.3727145e-02   2.8386800e-03   1.7536622e-03  -6.3358487e-04
  -1.9073927e-01   1.0967249e-01  -1.0042864e-01   2.8102193e-03   1.4651031e-03  -8.9900109e-04
  -2.0768645e-01   7.7836575e-02  -9.2801787e-02   2.7693719e-03   1.8305785e-03  -1.2442820e-03
  -1.9072823e-01   1.1086413e-03  -7.5658134e-02   3.0216142e-03   1.7073458e-03  -9.7447973e-04
  -1.6746186e-01   1.1106775e-01  -9.4796447e-02   3.0832378e-03   1.7304865e-03  -4.2758878e-04
  -1.5440960e-01   4.3107736e-02  -1.0094807e-01   2.6619540e-03   1.9692877e-03  -4.4659842e-04
  -1.5288376e-01   6.0674328e-02  -9.8001741e-02   2.3337706e-03   2.0537633e-03  -5.3945832e-04
  -1.4424803e-01   4.5440588e-02  -8.9124434e-02   2.8056176e-03   2.1097479e-03  -3.9913258e-04
  -1.4509249e-01   6.0115047e-02  -6.5092203e-02   2.1969385e-03   2.2827640e-03  -5.9612855e-04
  -1.5315814e-01   2.9477655e-02  -6.7535147e-02   1.8530983e-03   2.4156965e-03  -6.8830768e-04
  -1.5692774e-01   3.4078409e-02  -7.2525900e-02   1.8542713e-03   2.6135910e-03  -5.1113389e-04
  -1.7055265e-01   8.2399443e-02  -6.2428756e-02   1.7575544e-03   2.6882189e-03  -6.7515831e-04
  -1.7390886e-01   3.8186770e-02  -7.0277419e-02   2.1477979e-03   2.6407803e-03  -8.7562016e-04
  -1.5102595e-01   4.0673257e-02  -1.0787983e-01   3.3811327e-03   1.8778408e-03  -2.4181049e-04
  -1.5803696e-01   8.3842308e-02  -1.3563484e-01   3.7520165e-03   2.1758967e-03  -5.4961405e-04
  -1.6399809e-01   7.2612299e-02  -1.1399167e-01   2.6091168e-03   1.9983569e-03  -8.2588837e-04
  -1.6539757e-01   7.9382255e-02  -1.0516750e-01   3.0887042e-03   1.7116706e-03  -8.2177216e-04
  -1.7624684e-01   5.5516855e-02  -7.5974874e-02   2.5007524e-03   2.2270286e-03  -9.1483853e-04
  -1.7139451e-01   4.0225115e-02  -6.4766659e-02   2.4348144e-03   2.4244136e-03  -6.3147746e-04
  -1.3856753e-01   3.2162901e-02  -1.0963799e-01   3.9572261e-03   2.1400059e-03   4.1740119e-05
  -1.5778321e-01   6.6550142e-02  -9.6947580e-02   2.4148190e-03   2.5961813e-03  -2.9355008e-04
  -1.6009268e-01   6.0724105e-02  -1.0698250e-01   2.2642879e-03   2.7205594e-03  -2.9534545e-04
  -1.7347071e-01   4.6702637e-02  -1.0889780e-01   3.5792105e-03   2.4147948e-03   4.0415244e-04
  -1.6503115e-01   2.4726281e-02  -7.8446578e-02   2.6472276e-03   2.6588382e-03  -1.8120372e-04
  -1.5614990e-01   2.4405989e-02  -6.9806371e-02   2.3612306e-03   2.6797575e-03  -1.3278664e-04
  -1.4403495e-01  -2.9446763e-03  -9.3389173e-02   2.8063836e-03   2.4944377e-03   2.5071287e-05
  -1.5364156e-01   5.1579609e-02  -7.5896588e-02   2.6977455e-03   2.5742915e-03  -4.2165176e-05
  -1.7334481e-01   1.0571494e-01  -1.1916579e-01   3.4706371e-03   2.6951626e-03  -4.7307278e-04
  -1.7250409e-01   4.0615432e-02  -8.6083093e-02   2.6589197e-03   2.5882539e-03  -6.1689284e-04
  -1.6512935e-01   8.0537057e-02  -7.7821539e-02   3.4435707e-03   2.2987692e-03  -3.1679128e-04
  -1.7251682e-01   3.4975859e-02  -8.2209967e-02   2.6235237e-03   2.5787617e-03  -5.1288142e-04
  -1.6381973e-01   5.8636226e-02  -9.1090142e-02   1.9016600e-03   2.8608154e-03  -3.5667145e-04
  -1.6304198e-01   3.8809032e-02  -7.8313016e-02   1.7775160e-03   3.2021224e-03  -4.9812248e-04
  -1.5028026e-01   1.4941441e-02  -7.9629975e-02   2.1600073e-03   3.1840624e-03  -5.0583213e-04
  -1.4575783e-01   8.1737729e-03  -8.3520741e-02   2.3005700e-03   3.0434243e-03  -2.3683677e-04
  -1.3153586e-01   5.8987592e-02  -1.1393780e-01   3.8656899e-03   2.7242514e-03  -3.6832699e-04
  -1.1658114e-01   2.7717419e-02  -9.5413340e-02   2.3837126e-03   2.8486461e-03  -1.0219321e-04
  -1.1270692e-01   4.7661336e-02  -8.7667964e-02   2.1614782e-03   3.1026931e-03  -4.2144618e-05
  -1.1536708e-01   3.1706229e-02  -9.3148638e-02   2.1398948e-03   3.2911466e-03  -1.7165814e-04
  -1.1608574e-01   4.6260379e-02  -9.1009022e-02   2.5524379e-03   2.8000595e-03  -4.3325808e-05
  -1.1986150e-01   8.3888611e-02  -1.2614389e-01   3.6731936e-03   2.6708850e-03  -5.6942672e-05
  -1.2779579e-01   4.4948932e-02  -1.0508768e-01   3.0082479e-03   2.8244487e-03  -3.7092182e-04
  -1.3847427e-01   7.9364733e-02  -8.5194124e-02   2.4674830e-03   3.1896809e-03  -7.4543858e-04
  -1.3751228e-01   5.3718101e-02  -9.9451748e-02   2.2371470e-03   2.8696532e-03  -6.1089415e-04
  -1.3211687e-01   2.6268772e-02  -1.0933693e-01   2.2161345e-03   2.9394911e-03  -5.9840998e-04
  -1.4292438e-01   4.6657035e-02  -1.0212803e-01   2.5605551e-03   2.6040273e-03  -8.6113236e-04
  -1.5101796e-01   6.1125134e-02  -8.0160125e-02   3.0850833e-03   2.7015371e-03  -8.7617671e-04
  -1.5356414e-01   5.6620513e-02  -8.4599391e-02   2.9414335e-03   2.7403969e-03  -9.5043123e-04
  -1.4628115e-01   9.6793179e-02  -9.0750092e-02   2.3560903e-03   3.3196775e-03  -8.4752468e-04
  -1.4583609e-01   2.9827502e-02  -7.8402162e-02   2.3892702e-03   3.4184267e-03  -8.0624540e-04
  -1.3786722e-01   5.2535303e-02  -1.3169695e-01   3.7476744e-03   2.5885234e-03  -5.9472207e-04
  -1.5712542e-01   9.1951333e-02  -1.0326356e-01   2.2857664e-03   3.1394066e-03  -9.5113028e-04
  -1.4729587e-01   9.2212333e-02  -1.2840016e-01   3.2375597e-03   2.6047768e-03  -7.8255408e-04
