   0.0000000e+00   0.0000000e+00   0.0000000e+00   0.0000000e+00   0.0000000e+00   0.0000000e+00
   8.3065378e-03   8.0638598e-02   3.0748756e-02  -1.3694961e-03   2.4775687e-04   2.9189828e-04
  -2.7527028e-02   3.0889669e-02   3.3974205e-02  -1.5976405e-03   8.0801811e-04  -4.9251261e-04
  -3.1483274e-02  -1.3020864e-02   4.2553518e-02  -1.6717943e-03   1.1224662e-03  -6.1545904e-04
  -2.0970038e-02   6.3981532e-03   1.9829548e-02  -7.6765758e-04   8.8437148e-04  -3.9643882e-04
  -3.1149051e-02  -4.6285401e-02   6.2664017e-02  -1.9823197e-03   1.1639979e-03  -4.9189303e-04
  -2.6625594e-02  -3.7112647e-02   5.8301203e-02  -2.3970829e-03   1.3622048e-03  -3.3312374e-04
  -2.1652571e-02  -3.6916606e-02   4.5044195e-02  -2.4529221e-03   1.3967789e-03  -2.7537837e-04
  -1.1296536e-02  -3.9229439e-02   3.6237002e-02  -2.0094099e-03   1.4605479e-03  -2.4595466e-04
  -2.4410273e-02  -2.9757942e-02   4.0466384e-02  -2.1243572e-03   1.3387664e-03  -2.6261277e-04
  -2.6754428e-02  -3.2165417e-02   1.3942548e-02  -2.0602905e-03   1.1274214e-03  -6.6273745e-05
  -4.3919544e-02  -4.3697640e-02   2.3534529e-02  -1.8017063e-03   1.1499375e-03  -4.0595469e-04
  -3.6400202e-02  -2.4689684e-02   5.6751739e-02  -1.3233615e-03   1.1674127e-03  -3.1939842e-04
  -3.3047766e-02  -2.3945703e-02   8.4244517e-03  -4.2575495e-04   5.4008611e-04  -2.0911041e-04
  -2.2493171e-02  -1.1884394e-02  -4.6959543e-02   1.3992530e-03   4.1449706e-04   3.5844951e-04
  -5.8149310e-02   4.6456008e-02   9.5356795e-03  -9.7778324e-04   4.5595197e-04  -7.1014673e-04
  -5.7277623e-02  -8.1846177e-03   3.5386080e-02  -1.2845445e-03   5.8940400e-04  -6.8413230e-04
  -4.2059602e-02  -4.5688337e-02  -8.6478044e-03   1.1339160e-03  -1.0420114e-04  -2.9881987e-04
  -7.2341484e-02  -5.5377382e-02   2.9275346e-02   6.2882355e-06   2.7398528e-04  -7.6024277e-04
  -7.5060973e-02   3.1508211e-02   3.0062146e-02  -1.0853398e-03   8.0167496e-04  -7.8998335e-04
  -6.9292882e-02  -2.0158516e-02   2.3068438e-02  -1.2277385e-03   1.0127376e-03  -7.6677218e-04
  -7.5738432e-02  -3.1467145e-02   3.3497627e-02  -1.2557130e-03   1.3448495e-03  -6.8589508e-04
  -9.4408004e-02  -4.1729480e-02   2.8664566e-02  -1.2958943e-03   1.2387655e-03  -1.0377792e-03
  -8.4552507e-02   3.3932861e-02  -6.7751956e-03  -9.1963470e-04   1.2219812e-03  -8.8823880e-04
  -8.8547297e-02   2.6942428e-02   1.8591653e-02  -1.5880912e-03   1.4751108e-03  -9.4240962e-04
  -8.1877507e-02  -9.6902982e-03   1.6788461e-02  -1.1397234e-03   1.4040448e-03  -8.9966342e-04
  -9.1703552e-02   2.3082160e-02  -2.9914569e-02   6.0548930e-06   1.1705020e-03  -9.0882024e-04
  -9.4347398e-02  -1.3674474e-02  -2.4680498e-02  -7.9970006e-05   9.8261822e-04  -7.3962678e-04
  -1.0727571e-01   1.6490446e-02   2.6990191e-03  -1.3830548e-03   1.2875919e-03  -9.8746694e-04
  -1.1571055e-01   3.0619723e-02   9.0982864e-03  -9.9984161e-04   1.3958170e-03  -8.7933737e-04
  -1.2005433e-01   1.4630986e-02   3.3083972e-02  -1.3668765e-03   1.4956490e-03  -1.0105280e-03
  -1.0895348e-01  -1.7522083e-02   2.3988512e-02  -9.9528352e-04   1.3481318e-03  -8.4585329e-04
  -1.2200873e-01   1.4701100e-02   2.6120553e-02  -1.6543807e-03   1.5029442e-03  -1.0850028e-03
  -1.1933414e-01  -1.9753257e-02   1.4640784e-02  -1.9301637e-03   1.4909018e-03  -1.1461170e-03
  -1.0594710e-01  -6.2693927e-03   1.5698800e-02  -2.1438468e-03   1.4906667e-03  -1.0727183e-03
  -9.6567343e-02  -1.1659410e-02   2.8913486e-02  -1.6411708e-03   1.4363704e-03  -8.4713794e-04
  -9.3946852e-02  -3.7146579e-02   2.5081897e-02  -1.6751215e-03   1.2474476e-03  -5.4820853e-04
  -8.7828642e-02  -1.6610790e-02   3.6055904e-02  -2.4894845e-03   1.6326104e-03  -7.1570198e-04
  -1.0331881e-01  -2.8550626e-02   8.1902549e-03  -2.0957564e-03   1.4159604e-03  -9.9147407e-04
  -1.1517340e-01  -4.7154691e-02   1.8620875e-02  -1.8578085e-03   1.6379007e-03  -1.2052120e-03
  -1.1926769e-01   8.7310308e-03  -1.3504830e-02  -5.5163751e-04   1.5072983e-03  -1.0389459e-03
  -1.1380797e-01   2.7741297e-02  -2.5607063e-03  -5.3031243e-04   1.2150031e-03  -9.2426460e-04
  -1.1952913e-01   4.7465390e-02   1.6591233e-03  -3.1812587e-04   1.5187706e-03  -1.0599269e-03
  -1.2778422e-01  -3.8966001e-02   3.1315409e-02  -1.7731076e-03   1.7809509e-03  -1.1228939e-03
  -1.1889248e-01  -2.1663191e-03   4.9387354e-02  -1.9566357e-03   1.6913590e-03  -1.0939765e-03
  -1.0073189e-01  -2.4085557e-02   3.4267616e-02  -2.2196419e-03   1.8286160e-03  -1.0000142e-03
  -1.1337937e-01  -6.7185777e-02   4.0034604e-02  -1.9475635e-03   1.9210400e-03  -1.0154706e-03
  -1.0516957e-01  -6.2803238e-02   4.6987746e-02  -2.0421439e-03   1.9769961e-03  -1.0177168e-03
  -1.0188446e-01  -4.8027925e-02   3.7530464e-02  -2.1543847e-03   2.0105204e-03  -9.7358383e-04
  -1.0992208e-01  -4.4026677e-02   9.9055022e-03  -1.9339851e-03   1.8447532e-03  -9.3478424e-04
  -9.4980972e-02  -3.9641554e-02   2.5803186e-03  -1.9531035e-03   1.8125933e-03  -9.6046013e-04
  -1.0347346e-01  -1.2503805e-02   8.8947103e-03  -2.0334743e-03   2.1121025e-03  -1.1884532e-03
  -1.0582041e-01  -1.3449831e-02  -1.5775863e-02  -1.7488900e-03   2.1774386e-03  -1.0276658e-03
  -1.1092769e-01  -6.2769748e-03  -2.2735412e-02  -1.0955906e-03   1.6593513e-03  -1.0564732e-03
  -1.2273000e-01   1.6361829e-02  -1.1173205e-03  -1.0166289e-03   1.5170575e-03  -1.0446419e-03
  -1.2457712e-01  -2.9476912e-02  -8.1175080e-03  -3.8217790e-04   1.5115395e-03  -1.1850521e-03
  -1.0205551e-01   2.7113357e-02  -2.2030875e-02   1.0752020e-04   1.3494075e-03  -6.2299956e-04
  -1.1794704e-01   7.3021772e-03   1.9167299e-02  -1.4480955e-03   1.9852078e-03  -1.2458647e-03
  -1.2217640e-01  -4.2244066e-02   2.8145970e-02  -1.8957674e-03   2.0604748e-03  -1.2970287e-03
  -1.1487763e-01  -4.7346469e-02   3.4754422e-02  -1.6785679e-03   2.0219383e-03  -1.1829325e-03
  -1.0994471e-01  -4.1850869e-02   3.5044880e-02  -1.7347024e-03   2.1063145e-03  -1.0758381e-03
  -1.0801281e-01  -2.8546799e-02   1.5649986e-02  -1.7648561e-03   2.1761030e-03  -8.3256582e-04
  -1.0372932e-01  -3.1838153e-02   1.6330194e-02  -1.8227364e-03   2.2216503e-03  -9.2710966e-04
  -9.7828654e-02  -7.2593635e-04   9.2701792e-03  -1.9737365e-03   2.1586468e-03  -6.2236101e-04
  -9.3625478e-02  -4.4868163e-02  -2.1699981e-02  -1.8624499e-03   2.4860380e-03  -6.6005664e-04
  -5.9476940e-02  -2.6570964e-02  -3.1139329e-02  -1.5501611e-03   2.4180478e-03  -2.8176538e-04
  -8.1021538e-02  -7.1106697e-03  -5.1685702e-02   4.1918476e-04   1.9699459e-03  -3.1607362e-04
  -8.3281226e-02   7.4416833e-03  -1.5406048e-02  -4.2227133e-05   2.1238415e-03  -4.7528904e-04
  -1.2130526e-01   6.4922077e-02  -1.2362836e-03  -7.4799309e-04   2.2210511e-03  -9.2204771e-04
  -1.2107082e-01   2.6842323e-02  -3.5303326e-04  -1.0317638e-03   1.9257516e-03  -1.0280327e-03
  -1.1951891e-01   5.8121079e-03   1.2958718e-02  -1.0450030e-03   1.8416307e-03  -1.0351392e-03
  -1.2509669e-01  -1.9619751e-02   1.9322257e-02  -1.0136294e-03   1.7727314e-03  -1.0590141e-03
  -1.2334432e-01  -6.3954759e-04   2.1605727e-02  -6.9317141e-04   1.7572130e-03  -8.5141948e-04
  -1.3311844e-01   2.4312841e-02   1.7967945e-02  -1.1234632e-03   2.1800191e-03  -6.1342270e-04
  -1.2539092e-01  -9.4027373e-04   1.8216783e-02  -9.3888374e-04   2.0174891e-03  -8.5684955e-04
  -1.1562932e-01  -2.0217807e-02   4.3883501e-03  -9.7652203e-04   1.9432948e-03  -1.0261819e-03
  -1.2233329e-01  -2.4222418e-02   2.0820789e-02  -1.3414257e-03   1.8346115e-03  -1.2176686e-03
  -1.2020270e-01  -1.6648053e-02   2.3931399e-02  -1.5272000e-03   1.8699945e-03  -1.0578424e-03
  -1.1137474e-01  -6.3803913e-03  -7.9135438e-03  -4.9596687e-04   1.7084360e-03  -8.9118082e-04
  -1.2131756e-01  -6.2587403e-03   2.7466413e-03  -1.5887232e-03   1.9507340e-03  -1.0124522e-03
  -1.1590382e-01  -8.6449966e-03  -3.2678600e-02  -1.3099322e-03   1.8838932e-03  -1.2212599e-03
  -1.2338259e-01   4.8275989e-03  -2.3982164e-02  -4.8972489e-04   1.8147150e-03  -1.2226542e-03
  -1.2286684e-01  -8.8739494e-03  -2.9072189e-03  -1.0843248e-03   1.4911207e-03  -7.5296257e-04
  -1.3908491e-01  -5.9300447e-04  -2.5533941e-03  -8.1224888e-04   1.6535081e-03  -1.1186380e-03
  -1.3733938e-01  -4.7028436e-02   6.7963005e-03  -6.4885738e-04   2.0792283e-03  -1.2226809e-03
  -1.5069269e-01   8.2246598e-04   1.4075602e-03  -1.8196236e-03   2.1865181e-03  -1.0215368e-03
  -1.4218401e-01   1.7373714e-03  -4.7448180e-02   3.4723053e-04   1.5464950e-03  -1.1030879e-03
  -1.5317881e-01  -4.3396602e-02   2.3752815e-02  -1.0743931e-03   2.2647861e-03  -1.2328424e-03
  -1.5067817e-01  -3.1268427e-02   3.1004785e-02  -1.2389039e-03   2.2739604e-03  -1.1920334e-03
  -1.4506974e-01  -3.2780023e-02   2.4925958e-02  -1.3916691e-03   2.3494379e-03  -1.0907013e-03
  -1.4998424e-01  -5.0852857e-04   2.9381290e-02  -1.5135041e-03   2.3590693e-03  -1.1720409e-03
  -1.3930101e-01  -1.1023813e-02  -2.6679286e-02   3.7709680e-04   2.1128502e-03  -1.0266250e-03
  -1.3689065e-01   1.0398707e-02  -1.5844869e-02  -3.5636560e-05   2.0834836e-03  -1.0664381e-03
  -1.6224839e-01   4.7851063e-03   6.8596294e-03  -8.9803385e-04   2.0360266e-03  -1.3655392e-03
  -1.5411225e-01   4.2997809e-02  -5.2688594e-02   2.6036580e-04   1.9162608e-03  -1.0646467e-03
  -1.5335178e-01   3.8562699e-02  -1.8624082e-02  -6.8384335e-04   2.2347684e-03  -1.0423882e-03
  -1.5048456e-01  -1.2720612e-02   7.0648868e-03  -8.9809266e-04   2.1720183e-03  -9.8459419e-04
  -1.4269981e-01  -2.1633464e-02   4.6894591e-03  -9.1795627e-04   2.5286776e-03  -1.0191747e-03
  -1.4977914e-01  -1.9423197e-04   3.4401851e-03  -1.0818671e-03   2.3714832e-03  -1.0512077e-03
  -1.4722637e-01  -1.5210291e-02  -8.2302553e-03  -1.0388228e-03   2.4092778e-03  -1.0415861e-03
  -1.4917814e-01  -1.1488323e-02   6.7120526e-04  -9.9395772e-04   2.4070448e-03  -1.1012031e-03
  -1.4805834e-01   1.3944962e-02   5.1809729e-03  -9.4764647e-04   2.8514720e-03  -1.0270436e-03
  -1.4555678e-01  -3.3822386e-02   1.8790532e-02  -8.4044138e-04   2.5837077e-03  -1.0544122e-03
  -1.3502841e-01   9.4263953e-03  -1.7897982e-02   4.1017665e-04   2.3438037e-03  -7.4484517e-04
  -1.4506104e-01  -3.4598453e-03   1.6586798e-02  -1.1020407e-03   2.4729665e-03  -1.0590823e-03
  -1.5031358e-01  -5.8458656e-03   1.1776497e-02  -9.0154264e-04   2.5658266e-03  -1.0122053e-03
  -1.4381868e-01   3.5794226e-02  -2.1036361e-02  -1.2131415e-03   2.4059949e-03  -1.0818604e-03
  -1.3400950e-01   7.6927160e-03  -1.3046469e-02  -1.1179888e-03   2.6627619e-03  -7.3446806e-04
  -1.4462997e-01  -4.6181155e-03  -2.2001730e-03  -7.9704033e-04   2.8777465e-03  -8.9361563e-04
  -1.2870770e-01  -4.9456655e-02  -2.4856730e-03  -8.2183655e-04   2.4981700e-03  -7.6310804e-04
  -1.2816050e-01  -3.8115852e-02  -5.0402086e-04  -1.0553274e-03   2.5411712e-03  -6.3892428e-04
  -1.3190076e-01  -9.5869833e-03   1.2200241e-03  -1.1917219e-03   2.6543307e-03  -6.4092416e-04
  -1.2189414e-01   1.1634138e-03  -2.3981897e-04  -1.0644763e-03   2.5497508e-03  -4.5353822e-04
  -9.7072073e-02   1.4904506e-02  -4.7474443e-02   9.5499437e-04   2.1888007e-03  -1.3604023e-04
  -1.1182351e-01  -7.8993193e-03  -1.4839247e-03  -1.3249118e-03   2.5532636e-03  -4.4239532e-04
  -1.1902656e-01   1.8673454e-02  -8.5781769e-03  -1.0735074e-03   2.3020576e-03  -3.6381483e-04
  -1.0851814e-01  -2.9537892e-02  -4.4668986e-03  -8.9757973e-04   2.5580864e-03  -3.6289130e-04
  -9.5581280e-02  -1.5573243e-02  -2.1149625e-04  -8.3567555e-04   2.1925585e-03  -2.8910717e-04
  -1.0095957e-01  -6.5248071e-02  -1.7573328e-02   1.2462069e-04   1.6085110e-03  -1.5434830e-04
  -1.0746731e-01   4.5513748e-02  -8.7211136e-03   1.8731576e-04   1.6389202e-03  -4.8371841e-04
  -1.1523739e-01   3.1448826e-03   2.4420128e-02  -1.1725393e-03   2.1640045e-03  -6.5806494e-04
  -1.1619307e-01  -1.0849280e-02   2.1130259e-02  -1.6437650e-05   1.8190103e-03  -3.4286664e-04
  -1.2047714e-01  -4.4742220e-02  -1.2563059e-02   3.0262018e-04   1.6293556e-03  -3.0720858e-04
  -1.0195673e-01   1.1334475e-02  -2.9028928e-03  -5.1551631e-04   2.0739774e-03  -4.2118965e-04
  -1.0246997e-01  -8.1757508e-03  -1.5075283e-02  -5.4084468e-04   1.9345531e-03  -4.8553872e-04
  -9.7202245e-02   9.4085953e-03  -1.4585155e-02  -9.7444224e-04   1.9522378e-03  -4.4562166e-04
  -1.0649692e-01  -4.2275956e-02  -6.2875694e-04  -1.0735463e-03   1.8500728e-03  -5.1005243e-04
  -1.1112460e-01  -1.6452797e-02   9.4956158e-03  -9.9994362e-04   2.1439049e-03  -6.8349261e-04
  -1.0173877e-01  -3.2698164e-03   5.3118108e-03  -1.1127519e-03   1.9747950e-03  -5.9085015e-04
  -9.3640645e-02  -2.5158833e-02   1.6052090e-03  -1.1299831e-03   1.8183000e-03  -5.1936216e-04
  -9.8209939e-02  -5.4734651e-03  -1.5928568e-02  -1.3608609e-03   1.9865848e-03  -5.9803973e-04
  -8.2938133e-02  -4.9048505e-03  -5.7553620e-02   1.6016092e-04   1.2227477e-03  -6.5272817e-05
  -8.4365046e-02   5.2343380e-03  -4.5453389e-02   3.7328840e-04   1.4919996e-03  -8.5838575e-05
  -1.1097848e-01   4.3705297e-02  -6.8698592e-05  -7.5943277e-04   2.0409281e-03  -8.5082265e-04
  -1.0587765e-01  -1.9546791e-02   2.5296862e-04  -8.8947885e-04   2.0966613e-03  -7.9449039e-04
  -1.0749059e-01  -3.9199175e-02   3.6910301e-03  -1.1114062e-03   2.0536631e-03  -8.9901041e-04
  -1.0334301e-01  -1.2456195e-02  -3.4257042e-03  -1.0631705e-03   1.9340676e-03  -6.0597843e-04
  -1.0642161e-01  -2.9886762e-02   1.9342474e-03  -1.0772509e-03   1.9902854e-03  -7.3398448e-04
  -1.0366367e-01  -4.1198257e-02  -8.1951252e-03  -1.0044027e-03   1.8463248e-03  -5.9208658e-04
  -1.1242429e-01   8.7646960e-04  -3.5445820e-02  -9.8536389e-04   1.8748230e-03  -6.6150037e-04
  -1.0015722e-01  -1.9008006e-02  -3.7760380e-02  -2.3086829e-04   1.5933036e-03  -5.0948048e-04
  -1.0670003e-01   1.7898309e-02  -2.4894312e-02  -2.0621274e-04   1.7402832e-03  -7.6374289e-04
  -1.1291908e-01   3.9875687e-03  -1.4863598e-02  -8.0681771e-04   1.7239995e-03  -6.7707941e-04
  -1.1301018e-01  -2.5398720e-02  -1.7076572e-02  -1.0882458e-03   1.8826736e-03  -5.1479478e-04
  -9.2309545e-02   1.7192113e-02  -2.7068854e-02  -4.9936591e-04   1.5367900e-03  -1.2358399e-04
  -1.0672269e-01  -3.8758686e-02  -2.2303385e-02   1.4668816e-04   1.6680172e-03  -3.7492444e-04
  -1.1103004e-01   3.8436855e-02  -1.3193018e-02  -1.1959734e-03   1.9336253e-03  -3.3260100e-04
  -1.2059860e-01   3.0143375e-02  -1.1595077e-02  -7.5954619e-04   2.0387056e-03  -3.6690665e-04
  -1.1622646e-01  -9.0735192e-03   1.2292948e-02  -3.0793714e-04   1.9551948e-03  -5.0957828e-04
  -1.1138550e-01  -1.6388186e-02   2.7478395e-02  -9.7471250e-04   2.2263579e-03  -6.7289575e-04
  -1.0774243e-01  -3.5132409e-02   1.7414828e-02  -8.3751383e-04   2.0067734e-03  -4.9208366e-04
  -1.0380410e-01  -1.2065915e-02   2.3880360e-02  -1.1984477e-03   2.0846787e-03  -5.1699902e-04
  -9.9137508e-02  -1.6483044e-02   1.3659830e-02  -1.2597041e-03   2.2061587e-03  -5.7019734e-04
  -8.5828177e-02  -1.4500813e-02  -3.5581411e-02  -3.1734203e-04   1.6395344e-03   6.2924933e-05
  -9.9004723e-02  -1.0077291e-03  -2.2506862e-02  -9.5830894e-04   1.8715514e-03  -6.1341201e-04
  -1.0463334e-01  -3.6993399e-02  -1.4152677e-02  -9.1168611e-04   1.9320133e-03  -6.9590781e-04
  -9.7314033e-02  -4.3151232e-02  -1.3575654e-02  -8.8869924e-04   1.8196380e-03  -6.2918642e-04
  -9.9240894e-02  -2.1055322e-02  -1.2611339e-02  -4.6644351e-04   1.6561611e-03  -6.4220881e-04
  -1.0332623e-01   2.2334008e-02  -5.5198899e-02   1.0176920e-03   1.4174090e-03  -3.3099717e-04
  -1.1182407e-01   3.2525786e-02  -4.2350878e-02   3.6845526e-04   1.6538695e-03  -5.8628924e-04
  -1.0190387e-01   4.6043150e-02  -4.1328411e-02   7.3798130e-04   1.4167838e-03  -5.3669194e-04
  -1.2283151e-01  -7.8349106e-03   6.3258020e-03  -6.0849006e-04   1.9557281e-03  -1.0450134e-03
  -1.3051991e-01   6.1810934e-02  -1.7845085e-02  -7.7538147e-04   1.9387414e-03  -9.5201478e-04
  -1.1127860e-01  -3.9168967e-02  -2.3070765e-02  -1.0405082e-03   1.9563647e-03  -8.6136807e-04
  -9.6027630e-02  -2.8709795e-02  -5.0285584e-02  -3.8198323e-04   1.6680618e-03  -6.7148401e-04
  -9.7029829e-02  -1.4012758e-02  -1.1981832e-02  -8.3577737e-04   2.1811754e-03  -7.7058765e-04
  -7.2128878e-02  -8.8022628e-03  -1.0427050e-02  -7.9048430e-04   2.2706913e-03  -3.2278398e-04
  -8.4818231e-02  -4.0395283e-02  -1.6970246e-02  -7.0415378e-04   2.0740716e-03  -3.3390815e-04
  -8.7444646e-02  -3.4980039e-02  -2.7222305e-02  -8.5271998e-04   2.0431176e-03  -4.2227967e-04
  -1.1796899e-01  -3.8552975e-02  -7.4330036e-03  -1.1741428e-03   2.2711342e-03  -1.0972095e-03
  -1.1000447e-01  -4.1295517e-02  -2.3383653e-02  -1.0107422e-03   2.0327275e-03  -7.7488596e-04
  -1.0373554e-01  -1.1915546e-02  -7.0201228e-02   1.6379360e-03   1.6545699e-03  -5.9197050e-04
  -1.2032875e-01   2.1059924e-02  -1.6273817e-02  -6.1331189e-04   2.1641405e-03  -9.3402712e-04
  -1.2217061e-01  -3.8061754e-02  -4.8302617e-03  -9.0340916e-04   2.1812722e-03  -9.7841897e-04
  -1.1557366e-01  -1.9624667e-02   1.5008167e-03  -1.3822013e-03   2.1443864e-03  -8.8090146e-04
  -1.0187155e-01   1.5783450e-02  -3.9823052e-02  -2.7758339e-04   1.4642473e-03  -3.9642749e-04
  -1.2013863e-01   2.2272417e-02  -1.4345128e-02  -1.2868156e-03   1.8449445e-03  -8.1001991e-04
  -1.1544040e-01  -2.7595297e-02  -2.6261636e-02  -4.5355164e-04   1.5290399e-03  -8.8515164e-04
  -1.2062901e-01  -4.2162025e-02   3.3659639e-03  -8.9936194e-04   1.8575543e-03  -1.0736486e-03
  -1.3081447e-01  -6.3598706e-02   1.6357027e-02  -8.3049437e-04   1.9801954e-03  -1.1916971e-03
  -1.2386807e-01  -2.7666915e-02  -4.7891068e-02   1.1798969e-03   1.6281343e-03  -1.0606072e-03
  -1.1702028e-01   3.5547040e-02  -1.6081769e-02  -4.6432357e-04   1.9265525e-03  -9.0214139e-04
  -1.1655958e-01  -2.4034290e-02   1.9157059e-02  -8.2189366e-04   1.8671737e-03  -1.0328464e-03
  -1.2022923e-01  -3.9045546e-02   1.7750538e-02  -9.8855224e-04   1.9052589e-03  -1.2263186e-03
  -1.1581422e-01  -4.8050579e-02  -6.7770305e-03  -4.2964056e-04   1.7417742e-03  -9.8743246e-04
  -1.2786246e-01  -4.2824535e-02   2.7039831e-02  -8.9227646e-04   1.8961155e-03  -1.2662564e-03
  -1.2072369e-01  -2.9137450e-02   2.5026819e-02  -6.5911788e-04   1.6507212e-03  -6.1208766e-04
  -1.1607745e-01  -4.2654007e-02  -3.9150214e-03   1.1604310e-04   1.3971507e-03  -5.4702601e-04
  -1.2712006e-01  -3.9900605e-02   2.3255797e-02  -8.8533944e-04   1.8325581e-03  -9.1428145e-04
  -1.1909387e-01  -4.4216014e-02   1.8652293e-02  -7.8942480e-04   1.9245001e-03  -8.9026989e-04
  -1.1159783e-01  -6.1724355e-02  -8.2360873e-03  -5.1656430e-04   1.9548532e-03  -7.4818281e-04
  -1.1277014e-01  -2.4891459e-02  -9.1497167e-05  -8.8749314e-04   1.9880288e-03  -7.5154587e-04
  -9.6792495e-02  -1.5875342e-02  -2.7181346e-02  -4.3366600e-04   1.9264940e-03  -4.5836928e-04
  -1.0225986e-01  -4.6708386e-02  -2.1811225e-02  -7.5475011e-04   1.9304877e-03  -5.1094472e-04
  -1.1625506e-01  -3.6577234e-02  -2.3819437e-02  -7.1089419e-04   1.9386350e-03  -7.7906379e-04
  -1.2053854e-01  -2.1434601e-02  -2.0632386e-02  -5.2021437e-04   1.7333660e-03  -9.7248267e-04
  -1.3229145e-01  -3.0535807e-02  -1.8422492e-02  -5.0025030e-04   2.1688028e-03  -1.0851156e-03
  -1.0224955e-01  -2.7917229e-02  -7.5240056e-02   1.1917626e-03   1.6981625e-03  -3.3539439e-04
  -8.7724648e-02   1.5429675e-01  -1.0135941e-01   9.9315173e-04   9.6969041e-04  -9.4166913e-05
  -9.6123446e-02  -1.4074685e-01  -1.5987453e-01   1.3739733e-03   1.1203681e-03  -5.5169352e-04
  -1.0927813e-01   5.2762714e-02  -9.2249619e-02   1.8479129e-04   1.9083051e-03  -1.1879089e-03
  -8.1210568e-02   4.6379281e-03  -8.2711838e-02   1.5505059e-04   1.6579762e-03  -1.0104212e-03
  -7.0931325e-02   3.1132404e-02  -4.3681875e-02  -4.9449848e-04   1.9150646e-03  -9.5068192e-04
  -6.7000445e-02   4.2797208e-02  -5.8852767e-02   5.4846755e-04   2.3268356e-03  -1.5291728e-04
  -6.6229812e-02  -9.9113596e-03  -5.9335575e-02   1.6497642e-04   2.1792682e-03   1.4434810e-04
  -6.8706676e-02   3.5367893e-02  -7.5751687e-02  -3.2250044e-04   2.1901391e-03  -9.7353465e-05
  -4.8862995e-02   4.7794483e-02  -1.4044267e-01   8.2926517e-04   1.7694189e-03   9.0389279e-05
  -5.8543424e-02   4.4990039e-02  -8.5928304e-02  -6.9082239e-04   2.3921100e-03  -1.1165348e-04
  -4.7018864e-02   6.9142970e-02  -1.0366346e-01   6.2745072e-04   2.0654338e-03   1.7553177e-04
  -4.6683158e-02   6.2627133e-02  -1.1014723e-01   2.5209096e-04   2.0414487e-03  -1.3159587e-05
