   1.0579991e-14  -1.0407131e-14   0.0000000e+00   0.0000000e+00   4.7502211e-36   5.8069002e-19
   9.0249371e-02   6.3804828e-02  -1.8175726e-01  -1.3663196e-03  -1.5693169e-03   1.1089010e-03
   5.7280757e-02   4.9202686e-02  -2.2202539e-01   3.4782346e-04  -2.1637955e-03   1.1815999e-03
   4.3375372e-02   1.2896797e-01  -1.8592438e-01   6.9487232e-04  -1.4017364e-03   9.0612849e-04
   4.2913110e-02   9.0183349e-02  -2.0435141e-01   2.1957405e-03  -9.8400013e-04   9.3112715e-04
   4.7725162e-02   5.3765946e-02  -1.6708612e-01   1.3247264e-03  -6.2123557e-04   1.0754297e-03
   6.2979204e-02   1.2437006e-01  -1.4376371e-01   7.3883433e-04  -1.2643572e-04   1.3312444e-03
   5.7930514e-02   2.5001142e-01  -1.4422929e-01   4.2268343e-03  -8.7390308e-04   7.8344086e-04
   1.8002351e-01  -8.7944580e-02  -2.6288934e-01   3.0362903e-03  -2.0541925e-03   3.2622670e-03
   1.7795559e-01  -4.4998551e-02  -2.0924664e-01   2.9853989e-03  -1.2328392e-03   3.0259705e-03
   1.4211853e-01   1.0476193e-01  -1.5560038e-01   3.0964200e-03  -1.4992025e-03   2.5205804e-03
   1.5102782e-01   1.9405749e-02  -1.7074269e-01   3.2452151e-03  -1.2339605e-03   2.8114798e-03
   1.4142878e-01   7.9728883e-02  -1.2983911e-01   2.8499829e-03  -1.3856350e-03   2.5805190e-03
   1.5444411e-01  -5.0261371e-03  -1.5903739e-01   3.0493444e-03  -1.1702825e-03   2.8195203e-03
   1.3200701e-01   8.4536847e-02  -1.4873469e-01   3.5386353e-03  -1.1366130e-03   2.4864937e-03
   1.3928361e-01   2.6624500e-02  -1.3232383e-01   3.3116026e-03  -8.6602088e-04   2.6540893e-03
   1.3045279e-01   5.7483753e-02  -1.3710738e-01   3.4615202e-03  -9.6137520e-04   2.3788973e-03
   1.2390873e-01   2.2668134e-02  -1.5221786e-01   3.4855988e-03  -1.1271365e-03   2.2549621e-03
   1.1311216e-01   1.3713818e-01  -1.6266224e-01   2.7665076e-03  -1.0820496e-03   2.3256650e-03
   1.5609895e-01  -1.6138711e-03  -1.7600810e-01   3.6691971e-03  -9.0886546e-04   3.0350477e-03
   1.3058996e-01   1.4650894e-01  -1.4424192e-01   3.6845544e-03  -1.6566668e-03   2.4269238e-03
   1.5278445e-01   2.4480420e-02  -1.9355029e-01   4.2804726e-03  -1.8187643e-03   2.7305272e-03
   1.1192667e-01   1.4114108e-01  -1.6968682e-01   3.8046062e-03  -2.3096639e-03   2.1146988e-03
   1.2686231e-01   1.1966611e-02  -1.8813928e-01   3.8992097e-03  -1.7032925e-03   2.4245868e-03
   1.0442530e-01   1.1567527e-01  -2.0855784e-01   4.0162876e-03  -1.7058460e-03   2.1087152e-03
   8.9237170e-02   1.5133412e-01  -2.0275937e-01   4.6684653e-03  -2.4356689e-03   1.7767508e-03
   9.2969259e-02   9.6702266e-02  -2.0873507e-01   4.6563724e-03  -2.5313545e-03   1.8936936e-03
   1.1647024e-01   1.3530524e-01  -2.2812710e-01   2.5729086e-03  -3.4965784e-03   2.4129987e-03
   6.2628571e-02   2.0543067e-01  -2.1037341e-01   4.9282744e-03  -3.5789245e-03   1.6149616e-03
   7.5798444e-02   1.1192980e-01  -1.6147708e-01   3.8517262e-03  -3.2738136e-03   1.6672190e-03
   8.4545546e-02   8.4296958e-02  -1.7418243e-01   4.7948146e-03  -2.7064158e-03   1.8883823e-03
   6.9792182e-02   1.8626562e-01  -1.6219322e-01   3.8876433e-03  -2.8352031e-03   1.9282943e-03
   8.9944379e-02   9.1241112e-02  -1.8315891e-01   4.5615810e-03  -3.0110755e-03   2.4204303e-03
   8.9751382e-02   1.2956694e-01  -1.8511628e-01   4.2659872e-03  -3.1551926e-03   2.3893232e-03
   9.6520782e-02   1.1439367e-01  -2.0801979e-01   4.4500626e-03  -3.1691410e-03   2.5766152e-03
   6.9196178e-02   1.6345323e-01  -1.8896820e-01   4.4306596e-03  -3.4348822e-03   2.1604285e-03
   7.5677073e-02   1.0362820e-01  -1.9813537e-01   4.5790172e-03  -3.3855682e-03   2.1634123e-03
   8.6323431e-02   1.0641692e-01  -1.9500772e-01   4.7219130e-03  -3.4865715e-03   2.2201669e-03
   8.6873159e-02   1.1761201e-01  -2.3221239e-01   4.9051730e-03  -3.3319038e-03   2.2648472e-03
   7.9861387e-02   1.9113845e-01  -2.3530433e-01   5.2769181e-03  -3.0939603e-03   2.1654954e-03
   8.2473380e-02   1.4096552e-01  -2.2734987e-01   5.4979007e-03  -3.3060800e-03   2.2015819e-03
   7.8090688e-02   1.0969300e-01  -2.2444061e-01   5.6706059e-03  -2.8704638e-03   2.1198814e-03
   6.5589660e-02   1.8102945e-01  -2.2876217e-01   5.1118346e-03  -2.6104302e-03   1.9047870e-03
   7.3970148e-02   1.8703377e-01  -2.2040302e-01   5.3649374e-03  -2.4668089e-03   2.0515171e-03
   7.7686395e-02   1.2146766e-01  -2.2243850e-01   5.4184919e-03  -2.3196640e-03   2.0748401e-03
   8.1739001e-02   1.6095459e-01  -2.5681104e-01   5.1238844e-03  -2.2398278e-03   2.1857853e-03
   7.5097344e-02   1.8346894e-01  -2.3055444e-01   4.9041753e-03  -2.2643504e-03   2.0821209e-03
   8.2724565e-02   1.2517598e-01  -2.2472340e-01   4.8937456e-03  -2.3393049e-03   2.3404994e-03
   9.0664676e-02   1.3908945e-01  -2.2777987e-01   5.3086909e-03  -2.3755617e-03   2.4410197e-03
   1.0035880e-01   1.5661695e-01  -2.4180850e-01   5.6374308e-03  -2.5970516e-03   2.6294191e-03
   9.5650813e-02   1.6633471e-01  -2.5796095e-01   5.4168705e-03  -2.7051884e-03   2.5216367e-03
   8.6688864e-02   1.8070603e-01  -2.4888142e-01   5.6914342e-03  -2.7654524e-03   2.3974858e-03
   9.6951641e-02   1.7019378e-01  -2.2434079e-01   5.6921737e-03  -2.1878860e-03   2.5145122e-03
   1.0023608e-01   1.0758440e-01  -2.3749831e-01   5.8332962e-03  -2.4036683e-03   2.5937592e-03
   9.7794679e-02   1.7865206e-01  -2.4133824e-01   5.7597002e-03  -2.4300275e-03   2.7106038e-03
   1.0778801e-01   1.8999084e-01  -2.5896072e-01   6.0530506e-03  -2.3211017e-03   2.9789663e-03
   1.1800800e-01   2.0831148e-01  -2.1516210e-01   4.6297687e-03  -3.6809291e-03   2.9323280e-03
   1.1474698e-01   1.5931878e-01  -2.6810361e-01   5.6683873e-03  -4.0313146e-03   2.8334074e-03
   1.0407666e-01   1.5428457e-01  -2.3997548e-01   6.5538336e-03  -4.3254869e-03   2.5292355e-03
   8.6007319e-02   1.6390969e-01  -2.4332758e-01   5.9936698e-03  -4.1567169e-03   2.4571172e-03
   6.3424772e-02   1.8918963e-01  -2.1592421e-01   5.6858332e-03  -4.3124091e-03   2.1890592e-03
   6.3918303e-02   1.6585757e-01  -2.2818144e-01   6.0262099e-03  -4.2367384e-03   2.2828969e-03
   4.9641792e-02   1.6658227e-01  -2.2879015e-01   6.1777328e-03  -4.2839761e-03   2.0562048e-03
   5.6196331e-02   1.5139109e-01  -2.2863161e-01   6.5369243e-03  -4.1867491e-03   2.0340742e-03
   5.5816153e-02   1.8079278e-01  -2.3128137e-01   6.2842283e-03  -3.3953062e-03   2.2191631e-03
   5.3969814e-02   1.8719199e-01  -2.3642942e-01   6.4144257e-03  -3.4808830e-03   2.2344873e-03
   5.4145252e-02   1.7074845e-01  -2.3126978e-01   6.2079883e-03  -3.6972116e-03   2.1951945e-03
   9.1788356e-02   1.7567039e-02   3.4731106e-02   8.4816535e-03  -5.2072247e-03   2.2538997e-03
   3.3151856e-01   2.1647063e-01  -5.6904303e-01   5.8291411e-03  -3.9825965e-03   7.3022220e-03
   2.7180348e-01   2.1354839e-01  -4.0571321e-01   6.1497157e-03  -3.4202364e-03   5.4912903e-03
   2.6913383e-01   2.1089650e-01  -3.0276575e-01   6.3365531e-03  -3.3976640e-03   5.0647658e-03
   2.4300912e-01   2.5749429e-01  -2.5702959e-01   5.5285317e-03  -2.7851334e-03   4.8841332e-03
   2.3128772e-01   2.1217359e-01  -2.7115761e-01   5.6010166e-03  -2.7958331e-03   4.8417404e-03
   2.3328240e-01   1.6430745e-01  -3.1139239e-01   6.0944691e-03  -2.6493104e-03   4.8795397e-03
   2.1277872e-01   2.4199554e-01  -2.7047319e-01   5.8312740e-03  -3.4402646e-03   4.6884482e-03
   2.1841301e-01   1.8809308e-01  -2.8182367e-01   6.3227482e-03  -3.2319450e-03   4.7463904e-03
   2.1204468e-01   2.1965989e-01  -3.0107643e-01   6.0720810e-03  -3.0073881e-03   4.5052337e-03
   2.1221592e-01   2.3133800e-01  -2.8992679e-01   6.2975634e-03  -3.4367404e-03   4.4908233e-03
   1.9956695e-01   2.2807418e-01  -2.8322967e-01   6.7065019e-03  -4.2355033e-03   4.5634024e-03
   1.5331548e-01   4.6676922e-01  -1.3301445e-01   1.2595903e-02  -7.7002269e-03   2.7696668e-03
   1.5640389e-01   2.7565867e-01  -2.3535623e-01   8.8307649e-03  -6.2029601e-03   3.4199444e-03
   1.4885052e-01   2.7432186e-01  -2.2237043e-01   1.0152237e-02  -6.3878915e-03   3.0062290e-03
   1.4810897e-01   3.5201009e-01  -1.9865659e-01   9.5668851e-03  -5.8948428e-03   2.9487147e-03
   1.5947232e-01   3.0161378e-01  -1.8780716e-01   9.0525755e-03  -5.4088220e-03   3.3489555e-03
   1.6165429e-01   2.8239072e-01  -1.8793030e-01   9.2831567e-03  -5.8224690e-03   3.3867993e-03
   1.6092977e-01   3.4117907e-01  -2.1958409e-01   9.2530968e-03  -5.2879610e-03   3.3850706e-03
   1.3929977e-01   3.3894705e-01  -2.0155875e-01   9.0445245e-03  -5.5410777e-03   3.0288469e-03
   1.4972799e-01   3.0596142e-01  -2.1604376e-01   9.2396396e-03  -5.7733235e-03   2.9877160e-03
   1.5145907e-01   3.0037388e-01  -2.3995128e-01   9.4372752e-03  -5.2779819e-03   3.0224443e-03
   1.3416085e-01   3.7273510e-01  -2.2001460e-01   9.4675865e-03  -5.2856472e-03   2.8546461e-03
   1.4415829e-01   3.3649872e-01  -2.0561435e-01   9.5151910e-03  -5.0239222e-03   2.9755240e-03
   1.4233752e-01   3.2966590e-01  -2.1791176e-01   1.0007594e-02  -4.6649302e-03   3.0508414e-03
   1.3233462e-01   3.2971929e-01  -2.4537843e-01   1.0201140e-02  -4.2230712e-03   2.7100365e-03
   1.3705665e-01   4.0137286e-01  -2.2755809e-01   1.0585772e-02  -4.7123382e-03   2.9053933e-03
   1.4817205e-01   3.3835142e-01  -2.1072266e-01   9.7687877e-03  -4.7123538e-03   3.1704641e-03
   1.4863159e-01   3.1956054e-01  -2.2375818e-01   9.8169772e-03  -4.6495244e-03   3.1790759e-03
   1.3231103e-01   3.5105337e-01  -2.2714665e-01   9.8089179e-03  -5.3454131e-03   3.1694683e-03
   1.3540787e-01   3.6163359e-01  -2.2077912e-01   9.7431931e-03  -5.6546205e-03   3.2055351e-03
   1.4219572e-01   3.3663786e-01  -2.3702718e-01   9.5880803e-03  -5.5040655e-03   3.2954925e-03
   1.3741467e-01   3.3621741e-01  -2.3469604e-01   1.0328399e-02  -5.3378967e-03   3.1871611e-03
   1.4418366e-01  -4.9806447e-01   3.7126017e-01   1.9659101e-02  -1.2158110e-02   4.0425604e-03
   2.7271315e-01  -2.6692062e-01   1.1218098e+00   2.4373024e-02  -1.6820525e-02   4.0359084e-03
  -5.3232180e-02  -3.5455834e-01  -1.9907439e-01   1.8335741e-02  -1.3667796e-02   3.2813326e-03
  -2.9994526e-02   5.1670303e-01  -7.5170813e-02   1.8737823e-02  -1.3010713e-02   2.2794140e-03
  -7.0964156e-02   5.1701023e-01   2.7518941e-01   1.6930871e-02  -1.2350070e-02   1.7874773e-03
  -5.0709082e-02   3.5028171e-01   2.0980973e-01   1.7743570e-02  -1.0693843e-02   1.7562465e-03
  -9.8825085e-02   5.0883515e-01   2.6826507e-01   1.7337961e-02  -1.0131754e-02   1.5045107e-03
  -9.6766479e-02   4.4516129e-01   1.9403268e-01   1.7927984e-02  -1.0270667e-02   1.5687845e-03
  -8.7341900e-02   4.3571839e-01   1.6594732e-01   1.9248908e-02  -1.0877018e-02   1.8638820e-03
  -1.0399664e-01   6.3976457e-01   6.8124521e-01   1.9313852e-02  -1.0994192e-02   1.4567523e-03
   7.4543827e-02   3.9935902e-01  -3.4244659e-01   1.5350825e-02  -9.5616923e-03   2.8289673e-03
   7.7131565e-03   5.1527664e-01   1.1710507e-01   1.7557262e-02  -1.1369515e-02   3.2919185e-04
   2.0722341e-03   7.5529182e-01   2.4640286e-01   2.0977084e-02  -9.5053356e-03  -1.3453504e-03
  -3.9015724e-02   2.7971081e-01   1.4142456e-01   1.9712076e-02  -9.1131229e-03  -1.3640676e-03
  -3.8782566e-02   5.1479620e-01   1.7267490e-01   1.9575866e-02  -8.7359644e-03  -1.0012896e-03
  -7.6191980e-02   5.4425258e-01   1.9497235e-01   2.0388375e-02  -9.7919632e-03  -2.0010269e-03
  -1.0693473e-01   4.5520439e-01   1.4552070e-01   1.9008783e-02  -1.1298242e-02  -2.4505994e-03
  -8.4413619e-02   4.5801353e-01   1.9421224e-01   1.8487254e-02  -1.0303282e-02  -2.0968162e-03
  -1.0514912e-01   5.7321094e-01   1.8977375e-01   2.0034167e-02  -1.0293610e-02  -1.9465162e-03
  -6.7658316e-02   4.5441254e-01   2.0956935e-01   1.9384075e-02  -9.8474824e-03  -8.0440782e-04
  -9.1760610e-02   6.0128545e-01   2.4797943e-01   1.9867745e-02  -1.0350747e-02  -9.1583770e-04
  -7.8651000e-02   4.4173555e-01   2.2828300e-01   1.9999544e-02  -9.6836943e-03  -6.4699086e-04
  -7.6626400e-02   5.4279578e-01   2.1342312e-01   2.0080782e-02  -9.8123282e-03  -6.3561815e-04
  -1.2820922e-01   6.2708678e-01   1.8967023e-01   1.9365213e-02  -1.0684734e-02  -1.3404992e-03
  -1.1126886e-01   5.1608261e-01   1.7187007e-01   2.0674358e-02  -1.0768074e-02  -1.1491901e-03
  -1.1917878e-01   6.5645758e-01   2.1867566e-01   2.0437935e-02  -1.1079266e-02  -1.1656287e-03
  -1.1136927e-01   5.3083276e-01   2.1201132e-01   2.0727240e-02  -1.0967188e-02  -8.9394281e-04
  -1.3664407e-01   6.6063862e-01   2.2868867e-01   2.0499511e-02  -1.1267384e-02  -1.2179208e-03
  -1.3137798e-01   5.5548425e-01   2.2117275e-01   2.1256054e-02  -1.1339099e-02  -1.1721902e-03
  -1.4044330e-01   6.3524874e-01   2.0439026e-01   2.1740559e-02  -1.1621117e-02  -1.9710454e-03
  -1.3817378e-01   6.1244866e-01   2.4973921e-01   2.0206199e-02  -1.2286496e-02  -1.7588323e-03
  -4.4050244e-02   5.8503549e-01   1.7413587e-01   1.9080509e-02  -1.2223581e-02   4.2374690e-04
  -1.3514426e-01   5.5495427e-01   2.6110307e-01   2.1753103e-02  -1.2534846e-02  -1.4779187e-03
  -1.0327695e-01   6.9693590e-01   1.3838382e-01   2.0584891e-02  -1.1225372e-02  -1.7780449e-03
  -1.2107863e-01   6.6510093e-01   1.8980007e-01   2.0484923e-02  -1.2470929e-02  -1.6889985e-03
  -7.6793993e-02   5.5952138e-01   2.0136566e-01   2.1081603e-02  -1.1537242e-02  -7.0395222e-04
  -1.1658130e-01   6.5044358e-01   2.4740948e-01   2.0412702e-02  -1.1844385e-02  -9.4181579e-04
  -1.0546483e-01   5.7137878e-01   2.3996430e-01   2.0582882e-02  -1.1723896e-02  -8.4496801e-04
  -1.2831284e-01   6.5478822e-01   2.5371034e-01   2.0123033e-02  -1.1771382e-02  -1.2511864e-03
  -1.2045466e-01   6.0830364e-01   2.3693658e-01   2.0100753e-02  -1.1273198e-02  -1.1954319e-03
  -1.3247606e-01   5.8599573e-01   2.2325664e-01   2.0737399e-02  -1.1203278e-02  -1.4050816e-03
  -1.5522407e-01   6.7294412e-01   2.4732352e-01   2.0410006e-02  -1.1448492e-02  -1.7478854e-03
  -1.3879655e-01   5.9786666e-01   2.3030703e-01   2.0896333e-02  -1.1352851e-02  -1.6231384e-03
  -1.5758449e-01   6.6000969e-01   2.2085798e-01   2.0852498e-02  -1.1333663e-02  -1.8794297e-03
  -1.5628226e-01   6.8737690e-01   2.6011244e-01   2.1718840e-02  -1.1944385e-02  -1.5238153e-03
  -1.1256070e-01   6.6767977e-01   1.3391162e-01   2.1323102e-02  -1.2917129e-02  -3.7100716e-04
  -1.3737607e-01   6.6337951e-01   1.9617508e-01   2.1961443e-02  -1.2429273e-02  -6.9654747e-04
  -1.3328458e-01   7.2082910e-01   1.6656451e-01   2.2625726e-02  -1.2608608e-02  -4.3863790e-04
  -1.1185283e-01   6.5920252e-01   2.2008063e-01   2.1468373e-02  -1.2252553e-02  -2.6542207e-05
  -9.0844731e-02   6.1982173e-01   2.2275451e-01   2.2049163e-02  -1.2363307e-02   4.2291221e-04
  -1.0690314e-01   6.5627304e-01   2.1901827e-01   2.1778723e-02  -1.2196816e-02   1.8567749e-04
  -1.2418472e-01   6.4375576e-01   2.4518779e-01   2.1800647e-02  -1.2421449e-02  -9.7964681e-05
  -1.2594524e-01   6.2662984e-01   2.2685186e-01   2.2004457e-02  -1.2758900e-02   1.6244306e-04
  -1.3686139e-01   6.4093667e-01   1.9529429e-01   2.1968388e-02  -1.2794304e-02  -1.8604335e-04
  -1.4078590e-01   6.9018578e-01   2.1233544e-01   2.1558426e-02  -1.2414347e-02  -3.4836954e-04
  -1.4072923e-01   6.4631414e-01   2.0054508e-01   2.1811583e-02  -1.2181590e-02  -4.8944962e-04
  -1.4493232e-01   6.4720817e-01   2.0061702e-01   2.2249387e-02  -1.2037695e-02  -6.2813984e-04
  -1.4556465e-01   7.2357337e-01   2.0577605e-01   2.1942891e-02  -1.1504007e-02  -5.4365187e-04
  -1.5822786e-01   6.7865799e-01   1.9620153e-01   2.2285383e-02  -1.1665984e-02  -6.5198469e-04
  -1.6876572e-01   7.0541772e-01   1.9382903e-01   2.2623893e-02  -1.1930079e-02  -1.0348506e-03
  -1.5641190e-01   7.0575796e-01   1.7155079e-01   2.3011167e-02  -1.1645113e-02  -7.0318254e-04
  -1.5155775e-01   7.2294768e-01   1.6895387e-01   2.2492443e-02  -1.1925750e-02  -5.7867586e-04
  -1.4975981e-01   6.8467341e-01   1.5090746e-01   2.3091270e-02  -1.1771832e-02  -5.9567661e-04
  -1.4739297e-01   6.6303762e-01   1.6231050e-01   2.2462219e-02  -1.2095622e-02  -6.1861267e-04
  -1.4758827e-01   6.9656932e-01   1.6965106e-01   2.2696300e-02  -1.2186413e-02  -5.4858745e-04
  -1.5639515e-01   6.9450440e-01   1.6364519e-01   2.2330860e-02  -1.1836227e-02  -4.7837546e-04
  -1.6076442e-01   7.1395947e-01   1.6795659e-01   2.2182813e-02  -1.2148035e-02  -5.1883466e-04
  -1.4838594e-01   6.6823683e-01   1.6694879e-01   2.2214833e-02  -1.1769011e-02  -4.3361877e-04
  -1.4690008e-01   6.8486088e-01   1.5806957e-01   2.2331501e-02  -1.1934299e-02  -4.6581028e-04
  -1.5078461e-01   6.7690116e-01   1.4516177e-01   2.2345624e-02  -1.1727037e-02  -4.8108171e-04
  -1.4652640e-01   6.8409006e-01   1.5151025e-01   2.2745915e-02  -1.1786940e-02  -4.2151680e-04
  -1.6176137e-01   7.0536330e-01   1.4978465e-01   2.2799286e-02  -1.1893528e-02  -7.5582606e-04
  -1.7546204e-01   7.4277489e-01   1.3135051e-01   2.3021522e-02  -1.1567497e-02  -1.1273892e-03
  -1.7422130e-01   7.1063417e-01   1.3701557e-01   2.3365377e-02  -1.1342932e-02  -1.3394059e-03
  -1.7390390e-01   6.7058573e-01   1.1929136e-01   2.3265489e-02  -1.1086212e-02  -1.1719727e-03
  -1.7394045e-01   7.6342849e-01   1.3998076e-01   2.2812758e-02  -1.0914097e-02  -1.1074289e-03
  -1.7971803e-01   7.1761929e-01   1.2445273e-01   2.2796123e-02  -1.1021126e-02  -1.2075974e-03
  -1.8546348e-01   7.0156797e-01   1.1652410e-01   2.3245163e-02  -1.1001480e-02  -1.3135989e-03
  -1.8422611e-01   7.1623200e-01   1.1604094e-01   2.3281655e-02  -1.0698811e-02  -1.2376873e-03
  -1.9241048e-01   7.4325573e-01   1.2283988e-01   2.2681402e-02  -1.0502956e-02  -1.3722753e-03
  -2.0219164e-01   7.3812386e-01   1.2060220e-01   2.3199773e-02  -1.0812191e-02  -1.5854734e-03
  -2.0638359e-01   7.0393544e-01   1.2400622e-01   2.3548862e-02  -1.1303860e-02  -1.7397988e-03
  -2.0738512e-01   7.5481693e-01   1.1081964e-01   2.3720241e-02  -1.1294550e-02  -1.7779875e-03
  -2.0772516e-01   7.7653208e-01   8.8820254e-02   2.3104694e-02  -1.1034862e-02  -1.7550141e-03
  -2.0590453e-01   7.3444772e-01   9.1403298e-02   2.3909995e-02  -1.1101069e-02  -1.8251090e-03
  -1.9748925e-01   7.5765312e-01   9.5610039e-02   2.3582118e-02  -1.0969464e-02  -1.8750293e-03
  -1.9571885e-01   7.2707961e-01   7.9813602e-02   2.3797507e-02  -1.0928998e-02  -1.7198504e-03
  -2.0748164e-01   8.0807434e-01   9.3226276e-02   2.3607054e-02  -1.1102244e-02  -1.7640102e-03
  -1.7187020e-01   7.6847681e-01  -5.4029417e-02   2.2985858e-02  -1.1794196e-02  -1.2235573e-03
  -1.3703913e-01   7.1533246e-01  -5.6149729e-02   2.3003367e-02  -1.0794638e-02  -1.2506151e-03
  -1.8456075e-01   7.9992849e-01  -7.0804725e-03   2.2959870e-02  -1.1795673e-02  -1.9732329e-03
  -1.8408490e-01   7.6350455e-01   2.0578572e-02   2.3514954e-02  -1.1985071e-02  -2.0008119e-03
  -1.7909364e-01   7.4546133e-01   3.0768729e-02   2.3301458e-02  -1.1847323e-02  -1.9694183e-03
  -1.7298722e-01   7.2788436e-01   2.4089421e-02   2.3637105e-02  -1.1585569e-02  -1.7616145e-03
  -1.7809526e-01   7.1607765e-01   1.6936835e-02   2.3957786e-02  -1.1482331e-02  -1.7424337e-03
  -1.9386071e-01   7.8555384e-01   4.3653695e-02   2.3745881e-02  -1.1549273e-02  -1.9811845e-03
  -1.9399810e-01   7.4901516e-01   3.0008343e-02   2.4002613e-02  -1.1100213e-02  -1.9640891e-03
  -1.8570969e-01   7.4175985e-01   3.2430919e-02   2.3788879e-02  -1.0871928e-02  -1.6339557e-03
  -1.7891827e-01   7.2911006e-01   3.2731644e-02   2.4047405e-02  -1.1111992e-02  -1.5700952e-03
  -1.8792250e-01   7.7659538e-01  -4.9043854e-03   2.4947516e-02  -1.1282378e-02  -1.7394221e-03
  -1.9964598e-01   7.6102779e-01   3.4114335e-02   2.4085300e-02  -1.1510788e-02  -1.7720667e-03
  -1.7930094e-01   7.3911311e-01   1.1470204e-02   2.4020504e-02  -1.1692859e-02  -1.5209531e-03
  -1.7779262e-01   7.3797356e-01  -5.4567890e-03   2.4304583e-02  -1.1643176e-02  -1.4899957e-03
  -1.8250722e-01   7.3623226e-01  -6.3557497e-03   2.4833309e-02  -1.1956680e-02  -1.6227544e-03
  -1.9496975e-01   7.5669177e-01  -1.6497039e-02   2.5066458e-02  -1.2065923e-02  -1.7621831e-03
  -1.8704750e-01   7.3572073e-01  -3.1735726e-01   2.9795502e-02  -1.2043044e-02  -2.2187756e-03
  -1.9399891e-01   7.1972236e-01  -2.0254311e-01   2.3467434e-02  -1.1971395e-02  -1.6181388e-03
  -2.0821498e-01   7.5680925e-01  -8.6024631e-02   2.4167525e-02  -1.2124589e-02  -2.2925545e-03
  -2.2589599e-01   7.6757924e-01  -5.1072586e-02   2.4374655e-02  -1.2172054e-02  -2.4932477e-03
  -1.9007973e-01   7.8041615e-01  -4.4887035e-02   2.3253237e-02  -1.2021154e-02  -2.0515587e-03
