   1.1345081e-14   0.0000000e+00   0.0000000e+00  -1.4505984e-52  -1.3968754e-86   9.6296497e-35
   3.4924306e-02  -6.3682935e-02   8.9157772e-03   3.2688623e-04   3.1202100e-04   5.9296790e-04
   6.6437786e-02   1.6534477e-01   3.3884091e-01  -1.7468964e-03  -2.9359451e-04   1.6839988e-03
   1.1658407e-01  -6.6600158e-02   2.5990408e-01  -2.2332874e-03  -3.1149696e-04   1.6810006e-03
   1.2012890e-01  -1.4218028e-01   1.4869877e-01  -1.0999420e-03  -2.0946155e-04   1.9041781e-03
   1.2056251e-01   6.8047877e-02   1.2112886e-01  -7.8046381e-04  -3.6337685e-05   1.2682121e-03
   1.1306444e-01  -2.5192877e-02   1.4178101e-01  -4.4024880e-04  -9.5926367e-05   1.2213582e-03
   1.3637447e-01   3.7235205e-03   1.1121019e-01  -5.6266793e-04  -1.0709409e-04   1.6535424e-03
   1.5205830e-01   4.7444582e-02   9.3621629e-02  -1.7599751e-04  -1.8908859e-04   1.6808512e-03
   1.4465449e-01   1.0736401e-02   1.5222070e-01  -4.9561491e-04   1.3853452e-04   1.3947157e-03
   1.3583045e-01  -9.7425758e-03   1.3108281e-01   3.3657011e-04   1.5279123e-04   1.4755959e-03
   1.3652966e-01   7.9546655e-03   1.4717700e-01  -9.5450033e-05   2.8562358e-04   1.3228278e-03
   1.2031523e-01   8.6860611e-03   1.4070422e-01  -3.7912431e-04   3.2792002e-04   1.2431259e-03
   1.1973694e-01   2.4007359e-02   1.4550916e-01  -5.9042261e-04   3.3334472e-04   1.0703566e-03
   1.2259549e-01  -3.2441549e-02   1.4797935e-01  -2.3494629e-04   7.5725809e-04   9.4785493e-04
   1.3197215e-01   2.9541041e-02   1.8564740e-01  -5.9392887e-04   3.6281224e-04   1.2849181e-03
   1.4560825e-01   1.2254779e-02   1.8231971e-01  -5.8512229e-04   6.2273158e-04   1.3631031e-03
   1.4466056e-01  -2.1957033e-02   1.7369285e-01  -5.8266524e-04   3.9971071e-04   1.3672480e-03
   1.2776423e-01   8.1635489e-03   1.5898158e-01  -6.7326351e-04   3.9728405e-04   1.2622418e-03
   1.4633097e-01   1.1396237e-02   1.5694042e-01  -2.0637800e-04   1.8374868e-04   1.4808282e-03
   1.3761802e-01  -7.3443811e-03   1.5319249e-01  -5.0066566e-05   8.5915780e-04   1.2787826e-03
   1.4110143e-01   4.1884391e-03   1.6737069e-01  -6.0282805e-04   6.4214671e-04   1.4015941e-03
   1.4452519e-01   3.0133771e-02   1.4943361e-01  -3.3319318e-04   9.7007833e-04   1.4355535e-03
   1.4824077e-01   5.1157345e-02   1.4625365e-01  -8.0772566e-04   3.7596235e-04   1.5052684e-03
   1.5281658e-01   4.4222938e-02   1.3399562e-01  -2.2457311e-04   7.9802493e-04   1.2949665e-03
   1.5151245e-01   2.4387397e-02   1.4992649e-01  -3.4684768e-04   5.0619900e-04   1.4446655e-03
   1.6269363e-01   2.6824000e-02   1.4666989e-01  -1.9805533e-04   6.3815306e-04   1.4971373e-03
   1.5387059e-01  -3.6344859e-02   1.1262807e-01   6.8907415e-04   1.0470022e-03   1.5043642e-03
   1.4668391e-01   4.7773454e-03   1.6567023e-01  -6.2097129e-04   1.1585721e-03   1.6924737e-03
   1.5104079e-01  -4.0751563e-03   1.2260724e-01  -4.6245592e-04   6.0210105e-04   1.3920481e-03
   1.7573265e-01  -2.8532433e-02   9.7156764e-02  -3.1663843e-04   5.6226985e-04   1.7444605e-03
   1.5505436e-01   2.5115537e-02   1.3892912e-01  -6.2046604e-04   5.7702218e-04   1.4869794e-03
   1.6872896e-01  -2.2026274e-02   1.0280189e-01  -6.7125251e-05   9.7610845e-04   1.2371418e-03
   1.8978321e-01  -2.2206707e-02   1.3313717e-01  -2.0155927e-04   9.3723806e-04   1.5825513e-03
   1.4761643e-01   6.4338057e-02   1.1171602e-01   2.5052356e-05   9.4177461e-04   1.2347842e-03
   1.6283486e-01   2.2067132e-02   1.1597105e-01  -3.5031409e-04   1.0758033e-03   1.1973773e-03
   1.8137372e-01   3.5024323e-02   1.0833354e-01  -2.6071241e-04   8.1864838e-04   1.6510152e-03
   1.8131659e-01   5.9378136e-03   1.0732419e-01   7.6658537e-04   5.3414811e-04   1.7332606e-03
   1.8197441e-01   5.8267687e-02   1.2829029e-01  -5.8758002e-05   8.0862022e-04   1.6786324e-03
   1.9511461e-01   5.1107162e-02   1.1425198e-01  -2.2559378e-04   6.8974230e-04   1.6689165e-03
   1.9049900e-01  -1.4253743e-02   1.0540226e-01   2.4987100e-04   1.0970921e-03   1.4270671e-03
   1.9507555e-01   2.7867923e-03   9.9174684e-02  -5.0265444e-05   7.6093196e-04   1.6849790e-03
   2.0034287e-01   2.5358898e-02   1.4207032e-01  -3.0247155e-04   9.2528211e-04   1.7171833e-03
   1.8999633e-01  -5.1280552e-02   1.0265321e-01   1.4863149e-06   9.7336312e-04   1.6605029e-03
   2.0473557e-01   3.4600592e-02   8.7454353e-02  -1.1314337e-04   5.7384643e-04   2.0006382e-03
   2.0537569e-01   6.9636494e-02   9.6180987e-02  -1.9517153e-04   4.4061831e-04   2.0087014e-03
   2.0078100e-01   8.7008197e-03   1.1224079e-01  -2.1242240e-05   6.7455315e-04   1.9329387e-03
   2.0233924e-01  -1.7586265e-02   1.1717204e-01   3.8430145e-04   6.3797098e-04   1.9599981e-03
   1.9510806e-01   8.6212721e-03   1.2098817e-01   2.4422930e-04   6.4501295e-04   1.9511270e-03
   2.0298902e-01   6.0773524e-03   1.2838308e-01   3.0223171e-04   6.6895683e-04   1.9967830e-03
   1.9944246e-01   1.0264117e-03   8.8939092e-02   3.2364126e-04   7.0245434e-04   1.8629821e-03
   2.1008979e-01  -9.0149189e-04   7.5905668e-02   4.9226930e-04   6.7096597e-04   1.9822601e-03
   2.1071431e-01   5.0517258e-02   1.1031081e-01   1.7317493e-04   6.4265683e-04   2.0854278e-03
   2.2179648e-01   4.9358747e-02   8.1173013e-02   6.4970368e-05   5.1924544e-04   2.1649303e-03
   2.2847241e-01   3.9441309e-02   5.7634155e-02   1.2663832e-04   1.0115387e-03   2.0898294e-03
   2.2675612e-01   5.9351383e-02   3.9520960e-02   1.1743587e-04   5.9263043e-04   1.9726210e-03
   2.3248719e-01   3.8292387e-02   7.5807187e-02   8.6481110e-05   3.8103619e-04   2.0776047e-03
   2.3612999e-01   2.4698457e-02   6.5317408e-02   2.2361081e-04   9.1351042e-04   1.9623105e-03
   2.4974214e-01   3.3796785e-04   5.6111544e-02   6.2919879e-05   5.2392391e-04   2.3116945e-03
   2.3644908e-01   5.2920480e-02   5.0338829e-02   2.9494473e-04   4.9009383e-04   2.3480184e-03
   2.4438486e-01   8.3903672e-02   7.7894592e-02  -9.0017759e-05   4.2288421e-04   2.3211863e-03
   2.4573194e-01   1.2765373e-02   1.0116767e-01   3.9008440e-04   8.4932308e-04   2.2465411e-03
   2.3427011e-01   4.2604638e-02   6.5483920e-02   2.9147963e-04   7.3572759e-04   2.2668738e-03
   2.3079787e-01   7.9031820e-02   5.7638925e-02   1.0490240e-04   3.5240377e-04   2.1834474e-03
   2.0400964e-01  -2.7469375e-02   6.9464602e-02   4.8264628e-04   9.6407246e-04   1.8385202e-03
   2.1206357e-01   5.4012551e-02   5.8225447e-02   3.2666271e-04   5.5445078e-04   2.0985174e-03
   2.0836202e-01   2.9632415e-02   7.6787392e-02   5.6547555e-05   4.4894506e-04   2.0966876e-03
   2.2292750e-01   3.7338998e-02   6.7103411e-02   2.7648842e-04   5.9427935e-04   2.2478910e-03
   2.2716543e-01   4.5648343e-02   2.8970392e-02   6.3868546e-04   9.9057858e-05   2.1231564e-03
   2.4007967e-01   8.8446287e-02   2.0518458e-02   5.2338569e-06  -2.6377889e-04   2.3783369e-03
   2.3050785e-01   4.6980752e-02   5.7985178e-02  -1.1382239e-04   4.1247091e-04   2.1257538e-03
   2.0903054e-01  -1.8885335e-02   3.8792026e-02   4.0608955e-04   4.1580542e-04   1.9796765e-03
   2.0616957e-01   8.6723529e-02   5.8809118e-02   1.2925967e-04  -4.9515893e-05   2.0289276e-03
   1.9891078e-01   4.2238818e-02   6.3981106e-02   2.0235117e-04   3.3482498e-04   1.8222963e-03
   1.9187893e-01   8.2770674e-02   3.5613172e-02   5.5313720e-04   5.1126539e-04   1.6265155e-03
   1.9655594e-01   5.3670375e-02   3.8703584e-02   7.6748748e-04   7.5693355e-04   1.6235364e-03
   1.9645211e-01   6.3089520e-02   4.3814889e-02   7.9542426e-04   5.5540242e-04   1.7622006e-03
   2.1774826e-01   8.9900146e-02   4.4491702e-02   9.0502665e-04   3.5468795e-04   2.1411925e-03
   2.1056982e-01   3.2243258e-02   3.9103115e-02   1.0817038e-03   2.3091209e-04   1.9262509e-03
   2.1977353e-01   9.2236784e-02   3.8914824e-02   8.3650898e-04   4.8181909e-04   1.8689926e-03
   1.9010667e-01   4.4888079e-03  -1.8380975e-02   1.6239961e-03   6.8491277e-04   2.1331589e-03
   1.8373497e-01   5.7278820e-02   3.1736647e-02   4.6002008e-04   3.6806535e-04   1.7639764e-03
   2.0636225e-01   5.2434393e-02  -3.3644922e-04   6.0943606e-04   5.3537207e-04   1.8220870e-03
   2.2182322e-01   2.5092304e-02   9.2147413e-04   1.0462426e-03   8.9534022e-04   1.8737326e-03
   2.1904315e-01  -1.3051113e-02  -1.1330420e-03   9.6869963e-04   6.3165743e-04   1.9139021e-03
   2.3162377e-01   8.5380176e-02   1.0584927e-02   9.5231170e-04   5.7377719e-04   2.0386998e-03
   2.3189955e-01   7.8204194e-02  -1.6381530e-02   6.2056237e-04   4.4587863e-04   1.9167866e-03
   2.2258693e-01   1.0299326e-02   4.4635008e-03   1.1040648e-03   7.6823641e-04   1.7487928e-03
   2.0437267e-01   8.2439095e-02   5.8868324e-03   9.1675039e-04   4.1982362e-04   1.6327097e-03
   2.1100714e-01   6.6701281e-02   2.7497977e-02   9.8083294e-04   6.0752481e-04   1.7957666e-03
   2.1628720e-01   4.2981826e-02   2.5140206e-02   1.1949636e-03   1.0669340e-03   1.7562929e-03
   1.9074212e-01   2.9062273e-02   6.4181550e-03   1.5173355e-03   9.7824534e-04   1.4525231e-03
   1.9958238e-01   9.9879992e-02   6.2579866e-02   8.7629008e-04   8.1779988e-04   1.5774728e-03
   2.0663113e-01   3.6092704e-02   2.5473291e-02   8.9464802e-04   9.9311895e-04   1.7475926e-03
   1.9154915e-01   9.7324436e-04   6.2578738e-03   1.1226598e-03   8.3766133e-04   1.5490478e-03
   1.9981029e-01   7.9057019e-02   2.3734758e-02   5.8921934e-04   5.1298422e-04   1.7252591e-03
   1.8942230e-01   6.2331166e-02   1.7297795e-02   5.5381125e-04   6.8919470e-04   1.6052667e-03
   2.0230735e-01   2.2225555e-02   2.2546773e-02   7.3650906e-04   6.8705908e-04   2.0305672e-03
   1.8838812e-01   9.3429128e-02   2.6898196e-03   2.9611969e-04   3.3748837e-04   1.7843621e-03
   1.7067977e-01   3.5241024e-02   1.6538254e-02   5.3696208e-04   4.2473708e-04   1.6357192e-03
   1.7359714e-01   3.6716282e-02  -2.5942529e-03   8.6212615e-04   3.2248714e-04   1.6222274e-03
   1.7768978e-01   8.3174115e-02  -7.2596486e-03   7.4079131e-04   5.2150276e-05   1.6258622e-03
   1.7552230e-01   6.2860641e-02  -3.0484881e-04   9.0491286e-04   2.6842535e-04   1.6493695e-03
   1.7692877e-01   3.1148042e-02  -1.2021601e-02   1.3508053e-03   5.3583107e-04   1.5993381e-03
   2.0456575e-01   1.0739167e-01  -2.5408583e-02   1.2709698e-03   3.4724235e-05   1.9515438e-03
   2.6689428e-01   9.3080910e-02  -2.9334014e-02   9.9394628e-04  -9.4554118e-04   2.8110288e-03
   2.7567714e-01   1.3909792e-02  -1.1815983e-01   1.7310499e-03  -8.3174794e-05   3.2399855e-03
   2.0799796e-01   1.1327873e-01  -9.0630216e-02   2.0487086e-03   8.2515788e-05   2.5263548e-03
   1.9798039e-01   5.0858686e-02   4.5402893e-02  -9.0435787e-04  -1.6887839e-04   1.5716156e-03
   2.2374461e-01   3.9636746e-02   1.9230897e-02   2.0807451e-04  -2.8043739e-05   1.6967702e-03
   2.2099677e-01   2.5770977e-02   8.8444054e-03   7.8798751e-04  -1.0798707e-04   1.7383864e-03
   2.5651221e-01   8.5495354e-02   1.6072055e-02   1.3237773e-03  -5.9271328e-04   2.5240050e-03
   2.4861671e-01   6.0833239e-02   2.0610629e-02   7.5325294e-04  -3.2462199e-04   2.4141550e-03
   2.5977807e-01   5.7300711e-02   3.1907470e-02   5.7336503e-04  -8.1653524e-05   2.2341965e-03
   2.5515852e-01   2.1469125e-02   4.9937676e-02   9.1039456e-04   2.4375491e-04   2.2419667e-03
   2.3147781e-01   6.9391696e-02   2.8662706e-02   5.3320295e-04   1.6160045e-05   2.0785133e-03
   2.3868410e-01   6.3720105e-02   2.0805121e-02   9.4924710e-04   1.3353358e-04   2.3089813e-03
   2.3337505e-01   8.5293281e-02   2.3088376e-02   9.8139234e-04   7.7833820e-05   1.9570140e-03
   2.4217213e-01   4.9957833e-03  -6.7900667e-03   1.0977266e-03   5.0509162e-04   1.9472154e-03
   2.3693565e-01   7.6932157e-02   2.2653983e-02   3.7152675e-04   2.0783563e-04   1.8129244e-03
   2.3798459e-01   3.1188802e-02   1.3223441e-02   6.0645535e-04   7.0095390e-04   1.9115171e-03
   2.3952627e-01   3.2202427e-02   9.1966102e-03   1.0530062e-03   4.4480777e-04   1.9676372e-03
   2.3144687e-01   1.7878487e-02   6.8725298e-03   8.6060051e-04   4.1135328e-04   1.9786834e-03
   2.2045290e-01   5.1109303e-02   1.9733760e-02   6.2296411e-04   2.2065453e-04   1.8044932e-03
   2.2130392e-01   2.6383468e-02   1.5197004e-02   5.5694900e-04   3.6194504e-04   1.9366048e-03
   2.2707713e-01   2.8444526e-02   1.5870142e-02   3.4786581e-04   3.9130052e-04   2.0086085e-03
   2.1186676e-01   3.8972239e-02  -7.8069350e-04   7.5777643e-04   3.5106335e-04   1.7722505e-03
   2.0323044e-01   7.9123097e-02  -2.3105828e-02   5.0540887e-04   8.9360903e-05   1.8021320e-03
   1.7038866e-01   5.0794355e-02   2.3787337e-03   4.1122716e-04   5.2492063e-04   1.1857805e-03
   1.7910658e-01   4.1885463e-02  -1.3276687e-02   5.7046820e-04   6.9632793e-04   1.3003804e-03
   1.9785222e-01   3.2567627e-02  -3.1250394e-03   7.9881904e-04   5.9814794e-04   1.4931189e-03
   1.9924996e-01   8.5171342e-02   2.4214363e-03   4.7168468e-04   4.7857099e-04   1.7154206e-03
   1.7698487e-01   6.1549899e-02   4.8218876e-02   6.3646262e-04   7.4712675e-04   1.2679478e-03
   1.6748350e-01   3.4434616e-02   2.2584015e-02   1.0349357e-03   7.8355036e-04   1.1052502e-03
   1.7304678e-01   7.5733974e-02   1.6410057e-02   7.4554367e-04   6.8573834e-04   1.2676012e-03
   1.5851507e-01   5.6920363e-02   1.9507856e-03   6.0884004e-04   9.7610148e-04   9.3463649e-04
   1.3746578e-01   1.9448286e-02  -2.7917987e-02   6.2466970e-04   7.7991367e-04   7.5337006e-04
   1.6073356e-01   1.2781917e-01  -2.1430335e-02   5.7323307e-04   4.6602348e-04   1.2176071e-03
   1.5775301e-01   1.0697828e-01  -4.5300006e-03   1.8194150e-04   7.7972200e-04   9.4821633e-04
   1.7065693e-01   6.5379039e-02  -1.1094268e-02   4.0089182e-04   9.2414186e-04   1.0644487e-03
   1.5740382e-01   6.5773653e-02  -1.6901342e-02   4.8225427e-04   6.4941014e-04   1.0266286e-03
   1.6613605e-01   9.3187634e-02  -3.8360873e-02   1.0792723e-03   4.7903943e-04   1.2482252e-03
   1.7814273e-01   1.3458127e-01  -2.4287047e-02   9.5526638e-04   3.7823698e-04   1.2861425e-03
   1.8997591e-01   6.6678062e-02   3.1501000e-03   7.7114045e-04   5.8132830e-04   1.3905305e-03
   2.1325423e-01  -1.3702960e-02  -1.3063420e-01   3.2055955e-03   1.0224368e-03   2.0962945e-03
   1.6960960e-01   6.5898213e-02  -3.1844946e-02   1.1257593e-03   1.6920826e-03   1.4584306e-03
   1.8242564e-01   1.3658825e-01   4.8137062e-02  -7.3400028e-05   7.0013327e-04   1.1989623e-03
   1.9768292e-01   4.9981862e-02   8.1282571e-03   5.3870203e-04   8.5196191e-04   1.2647229e-03
   1.8710899e-01   5.4041274e-02   3.1486596e-03   7.1242541e-04   6.5699222e-04   1.1728628e-03
   2.3059031e-01   2.7769715e-02   3.2084407e-02   5.4962550e-04   8.5748951e-04   1.8620362e-03
   2.3715281e-01   5.7651650e-02   1.4417499e-02   4.9481823e-04   5.7916558e-04   2.1308848e-03
   2.2921983e-01   8.7664730e-02   1.9759023e-02   7.7442683e-04   6.6024889e-04   2.1364313e-03
   2.3296131e-01   6.8170818e-02   2.8440217e-02   4.7613428e-04   7.7689627e-04   2.1985054e-03
   2.2655835e-01   1.2247041e-01  -4.6796186e-03   8.9402929e-04   3.9286030e-04   2.1532011e-03
   2.3075081e-01   9.7269938e-02   7.3698785e-03   8.3283976e-04   3.3317584e-04   2.0938320e-03
   2.3658070e-01   9.5228139e-02   3.3178027e-02   3.6115685e-04   6.5719724e-04   2.0782243e-03
   2.3320907e-01   6.0108364e-02  -1.7485272e-02   8.9999986e-04   3.2332465e-04   2.1920425e-03
   2.5950733e-01   1.0094469e-01   3.3059975e-02   7.6047439e-04   2.2468605e-04   2.7458506e-03
   2.4519384e-01   1.2709954e-01   1.4707516e-02   3.6249067e-05  -6.1819924e-05   2.3920731e-03
   1.8172922e-01   3.6153366e-02   2.8451130e-04   4.8422392e-04  -4.4309940e-05   1.6581906e-03
   1.7716772e-01   1.1629363e-01  -1.4979735e-02   3.8212641e-04  -2.6848539e-04   1.5631255e-03
   1.6838534e-01   1.2562916e-01   1.8995522e-03   5.0965472e-04  -2.9172646e-04   1.4416611e-03
   1.3159426e-01   6.5184884e-02   2.0766781e-02   2.8985465e-04   4.5386304e-04   8.5772304e-04
   1.7202566e-01   6.0624208e-02  -8.9008691e-03   5.7638731e-04   2.9902197e-04   1.3216296e-03
   1.5874771e-01   1.1795812e-01  -4.5392342e-02   8.9634626e-04   2.7348529e-04   1.3178336e-03
   1.5331943e-01   1.2328725e-01  -4.6350300e-02   6.3578651e-05   2.2545890e-05   1.1863296e-03
   1.3378769e-01   1.1304505e-01  -4.5471294e-02   6.2181962e-04   2.6735813e-04   1.0093038e-03
   1.3956458e-01   9.4992847e-02  -2.4273863e-02   4.4718079e-04   4.4346301e-04   9.1063891e-04
   1.3344610e-01   8.7060073e-02  -3.9018829e-02   6.4502939e-04   4.0432890e-04   8.1633997e-04
   1.1206569e-01   1.0564456e-01  -4.5841156e-02   4.5797050e-04   3.2433441e-04   7.1077574e-04
   1.0971244e-01   1.1060548e-01  -6.0001515e-02   4.0100808e-04   4.1668947e-04   3.1535612e-04
   1.0257942e-01   1.0853766e-01  -6.8824403e-02   8.0637929e-04   4.4878901e-04   8.3076353e-05
   1.2758325e-01   6.2926953e-02  -6.8617605e-02   9.1937893e-04   2.1427189e-04   3.0087531e-04
   1.2769292e-01   1.4200149e-01  -4.0147264e-02   7.4850265e-04   3.3155927e-04   3.6516140e-04
   1.1953690e-01   8.9834859e-02   1.8131389e-02   5.4301075e-04   4.7856852e-04   2.4934828e-04
   1.3500874e-01   5.8235071e-02  -2.4950601e-02   5.8318815e-04   5.0147146e-04   4.6789212e-04
   1.2984697e-01   8.0191047e-02  -5.5505425e-02   9.6087033e-04   3.3584560e-04   5.6519449e-04
   1.3517077e-01   1.0073112e-01  -3.6313629e-02   4.6900701e-04   2.0675660e-04   6.1261089e-04
   1.4149115e-01   8.0672190e-02  -2.8537096e-02   6.9347257e-04   4.2527976e-04   6.5148822e-04
   1.3961609e-01   6.7591166e-02  -3.9995517e-02   9.3822174e-04   4.9944309e-04   6.0846341e-04
   1.2242401e-01   1.0307294e-01  -5.9182493e-02   9.2236931e-04   3.3601157e-04   4.6201731e-04
   1.2582035e-01   6.3348630e-02  -2.0484878e-02   3.7379974e-04   1.0947515e-04   4.2978365e-04
   1.2630672e-01   3.1214039e-02  -2.8352979e-02   7.1556441e-04   2.7818211e-04   3.7821560e-04
   1.3008912e-01   4.3702394e-02  -3.9767247e-02   9.4068553e-04   1.1655832e-04   5.2992563e-04
   1.4438383e-01   7.2270841e-02  -1.0259016e-02   5.6653103e-04  -2.5255009e-04   8.6170638e-04
   1.1053754e-01   3.4814368e-02  -6.7791461e-03   4.9689709e-04   3.7610253e-04   1.8490890e-04
   1.0679663e-01  -7.2988328e-03  -4.3133147e-02   1.2509621e-03   4.5213723e-04   1.6854170e-04
   1.2385036e-01   9.4069326e-02  -3.4547081e-02   4.8968069e-04  -1.5360642e-04   5.9926062e-04
   1.2184570e-01   6.2396070e-02  -3.0114659e-02   8.5281416e-04   1.6102058e-04   5.1914908e-04
   1.1974194e-01   5.3768306e-02  -3.4887272e-02   5.7766244e-04   2.0341473e-04   5.2635173e-04
   1.0952957e-01   9.0073361e-02  -6.1107661e-02   1.1881856e-03  -2.4358755e-06   5.9854896e-04
   1.0853669e-01   1.2431497e-01  -5.1580281e-02   4.3062383e-04  -1.5729261e-04   6.1663081e-04
   9.7977556e-02   6.4360828e-02  -3.2365911e-02   5.3434764e-04   1.0372057e-04   2.4464009e-04
   1.0940385e-01   5.2045282e-02  -5.4326657e-02   7.1528652e-04   2.0221018e-04   3.3451995e-04
   1.1056083e-01   6.6124225e-02  -7.1190068e-02   6.7055025e-04   5.8674898e-05   3.1178829e-04
   9.3200198e-02   8.1197323e-02  -5.1490044e-02   5.9701848e-04   3.5387127e-05   1.5475930e-04
   9.9658610e-02   6.5178388e-02  -5.2671116e-02   1.0625538e-03   2.6822342e-04   1.0212575e-04
   1.3302319e-01   6.6983915e-02  -2.1242550e-02   9.5822196e-04   6.0326788e-04   1.0018973e-03
   1.3937118e-01   6.4298739e-02  -9.0470891e-02   1.4101230e-03   5.3375577e-04   1.6140103e-03
   1.2786658e-01   1.4018222e-01  -5.2470644e-02   7.0007999e-05  -1.9396841e-04   8.7078762e-04
   1.0582529e-01   5.7834089e-02  -4.9289803e-02   4.7993073e-04  -8.9097191e-05   5.0788757e-04
   1.3083631e-01   8.1636716e-02  -7.0499477e-02   8.3678797e-04  -2.6392665e-04   1.0918382e-03
   1.3705819e-01   7.1805748e-02  -8.7194263e-02   8.6937043e-04  -2.4379992e-04   9.8831766e-04
   1.3953025e-01   5.3741413e-02  -9.0510678e-02   1.0389022e-03   1.0580823e-04   9.9761665e-04
   1.2877250e-01   1.0210236e-01  -9.1463744e-02   1.6325832e-03  -1.3576994e-04   9.6185317e-04
   1.4906100e-01   1.1109757e-01  -7.7474124e-02   1.7853283e-03  -3.2850633e-04   1.3875500e-03
   1.4216396e-01   1.1899522e-01  -7.9128021e-02   1.2959767e-03  -1.3478542e-04   1.0804294e-03
   1.4670253e-01   9.2715668e-02  -7.8914168e-02   1.0305471e-03   1.6274835e-04   1.1004809e-03
   1.4549478e-01   7.2909328e-02  -7.4814951e-02   1.2044768e-03   3.1882398e-04   9.9341865e-04
   1.7577381e-01   8.6874989e-02  -8.5695827e-02   1.9597301e-03   4.0415811e-04   1.4573419e-03
