   0.0000000e+00   0.0000000e+00   0.0000000e+00   0.0000000e+00   0.0000000e+00   0.0000000e+00
  -8.4011213e-03   2.6874920e-02  -1.3704274e-01   2.6459800e-05  -2.6873820e-04   3.4985947e-04
  -2.3452948e-02   7.3000666e-02  -3.2037570e-01   2.0171164e-03  -5.5436268e-04   5.0865648e-04
  -5.5698617e-02  -1.3919660e-01  -8.3576215e-01   7.7289189e-03  -7.9914931e-04   1.7091636e-04
  -4.2198147e-02   2.1403651e-02  -8.2698780e-01   7.7405975e-03  -1.1921113e-03   3.1695056e-04
  -3.8377164e-02   1.7145350e-01  -7.1968050e-01   6.6413320e-03  -1.4183925e-03   2.8759654e-04
  -2.3076894e-02   5.7151032e-02  -6.0658565e-01   5.3830637e-03  -1.6583080e-03   1.9321337e-04
  -2.0446078e-02   4.9343493e-02  -6.1101900e-01   5.3524993e-03  -1.6550577e-03   2.5057435e-04
  -7.1488342e-03   1.2747749e-01  -5.4742329e-01   4.7561679e-03  -1.6873193e-03   1.0326340e-04
   7.8895484e-03   4.0167750e-02  -5.2847104e-01   4.9080732e-03  -1.8385596e-03   3.3082047e-04
   3.1877492e-03   2.5950163e-02  -5.0209193e-01   5.0277962e-03  -1.5164738e-03   3.3710709e-04
  -1.3578246e-03   9.7954142e-02  -4.6551579e-01   4.3404896e-03  -1.4682096e-03   1.7143388e-04
   7.8047919e-03   5.4010673e-02  -4.5244095e-01   4.0194488e-03  -1.6247922e-03   2.2048622e-04
   6.8576671e-04   4.9270834e-02  -4.3888807e-01   4.0622819e-03  -1.4174980e-03   1.4313676e-04
   9.7291552e-03   2.3958873e-02  -4.2240568e-01   3.7906934e-03  -1.4177304e-03   2.4269808e-04
   4.5801055e-03   1.1618320e-01  -4.1889504e-01   3.5272784e-03  -1.5091711e-03   2.9241308e-04
   4.4181315e-03   3.6947759e-02  -4.0113491e-01   3.3561340e-03  -1.4465195e-03   2.9785234e-04
  -4.9161682e-04   2.3140540e-02  -4.1745270e-01   3.5072473e-03  -1.3270065e-03   4.0095993e-04
  -8.7811079e-03   2.3560225e-02  -3.8437851e-01   3.2624920e-03  -1.1154165e-03   1.9864486e-04
   2.6233973e-03   6.8571077e-02  -3.7168085e-01   2.8016010e-03  -1.3782375e-03   2.1480624e-04
   8.7811304e-03   5.0830724e-02  -3.4540013e-01   2.1330234e-03  -1.3817970e-03   2.5980792e-04
   3.6046196e-02   4.2061975e-02  -3.2738235e-01   2.1696275e-03  -1.5749341e-03   5.5983877e-04
   2.5555127e-02   6.6975998e-03  -2.9386228e-01   1.9164645e-03  -1.5668954e-03   3.5756231e-04
   3.3193631e-02   3.0632538e-02  -2.8691490e-01   1.6522548e-03  -1.5741314e-03   4.9225846e-04
   3.7238351e-02   5.5243209e-02  -2.5860326e-01   1.1120006e-03  -1.7464537e-03   3.6861028e-04
   4.5690274e-02   5.9452642e-02  -2.3610985e-01   7.2250137e-04  -1.6591925e-03   4.4057984e-04
   5.8428567e-02   2.7772703e-03  -2.3281932e-01   1.0735209e-03  -1.7671662e-03   6.1651581e-04
   5.7423540e-02  -2.3398848e-03  -2.2981357e-01   1.1352835e-03  -1.6865244e-03   5.8452584e-04
   6.1377502e-02   3.4822563e-02  -2.6555433e-01   1.3862225e-03  -1.9351867e-03   8.0409678e-04
   7.2908601e-02   5.2395122e-02  -2.4809754e-01   8.7724697e-04  -1.8946289e-03   8.1872776e-04
   6.6471975e-02   2.7405479e-02  -2.4058431e-01   9.1155943e-04  -1.6849718e-03   7.8957010e-04
   6.8739108e-02  -1.3418054e-02  -2.5758313e-01   1.3288284e-03  -1.8898773e-03   8.6528652e-04
   5.7366627e-02   6.9503851e-02  -2.4625904e-01   1.0111185e-03  -1.9867442e-03   6.1863376e-04
   6.8364085e-02   1.3621579e-02  -2.3339567e-01   5.7468595e-04  -1.9884065e-03   6.9911963e-04
   7.9529928e-02  -8.0611149e-03  -2.5857481e-01   1.2129136e-03  -2.0370268e-03   7.6340971e-04
   9.2289785e-02   6.8579498e-02  -2.4406804e-01   9.5602143e-04  -2.0488466e-03   7.9279241e-04
   1.0190513e-01   6.2510704e-02  -1.9667493e-01   4.7731827e-04  -1.9677234e-03   9.3855678e-04
   1.1025087e-01  -2.1153074e-02  -2.0933987e-01   8.4168876e-04  -1.9835906e-03   9.8412173e-04
   9.6833833e-02   1.1447232e-03  -1.9326305e-01   7.2994907e-04  -1.9568335e-03   7.2938654e-04
   9.5275902e-02   5.4624475e-02  -1.7029579e-01   2.4557720e-04  -1.9939940e-03   6.2797866e-04
   8.7935333e-02  -5.5793326e-03  -1.6499526e-01   2.4936339e-04  -1.8204418e-03   6.3263151e-04
   8.0531530e-02  -2.6259403e-02  -1.8559705e-01   8.4539037e-04  -1.8073893e-03   6.1217792e-04
   8.6612708e-02   3.4860506e-02  -1.7734526e-01   8.7471053e-04  -1.8030090e-03   6.9455471e-04
   8.2803716e-02   1.9233106e-02  -1.6936039e-01   9.3099200e-04  -1.8716683e-03   5.7481630e-04
   6.1310804e-02  -5.5999364e-03  -1.4372489e-01   9.8444678e-04  -1.7284858e-03   2.3884145e-04
   5.8012824e-02  -8.2965017e-03  -1.7308660e-01   1.3318770e-03  -1.7726784e-03   1.9977349e-04
   7.3297494e-02   8.5284101e-02  -1.3718371e-01   3.7855214e-04  -1.9228973e-03   2.9348340e-04
   8.4335434e-02  -1.8240244e-02  -1.4334557e-01   9.5517705e-04  -2.0546003e-03   5.2442004e-04
   9.3680910e-02   4.5542388e-02  -1.4738660e-01   9.2168939e-04  -2.1490481e-03   4.5001089e-04
   1.0444090e-01   6.0563079e-02  -1.1968699e-01   4.7136897e-04  -2.3094661e-03   4.6415487e-04
   1.0938062e-01  -1.1590698e-02  -9.4066081e-02   6.3302516e-04  -2.2160022e-03   5.3473106e-04
   1.1026805e-01  -1.6910230e-02  -9.1022864e-02   7.0067342e-04  -2.2944344e-03   4.1098521e-04
   1.0111339e-01   4.9762633e-02  -8.8686884e-02   3.1807369e-04  -2.3399756e-03   2.9000918e-04
   1.1177154e-01   3.7402323e-02  -5.8000556e-02   1.3975993e-05  -2.2609358e-03   3.6768807e-04
   9.9217918e-02  -3.4878500e-02  -6.7629377e-02   4.9696666e-04  -2.1811492e-03   2.6443538e-04
   9.9617342e-02  -1.0756995e-02  -7.8068849e-02   7.1240006e-04  -2.2418146e-03   1.2850896e-04
   8.9481739e-02   5.3662098e-02  -3.1976893e-02   4.4590133e-04  -2.1769760e-03   1.5808051e-06
   8.8616672e-02   1.4076593e-02  -3.4974781e-02  -3.1178273e-05  -2.2184662e-03  -3.3104588e-05
   1.0524508e-01   2.1207205e-02  -6.7550613e-02   1.0311536e-04  -2.6766016e-03   1.6521473e-04
   9.7134609e-02   5.1898806e-02  -6.4965482e-02   1.6430135e-04  -2.6996341e-03   2.3484435e-04
   1.0500485e-01   4.6996635e-02  -3.2720239e-02  -1.5080487e-04  -2.8555170e-03   3.1417511e-04
   1.0659260e-01   1.1051722e-02  -2.5716425e-02  -1.8878868e-04  -2.8583859e-03   3.2773302e-04
   9.5409379e-02  -2.2738609e-02  -2.8695899e-02   1.3221495e-04  -2.8314766e-03   2.0470279e-04
   1.0259359e-01   2.6948432e-02  -3.0851792e-02  -1.8633277e-04  -3.1591235e-03   2.3172070e-04
   1.0559662e-01   1.8144442e-02  -9.3559216e-03  -5.9500828e-04  -3.2977961e-03   1.5708206e-04
   9.0872219e-02   3.1786652e-02   2.1486702e-02  -9.8437489e-04  -3.3015034e-03  -7.3614247e-05
   9.8371809e-02  -1.3226912e-02   3.2210479e-02  -9.4801777e-04  -3.4895487e-03  -1.6272452e-05
   8.8090404e-02   4.2034243e-02   1.2833168e-02  -6.5707313e-04  -3.5357598e-03  -1.0744602e-04
   9.6817533e-02   5.6508094e-02   9.1102081e-03  -5.4846468e-04  -3.5479547e-03  -5.7995373e-05
   1.0663313e-01   3.4462053e-02   3.1394817e-02  -6.9977515e-04  -3.2798114e-03   5.4408511e-05
   1.1290562e-01   8.2880311e-03   4.8058454e-02  -7.8883788e-04  -3.3960549e-03   6.3736762e-05
   1.0557096e-01   1.1918589e-02   2.1265903e-02  -7.3226503e-04  -3.5589688e-03  -1.3955674e-05
   1.1068501e-01   6.7679880e-02   4.8304840e-02  -1.2262006e-03  -3.5228138e-03  -2.0483247e-04
   1.0946121e-01  -1.9289597e-02   4.0062217e-02  -1.1101327e-03  -3.5874632e-03  -9.4068727e-05
   1.0635348e-01   8.8035418e-03   3.0754151e-02  -8.9780628e-04  -3.7945657e-03  -1.2331260e-04
   1.1264484e-01   4.5825715e-02   6.7472824e-02  -8.9033160e-04  -3.8610900e-03   2.6478456e-05
   1.2151310e-01   3.3350591e-02   6.6842079e-02  -1.2486453e-03  -3.9299730e-03  -1.2472790e-04
   1.1369706e-01   1.0792576e-02   7.2789653e-02  -1.5601287e-03  -4.0652495e-03  -2.3742225e-04
   1.0579367e-01   2.3021274e-02   9.6923674e-02  -1.7036558e-03  -4.1095739e-03  -4.4301126e-04
   1.0365429e-01   1.1664416e-02   9.8574713e-02  -1.8319269e-03  -4.2981255e-03  -5.2423998e-04
   8.9042555e-02   6.8002770e-02   6.8544249e-02  -1.4732533e-03  -4.2226269e-03  -5.6013097e-04
   8.8322306e-02   1.7752839e-02   7.9731340e-02  -1.7806638e-03  -4.1295905e-03  -7.3701961e-04
   9.3532748e-02   2.2382875e-02   9.0212616e-02  -1.5997868e-03  -4.3052671e-03  -8.1471746e-04
   9.3397516e-02   2.7328941e-02   8.9100175e-02  -1.5824278e-03  -4.4225944e-03  -1.0833116e-03
   9.1903529e-02   9.3851613e-02   1.0425300e-01  -2.4121993e-03  -4.7200043e-03  -1.1231235e-03
   1.0194713e-01   4.1759415e-02   1.0655534e-01  -2.3207959e-03  -4.6969505e-03  -1.2807443e-03
   9.7680196e-02  -6.2279159e-03   1.0867335e-01  -1.8516495e-03  -4.8595597e-03  -1.3680089e-03
   7.8037835e-02   4.4326863e-02   1.0115969e-01  -2.4051303e-03  -4.9681804e-03  -1.4969154e-03
   7.3732347e-02   4.1788100e-02   1.2982961e-01  -2.5469002e-03  -5.1306792e-03  -1.7263985e-03
   7.6636221e-02  -2.2902985e-02   1.4171542e-01  -2.1760106e-03  -5.0179316e-03  -1.7554225e-03
   7.4630356e-02   3.9366796e-02   1.4702687e-01  -1.9607090e-03  -5.2854903e-03  -1.7845302e-03
   6.1708667e-02   5.4750678e-02   1.3406319e-01  -2.4390960e-03  -5.3902800e-03  -1.9618552e-03
   6.5563607e-02   2.6179346e-02   1.5720209e-01  -2.6275211e-03  -5.3711432e-03  -2.0195248e-03
   6.4990192e-02  -3.5439104e-02   1.4938409e-01  -1.8264919e-03  -5.6150959e-03  -2.0443093e-03
   3.9350284e-02   4.5114371e-02   1.5156810e-01  -1.9499255e-03  -5.5816740e-03  -2.1504500e-03
   4.4252771e-02   2.3598551e-02   1.6154796e-01  -2.3155615e-03  -5.9573750e-03  -2.0326993e-03
   4.7888821e-02   6.0068695e-02   1.7080132e-01  -2.7978090e-03  -6.3788067e-03  -2.0990567e-03
   6.4295344e-02  -1.2810447e-03   1.4282070e-01  -2.2388571e-03  -6.8469326e-03  -1.8755865e-03
   4.7338314e-02   1.0034363e-01   1.9457815e-01  -2.8861629e-03  -7.0812016e-03  -1.8428434e-03
   2.6888104e-02  -7.6329221e-04   2.0697829e-01  -2.8976135e-03  -7.0723276e-03  -2.1532691e-03
   3.1182272e-02  -1.8223371e-02   1.7558479e-01  -2.5574330e-03  -7.1755974e-03  -2.0576705e-03
   2.6862617e-02   3.5718141e-02   1.7661833e-01  -2.7622772e-03  -7.3913071e-03  -2.1996082e-03
   2.1055870e-02   4.0652303e-02   2.0130295e-01  -2.9927428e-03  -7.1947632e-03  -2.1658748e-03
   2.7684284e-02  -5.1307013e-02   1.8777101e-01  -2.3812953e-03  -7.5566713e-03  -2.1718503e-03
   2.6386088e-02  -2.2456970e-02   1.7603597e-01  -2.0125844e-03  -7.5347967e-03  -2.2189732e-03
   2.0103144e-02   3.1971698e-02   1.6933925e-01  -2.5592276e-03  -7.6119346e-03  -2.2564565e-03
   2.0678927e-02   6.7507678e-02   1.8709795e-01  -2.7619488e-03  -7.6148474e-03  -2.2930709e-03
   2.4796485e-02  -4.2171559e-02   1.9042051e-01  -2.1129545e-03  -7.7476552e-03  -2.2289426e-03
   1.1078216e-02   3.3158485e-02   1.8901002e-01  -2.6522017e-03  -7.7498368e-03  -2.3111991e-03
  -1.9402099e-03   7.5331034e-02   2.0992387e-01  -3.0603671e-03  -7.7754215e-03  -2.2965186e-03
  -3.2212630e-03  -2.7855922e-02   2.0487936e-01  -2.3015698e-03  -7.4992424e-03  -2.3451496e-03
  -1.3965785e-02   7.5170837e-02   1.7181644e-01  -2.9801864e-03  -7.5921840e-03  -2.3788329e-03
   4.2183652e-03   8.4616404e-02   2.0677964e-01  -3.3950724e-03  -7.7354222e-03  -2.3722363e-03
  -1.5776231e-03  -1.9688808e-02   1.8975735e-01  -2.7502238e-03  -7.8376157e-03  -2.3485943e-03
   3.6087925e-03   1.9375911e-02   1.9913071e-01  -2.6442548e-03  -8.2237588e-03  -2.2715241e-03
   1.3078752e-03   4.2098646e-02   2.0778203e-01  -3.0935846e-03  -8.4316151e-03  -2.2556688e-03
   5.7415448e-03   2.4110399e-02   2.0983986e-01  -3.0769296e-03  -8.2978465e-03  -2.4961298e-03
   3.4955420e-03  -3.9558549e-02   2.0856600e-01  -2.4416323e-03  -8.3630970e-03  -2.4561731e-03
  -2.2192818e-03   2.0361751e-02   2.0823421e-01  -2.9146346e-03  -8.4902810e-03  -2.5697074e-03
   5.2741283e-03   3.6897704e-02   2.0551267e-01  -2.8981958e-03  -8.6504637e-03  -2.5853467e-03
   8.6306867e-03  -1.9842914e-02   2.0768889e-01  -2.8246668e-03  -8.5327876e-03  -2.7651317e-03
   1.3227428e-02  -3.6452340e-02   1.9604964e-01  -2.3245715e-03  -8.4676757e-03  -2.5669329e-03
   1.2079183e-03   3.8610804e-02   2.0801261e-01  -2.5511747e-03  -8.8097369e-03  -2.6618450e-03
  -3.6855657e-03   2.5360573e-02   2.1270623e-01  -3.0936460e-03  -8.6034580e-03  -2.8890109e-03
  -3.8320163e-04  -3.9551129e-02   1.9502507e-01  -2.8900672e-03  -8.6399468e-03  -2.7226316e-03
   1.1285381e-02   3.1389496e-02   1.9347024e-01  -2.7108277e-03  -8.6611580e-03  -2.7009382e-03
   2.5573207e-02   8.5159832e-02   2.3338981e-01  -3.2903954e-03  -8.9446290e-03  -2.6449754e-03
   1.4765039e-02  -5.7519450e-02   2.2437658e-01  -2.9554383e-03  -8.8946987e-03  -2.6874628e-03
   1.7357114e-02   4.2306631e-03   2.2182415e-01  -2.8349292e-03  -9.0327624e-03  -2.7138888e-03
   1.4744529e-02   6.6912369e-02   2.5366649e-01  -3.4631990e-03  -9.1215538e-03  -2.8139873e-03
   2.7949561e-02   2.5637193e-02   2.8954057e-01  -3.8398051e-03  -9.0530608e-03  -2.7942686e-03
   1.7997298e-02  -5.2271324e-02   2.5958973e-01  -3.2377626e-03  -8.9833545e-03  -2.8310834e-03
   1.5989966e-02   2.9289910e-02   2.3679508e-01  -3.4668314e-03  -9.2200389e-03  -2.8513586e-03
   2.7043173e-02   4.2021502e-02   2.6023311e-01  -3.7098723e-03  -9.3772982e-03  -2.7094385e-03
   2.6025150e-02  -3.8474079e-02   2.5661035e-01  -3.4082161e-03  -9.2627263e-03  -2.8331450e-03
   1.3361102e-02   3.2615871e-02   2.5904318e-01  -3.2056361e-03  -9.6165017e-03  -2.7666452e-03
   5.6516632e-03   5.9651053e-02   2.4400074e-01  -3.5922769e-03  -9.4449528e-03  -2.9539794e-03
  -2.0203206e-03  -1.7765957e-02   2.0792095e-01  -3.3770207e-03  -9.4188534e-03  -3.0317801e-03
   3.5175466e-03   6.5912033e-02   2.3222828e-01  -3.7002493e-03  -9.7733699e-03  -2.9957071e-03
   5.9592623e-03   5.0501417e-03   2.3746263e-01  -3.7129197e-03  -9.7720033e-03  -3.1060121e-03
  -3.0597911e-03  -4.0103493e-02   2.2466009e-01  -3.1566229e-03  -9.6854235e-03  -3.0561108e-03
   3.1648093e-03   1.8611976e-02   2.2070073e-01  -3.3931032e-03  -1.0019549e-02  -3.0934877e-03
  -1.4793285e-03   1.2818688e-02   2.5144422e-01  -3.3254127e-03  -1.0080584e-02  -3.2451067e-03
  -6.8702645e-03  -1.8705172e-02   2.3766071e-01  -3.4202899e-03  -1.0265098e-02  -3.2696412e-03
  -1.5846695e-02   3.6933512e-02   2.3261454e-01  -3.5491459e-03  -1.0580569e-02  -3.1789781e-03
  -1.7589985e-02   3.8882539e-02   2.4787331e-01  -3.2473261e-03  -1.0368953e-02  -3.1578372e-03
  -3.2453897e-02  -5.8920884e-02   2.4943850e-01  -3.0565300e-03  -1.0469701e-02  -3.1900994e-03
  -3.3991448e-02   3.9436438e-02   2.4433674e-01  -3.6734720e-03  -1.0606304e-02  -3.3053392e-03
  -3.8623391e-02   6.0870220e-02   2.6342132e-01  -4.0774707e-03  -1.0667194e-02  -3.4708311e-03
  -3.9927378e-02  -3.0109859e-02   2.4719401e-01  -3.5155246e-03  -1.0748983e-02  -3.2175612e-03
  -3.9904205e-02  -1.6412315e-02   2.3237528e-01  -3.7149659e-03  -1.1034684e-02  -3.1853227e-03
  -4.0373034e-02   5.6528233e-02   2.8387995e-01  -4.4178672e-03  -1.0992634e-02  -3.2998441e-03
  -3.5962905e-02  -7.1487269e-02   2.3760551e-01  -3.4564737e-03  -1.1176259e-02  -3.0869782e-03
  -3.5003406e-02  -1.9540148e-02   2.1931254e-01  -3.3564211e-03  -1.1252254e-02  -3.0893057e-03
  -2.8683426e-02   8.7825869e-02   2.5215304e-01  -4.1617437e-03  -1.1389291e-02  -3.0759419e-03
  -4.0216990e-02  -2.1561174e-04   2.5684683e-01  -4.1686312e-03  -1.1292180e-02  -3.1301567e-03
  -5.2461803e-02  -4.8036338e-02   2.3443716e-01  -3.5234555e-03  -1.1428051e-02  -3.2066255e-03
  -5.9414432e-02   5.1759041e-02   2.3941062e-01  -4.1371376e-03  -1.1397631e-02  -3.2221802e-03
  -5.1682101e-02  -3.4668803e-02   2.6020884e-01  -4.1629686e-03  -1.1602511e-02  -3.1562530e-03
  -6.1489503e-02  -4.3118019e-02   2.3665354e-01  -3.1993110e-03  -1.1054598e-02  -3.1783047e-03
  -4.6216565e-02   7.8847586e-02   2.8623256e-01  -3.8527588e-03  -1.1504097e-02  -2.8818676e-03
  -5.0932771e-02  -8.4339818e-02   2.6426877e-01  -3.5476438e-03  -1.1514066e-02  -3.1090369e-03
  -5.1479435e-02   1.3224095e-01   2.7981862e-01  -4.6075621e-03  -1.1823318e-02  -3.1241080e-03
  -5.1897666e-02  -4.2109169e-03   2.8513665e-01  -4.0649758e-03  -1.1769405e-02  -2.9292580e-03
  -5.9606929e-02  -1.9581073e-02   2.9485080e-01  -3.6955493e-03  -1.1736552e-02  -2.9408808e-03
  -5.3290242e-02   1.3724263e-02   3.0215174e-01  -4.0826445e-03  -1.1912688e-02  -2.9500283e-03
  -4.7930813e-02  -1.5921286e-02   3.0746676e-01  -3.8942393e-03  -1.1870375e-02  -2.9477828e-03
  -5.3065077e-02  -4.4841979e-02   2.9713718e-01  -3.4132778e-03  -1.1741524e-02  -2.9723000e-03
  -4.1715391e-02   8.4696391e-03   2.9293925e-01  -3.9635422e-03  -1.1985635e-02  -2.8964247e-03
  -5.7639006e-02   1.3393414e-02   2.9390344e-01  -3.6896879e-03  -1.2032767e-02  -2.9125178e-03
  -4.9428023e-02  -6.0718784e-02   2.7787029e-01  -3.2747826e-03  -1.2022390e-02  -2.7501345e-03
  -5.3251213e-02  -1.5495525e-03   2.8074420e-01  -3.7915160e-03  -1.2405371e-02  -2.8243103e-03
  -5.4813414e-02   1.9273422e-02   2.8261476e-01  -3.3278864e-03  -1.1720956e-02  -3.0298453e-03
  -5.0794522e-02  -4.3422293e-02   2.9150626e-01  -3.3215747e-03  -1.1953204e-02  -2.7247623e-03
  -7.1468176e-02  -1.3214506e-02   2.7377417e-01  -2.7865461e-03  -1.1542586e-02  -2.1960115e-03
  -6.7674586e-02   2.5752097e-02   3.2171042e-01  -3.6498290e-03  -1.2025776e-02  -2.3476469e-03
  -5.8056032e-02   8.6132010e-03   2.9610512e-01  -3.2171800e-03  -1.2443263e-02  -2.3212359e-03
  -5.4582960e-02   6.6684054e-02   3.0170108e-01  -3.6636611e-03  -1.2566366e-02  -2.3180883e-03
  -4.7597239e-02   3.0571356e-02   3.2184125e-01  -3.4509900e-03  -1.2235041e-02  -2.0741893e-03
  -3.7838508e-02  -7.9470298e-02   3.0663166e-01  -3.1442526e-03  -1.2325017e-02  -1.9892769e-03
  -4.2135066e-02   5.9417806e-03   2.9692138e-01  -3.3528413e-03  -1.2456988e-02  -2.0162279e-03
  -3.7190196e-02   1.7863112e-02   3.2129800e-01  -3.3720756e-03  -1.2368453e-02  -2.1181352e-03
  -4.2526953e-02  -6.2234010e-02   3.1960239e-01  -3.1448324e-03  -1.2272068e-02  -2.1996564e-03
  -4.9990172e-02  -2.5098125e-02   2.9400314e-01  -2.9565158e-03  -1.2304378e-02  -2.3952731e-03
  -4.2406010e-02   3.9042770e-02   2.9973054e-01  -3.2849761e-03  -1.1987575e-02  -2.4284114e-03
  -3.7765695e-02  -5.6649173e-02   2.7465415e-01  -2.8344835e-03  -1.2411060e-02  -2.3445402e-03
  -5.9660742e-02  -5.3427477e-02   2.7099056e-01  -2.5484376e-03  -1.2399040e-02  -2.3141069e-03
  -6.7073910e-02   3.1102865e-02   2.7278001e-01  -3.2700240e-03  -1.2321650e-02  -2.3279975e-03
  -6.0831723e-02  -5.4138231e-02   2.7359007e-01  -2.9904002e-03  -1.2301625e-02  -2.3420952e-03
  -6.5086546e-02   9.9312766e-03   2.3952849e-01  -3.4335699e-03  -1.2568327e-02  -2.4931066e-03
  -4.5644280e-02   9.8817367e-02   2.7090025e-01  -3.9620062e-03  -1.2733828e-02  -2.4260534e-03
  -6.5951720e-02  -4.1534210e-02   2.5457318e-01  -3.3318455e-03  -1.2505564e-02  -2.3966194e-03
  -7.7261604e-02  -4.5817964e-02   2.5002380e-01  -2.8485041e-03  -1.2642389e-02  -2.3674491e-03
  -7.8540240e-02   3.0636706e-02   2.5638584e-01  -3.5586142e-03  -1.2718114e-02  -2.4414089e-03
  -6.4601011e-02  -2.0547891e-02   2.6524258e-01  -3.4704858e-03  -1.2652410e-02  -2.3682364e-03
  -6.2983151e-02  -6.3765899e-02   2.5028262e-01  -2.6657328e-03  -1.2570441e-02  -2.2321989e-03
  -6.1702777e-02   3.3753201e-02   2.4078977e-01  -3.1954325e-03  -1.2459779e-02  -1.9261349e-03
  -3.8986702e-02   2.4406108e-02   2.7086077e-01  -3.6660427e-03  -1.2658120e-02  -1.9081197e-03
  -5.7652665e-02  -6.3082769e-02   2.3574320e-01  -2.5855659e-03  -1.2381766e-02  -1.9725221e-03
  -5.3219684e-02   6.2454334e-02   2.5363006e-01  -3.1803466e-03  -1.2243357e-02  -1.6538778e-03
  -4.2168999e-02   4.1879369e-02   2.8063719e-01  -3.3610584e-03  -1.2654481e-02  -1.7066983e-03
  -5.0219151e-02   3.4107704e-03   2.2356612e-01  -3.2764115e-03  -1.2639661e-02  -1.7689623e-03
  -4.5361742e-02   1.1285727e-01   2.7469726e-01  -3.7238242e-03  -1.2823347e-02  -1.6959138e-03
  -4.6897516e-02  -4.1849567e-02   2.7629496e-01  -2.9788104e-03  -1.2635523e-02  -1.5589779e-03
  -4.6281512e-02  -1.9760807e-02   2.6180626e-01  -2.9316976e-03  -1.2453222e-02  -1.5029357e-03
  -4.0701395e-02   2.3747602e-02   2.6637729e-01  -3.3794351e-03  -1.2616664e-02  -1.5198739e-03
  -2.4609566e-02  -3.3805436e-02   2.7980634e-01  -3.3546555e-03  -1.2280459e-02  -1.4652133e-03
  -2.9170773e-02  -5.5550674e-02   2.4547222e-01  -2.5840698e-03  -1.2272486e-02  -1.4381603e-03
  -3.1270272e-02   7.3756867e-02   2.4222539e-01  -3.4843618e-03  -1.2365837e-02  -1.4519445e-03
  -2.3109757e-02  -4.7763883e-02   2.2546151e-01  -3.0265033e-03  -1.2271774e-02  -1.3872116e-03
