   0.0000000e+00   0.0000000e+00  -1.4210855e-14   0.0000000e+00   0.0000000e+00   0.0000000e+00
   6.7194136e-03   8.9672341e-02   5.4017945e-03   1.6746883e-04   4.2219314e-05   8.3940686e-05
   1.6180813e-02   8.2374276e-02   2.4377075e-02  -7.0254823e-05   1.1019848e-05  -4.7256872e-05
   1.2907674e-02   6.6951995e-02   3.3442561e-02  -1.4174408e-04   1.9361918e-04  -1.7370753e-04
   1.5375165e-03   1.0909075e-02   7.5867916e-02   1.3584808e-04   5.8554408e-04  -3.5183452e-04
   1.5393886e-02   6.2755788e-02   8.5056430e-02  -2.9396695e-04   4.5383675e-04  -3.2150191e-04
   1.9746658e-02   1.4065546e-02   8.9519841e-02  -1.0390679e-04   5.6370103e-04  -1.9305233e-04
   2.3336390e-02   2.6462815e-02   8.6793444e-02  -5.5485619e-04   4.5665769e-04  -2.8848654e-04
   3.0199611e-02   2.2954268e-02   5.4453993e-02  -1.8624107e-04   1.8055883e-04  -1.5644702e-04
   1.5565369e-02   6.5247849e-02   9.2421000e-02  -5.0008831e-04   3.7243206e-04  -5.9689184e-04
   2.3516909e-02   6.9227993e-02   7.4530493e-02   9.4397893e-07   3.0601051e-04  -2.0002340e-05
   2.5493469e-02   3.4770111e-02   8.2030065e-02  -7.2070988e-04   2.6910425e-04  -2.6508043e-04
   2.6714792e-02   3.6843530e-02   1.1054055e-01  -4.7621023e-04   4.4824440e-04  -1.9729147e-04
   2.6230440e-02   5.1416319e-02   1.1614842e-01  -2.5227488e-04   1.9958841e-04  -9.2388835e-05
   2.0569438e-02   2.2707891e-02   1.2745672e-01  -4.2492108e-04   1.4616670e-04  -3.2202135e-04
   2.8385663e-02   1.7307540e-02   9.5454667e-02   4.8882978e-04   4.9863374e-04  -3.9570956e-04
   4.9205220e-02   6.7655169e-02   8.8059227e-02  -1.1563886e-04  -4.0622679e-05  -1.9411559e-04
   4.6410025e-02  -2.5408891e-02   1.3589383e-01  -6.5003410e-04   3.4532828e-04  -2.1685825e-04
   5.2372592e-02   6.3429396e-02   1.3501032e-01  -7.9934341e-04   4.0618212e-04  -3.8574815e-04
   5.9125583e-02   1.8480365e-02   1.3701610e-01  -7.1590645e-04   5.0664976e-04  -1.4211097e-04
   4.5190391e-02   6.4234264e-02   1.3932606e-01  -8.8635356e-04   3.1403942e-04  -4.6343491e-04
   4.8800227e-02   3.8523159e-02   1.5704345e-01  -1.0901208e-03   4.8986265e-04  -3.0329954e-04
   5.4661967e-02   3.1398326e-02   1.5947363e-01  -5.7893745e-04   7.4998086e-04  -2.3920019e-04
   6.0085291e-02   5.3032607e-02   1.5530038e-01  -6.9587677e-04   4.3374054e-04  -1.1598212e-04
   5.1836403e-02   5.3628558e-02   1.6965525e-01  -1.0181177e-03   5.0470508e-04  -1.8135124e-04
   5.7291227e-02   2.9158247e-02   1.5687018e-01  -8.9319260e-04   5.4629695e-04  -7.7385481e-05
   4.9809013e-02   3.3308689e-02   1.5912152e-01  -6.7281148e-04   5.7297011e-04  -1.4120010e-04
   5.3735650e-02   5.1059395e-02   1.7605429e-01  -6.8912996e-04   8.0106041e-04  -2.4719809e-04
   5.9897035e-02   1.1942012e-02   1.7131721e-01  -6.2048899e-04   8.6777240e-04  -2.2791738e-04
   6.4936168e-02   7.1970441e-02   1.4451997e-01  -5.3106397e-04   7.1507200e-04  -1.6543468e-04
   3.9899210e-02   1.6303939e-02   1.6723227e-01  -1.1557181e-03   8.2557213e-04  -4.2016589e-04
   9.7781175e-03  -6.0871801e-03   1.9451996e-01  -1.2482223e-03   1.1696853e-03  -6.5988385e-04
   3.4797017e-02  -2.1471461e-02   1.7877860e-01  -1.2104539e-03   8.3554680e-04  -1.8622395e-04
   4.6262010e-02   1.3383601e-02   1.5043532e-01  -8.6103915e-04   7.3214301e-04   7.3017339e-05
   3.5907018e-02   6.6510427e-02   1.5304428e-01  -1.1314761e-03   7.4894856e-04  -1.5466702e-04
   3.4953374e-02   4.8696465e-02   1.6307347e-01  -9.8382079e-04   9.3000183e-04  -2.2942416e-04
   4.5925181e-02   4.6011759e-02   1.6005137e-01  -3.0438716e-04   8.8614041e-04  -9.5330288e-05
   4.2230460e-02   7.3276685e-02   1.6049831e-01  -4.5680352e-04   9.6515092e-04  -5.7209927e-05
   3.5667099e-02   2.7923591e-02   1.7386967e-01  -8.1651199e-04   1.0688607e-03  -2.4415093e-04
   3.3355824e-02   5.3571209e-02   1.5602614e-01  -5.7896821e-04   1.1955163e-03  -7.5856794e-05
   3.3432621e-02   6.6528937e-02   1.4636274e-01  -5.4408433e-04   9.7320942e-04  -1.1378722e-04
   2.9371931e-02   6.7951679e-02   1.4562839e-01  -3.2127115e-04   1.1491826e-03  -9.9802883e-05
   3.9052557e-02  -1.7660982e-02   5.1530203e-03   3.6809574e-04   6.4253063e-04   3.0197211e-04
   3.2436370e-02   8.3493045e-02   2.0489198e-01  -1.2400653e-03   1.1577968e-03  -2.3146955e-04
   1.9948480e-02   1.7008459e-02   2.2846658e-01  -1.3991261e-03   1.5057410e-03  -1.6490665e-04
   2.2010749e-02   3.2429553e-02   2.2277132e-01  -9.9706291e-04   1.8050316e-03  -3.3917526e-04
   2.7259879e-02   3.1884119e-02   2.2711236e-01  -1.0816548e-03   1.7593438e-03  -2.7836113e-04
   4.3854588e-02   4.0688576e-02   1.9857687e-01  -9.6494687e-04   1.6662887e-03  -8.0235735e-05
   3.3370497e-02   6.8099711e-02   2.0797652e-01  -1.0288803e-03   1.8685109e-03  -8.6406455e-05
   3.7244384e-02   6.2107446e-02   1.8756472e-01  -5.9760631e-04   1.8415361e-03   9.4240686e-07
   3.4251960e-02   1.0716269e-01   2.0833658e-01  -7.6569987e-04   1.7007333e-03  -5.5719010e-05
   1.5239077e-02   3.5367164e-02   2.1260721e-01  -6.6237240e-04   1.9416970e-03  -3.0988582e-04
   1.7386293e-02   2.6265357e-02   2.0232773e-01  -3.8669212e-04   2.1003232e-03  -2.5730992e-04
   1.4137791e-02   6.5540640e-02   1.9862671e-01  -2.1026440e-04   2.1403219e-03  -3.3919517e-04
   1.5246943e-03   1.0785325e-01   2.2683330e-01  -6.8128801e-04   2.2898248e-03  -5.1682959e-04
   1.3363345e-02   4.0328429e-04   2.6262956e-01  -5.5453925e-04   2.2620595e-03  -3.1455870e-04
  -2.9272280e-03   4.3158858e-02   2.6288423e-01  -9.7089005e-04   2.1171340e-03  -5.0988705e-04
  -2.2775386e-02   1.0975102e-02   2.7218820e-01  -9.5054191e-04   2.4781942e-03  -8.1191869e-04
  -2.7652999e-02  -3.1800755e-03   2.5524089e-01  -1.0575477e-03   2.3583565e-03  -6.8170999e-04
  -5.6924177e-03  -9.7174867e-03   2.0570131e-01  -7.2261428e-04   2.4090864e-03  -3.6033347e-04
  -1.0770850e-02   8.4988031e-02   1.9990844e-01  -1.0038872e-03   2.4134350e-03  -3.8286207e-04
   8.0886564e-03   6.6532776e-02   2.0059142e-01  -8.7396093e-04   2.4859593e-03  -1.5063584e-04
  -1.6406399e-03   4.9863727e-02   2.1110980e-01  -6.9765368e-04   2.5934851e-03  -2.6608375e-04
  -7.8401796e-04   5.9138936e-02   2.3375197e-01  -6.0428866e-04   2.6769120e-03  -2.7242121e-04
  -1.1853609e-02   9.1513349e-02   2.2911023e-01  -5.9574934e-04   2.5604154e-03  -4.0431441e-04
  -1.1031448e-02   3.9889200e-02   2.5072429e-01  -5.2659257e-04   2.8673386e-03  -4.1256528e-04
  -1.1266747e-02   3.4900076e-03   2.5185384e-01  -3.7714889e-04   2.7407158e-03  -4.9751368e-04
  -3.3646708e-02   4.7835664e-02   2.4882605e-01  -5.2849962e-04   2.8451750e-03  -7.5121927e-04
  -3.4040681e-02   4.5908290e-02   2.5587910e-01  -7.5892759e-04   3.0688537e-03  -9.9419954e-04
  -3.8550323e-02  -5.6511825e-03   2.5208867e-01  -6.4610277e-04   3.3101638e-03  -9.7812606e-04
  -2.8903639e-02   3.8448343e-02   2.3995512e-01  -8.6371779e-04   3.0565537e-03  -1.0384627e-03
  -3.5909238e-02   7.6620599e-03   2.5273470e-01  -7.7618674e-04   3.1921012e-03  -8.4554635e-04
  -3.2880464e-02   3.9706546e-02   2.5920448e-01  -9.5059030e-04   3.2535044e-03  -7.9755814e-04
  -2.9331220e-02  -5.0574508e-03   2.5709319e-01  -9.7382581e-04   3.2458009e-03  -6.2616932e-04
  -2.8580850e-02   2.2564099e-02   2.4706873e-01  -9.2655902e-04   3.2186219e-03  -7.7433593e-04
  -2.7904984e-02   3.0831867e-02   2.5454320e-01  -6.6820692e-04   3.5224702e-03  -6.1494243e-04
  -3.4222101e-02   4.3268359e-02   2.6071270e-01  -5.6103083e-04   3.3032790e-03  -8.7305703e-04
  -2.6950873e-02   5.0825643e-02   2.6863929e-01  -8.4147131e-04   3.5324384e-03  -8.4715264e-04
  -3.0689481e-02  -2.0064482e-02   2.5719290e-01  -4.7622837e-04   3.4121085e-03  -8.0824962e-04
  -3.1716548e-02   4.8386489e-02   2.4261425e-01  -7.4452879e-04   3.4115180e-03  -9.2041744e-04
  -2.9673370e-02   7.1595162e-02   2.8181438e-01  -7.1930710e-04   3.6651247e-03  -1.0052633e-03
  -3.0571212e-02   1.0060242e-02   2.6443606e-01  -8.8843725e-04   3.4117498e-03  -7.5742997e-04
  -2.6650292e-02   3.7624689e-02   2.6100144e-01  -1.3034019e-03   3.4086241e-03  -9.4104022e-04
  -2.7895101e-02   5.1024983e-02   2.6095044e-01  -1.3370649e-03   3.6602258e-03  -9.4044591e-04
  -3.0946773e-02  -6.1282053e-02   2.4293590e-01   1.6642788e-04   3.8574439e-03  -5.5927603e-04
  -2.0359092e-02   5.1529046e-02   3.3754724e-01  -1.6911518e-03   4.2187970e-03  -9.2397132e-04
  -2.4127012e-02  -4.5330926e-02   3.1846134e-01  -1.7327382e-03   4.0245382e-03  -8.8021351e-04
  -4.2409506e-02  -2.6907886e-02   3.2198794e-01  -1.6498040e-03   4.0724722e-03  -1.0930801e-03
  -3.7301007e-02   4.6262351e-02   3.2376916e-01  -1.1822603e-03   4.2637148e-03  -1.2379155e-03
  -2.9119021e-02  -4.4886341e-02   3.1124169e-01  -1.0121682e-03   3.8534021e-03  -9.5621791e-04
  -2.5896531e-02  -2.2953561e-02   3.0535353e-01  -1.6391314e-03   3.8613352e-03  -1.0901069e-03
  -1.4802886e-02  -8.5539723e-03   2.9072721e-01  -1.4887269e-03   3.8351583e-03  -8.6218466e-04
  -2.2956842e-02   1.3816535e-02   3.0847486e-01  -1.1916091e-03   3.9232009e-03  -9.6981632e-04
  -2.0456632e-02   2.0958757e-02   3.3172897e-01  -1.0881988e-03   4.2818095e-03  -9.8076248e-04
  -1.9708937e-02  -9.1374025e-03   3.3291189e-01  -9.7733321e-04   4.0741527e-03  -1.0650684e-03
  -2.9832860e-02   4.4057782e-03   3.3466855e-01  -1.2464542e-03   4.1648898e-03  -1.1861141e-03
  -4.3365574e-03  -1.1313888e-02   4.0218359e-01  -1.5640725e-03   4.0869383e-03  -1.0636448e-03
  -3.3090209e-03  -5.8384302e-02   3.6734368e-01  -1.3941003e-03   4.2189554e-03  -9.4839035e-04
  -1.4845443e-02  -3.7039127e-02   3.3257243e-01  -1.3884696e-03   3.9475772e-03  -8.6581599e-04
  -2.8489874e-02  -3.8746981e-03   3.5365017e-01  -1.5263113e-03   4.1376857e-03  -8.7085548e-04
  -4.1192225e-02  -2.3933433e-02   3.5667734e-01  -1.6633043e-03   4.4333380e-03  -1.0718104e-03
  -4.2948359e-02  -5.7403858e-02   3.3259696e-01  -1.3075064e-03   4.4702610e-03  -1.1375440e-03
  -2.9768421e-02   4.8715632e-02   3.3650412e-01  -1.5747448e-03   4.2150654e-03  -9.8259726e-04
  -4.3917820e-02  -5.0892630e-02   3.4095573e-01  -1.6437582e-03   4.3292375e-03  -1.0593614e-03
  -5.0988855e-02  -1.1670739e-02   3.2762257e-01  -1.4547716e-03   4.4348438e-03  -1.0941732e-03
  -3.1108794e-02   2.9097074e-02   3.2170411e-01  -1.2241311e-03   4.3912505e-03  -8.7816296e-04
   7.8248645e-03  -4.6195405e-03   3.6368982e-01  -1.3936107e-03   4.1650179e-03  -8.3380228e-04
  -2.2552130e-02  -2.8632951e-02   3.3373553e-01  -1.1503016e-03   4.3407443e-03  -9.3748484e-04
  -2.9315567e-02   6.2878005e-02   3.9470405e-01  -1.7946540e-03   4.7532731e-03  -1.0457896e-03
  -2.2293696e-02  -1.9067286e-01   1.5346937e-01   1.9345471e-04   4.7789965e-03  -4.1712411e-04
  -8.2066860e-03   8.9676469e-02   3.0266363e-01  -1.2317770e-03   4.7340438e-03  -9.4874822e-04
  -2.8102537e-02   4.5320596e-02   3.6529554e-01  -1.5607956e-03   5.3843615e-03  -1.2533863e-03
  -3.1469011e-02  -2.4001801e-02   3.2497280e-01  -1.1427553e-03   5.2026966e-03  -1.1532537e-03
  -2.6352719e-02   2.7241865e-02   3.1810391e-01  -8.8428073e-04   5.1830826e-03  -1.1647558e-03
  -2.8104690e-02   1.3797214e-02   3.5092520e-01  -1.1659965e-03   5.2871457e-03  -1.3695519e-03
  -2.8015455e-02  -2.1125313e-02   3.4658565e-01  -9.7969336e-04   5.4832619e-03  -1.3098948e-03
  -3.1950105e-02  -1.0526255e-02   3.2301392e-01  -9.4818158e-04   5.4267461e-03  -1.3488692e-03
  -3.6668277e-02   1.3223688e-02   3.2556440e-01  -9.9449487e-04   5.5184842e-03  -1.3943513e-03
  -3.1194074e-02   8.7345093e-03   3.2535379e-01  -6.9484831e-04   5.6604933e-03  -1.3685425e-03
  -3.3082904e-02  -8.2033009e-03   3.5962793e-01  -9.0292672e-04   5.6978995e-03  -1.2863295e-03
  -1.0741912e-02   3.9802472e-02   3.5313424e-01  -2.1563334e-04   5.2023334e-03  -1.0735208e-03
   1.8888360e-02   3.2538182e-02   3.7417374e-01  -8.6022296e-04   5.1343644e-03  -8.8856805e-04
  -2.5775960e-02  -9.2745882e-03   4.5002003e-01  -8.3148944e-04   6.6361943e-03  -1.2168796e-03
   5.4804242e-02  -2.3066864e-02   5.2392712e-01  -1.5934866e-03   6.9068392e-03  -7.9199557e-04
   5.4429978e-02  -6.4058454e-02   4.7049002e-01  -1.3144303e-03   6.4767566e-03  -7.1787710e-04
   4.7508856e-02   4.0843247e-02   4.4600445e-01  -1.4723956e-03   6.1506789e-03  -6.7647325e-04
   6.9995902e-02  -2.8706240e-03   4.3049489e-01  -1.4559562e-03   5.7997053e-03  -6.3265507e-04
   9.0027677e-02  -6.3297081e-02   4.0805711e-01  -1.1721892e-03   5.7053331e-03  -3.0333596e-04
   9.6900939e-02  -4.9024527e-03   4.1230317e-01  -1.0707931e-03   5.5537466e-03  -2.0852723e-04
   9.1480173e-02   3.6095728e-02   4.3483305e-01  -1.2584291e-03   5.6257746e-03  -2.1814867e-04
   8.4770811e-02  -2.0014149e-02   4.3778168e-01  -1.1446453e-03   5.8614950e-03  -3.1666986e-04
   9.7394673e-02  -3.9754029e-02   4.1498303e-01  -9.1928246e-04   5.7752579e-03  -1.8419960e-04
   1.0314656e-01   7.9003477e-02   4.0301249e-01  -1.1859370e-03   5.6659888e-03  -2.6240920e-04
   8.2487021e-02  -4.0108510e-02   4.2493301e-01  -2.2260156e-04   5.8068696e-03  -2.5060223e-04
   9.8832699e-02   5.1116430e-03   4.2012292e-01  -1.2501410e-03   5.6958943e-03  -2.8944224e-04
   1.1874780e-01   6.2825248e-03   4.1151384e-01  -1.3166391e-03   5.2949501e-03  -2.0517274e-04
   1.2226006e-01  -6.5052025e-02   3.2791967e-01  -6.2860572e-04   5.4739460e-03   1.6867629e-04
   1.2331291e-01   4.3967867e-02   3.8746432e-01  -1.3353099e-03   5.6682521e-03   2.5561533e-04
   1.0813218e-01  -6.7407019e-02   3.6820385e-01  -1.3770020e-03   5.4432598e-03  -1.0616114e-04
   9.2449370e-02  -1.1906888e-02   3.8448289e-01  -1.3790626e-03   5.7288355e-03  -3.2002296e-04
   7.4920406e-02  -2.1884129e-02   3.8379828e-01  -1.3422814e-03   6.1744214e-03  -6.5239208e-04
   8.8714038e-02  -1.9825529e-02   3.8583593e-01  -1.1751298e-03   6.1519696e-03  -4.9784875e-04
   8.0082153e-02  -2.3903536e-02   3.9159299e-01  -1.3010066e-03   6.0654554e-03  -5.4245914e-04
   8.1315235e-02   1.9613969e-03   3.8293184e-01  -1.0315014e-03   6.2076321e-03  -6.5161589e-04
   8.8148005e-02  -5.2487012e-03   3.9616225e-01  -7.5178136e-04   6.1997599e-03  -4.2014240e-04
   9.5056274e-02  -1.7640804e-02   3.8938725e-01  -1.1913403e-03   6.1413838e-03  -5.0077008e-04
   1.0906667e-01   2.5719141e-02   3.9232865e-01  -6.6907612e-04   6.0081786e-03  -2.2781173e-04
   1.0536377e-01  -2.1473484e-02   4.1835443e-01  -1.3928567e-03   6.3547304e-03  -2.6763692e-04
   1.0035982e-01  -5.1993729e-02   4.3119306e-01  -1.2273049e-03   6.2175084e-03  -3.2003756e-04
   9.6230958e-02  -3.7144246e-02   4.0695719e-01  -1.3522045e-03   6.3091034e-03  -3.6512737e-04
   9.5545177e-02  -5.5019683e-02   3.9997522e-01  -1.5871122e-03   6.3017235e-03  -2.9058676e-04
   9.4064254e-02   4.8437550e-03   3.9589467e-01  -1.5699362e-03   6.2449400e-03  -5.2186693e-04
   9.7570783e-02  -4.0233134e-02   4.1198820e-01  -1.4918300e-03   6.3864752e-03  -2.5232842e-04
   1.3100320e-01  -5.5193061e-02   3.6635004e-01  -4.3983735e-04   5.9610594e-03   2.5703062e-04
   1.0339140e-01  -1.9978838e-02   3.9337448e-01  -1.1895340e-03   6.2838728e-03  -1.6235641e-04
   1.0732715e-01   3.7154574e-03   4.1022787e-01  -1.2030403e-03   6.3694466e-03  -1.6305884e-04
   1.0559456e-01  -5.5631432e-02   4.2237567e-01  -1.2768549e-03   6.6092185e-03  -4.4985152e-05
   1.2809030e-01  -7.3708172e-02   4.1562871e-01  -9.0911528e-04   6.4853359e-03  -3.7507778e-05
   1.3000227e-01  -4.5171676e-02   4.5152702e-01  -1.3580251e-03   6.2481180e-03  -1.2363473e-04
   1.1407719e-01  -6.5101834e-02   4.6576290e-01  -1.7815439e-03   6.3835234e-03  -1.8036402e-04
   6.5850783e-02  -9.6060992e-02   3.5803117e-01  -1.4357791e-03   6.3345652e-03  -7.9334607e-04
   8.7358024e-02  -4.5166451e-02   3.6974960e-01  -1.5656282e-03   6.2229778e-03  -3.8489192e-04
   1.0864019e-01  -2.4396199e-02   3.8046354e-01  -1.2790406e-03   6.4140929e-03  -2.8134022e-04
   1.2252929e-01  -2.2190469e-02   3.9205500e-01  -1.0525096e-03   6.4902226e-03  -6.5757623e-06
   1.1980634e-01   3.2113188e-03   3.7538230e-01  -8.7453153e-04   6.5386741e-03  -2.8728165e-05
   1.2495268e-01   7.6671509e-03   3.5159838e-01  -8.0011588e-04   6.4631329e-03   3.4404318e-05
   1.1727544e-01  -3.8156330e-03   3.7234515e-01  -1.0189439e-03   6.4613978e-03  -1.0484406e-05
   1.2482321e-01   1.0311535e-02   3.7189706e-01  -7.9015171e-04   6.7721960e-03   1.3329355e-04
   1.1023305e-01  -3.2992125e-02   3.6736031e-01  -5.1628157e-04   6.7305067e-03  -5.3412888e-05
   1.1403942e-01   2.4974120e-02   3.5005468e-01  -4.3057567e-04   6.6645108e-03   8.4299748e-05
   1.3531160e-01   3.2188731e-02   3.4551277e-01  -7.4555479e-04   6.6026727e-03  -6.1301749e-05
   1.2915513e-01  -1.1752749e-01   2.7109477e-01   1.6735096e-04   6.7569490e-03   4.3936493e-04
   1.2252133e-01   8.5338679e-02   3.1305198e-01  -5.4740526e-04   6.2560995e-03  -2.0892150e-05
   1.1866349e-01   3.8551686e-02   2.8227122e-01  -3.2508268e-04   6.4058540e-03  -6.6791924e-05
   1.1367448e-01   5.6293258e-02   2.7740115e-01  -5.6494573e-04   6.3484246e-03  -2.6400246e-04
   1.0580886e-01   2.4065137e-02   3.2566840e-01  -6.9135088e-04   6.7271344e-03  -4.0013783e-04
   1.1740672e-01   1.8450727e-02   3.1640262e-01  -4.4930254e-04   6.5519753e-03  -2.6836930e-04
   1.2523715e-01   1.1310795e-02   2.9395238e-01  -2.3751166e-04   6.6736536e-03  -1.6883340e-04
   1.1902217e-01   7.6495143e-02   2.6585228e-01  -2.0125130e-04   6.6592969e-03  -2.8557150e-04
   1.3351282e-01   6.8699691e-02   2.8543299e-01  -2.1391998e-04   6.6053671e-03  -2.4005441e-04
   1.4061322e-01   6.3012654e-02   2.5500951e-01   5.1640428e-04   6.5296206e-03   7.1098420e-05
   1.6185432e-01   8.3262424e-02   2.6005286e-01   5.4989408e-04   6.2236125e-03   3.3818060e-04
   1.5975418e-01   4.2063622e-02   2.5452270e-01  -1.8420967e-05   6.6351580e-03   1.5760146e-04
   1.5066383e-01   7.3711677e-02   2.7222345e-01   7.4748886e-05   6.4807090e-03  -5.4216191e-05
   1.5011884e-01   5.4924502e-02   2.4320056e-01   1.1036489e-03   6.2975730e-03   1.6311593e-04
   1.3149881e-01   5.9115753e-02   2.7520645e-01  -2.0333540e-05   6.5598587e-03  -4.1197210e-04
   1.2093064e-01   1.7584460e-02   2.7305646e-01  -2.7242448e-04   6.5194635e-03  -5.8447446e-04
   1.4292554e-01   4.4564332e-02   2.4350771e-01  -5.2516404e-04   6.5449870e-03  -3.1860219e-04
   1.3393613e-01  -3.3494496e-03   2.3172358e-01  -4.9787855e-04   6.8899134e-03  -3.7986058e-04
   1.2908264e-01   4.1790201e-02   2.1682320e-01  -1.0622612e-04   6.7555235e-03  -3.3681388e-04
   1.0806245e-01   4.3013686e-02   2.2224701e-01  -2.9535795e-04   6.8577868e-03  -4.7684638e-04
   1.0894282e-01   3.4466301e-02   2.3156549e-01   9.8668035e-05   6.6839910e-03  -3.0064861e-04
   1.0786535e-01   2.7139701e-02   2.3597517e-01  -1.0585523e-04   6.9230047e-03  -3.2579874e-04
   1.1177427e-01   6.4114162e-02   2.3208917e-01  -2.9737118e-04   6.7307333e-03  -3.1834972e-04
   1.1925919e-01   6.4162833e-02   2.3533245e-01  -1.8247563e-04   6.5918180e-03  -1.9329296e-04
   1.0703846e-01   5.3419859e-02   2.4834254e-01  -3.5907965e-04   6.8619664e-03  -1.7905554e-04
   1.0140439e-01   3.2850587e-02   2.1462991e-01  -3.4585621e-04   6.7503796e-03  -1.7321751e-04
   1.0076744e-01   9.8953977e-02   1.9611345e-01  -4.8735865e-04   6.6294835e-03  -2.2017194e-04
   9.4627025e-02   6.2852424e-03   2.4342104e-01  -5.7623806e-04   6.7700945e-03   2.5056763e-04
   8.0565330e-02   1.0046719e-01   2.4588305e-01  -7.5908008e-04   6.3376428e-03  -1.1328647e-04
   9.4526785e-02   6.6708325e-02   2.5772712e-01  -1.0451980e-03   6.9053680e-03  -3.4775066e-04
   1.0023792e-01   1.4568574e-02   2.8474335e-01  -8.9270738e-04   7.2818976e-03  -7.8800537e-05
   9.6001454e-02   1.1094026e-03   2.5258472e-01  -7.0821665e-04   6.8689974e-03  -1.7781652e-04
   8.3605045e-02   6.5342387e-02   2.4296913e-01  -6.9274703e-04   7.0086732e-03  -2.4344755e-04
   9.3948461e-02   1.0564660e-01   2.3787578e-01  -1.6326020e-05   6.8944697e-03  -4.1980019e-05
   7.4295213e-02  -1.8672782e-03   2.7630341e-01  -4.4771846e-04   7.1110957e-03  -3.7149894e-04
   1.0187884e-01   1.2336676e-01   2.3922885e-01  -1.0590093e-03   6.7580042e-03  -3.1218271e-04
   1.0668330e-01  -7.8031020e-03   2.7600510e-01  -7.8551812e-04   6.8173615e-03  -1.7294545e-04
   1.1643323e-01  -1.9188546e-02   2.7165179e-01  -6.6974113e-04   6.4991003e-03  -2.2720895e-04
   1.2966418e-01   6.6816829e-02   2.7895442e-01  -1.8403740e-04   6.5226233e-03   2.9181790e-05
