   0.0000000e+00   0.0000000e+00   0.0000000e+00   0.0000000e+00   0.0000000e+00   0.0000000e+00
   1.1192962e-02  -4.4221795e-03  -1.6027408e-01   2.6684595e-04  -3.5710385e-04   3.9488513e-04
  -7.0058711e-03   1.8122720e-01  -2.1177481e-01   1.7105983e-03  -6.7779936e-04  -2.5139178e-05
  -5.5102668e-02   1.9808537e-01  -6.8552814e-02  -3.2264172e-04  -6.7631123e-04  -7.5555771e-04
   6.7984337e-03   1.5859338e-02   1.5510804e-01  -1.2192701e-03  -1.1307531e-03   3.4777587e-04
   2.0525383e-01  -3.8003436e-01  -1.3392050e+00   1.4045172e-02   5.4598343e-04   9.7291260e-05
   1.6119408e-01  -4.5745164e-01  -2.0787930e+00   3.1563594e-02   2.9915624e-03  -3.6784901e-03
   1.3265855e-01   1.4551017e-01  -3.3101712e-01   3.1682869e-03   2.2060626e-04   1.4078338e-03
   1.7058558e-01  -3.6665083e-01  -4.9038532e-01   2.6711069e-03  -1.1710468e-04   2.7614355e-03
   1.1253991e-01  -2.5827716e-01  -6.7652737e-01   4.2500300e-03  -1.2672111e-03   2.1749625e-03
   6.7522431e-02  -1.0291667e-01  -3.1385203e-01   7.5492908e-04  -1.1725646e-03   1.6904343e-03
   6.8097606e-02   9.5700739e-02  -1.5347734e-01  -7.3640763e-04   6.5279147e-04   1.2012983e-03
   6.7612157e-02   4.3587024e-02  -8.5852479e-02  -1.1285271e-03   7.2918098e-04   1.2168114e-03
   6.6789502e-02   3.6470773e-02   1.4463400e-02  -1.9804370e-03   6.5999966e-04   1.2568314e-03
   7.7196513e-02   4.8074157e-02  -5.0859865e-02  -8.8424782e-04   7.3456906e-04   1.6438844e-03
  -1.6790728e-01   1.5594850e-01  -7.8770536e-01   8.5815529e-03   4.3346070e-04  -1.1668798e-03
  -8.7376117e-02  -1.3655952e-01  -7.5363398e-01   9.4307822e-04  -7.3397288e-04  -8.1265505e-04
   3.9291511e-03   1.8779477e-01  -5.9148925e-01  -5.7624997e-04   1.0130095e-03   8.5738896e-04
  -1.1476779e-02   3.4763929e-01  -5.8977158e-01   2.7686782e-04   2.2397989e-03   4.2193004e-04
   3.0934223e-02   9.0416282e-02  -2.8123079e-01  -1.5054235e-03   2.0008486e-03   1.2110449e-03
   5.4707493e-02   2.0914256e-01  -8.4241498e-02  -1.7337212e-03   1.6636418e-03   1.3315066e-03
   4.9250055e-02   2.5367164e-01  -3.1021602e-02  -2.0339850e-03   2.3882448e-03   9.0052514e-04
   5.9266214e-02   2.3250161e-01  -1.7227116e-01  -1.6537522e-03   3.0742386e-03   1.0804152e-03
   8.4673872e-02   1.1589130e-02  -6.9025113e-02  -2.5838732e-03   2.9311612e-03   1.5087049e-03
   8.7059199e-02   1.6337501e-01  -5.2734978e-03  -3.0471526e-03   2.1599163e-03   1.6057005e-03
   9.1378805e-02   1.2834116e-01   1.0567135e-01  -3.6500457e-03   2.3068457e-03   1.5057146e-03
   9.5426327e-02   9.9348348e-02   2.3903335e-01  -4.0185489e-03   2.1989434e-03   1.5905755e-03
   7.8575072e-02   1.0361689e-01   6.6883432e-02  -3.8640016e-03   3.1378400e-03   1.3097208e-03
   6.2564559e-02   6.8799354e-02   3.9796549e-01  -3.5253271e-03   3.2709392e-03   1.2193739e-03
   2.0043848e-02  -9.1445401e-02   3.9725360e-01  -1.0029791e-02   4.0825517e-03  -4.5170033e-04
  -1.2705754e-01  -7.9894567e-02  -1.7076253e-01  -5.0772342e-03   3.7700380e-03  -3.2664194e-03
  -2.9048247e-02   1.0072547e-01  -1.9556318e-01  -5.7709037e-04   2.5214845e-03  -1.5958179e-03
   1.7163147e-01  -1.7749349e-01  -1.4220134e+00   1.2432264e-02   4.3721876e-03  -4.7093900e-04
   1.7467239e-01  -6.5510035e-01  -1.8527475e+00   2.3708486e-02   2.8229938e-03  -1.3119240e-03
   9.6952413e-02  -2.1045514e-02  -7.8863285e-01   5.1094979e-03   1.1694019e-03   1.3647018e-03
   6.9625009e-02  -1.0789622e-01  -5.7965366e-01   2.9773000e-03   1.7682972e-03   3.1322859e-04
   9.3415762e-02   6.2695578e-02  -3.0503634e-01   2.7331313e-03   1.2533833e-03   4.5937605e-04
   9.4751072e-02   5.2679802e-02  -6.6651140e-02   2.6917743e-03   1.2979083e-03   5.4236112e-04
   1.3285531e-01  -8.0124205e-02  -9.7335432e-02   3.0960222e-03   4.2231360e-06   1.3652648e-03
   1.6449374e-01   6.2073671e-02  -1.0181671e-01   4.4532276e-03  -1.2308080e-03   2.2175048e-03
   1.7561324e-01  -5.9023930e-02  -1.3590129e-01   3.3953091e-03  -2.0810014e-03   1.3340324e-03
   1.7672029e-01   1.0438640e-01  -6.1602212e-02   3.1332345e-03  -1.5091633e-03   1.6111972e-03
   1.4310999e-01  -6.3747810e-02   1.0585298e-01   1.1950340e-03  -1.5776917e-03   9.2344461e-04
   1.6061886e-01   1.4959894e-01   1.5343354e-01   1.8923925e-03  -1.1018138e-03   1.1110825e-03
   1.5239165e-01   8.0639939e-02   4.7280910e-01   2.3672601e-05  -1.4684437e-03   1.0963581e-03
   1.7080623e-01   8.9471915e-02   6.7951802e-01  -1.3723728e-03  -1.4333246e-03   1.6249079e-03
   1.7942260e-01   1.1022438e-01   7.4207097e-01  -1.2180611e-03  -1.3396828e-03   1.9536934e-03
   1.9069405e-01   1.4437585e-01   6.4097572e-01  -7.3173155e-04  -1.3076034e-03   2.2012925e-03
   1.7469912e-01   2.1707483e-02   6.1380380e-01  -9.0420712e-04  -1.4699944e-03   1.9123413e-03
   1.7274703e-01   1.2293959e-01   5.7835178e-01  -1.0185263e-03  -1.3995415e-03   1.6451806e-03
   1.7027795e-01   1.1961232e-01   5.8649981e-01  -7.0097346e-04  -1.3116373e-03   1.9540705e-03
   1.8688124e-01  -4.4327044e-04   6.5859692e-01  -6.8577484e-04  -1.6213264e-03   1.8711283e-03
   2.0095171e-01   1.7442587e-01   6.3649264e-01   4.3560072e-05  -1.9884134e-03   2.1246536e-03
   2.1177417e-01  -2.6842016e-02   7.5361570e-01  -7.8954956e-04  -1.8119303e-03   2.1455058e-03
   2.1683639e-01   1.3903103e-01   7.1417496e-01  -1.1255250e-04  -1.9712859e-03   2.1889253e-03
   2.1377162e-01   6.3422441e-02   7.4495462e-01  -5.2418619e-04  -1.6365769e-03   2.5491441e-03
   2.0904416e-01  -1.0344927e-02   8.1951784e-01   6.5368947e-05  -2.0116565e-03   2.2901295e-03
   2.3528960e-01   1.4589448e-01   8.9620453e-01  -3.6715651e-04  -2.3544439e-03   2.7760055e-03
   2.2976169e-01   1.3363088e-02   1.0698801e+00  -1.6780830e-03  -2.1249808e-03   2.6852480e-03
   2.3474712e-01   9.0827543e-02   9.3622894e-01  -1.2321108e-03  -2.3539739e-03   2.7106115e-03
   2.2965616e-01   4.8717942e-02   8.9744578e-01  -7.0393449e-04  -2.2667804e-03   2.6167051e-03
   2.2591579e-01   6.8543162e-02   8.8187108e-01  -3.1924365e-04  -2.1782637e-03   2.6413067e-03
   2.3012821e-01   8.8204877e-02   8.9792596e-01  -4.1911488e-04  -2.2790956e-03   2.8157964e-03
   2.2681794e-01  -8.5028077e-04   9.4205696e-01  -3.8457843e-04  -2.3901809e-03   2.8533417e-03
   2.3372728e-01   5.1065983e-02   9.1540603e-01  -4.8726053e-04  -2.0908239e-03   2.7710930e-03
   2.2493256e-01   4.2862878e-02   9.4449204e-01  -4.9609033e-04  -2.4615218e-03   2.7468065e-03
   2.4917946e-01  -1.5733759e-02   9.9184930e-01  -4.1283510e-04  -2.5388222e-03   2.9913034e-03
   2.4744974e-01   9.9630284e-02   9.3862678e-01   6.7119294e-04  -2.6574791e-03   3.1571590e-03
   2.3958973e-01  -2.6408826e-02   8.9282407e-01   6.1286980e-05  -2.4399256e-03   2.8857595e-03
   2.0865760e-01  -5.0153977e-03   8.6097231e-01   3.9905752e-04  -2.2320368e-03   2.6343818e-03
   1.8699232e-01   1.0090618e-01   8.2873826e-01   4.4800102e-05  -1.5163743e-03   2.2949894e-03
   1.9023341e-01   4.3800259e-02   9.1841373e-01  -2.2622599e-04  -1.8054758e-03   2.3705614e-03
   1.9918664e-01   4.7753901e-02   9.2865890e-01   1.5126173e-04  -1.6741223e-03   2.5458957e-03
   1.9156512e-01   1.1536315e-01   9.0340533e-01   2.6627989e-04  -1.8769905e-03   2.5163957e-03
   1.9595743e-01   8.9761324e-02   8.9041963e-01   8.9771928e-04  -1.6785429e-03   2.6322226e-03
   2.0277021e-01   2.0458768e-02   9.4175972e-01   4.0695230e-04  -1.8112520e-03   2.3843990e-03
   2.0060581e-01   1.0309454e-01   1.0503810e+00  -1.8861578e-04  -2.1018124e-03   2.6115961e-03
   2.1271767e-01   2.5127790e-02   1.0506474e+00   3.8767112e-05  -1.9168100e-03   2.7143817e-03
   2.1586686e-01   3.5403175e-02   1.0467840e+00   4.5357068e-04  -2.0722581e-03   2.5520766e-03
   2.1018529e-01   8.7455979e-02   1.0994579e+00  -4.9658166e-04  -1.8678822e-03   2.5279233e-03
   2.3842909e-01   9.7221813e-03   1.2335562e+00  -1.1235221e-04  -2.6569495e-03   3.1723448e-03
   2.1732437e-01   6.7403937e-02   1.2387823e+00  -1.5649618e-03  -2.6490549e-03   2.6948612e-03
   1.9410895e-01   8.8861339e-02   1.1697955e+00  -1.3975326e-03  -1.8009379e-03   3.0679695e-03
   1.6317664e-01  -7.1055285e-02   1.0877881e+00  -1.3661585e-03  -1.4261933e-03   2.4652447e-03
   1.0111653e-01   1.2537210e-01   5.4447763e-01   2.5680687e-03   4.8935807e-04   1.6242726e-03
   1.4200922e-01   2.3910722e-02   5.6180381e-01   2.1713002e-03   1.6148649e-04   1.9548684e-03
   9.7896856e-02  -8.3905590e-02   1.2668572e-01   6.3231208e-03   6.8261936e-04   1.0287100e-03
   1.1462645e-01  -1.3339517e-01   5.9029990e-01   1.5337988e-03   3.0430795e-04   1.6199505e-03
   1.2596133e-01  -4.4960457e-02   6.8579569e-01   7.1711825e-04   2.8046735e-04   1.8000291e-03
   1.0666406e-01   1.2625571e-02   8.3935006e-01  -3.7818000e-06   1.3453732e-04   1.5695359e-03
   1.0888422e-01   4.5305187e-03   9.9376040e-01  -1.1206354e-03  -6.5530817e-04   1.6284472e-03
   1.1952330e-01  -1.5562193e-02   1.1230144e+00  -2.2502091e-03  -1.2271350e-03   1.7660620e-03
   1.1404276e-01  -1.0492779e-02   1.2089309e+00  -3.1442465e-03  -1.5136376e-03   1.7146185e-03
   1.1888303e-01  -4.4727318e-02   1.1759825e+00  -2.8547398e-03  -1.1651794e-03   1.6045188e-03
   1.4936249e-01  -3.8741651e-02   3.8453613e-01   2.8600558e-03  -1.7641181e-04   1.3606132e-03
   8.3326535e-03  -1.4723932e-01   5.0880122e-01   8.3756791e-04   1.6845054e-03  -2.2454769e-03
  -2.3950978e-01  -7.5469458e-02   1.2407520e+00  -8.4585087e-03   3.1506889e-03  -4.8012216e-03
  -1.5505817e-01  -4.8172007e-02   1.3927486e+00  -1.1223430e-02   3.3845833e-03  -3.4723469e-03
   6.7653400e-02   7.9904110e-03   1.2624506e+00  -1.2912029e-02   9.4240087e-04  -2.4747118e-03
   9.4781362e-02  -1.6802019e-02   9.9987839e-01  -8.6897595e-03   3.0337563e-04  -1.3413519e-03
   6.3849321e-02   8.5971908e-02   1.0141239e+00  -7.3083576e-03  -8.1862144e-05  -1.6398925e-03
   7.0463287e-02   2.0984548e-02   1.0731783e+00  -6.6749620e-03   1.0388135e-04  -1.3636704e-03
   7.1225827e-02   1.1640239e-02   1.1246452e+00  -6.4361688e-03   8.2153344e-05  -1.5444376e-03
   8.1411128e-02   8.7943460e-02   1.1639127e+00  -6.5755129e-03  -3.0174966e-04  -1.2694960e-03
   9.4711481e-02  -4.0954342e-02   1.2961953e+00  -6.5804818e-03  -7.5215615e-04  -9.0430749e-04
   1.0661513e-01  -1.9716399e-02   1.3037573e+00  -5.4863552e-03  -8.7852076e-04  -9.6313354e-04
   1.3381352e-01   3.7100872e-02   1.3870858e+00  -5.0522464e-03  -1.1193395e-03  -4.0211469e-04
   1.4430245e-01  -5.2568347e-02   1.6298524e+00  -6.1677857e-03  -2.0308973e-03  -2.7725027e-04
   1.3028399e-01   4.4378196e-02   1.3933071e+00  -5.8102962e-03  -7.2727759e-04  -6.0139120e-04
   8.8391911e-02  -4.9487859e-02   1.3161486e+00  -5.8339315e-03  -8.4997971e-04  -8.0677831e-04
   8.3622434e-02  -1.8358641e-02   1.3020166e+00  -5.1106357e-03  -3.6832271e-04  -1.2097858e-03
   1.0516039e-01   3.3066213e-02   1.3278530e+00  -5.3257340e-03  -8.8640656e-04  -6.5715504e-04
   1.4084169e-01  -6.4165979e-02   1.4576226e+00  -5.2121066e-03  -1.3619104e-03  -2.4522912e-04
   1.7707530e-01  -3.4728589e-02   1.4859430e+00  -4.5487454e-03  -1.5090696e-03  -1.6185820e-05
   1.7178929e-01  -4.4292507e-03   1.4748589e+00  -5.0499602e-03  -1.6177630e-03   2.1825236e-04
   1.7811324e-01  -9.5992788e-02   1.5586659e+00  -5.2846724e-03  -1.4822630e-03   1.8399771e-06
   2.3606230e-01   2.9957326e-02   1.6115183e+00  -5.9426095e-03  -2.0407379e-03   1.0289201e-03
   2.3774621e-01  -1.1865674e-01   1.4593299e+00  -5.5436943e-03  -1.7228669e-03   1.5842071e-03
   2.4444290e-01  -5.7061893e-02   1.4110607e+00  -4.7302825e-03  -1.8416386e-03   1.3520806e-03
   2.5456433e-01   7.7460494e-03   1.4993111e+00  -4.9895210e-03  -2.5501102e-03   1.5170885e-03
   2.7252018e-01  -4.4643374e-02   1.6910284e+00  -4.9865194e-03  -2.9491769e-03   1.7013382e-03
   2.9159470e-01  -6.1186329e-02   1.9860409e+00  -4.8697605e-03  -3.9238612e-03   1.8914483e-03
   2.8565485e-01   2.1720361e-02   1.9491308e+00  -4.1247258e-03  -3.7355160e-03   1.8257924e-03
   2.8941449e-01  -7.4259387e-03   2.0708277e+00  -4.1417688e-03  -3.6768247e-03   1.9606112e-03
   2.9360097e-01   2.1670386e-02   1.9524910e+00  -3.1441319e-03  -3.4974410e-03   2.0436027e-03
   2.9093870e-01   7.3006141e-02   1.9288185e+00  -2.7748680e-03  -3.8114793e-03   2.1816390e-03
   2.8574699e-01  -2.2154547e-02   1.8977692e+00  -2.0121661e-03  -3.2881974e-03   2.1928155e-03
   2.8161144e-01   6.1557346e-02   1.8213379e+00  -1.3681494e-03  -3.0697926e-03   1.7535222e-03
   2.9417067e-01  -2.5243838e-02   1.8781419e+00  -2.4042514e-03  -3.4902747e-03   2.0101963e-03
   2.2181293e-01   4.4030688e-02   1.6426187e+00  -4.0410356e-04  -2.9023568e-03   8.2103493e-04
   2.1639713e-01   1.1744315e-02   1.5812141e+00  -9.4608394e-05  -2.3689799e-03   5.3228201e-05
   2.0974660e-01  -9.5727014e-02   1.0327565e+00   1.9047344e-03  -1.5399439e-03  -6.2273094e-04
   2.1032214e-01   1.2938035e-01   1.4691869e+00  -2.1774494e-03  -3.2163949e-03  -1.3713744e-05
   1.9668024e-01   9.8825206e-02   1.5463683e+00  -2.1661357e-03  -2.8085710e-03  -3.8266203e-04
   1.6909849e-01  -7.3351552e-02   1.4426714e+00  -3.8019200e-03  -6.4211429e-03  -6.2869800e-04
  -8.9759041e-03  -8.8993674e-02   1.4316957e+00  -7.0120306e-03  -5.1128625e-03  -3.0966397e-03
   1.5269676e-01   4.6868888e-01   1.4071402e+00  -5.5248821e-03  -4.6896179e-03  -2.7180141e-05
   1.1633651e-01   1.4273797e-01   1.2243272e+00  -2.7683367e-03  -3.4209874e-03   1.0360030e-03
   1.5227341e-01   1.2967070e-01   1.5335937e+00  -3.2068360e-03  -3.9262689e-03   2.0119302e-03
   1.5128203e-01   9.0408393e-02   1.6367243e+00  -3.0556184e-03  -3.8556795e-03   2.0587136e-03
   1.5033548e-01   1.0234103e-01   1.6092440e+00  -3.2014189e-03  -3.7445093e-03   2.1896577e-03
   1.4846429e-01  -4.5546152e-04   1.5684365e+00  -2.8072809e-03  -3.8061313e-03   1.9710076e-03
   1.5004021e-01   1.4835048e-01   1.5560502e+00  -3.3287969e-03  -2.1828631e-03   2.1838256e-03
   1.7873902e-01   7.3706779e-02   1.4110803e+00  -2.7654192e-03  -2.7306505e-03   2.6319522e-03
   1.9412679e-01   1.9157456e-02   1.4789243e+00  -2.8131258e-03  -2.8576358e-03   2.5449912e-03
   1.8547961e-01   1.8579755e-01   1.4673519e+00  -2.6037194e-03  -2.4683481e-03   2.4101972e-03
   1.7849504e-01   1.0985453e-01   1.4663416e+00  -2.2312929e-03  -2.4454477e-03   2.4761891e-03
   1.8923311e-01   6.4079080e-02   1.5910306e+00  -2.4261427e-03  -2.8985584e-03   2.4543855e-03
   1.8351851e-01   1.5692467e-01   1.5815008e+00  -2.3311654e-03  -2.4663245e-03   2.3208639e-03
   1.7908892e-01   7.4861659e-02   1.6795589e+00  -2.4467978e-03  -2.6686477e-03   2.4608844e-03
   1.7160789e-01   5.4056747e-02   1.6639097e+00  -2.1955282e-03  -2.0127445e-03   2.3151451e-03
   1.6595402e-01   1.1671757e-01   1.6201547e+00  -2.4420669e-03  -2.2599248e-03   2.2338541e-03
   1.8016905e-01   8.5990613e-02   1.7587165e+00  -1.0696813e-03  -2.6003524e-03   2.5490919e-03
   1.6752561e-01   8.3607830e-02   1.7920096e+00  -1.9946080e-03  -2.6554980e-03   2.2472401e-03
   1.7877558e-01   6.7931861e-02   1.7884447e+00  -1.7539287e-03  -2.9902686e-03   2.5961800e-03
   1.8241452e-01   3.0117132e-02   1.7735988e+00  -1.3423125e-03  -2.4532937e-03   2.5244196e-03
   1.7950681e-01   1.0270082e-01   1.7780878e+00  -2.4336714e-03  -2.9538301e-03   2.7273510e-03
   1.7101997e-01   3.6140505e-03   1.8146023e+00  -2.0006882e-03  -2.8855590e-03   2.5689985e-03
   1.7245915e-01   4.7160904e-02   1.7977966e+00  -1.8207236e-03  -2.5651114e-03   2.4150016e-03
   1.6895094e-01   3.0466975e-02   1.8291957e+00  -3.0248103e-03  -2.9235561e-03   2.5415720e-03
   1.7159313e-01   4.8615902e-02   1.8521829e+00  -2.5620475e-03  -2.9932564e-03   2.6131084e-03
   1.7819805e-01  -2.0063076e-02   1.8778707e+00  -2.5652187e-03  -2.9757058e-03   2.6025671e-03
   1.6868194e-01   8.6432990e-02   1.8711175e+00  -2.5270833e-03  -2.5498814e-03   2.3790071e-03
   1.6934566e-01   1.7294763e-02   1.8764642e+00  -3.3249202e-03  -2.6981591e-03   2.7590409e-03
   1.6630324e-01  -1.0267317e-02   1.8062437e+00  -3.0706313e-03  -1.9832293e-03   2.3094948e-03
   1.8599713e-01   5.7166302e-02   1.8963523e+00  -3.6986664e-03  -2.2771073e-03   2.5489060e-03
   1.9287199e-01  -6.0598713e-03   2.0432243e+00  -3.7078217e-03  -2.6612470e-03   2.7137042e-03
   1.9649155e-01   3.5650387e-02   1.9864867e+00  -3.8802801e-03  -2.8506926e-03   2.7923088e-03
   1.8619830e-01   5.0844248e-03   1.9693035e+00  -3.9852742e-03  -2.9333514e-03   2.8456857e-03
   1.7869745e-01  -1.3270872e-02   1.9365167e+00  -3.2672825e-03  -2.8677409e-03   2.6070519e-03
   1.5906662e-01   4.9459940e-02   1.8041769e+00  -3.5387074e-03  -2.0750151e-03   2.5829621e-03
   1.7128863e-01  -3.1608006e-02   1.6225515e+00  -3.0171074e-03  -1.8333429e-03   2.7212272e-03
   1.7520599e-01   2.7475015e-02   1.7294365e+00  -3.0095116e-03  -2.3588608e-03   2.6299696e-03
   1.6964080e-01   9.2855461e-02   1.8005546e+00  -2.3261417e-03  -2.1908697e-03   2.5054801e-03
   1.6893701e-01   7.6851274e-02   1.8524305e+00  -3.0422548e-03  -2.4260014e-03   2.7644382e-03
   1.3275340e-01  -3.0482883e-02   7.1901528e-01   4.5958940e-03   5.8507415e-04   2.8983547e-03
   3.7770558e-02   2.2430886e-01   2.8805281e-02   9.2813784e-03   2.7064100e-03   2.0169156e-03
   9.1499924e-02   9.3544844e-02   1.8833711e-01   5.9159207e-03   1.9248604e-03   2.9392509e-03
   1.0337323e-01   1.9395314e-01   3.2028915e-01   6.7293070e-03   2.2648569e-03   2.6281919e-03
   9.2072653e-02   2.2563031e-01   3.0983581e-01   7.9199692e-03   2.4772545e-03   3.0064523e-03
   9.7179973e-02   1.3099468e-01   5.0224874e-01   6.8767071e-03   1.8821980e-03   2.4766180e-03
   1.0768509e-01   1.6943388e-01   6.1205158e-01   6.3514858e-03   1.6554322e-03   3.2312893e-03
   3.5041118e-02   6.5830868e-02   7.2757325e-01   5.8910112e-03   2.4340496e-03   1.0123155e-03
  -9.4164430e-02  -6.5604335e-02   1.0116838e+00   3.6389596e-03  -2.4548382e-03  -2.5171867e-03
  -9.4058729e-02   4.5636759e-02   1.1125824e+00   2.1367609e-03  -1.8295372e-03  -2.6756777e-03
  -9.6649246e-02   1.6544511e-01   1.2591828e+00  -3.8613808e-04  -7.5574778e-04  -1.0495878e-03
  -5.5029857e-02   1.2473238e-01   1.1825849e+00   1.1705376e-03  -5.4160636e-04   3.1264811e-04
  -4.3973004e-02   1.5462890e-01   1.2566570e+00   1.9694348e-03  -7.0839484e-04   7.5442989e-04
  -1.2728481e-01   1.7959271e-01   9.2220696e-01   3.5338552e-03   1.2646301e-03  -3.0687584e-04
  -1.2638113e-01   1.8853387e-01   9.5761226e-01   3.2604818e-03   1.3584683e-03  -5.4254832e-04
  -5.6338190e-02   1.6358437e-03   1.0201795e+00   2.8100725e-03   5.9072224e-04   6.7719895e-04
  -6.3406904e-02   1.9854939e-01   8.6918597e-01   4.6572680e-03   1.3618759e-03   2.8943049e-04
  -5.4272364e-02   3.4293713e-02   1.0348738e+00   2.8419043e-03   1.1673223e-03   8.3184462e-04
  -3.5141998e-02   1.7212965e-01   1.1086082e+00   2.6092759e-03   9.7561831e-04   1.0330366e-03
  -8.6863616e-02   2.2701009e-01   8.6376907e-01   2.8652917e-03   2.3655768e-03   1.2835383e-04
  -2.5895428e-02   6.9628900e-02   1.2064287e+00   5.2845086e-04   9.3653234e-04   1.1044203e-03
  -9.8062166e-02   2.5251986e-01   1.0516870e+00   2.4276252e-03   1.7860099e-03   5.3049713e-05
  -4.9674367e-02   4.5993601e-02   1.2267480e+00   1.3719328e-03   1.2244271e-03   3.7941265e-04
  -8.2139480e-02   2.5439310e-01   1.2145471e+00   2.7750502e-03   1.4947290e-03   1.6412041e-04
  -4.3926484e-02  -5.2640032e-03   1.3594146e+00   1.6385691e-03   1.1836444e-03   7.0130845e-04
  -5.4085043e-02   2.6353279e-01   1.3280711e+00   3.9853205e-03   1.7457343e-03   1.1347848e-03
  -3.4375331e-02  -7.6221330e-02   1.2559791e+00   3.4533367e-03   1.1926389e-03   9.3918890e-04
  -2.1606585e-02   7.8440971e-02   1.3409052e+00   3.1454689e-03   1.1305482e-03   9.4618800e-04
  -1.3764292e-02   1.1255243e-01   1.5537250e+00   2.1028367e-03   1.2336152e-03   1.1960003e-03
  -1.9469014e-02   1.3797416e-01   1.6588722e+00   7.2804465e-04   1.5064387e-03   1.2256016e-03
  -4.3208139e-02   1.0223270e-01   1.6315609e+00   1.0036758e-03   1.5014313e-03   1.2005977e-03
  -2.4620007e-02   1.3926563e-01   1.4288101e+00   1.7212876e-03   2.4762339e-03   1.5358136e-03
   1.5244954e-02  -2.2577051e-03   9.2465089e-01   4.7673210e-03   4.0006315e-03   1.2871456e-03
   8.6960054e-02   2.2770082e-02   7.9952889e-01   6.1502812e-03   3.3241295e-03   2.3216344e-03
   8.9143259e-02   1.8365433e-01   8.4282295e-01   6.1568325e-03   2.9119506e-03   2.3522536e-03
