   0.0000000e+00   0.0000000e+00   0.0000000e+00   0.0000000e+00   0.0000000e+00   0.0000000e+00
   3.1329919e-03  -2.6586478e-02   8.0822419e-03   5.5190089e-05  -4.8531523e-05   1.3072458e-04
  -3.8215289e-03   5.6811111e-02  -1.6246787e-02   1.0008932e-04   5.0684553e-05  -1.4869577e-04
   4.2695095e-03   1.1231444e-01  -2.6089365e-02   1.6956673e-04  -1.4298202e-04  -1.3996340e-04
  -2.5503250e-03   4.7828141e-02   2.5822912e-03   3.5005611e-04   1.7736686e-04  -1.4542433e-04
   3.9137151e-03   5.8253450e-02  -7.1505015e-03   4.5524685e-04   2.2087057e-04  -6.2607208e-05
   4.5184341e-03   6.9408722e-02   4.3043103e-03   6.7364837e-04   4.2455688e-04   2.0573684e-04
   5.4800544e-03   1.5506551e-02  -6.0744723e-03   6.7161596e-04   2.3086397e-04   1.7817724e-04
   1.5757196e-02   9.5204992e-02  -2.3829727e-02   5.5961517e-04   2.5104098e-04   2.7569303e-04
   1.9755891e-02   2.2543136e-02  -2.9792024e-03   6.9945461e-04   1.5203836e-04   4.4460634e-04
   2.7555210e-02  -1.7187593e-02  -2.2680758e-03   1.0193315e-03   4.3972118e-05   5.3050747e-04
   2.8317818e-02   8.1013170e-02  -1.5168679e-02   1.0913961e-03  -8.9568386e-06   4.8721533e-04
   3.0634311e-02   2.8836707e-02  -3.1120357e-03   1.0972535e-03  -1.4173970e-04   6.5979057e-04
   3.0311750e-02   2.0208360e-02   1.5946845e-02   9.9049411e-04  -5.3570020e-05   7.8700191e-04
   2.6130924e-02   1.0437707e-01  -2.8163306e-03   8.0441993e-04   5.3785570e-05   6.6314800e-04
   2.0688673e-02   3.3688550e-02   2.4587173e-02   6.6363597e-04   9.7829397e-05   6.6675901e-04
   1.8747105e-02   2.7622081e-02   4.1691179e-02   9.7396964e-04   6.5877638e-05   6.7868356e-04
   2.9145041e-02   1.4835356e-01   1.4327995e-02   7.4916344e-04  -1.0455913e-05   5.3518447e-04
   3.6771475e-02   2.6636149e-02   5.6897460e-02   6.5804544e-04  -2.6413352e-04   7.7599718e-04
   4.2586878e-02   6.6562412e-02   4.4799774e-02   5.5107109e-04  -1.4827028e-04   8.3501494e-04
   4.1290200e-02   1.1752646e-01   1.9395543e-02   3.2076448e-04  -7.3040389e-05   7.0688098e-04
   4.7280207e-02   4.9472169e-02   5.0168561e-02   2.9075085e-04  -2.9050716e-04   8.3927891e-04
   4.5397117e-02   1.9054310e-02   5.1370512e-02   3.0459578e-04  -8.9861985e-05   8.1665252e-04
   4.3816439e-02   1.1335695e-01   3.8010596e-02   2.8783298e-04  -1.3365453e-05   7.8825966e-04
   4.5186963e-02   2.7668910e-02   6.7957815e-02   4.8883417e-04  -2.2477830e-04   9.7682072e-04
   5.1994686e-02   7.2904637e-02   5.1049500e-02   3.1732541e-04  -3.7819501e-04   9.3129283e-04
   5.1578057e-02   1.1819132e-01   3.5567085e-02   3.4419521e-04  -3.1923833e-04   8.9598017e-04
   3.6963613e-02   7.6258250e-02   4.7980941e-02   1.5924675e-04  -3.6576614e-04   9.1981820e-04
   4.9972044e-02  -1.3522392e-02  -2.8616195e-02   1.2330129e-03  -7.8994320e-04   1.1018571e-03
   3.0651873e-02   6.6209902e-02   2.3743110e-02   3.3958583e-04  -7.9997080e-04   8.5542842e-04
   3.4211028e-02   4.5059440e-03   5.3588261e-02   2.6243048e-04  -6.7815165e-04   8.5567851e-04
   4.8678698e-02   1.2912764e-01   1.3204338e-02   2.4747141e-04  -7.2079098e-04   8.3313913e-04
   4.1704212e-02  -4.1366314e-03   5.8379177e-02   3.5628464e-04  -5.8712554e-04   8.9652470e-04
   3.7771351e-02   7.0462790e-02   2.3145213e-02   2.3185867e-04  -4.0595834e-04   8.5693424e-04
   3.2084520e-02   8.4196943e-02   2.0720411e-02   2.7270362e-04  -4.5192649e-04   8.4141811e-04
   3.1094192e-02   2.1727213e-02   4.0467552e-02   5.1703686e-04  -6.1319995e-04   8.1660242e-04
   3.1493239e-02   8.2083267e-02   1.9890965e-02   3.1169975e-04  -5.4475033e-04   7.1939069e-04
   3.4414613e-02   1.1674538e-01   2.8078420e-02   2.0285342e-04  -4.7369062e-04   8.9032707e-04
   3.9377778e-02  -5.8107946e-03   6.4593972e-02   3.3839681e-04  -5.3195663e-04   9.7314327e-04
   4.4399028e-02   1.2190879e-01   3.5993471e-02   3.3149078e-04  -3.9941375e-04   9.7709066e-04
   4.6135483e-02   8.4493225e-02   4.0834452e-02   3.2300166e-04  -5.3024331e-04   1.0489442e-03
   5.8122240e-02   6.8650753e-02   7.1374310e-02   2.4338158e-04  -7.8051450e-04   8.9148991e-04
   6.4908411e-02   1.2315797e-01   5.0892159e-02  -2.3703363e-04  -6.3533026e-04   1.0422278e-03
   5.1718368e-02   1.2620306e-01   5.5381657e-02  -3.5200243e-04  -6.2747477e-04   1.0304605e-03
   3.3443014e-02   5.0363594e-05   9.0383600e-02  -8.4363019e-06  -3.0594637e-04   1.0067116e-03
   4.4948551e-02   1.2769217e-01   6.3852102e-02  -3.7712077e-04  -2.9787365e-04   9.5177398e-04
   5.2503870e-02   9.0204972e-02   5.3409889e-02  -2.7022752e-05  -5.5361653e-04   1.1175815e-03
   5.7009018e-02   3.7470893e-02   5.9212122e-02   1.8730179e-04  -7.7020207e-04   1.0759987e-03
   6.5112068e-02   1.1134673e-01   3.4771117e-02  -7.0286625e-05  -5.7296749e-04   1.1255459e-03
   6.2438275e-02   1.0590509e-01   2.2708481e-02   1.4963860e-04  -5.6143505e-04   1.2144791e-03
   6.2893572e-02   5.5119649e-02   3.5158927e-02   4.0885532e-04  -6.3868021e-04   1.3150200e-03
   6.0371295e-02   6.8794198e-02   2.5624260e-02   1.9275961e-04  -5.1345124e-04   1.2118192e-03
   6.7110074e-02   1.1764958e-01   1.8750131e-02   3.0365604e-04  -6.0173345e-04   1.2216388e-03
   6.0466883e-02   6.5020628e-02   2.5728589e-02   3.7578141e-04  -6.8252175e-04   1.1208102e-03
   5.8217189e-02   4.7146467e-02   5.8702520e-02   5.0665648e-04  -7.2998674e-04   1.0813452e-03
   6.3319780e-02   9.9294462e-02   3.8791837e-02   2.1865932e-04  -7.4159496e-04   1.0389868e-03
   6.6998992e-02   1.2919964e-01   3.8250525e-02   9.2685107e-05  -8.3798588e-04   1.0855603e-03
   6.6355021e-02   5.8586534e-02   4.1494015e-02   2.6415336e-04  -8.5706576e-04   1.1731854e-03
   7.0431693e-02   4.4758550e-02   3.4846463e-02   2.9685365e-04  -6.9346426e-04   1.0621881e-03
   7.3241513e-02   1.2928865e-01   1.8141203e-02   1.0238747e-04  -6.0861892e-04   1.1030757e-03
   7.1787347e-02   8.1657875e-02   2.9339211e-02   8.6193320e-05  -7.1359966e-04   1.1744233e-03
   6.4872421e-02   1.5173838e-02   4.2288650e-02   3.6531336e-04  -6.6479094e-04   1.2160301e-03
   6.7840946e-02   1.5583314e-01   1.7441076e-02   1.6619659e-04  -5.2626347e-04   1.1723308e-03
   7.0447321e-02   8.0027223e-02   3.1944935e-02   3.9809755e-04  -7.5081282e-04   1.3599020e-03
   6.9139284e-02   8.6270713e-02   2.7483930e-02   4.7312757e-04  -6.1703641e-04   1.4521382e-03
   6.8020247e-02   4.7115002e-02   4.0843469e-02   6.1409140e-04  -6.1361123e-04   1.3767894e-03
   7.7549373e-02   1.3351742e-01   3.4772481e-02   3.9822633e-04  -8.7399481e-04   1.4345333e-03
   7.0495331e-02   1.1170430e-01   2.8153801e-02   5.4760315e-04  -7.6326619e-04   1.2771099e-03
   6.0532262e-02   1.6323286e-02   6.3875957e-02   4.4765224e-04  -9.6516888e-04   1.1993937e-03
   6.8256077e-02   1.7939103e-01   1.9406728e-02   3.3079952e-04  -7.9036605e-04   1.0854008e-03
   6.3055411e-02   6.8450294e-02   3.3230074e-02   3.2093543e-04  -9.1194744e-04   1.0724019e-03
   6.5402274e-02   1.3153932e-02   4.6163772e-02   4.3445866e-04  -9.5900836e-04   1.0940100e-03
   6.7826703e-02   1.5964498e-01   1.7139799e-02   1.9702942e-04  -7.5063202e-04   1.0738725e-03
   7.5052315e-02   4.5955443e-02  -4.9970314e-03   9.2656240e-04  -8.5569109e-04   1.1255205e-03
   7.8059590e-02   2.5688759e-02  -1.2929366e-01   1.7458699e-03  -9.5298250e-04   1.4952104e-03
   7.2686854e-02  -2.3782307e-02   2.9067555e-03   8.8375440e-04  -1.1997381e-03   1.4463720e-03
   7.1082936e-02   4.1172395e-02   2.4935243e-03   6.0873279e-04  -9.2694250e-04   1.3543606e-03
   7.8021559e-02   1.0211913e-01  -1.1857214e-02   6.5710109e-04  -1.0877123e-03   1.2814503e-03
   6.7122594e-02  -2.0822575e-02   1.8250908e-02   6.8827271e-04  -1.1576919e-03   1.3189920e-03
   7.1475092e-02   1.5664496e-01  -1.0558608e-02   6.4600139e-04  -1.0475235e-03   1.4769416e-03
   6.7251946e-02   8.2873083e-03   4.4567676e-02   3.1260496e-04  -1.2958499e-03   1.3450925e-03
   8.1226315e-02   1.3499931e-01   4.4663039e-03   1.4510660e-05  -1.2899055e-03   1.2436414e-03
   8.8294039e-02   1.3883189e-01   1.8865681e-03   2.8893592e-05  -1.3876215e-03   1.4068004e-03
   7.9728015e-02  -5.6048463e-03   5.0991736e-02  -3.7422372e-05  -1.3479429e-03   1.4672291e-03
   8.6846345e-02   1.6177421e-01   2.5447030e-02  -5.6917458e-05  -1.2617496e-03   1.4395152e-03
   8.1837808e-02   5.5964776e-02   2.7299916e-02   3.1234869e-05  -1.2229703e-03   1.4778946e-03
   7.2278787e-02   4.8195059e-02   3.1703640e-02   2.0522229e-04  -1.1387197e-03   1.4368415e-03
   7.5491216e-02   1.2867866e-01   9.2755773e-03   2.6371426e-04  -1.1753418e-03   1.4088252e-03
   7.1310995e-02   6.8930320e-02   2.9682594e-02   9.1197766e-05  -1.1275607e-03   1.4974894e-03
   7.3728642e-02   5.1820010e-02   5.9768332e-02   1.2954471e-04  -1.3817543e-03   1.4129439e-03
   8.7121248e-02   9.7273129e-02   2.8233557e-02   2.3872307e-04  -1.3752503e-03   1.4497175e-03
   9.1833551e-02   1.1471854e-01   2.9836682e-02   1.8979518e-04  -1.4807729e-03   1.4631811e-03
   8.0805069e-02   2.7783011e-02   6.5390908e-02   3.1526217e-04  -1.2834716e-03   1.4369508e-03
   8.7885490e-02   1.4813176e-01   3.6079771e-02  -4.6582276e-05  -1.3553199e-03   1.3878635e-03
   9.5727678e-02   9.6120204e-02   4.9150178e-02   1.0291307e-04  -1.3847874e-03   1.3363857e-03
   6.6162969e-02   7.2148818e-02   3.9174696e-02   4.4720436e-04  -1.1003047e-03   1.4597331e-03
   7.2810861e-02   1.3195753e-01   9.3434103e-03   5.2007061e-05  -9.9338185e-04   1.4544465e-03
   6.1819457e-02   2.7759983e-02   2.9504947e-02   3.0100340e-04  -1.0547463e-03   1.4571265e-03
   6.3341963e-02   1.1866634e-01   1.0126389e-02   2.4840420e-04  -8.9345311e-04   1.4204931e-03
   6.4647962e-02   7.7876743e-02   3.8632498e-02   2.1116252e-04  -9.9895566e-04   1.5225658e-03
   6.8485602e-02   2.8801670e-02   4.3198098e-02   5.0671964e-04  -1.0232243e-03   1.4597746e-03
   7.4566944e-02   1.5372554e-01   3.2828852e-02   2.2915451e-04  -1.0232634e-03   1.4120555e-03
   7.6384715e-02   4.0535350e-02   4.4796079e-02   6.3033680e-04  -9.4070417e-04   1.4789708e-03
   7.3804290e-02   1.3337408e-01   2.3376877e-02   2.6712946e-04  -1.0523666e-03   1.3599960e-03
   6.8700598e-02   7.7991310e-02   2.6051159e-02   3.8694156e-04  -1.2385131e-03   1.5093563e-03
   6.0009123e-02   3.5368185e-02   3.5030602e-02   6.8895988e-04  -1.2140094e-03   1.4459125e-03
   5.4198952e-02   1.5865352e-01   1.0465122e-02   4.7673203e-04  -1.1708696e-03   1.3066793e-03
   5.1487573e-02   2.1439907e-02   3.7276403e-02   8.7006191e-04  -1.2004352e-03   1.3677591e-03
   5.9170364e-02   1.8242471e-01   9.3758874e-03   4.4301026e-04  -1.1932111e-03   1.3186386e-03
   6.1686577e-02   6.9662664e-02   2.0252413e-02   5.3303506e-04  -1.3832612e-03   1.3669528e-03
   6.3515935e-02   5.4405886e-02   1.8406956e-02   3.6160049e-04  -1.1189801e-03   1.4565646e-03
   6.3531387e-02   1.4944985e-01  -6.4875555e-03   2.2072152e-04  -1.1402614e-03   1.4180630e-03
   6.9249843e-02   1.0229610e-01   4.4958843e-03   1.7902669e-04  -1.3728731e-03   1.5158634e-03
   6.5008253e-02   6.7061571e-02   1.7016823e-02   4.3478011e-04  -1.2253603e-03   1.4982376e-03
   7.1253304e-02   1.4080932e-01   5.0431333e-04   3.2294023e-04  -1.1252866e-03   1.4676293e-03
   7.3973610e-02   6.6178015e-02   2.0399608e-02   4.7694835e-04  -1.2621111e-03   1.5158483e-03
   7.1097438e-02   2.9321209e-02   4.7513612e-02   6.2805289e-04  -1.1650572e-03   1.6081626e-03
   7.8286597e-02   1.8124741e-01   1.3286957e-02   2.4478513e-04  -1.2609171e-03   1.5371815e-03
   6.5934312e-02   9.2694852e-02   3.1625209e-02   2.0346728e-04  -1.2126353e-03   1.4707658e-03
   6.8890830e-02   1.3303114e-01  -3.0584642e-02  -8.1364860e-05  -1.3432551e-03   1.2230607e-03
   6.6288267e-02  -1.8779554e-02  -3.9792004e-02   7.4423574e-04  -1.4886353e-03   1.2608918e-03
   7.7410538e-02   1.8085664e-01  -8.3031037e-02   9.7878975e-04  -1.4803897e-03   5.6682099e-04
   6.4577686e-02   2.1321605e-02  -2.3420072e-02   1.0871369e-03  -1.3409123e-03   8.6417678e-04
   7.7561633e-02   8.6564928e-02  -4.8238736e-02   8.1526772e-04  -1.2547032e-03   7.9619354e-04
   7.6314277e-02   8.3505347e-02  -4.5841022e-02   6.1268242e-04  -1.2602881e-03   8.8454360e-04
   9.3926020e-02   1.4498897e-02  -2.1425349e-02   9.9709592e-04  -1.5443510e-03   1.1748675e-03
   1.0082458e-01   9.1570602e-02  -3.8523054e-02   8.1594617e-04  -1.5487643e-03   1.2512779e-03
   1.0257035e-01   1.1301088e-01  -5.3510967e-02   8.7179091e-04  -1.4879052e-03   1.3364734e-03
   1.0190312e-01   5.3200447e-02  -3.9090428e-02   9.9968588e-04  -1.5971400e-03   1.4840731e-03
   9.4728347e-02   3.4189399e-02  -4.2978539e-02   1.0904716e-03  -1.4537666e-03   1.3631044e-03
   9.8327320e-02   1.1388824e-01  -5.5040554e-02   1.0458704e-03  -1.4320151e-03   1.3487952e-03
   8.9605163e-02   5.9935291e-02  -4.2168638e-02   9.6686454e-04  -1.5081953e-03   1.4095306e-03
   7.9282691e-02   7.5214968e-03  -2.2812218e-02   1.0560863e-03  -1.5638009e-03   1.2575957e-03
   8.3943149e-02   1.5362454e-01  -4.8169032e-02   9.0437730e-04  -1.5421988e-03   1.1295769e-03
   9.0819504e-02   7.5396176e-02  -2.3419473e-02   8.4554652e-04  -1.5761004e-03   1.2706517e-03
   8.8647855e-02   3.7313031e-02  -2.5253329e-02   1.0161412e-03  -1.6112941e-03   1.2259980e-03
   8.7328544e-02   1.1826482e-01  -4.2759290e-02   7.9286915e-04  -1.5930495e-03   1.2084695e-03
   9.0203148e-02   8.3590467e-02  -3.1187269e-02   6.6622115e-04  -1.6674744e-03   1.3143858e-03
   8.6953150e-02   4.7617987e-02  -3.5381539e-02   8.8820952e-04  -1.6197552e-03   1.2922769e-03
   8.6490003e-02   9.6252666e-02  -6.0450393e-02   9.3268866e-04  -1.6079641e-03   1.2333018e-03
   8.6907087e-02   1.3195266e-01  -3.1987504e-02   9.0062927e-04  -1.6118474e-03   1.2110913e-03
   9.2305626e-02   6.2731759e-02  -5.3411642e-02   1.2218908e-03  -1.4845065e-03   1.4241394e-03
   9.2306757e-02   5.8028789e-02  -4.6468957e-02   1.2619062e-03  -1.7047766e-03   1.3227653e-03
   9.0039286e-02   1.3752741e-01  -5.1587323e-02   1.0663696e-03  -1.5569486e-03   1.2106972e-03
   9.3300818e-02   7.1985487e-02  -4.4433519e-02   1.4336544e-03  -1.7170405e-03   1.3202971e-03
   9.4459106e-02   3.9405000e-02  -1.8074086e-02   1.4228053e-03  -1.7060169e-03   1.4273628e-03
   9.7397796e-02   1.5201705e-01  -3.7798312e-02   8.3493676e-04  -1.8005904e-03   1.3682162e-03
   9.1581717e-02   9.5289478e-02  -5.0114291e-02   9.5916804e-04  -1.6501736e-03   1.4298141e-03
   1.1873188e-01   6.3659239e-02  -1.5495025e-01   1.9447968e-03  -1.3647216e-03   1.7746861e-03
   1.2168732e-01   4.1370058e-03  -1.5722785e-01   2.2399210e-03  -1.7669821e-03   1.8018072e-03
   1.0961837e-01   6.0979095e-02  -8.1722950e-02   1.1923512e-03  -1.7344206e-03   1.5481902e-03
   1.0926716e-01  -1.3579575e-02  -4.1343151e-02   1.5094868e-03  -1.8328991e-03   1.6199271e-03
   1.1354558e-01   7.4922845e-02  -5.7174063e-02   1.3231391e-03  -1.6949176e-03   1.6004426e-03
   1.0857729e-01   1.0400238e-01  -4.3583764e-02   1.0921324e-03  -1.5388035e-03   1.5489479e-03
   1.0861436e-01   2.5206516e-02  -1.0315830e-02   1.1893781e-03  -1.5688843e-03   1.6603018e-03
   1.0419148e-01   3.8463011e-02  -2.8072457e-02   1.0872426e-03  -1.5269264e-03   1.5853752e-03
   9.7119876e-02   1.2988946e-01  -3.9215305e-02   1.0067958e-03  -1.5743554e-03   1.5745216e-03
   9.5800682e-02   9.9310134e-02  -4.6451163e-02   1.0083470e-03  -1.4715238e-03   1.6557834e-03
   9.7300581e-02   4.8919922e-02  -1.3448257e-02   1.1757704e-03  -1.5418936e-03   1.6258442e-03
   1.1172030e-01   1.2039743e-01  -2.1316856e-02   1.0910832e-03  -1.6969670e-03   1.6430979e-03
   1.3044762e-01   1.1878047e-01   1.7912148e-02   6.9132969e-04  -1.8386746e-03   1.8411377e-03
   1.1492101e-01   4.3352772e-02   3.6199094e-02   4.9294237e-04  -1.9755862e-03   1.9652152e-03
   1.2013573e-01   1.2575251e-01  -6.4753814e-03   5.4635971e-04  -1.9555457e-03   1.9201387e-03
   1.2714681e-01   8.5453640e-02  -2.6740764e-03   4.0335007e-04  -2.0993152e-03   1.9369095e-03
   1.2236136e-01   3.0339141e-02   1.1065047e-02   5.5116303e-04  -2.0595017e-03   1.9840065e-03
   1.2509309e-01   1.3334601e-01  -4.1221505e-03   4.3281753e-04  -2.1087176e-03   2.0715320e-03
   1.1427469e-01   1.2830816e-01  -6.0923095e-03   6.4525408e-04  -1.9623163e-03   2.0272051e-03
   1.0020024e-01   7.3012612e-02   4.2671344e-02   5.5160816e-04  -1.9620075e-03   1.9066504e-03
   1.2623322e-01   8.5073506e-02  -2.2888596e-02   9.6048281e-04  -2.1819720e-03   2.0682639e-03
   1.2936964e-01   1.2802701e-01  -2.7352112e-02   9.5671869e-04  -2.1634285e-03   2.1657854e-03
   1.3731021e-01   9.7858115e-02  -2.4904453e-02   9.8614537e-04  -2.1877137e-03   2.3006967e-03
   1.3196287e-01   4.0360397e-02  -2.0473100e-02   1.3083380e-03  -2.3382358e-03   2.1743657e-03
   1.3493239e-01   1.8791876e-01  -3.4456331e-02   1.0296726e-03  -2.3656666e-03   2.1080304e-03
   1.3009445e-01   3.2566139e-02  -4.7916822e-03   1.4189644e-03  -2.3936663e-03   2.0797628e-03
   1.3192005e-01   1.7118683e-01  -3.9125127e-02   9.4559108e-04  -2.1801207e-03   2.0420439e-03
   1.2322220e-01   1.0860066e-01  -2.1275764e-02   1.1978424e-03  -2.0362213e-03   1.9955490e-03
   1.3188255e-01   4.6146614e-02  -1.8297013e-02   1.5087364e-03  -2.0351924e-03   2.1443667e-03
   1.4244171e-01   1.0419338e-01  -4.3524794e-02   1.4553294e-03  -2.0485241e-03   2.0776238e-03
   1.4248907e-01   1.0760774e-01  -5.1875051e-02   1.3918883e-03  -2.1063192e-03   2.1416164e-03
   1.4247966e-01   2.4931846e-02  -2.0761799e-02   1.5910374e-03  -2.1623554e-03   2.1530236e-03
   1.4143356e-01   8.1345307e-02  -4.0108709e-02   1.5409732e-03  -2.0373618e-03   2.2168804e-03
   1.4200609e-01   1.2429759e-01  -5.0435732e-02   1.2444552e-03  -1.9735547e-03   2.2039451e-03
   1.3473703e-01   5.5606916e-02  -3.3296307e-02   1.4238610e-03  -2.0603794e-03   2.2396574e-03
   1.3403159e-01   2.4136877e-02  -1.7696030e-02   1.4690356e-03  -2.0484604e-03   2.2524503e-03
   1.3178237e-01   1.4703902e-01  -5.2735952e-02   1.1546695e-03  -2.0044173e-03   2.0891713e-03
   1.3829443e-01   7.6214089e-02  -1.9360081e-02   1.0694351e-03  -2.2533126e-03   2.1529011e-03
   1.2965119e-01   4.0955688e-02  -1.1474544e-04   1.2266509e-03  -2.1354365e-03   2.1038669e-03
   1.3602437e-01   1.8235197e-01  -4.5928424e-02   1.0375244e-03  -1.8590067e-03   2.0857814e-03
   1.4539025e-01   7.8138367e-02  -4.0138658e-02   9.7969565e-04  -2.1443005e-03   2.1171265e-03
   1.4624605e-01   2.9053750e-02  -1.5081008e-02   1.1886152e-03  -2.2284633e-03   2.1947044e-03
   1.4551731e-01   1.4948411e-01  -3.7123762e-02   1.0137509e-03  -2.2176370e-03   2.1187744e-03
   1.4895909e-01   6.6903883e-02  -1.5572156e-02   1.1032186e-03  -2.3056248e-03   2.1293557e-03
   1.4537700e-01   2.5200543e-02   3.4135912e-03   1.2630033e-03  -2.3533311e-03   2.1712822e-03
   1.5075735e-01   1.7979150e-01  -3.7187714e-02   1.0698444e-03  -2.2503118e-03   2.0454404e-03
   1.4944677e-01   6.0070941e-02   2.9780082e-04   1.0400607e-03  -2.4214030e-03   2.1186440e-03
   1.4777418e-01   6.4844791e-02  -5.8570212e-03   1.0427293e-03  -2.4408564e-03   2.0788403e-03
   1.4825733e-01   1.7451255e-01  -4.1370747e-02   9.8426885e-04  -2.2445456e-03   2.0323907e-03
   1.4892914e-01   1.0053994e-01  -4.0121390e-02   1.0780447e-03  -2.3782201e-03   2.0228110e-03
   1.5159813e-01   1.5854227e-02  -9.7967368e-02   1.5209484e-03  -2.1204719e-03   2.4734239e-03
   1.7959045e-01   4.8590020e-02  -2.2640117e-01   3.7598041e-03  -2.6893497e-03   2.5914296e-03
   1.8046539e-01  -2.1729476e-02  -2.0453773e-01   3.7248379e-03  -2.8628191e-03   2.6397072e-03
   1.7079198e-01   7.8110424e-02  -2.0224262e-01   3.0260871e-03  -2.5229876e-03   2.4146435e-03
   1.6845149e-01   3.3936082e-02  -1.6281554e-01   2.9888065e-03  -2.4535988e-03   2.4784214e-03
   1.7132293e-01  -8.8615978e-03  -1.6071983e-01   3.3619388e-03  -2.3860086e-03   2.4774376e-03
   1.6460217e-01   7.0849414e-02  -1.7421920e-01   2.9081835e-03  -2.4612932e-03   2.5117450e-03
   1.6348062e-01   5.7975353e-02  -1.5064240e-01   2.7802217e-03  -2.4551919e-03   2.5256094e-03
   1.6724065e-01  -2.2376243e-02  -1.5753675e-01   3.1979299e-03  -2.3871425e-03   2.6465367e-03
   1.7941832e-01   8.3927967e-02  -1.8529563e-01   3.1608331e-03  -2.5241963e-03   2.7887087e-03
   1.6362828e-01  -1.1100316e-01  -1.9488061e-01   3.5941885e-03  -2.4089288e-03   2.6288491e-03
   1.6493773e-01   1.7565178e-01  -2.1496533e-01   3.8152726e-03  -2.4376528e-03   2.5296480e-03
