   0.0000000e+00  -1.0384849e-14   0.0000000e+00   1.5407440e-33   2.6727647e-51   1.1449796e-18
   4.0189618e-02  -1.0720772e-02  -1.0411629e-01   1.4045486e-03   3.7858200e-04   5.2282102e-04
   2.9387321e-02   8.5898741e-02  -7.4966040e-02   3.7150466e-04   7.4405265e-04   5.3284959e-04
   1.8121785e-02   3.2718901e-02  -5.7661530e-02  -8.5109447e-04   7.7015161e-04   3.5399313e-04
   9.4270144e-05   4.5616837e-02  -1.4665303e-01   1.0701684e-03   9.5436402e-04   1.9960422e-04
   1.9363134e-02   1.0231204e-01  -1.0514417e-01   6.9694932e-05   9.0150117e-04   2.5610334e-04
   2.1588356e-02  -6.0943927e-03  -6.6741055e-02   3.6436046e-06   9.5786763e-04   5.2884809e-04
  -1.3891447e-02   9.3612781e-02  -9.8885497e-02   5.8699270e-05   9.4893131e-04   1.0155613e-04
  -3.9273234e-03   4.5242881e-02  -7.4332560e-02  -3.3220024e-05   9.3601321e-04   2.6643967e-04
  -1.3346919e-02   1.7759764e-02  -7.6850162e-02  -1.8353766e-04   1.0538255e-03   2.4998542e-04
  -2.3505898e-02   9.9918556e-02  -9.6860833e-02   2.2596540e-05   1.0085854e-03   5.3565883e-06
  -4.6787147e-03   7.6104536e-02  -9.3809990e-02  -6.8021886e-05   1.0544559e-03   3.1031619e-04
   1.2755924e-02   4.1317414e-02  -8.5204460e-02   3.7795950e-04   8.9048933e-04   6.6786338e-04
   6.7147838e-03   4.1897390e-02  -6.8984496e-02  -1.8434731e-05   8.3528735e-04   5.4491653e-04
  -1.9596478e-03   7.1419454e-02  -1.2089923e-01   5.3204881e-04   9.0317389e-04   4.0315310e-04
   4.8282115e-03   2.6823476e-02  -1.1346315e-01   6.7696876e-04   7.4580971e-04   5.1452018e-04
   1.7209145e-02   3.2196164e-02  -9.3000972e-02   7.9363031e-04   8.9737195e-04   5.3977063e-04
   3.1113358e-02   1.2472161e-01  -8.5697532e-02   4.4465044e-04   1.0232346e-03   7.9259249e-04
   3.1578718e-02   3.9917166e-02  -8.2428119e-02   2.7472023e-04   1.0647269e-03   7.5429088e-04
   3.0251078e-02   8.8422198e-02  -6.5974822e-02   4.0699164e-05   8.5628338e-04   6.2428777e-04
   3.4901884e-02   9.5338305e-02  -5.7726990e-02   5.8089159e-04   7.1857539e-04   8.9227615e-04
   2.7501489e-02   2.2088405e-02  -5.9897079e-03  -8.7748069e-04   1.0156374e-03   7.7130568e-04
   3.4622404e-02   5.3996007e-02  -2.6693733e-02  -6.9160466e-04   9.9231695e-04   9.3166948e-04
   2.4358247e-02   1.1619689e-01  -2.0410329e-02  -6.0100357e-04   7.6783444e-04   7.6863910e-04
   2.9573373e-02   3.4963048e-02   8.5925692e-04  -3.3178580e-05   8.1785323e-04   1.0366559e-03
   4.3458561e-02   8.2553099e-03   2.3915403e-02  -1.6839221e-04   8.7642438e-04   9.8938053e-04
   4.9630196e-02   9.1212796e-02   2.7829178e-02   4.0462818e-04   8.1871325e-04   1.2041119e-03
   6.4611429e-02   3.6594199e-02   5.7321409e-03   8.4399943e-04   7.6475410e-04   1.5093145e-03
   9.3224425e-02   5.6266476e-03   7.8117219e-02  -4.6422758e-04   5.8733733e-04   1.5257631e-03
   5.7751097e-02   7.1722264e-02  -7.4297439e-03  -2.7645781e-05   1.3584224e-03   1.0404351e-03
   6.1364497e-02  -1.4971857e-02  -3.4245513e-01   1.3284072e-03   2.1259592e-03   9.5704019e-04
   7.6725096e-02   1.2663964e-02  -2.7529856e-01   2.7921317e-03   2.2889267e-03   1.1087781e-03
   9.3626837e-02   1.5714163e-01  -2.3196453e-01   2.5481140e-03   2.0144751e-03   9.4325607e-04
   7.8937833e-02  -4.5068818e-03  -1.8474680e-01   2.7309492e-03   2.2402768e-03   1.0619303e-03
   8.8163652e-02   1.5098795e-01  -2.4044325e-01   4.1081725e-03   1.9149386e-03   1.3837581e-03
   1.0371766e-01   7.2240262e-03  -2.0861938e-01   3.1677654e-03   2.1817011e-03   1.4689901e-03
   8.5563162e-02   6.8654461e-02  -2.4130623e-01   2.9433313e-03   2.3835434e-03   1.0755238e-03
   1.0264627e-01   6.4028192e-02  -2.4467755e-01   3.1708955e-03   2.2343912e-03   1.3000489e-03
   1.0710727e-01   2.6539910e-02  -2.5122615e-01   3.7616550e-03   2.1532610e-03   1.6343005e-03
   8.6871330e-02   1.1520685e-01  -2.3087958e-01   3.2530856e-03   2.1874982e-03   1.2282669e-03
   9.2882004e-02   2.3171308e-02  -1.7122452e-01   3.2048494e-03   2.2564413e-03   1.4251177e-03
   9.9212955e-02   1.2797701e-02  -2.3503788e-01   3.6672945e-03   2.2926071e-03   1.6153584e-03
   5.3946511e-02   7.9744887e-02  -2.4048244e-01   2.5669415e-03   2.9503993e-03   1.0594692e-03
   6.2151041e-02   1.1617763e-02  -2.8510672e-01   3.9030421e-03   2.8295464e-03   1.0803070e-03
   6.4892387e-02   1.0423194e-01  -2.3575142e-01   4.1049112e-03   2.9497737e-03   1.1525427e-03
   8.3037638e-02   1.0828326e-01  -1.5075208e-01   4.0688327e-03   2.8364766e-03   1.5638813e-03
   7.1248615e-02   8.6817474e-02  -1.9913166e-01   4.1802366e-03   2.9200181e-03   1.4567923e-03
   8.7319118e-02   5.1838695e-02  -1.8517249e-01   4.0742002e-03   2.7226368e-03   1.5999037e-03
   8.8488435e-02   6.5510534e-04  -2.2018625e-01   5.0072020e-03   2.8977848e-03   1.8305588e-03
   7.8402768e-02   9.9215644e-02  -2.1806515e-01   3.9300033e-03   2.8936151e-03   1.5606488e-03
   8.8114594e-02   1.7563523e-02  -1.9795765e-01   4.4449076e-03   2.9495193e-03   1.6706466e-03
   9.1186332e-02   3.8577788e-02  -2.4093190e-01   4.2844273e-03   2.9830708e-03   1.7595430e-03
   8.2648563e-02   5.2303872e-02  -2.5157701e-01   4.4645854e-03   2.8589666e-03   1.6181802e-03
   7.8324647e-02   3.4485668e-02  -2.4162710e-01   4.6602997e-03   2.8126752e-03   1.5260812e-03
   7.8338869e-02   3.6429887e-02  -2.3790217e-01   4.3508902e-03   2.9467090e-03   1.5753765e-03
   8.9061349e-02   1.1793075e-01  -2.7857842e-01   5.5725126e-03   3.2654754e-03   1.7866991e-03
   9.7321691e-02  -2.9806509e-02  -2.2634324e-01   4.9819751e-03   3.2676947e-03   1.7571923e-03
   8.3621861e-02   1.1711177e-01  -2.6307975e-01   6.0449916e-03   3.2984878e-03   1.4515987e-03
   7.4406887e-02  -5.1593654e-04  -1.9012453e-01   5.1528922e-03   3.4011400e-03   1.4392760e-03
   7.3067409e-02   4.2708583e-02  -1.8220924e-01   4.8373145e-03   3.5097850e-03   1.5022051e-03
   8.7050241e-02   3.8161596e-02  -1.8656430e-01   4.6651126e-03   3.4265292e-03   1.6498541e-03
   9.6657184e-02   7.9866445e-03  -2.0171032e-01   4.6555820e-03   3.2094700e-03   1.6341119e-03
   9.4243746e-02   3.6534784e-03  -4.9361933e-01   7.0890638e-03   3.7220437e-03   1.6252691e-03
   1.0519561e-01  -3.0560309e-03  -6.2813169e-01   9.5108836e-03   4.0803281e-03   9.0957856e-04
   7.9545267e-02  -4.8780072e-02  -6.8095014e-01   8.9109024e-03   4.3774892e-03   6.8191161e-04
   5.4878981e-03   1.4675461e-01  -4.8962153e-01   6.1490137e-03   2.6438660e-03  -1.2703585e-03
   5.1863098e-02   4.4462865e-02  -6.1963084e-01   5.5758400e-03   2.6675050e-03  -1.1007691e-03
   4.5431213e-02   5.6898693e-02  -5.2361764e-01   4.3920152e-03   2.7488599e-03  -1.3423990e-03
  -1.0026209e-02   3.0036729e-01  -5.5761329e-01   7.1035001e-03   2.2906168e-03  -2.4594807e-03
  -5.5174926e-02   1.8739270e-01  -6.8507261e-01   5.1131204e-03   2.5397487e-03  -2.7340225e-03
   8.1744059e-02  -1.4817879e-01  -6.5136466e-01   4.0493001e-03   1.9984115e-03   1.4437793e-03
  -1.5726575e-01   3.4114589e-02  -3.5007329e-01   3.6453659e-06   1.0051651e-02   2.2276370e-03
  -4.1500105e-01   2.0114512e-01  -9.6806691e-01  -7.0783847e-03   1.4848712e-02  -3.0455054e-04
  -2.5237919e-01   3.4369829e-01  -9.0373497e-01  -5.6900042e-03   1.1174191e-02  -1.4390993e-03
  -2.3280773e-01   1.6298149e-01  -8.8814474e-01  -2.5055746e-03   9.8722793e-03  -1.3464024e-03
  -2.6059731e-01   1.7106312e-01  -1.1135208e+00  -1.8332197e-03   1.0168899e-02  -1.3980570e-03
  -2.4903156e-01   1.4935445e-01  -1.0765538e+00  -1.0769951e-03   9.7787462e-03  -1.4382730e-03
  -2.1124488e-01   2.9265270e-01  -1.0396597e+00   6.4937935e-04   9.7176918e-03  -1.1790130e-03
  -2.0901587e-01   1.2249100e-01  -9.4884513e-01   3.2629675e-04   9.6980165e-03  -1.3161533e-03
  -2.0499069e-01   2.8101088e-01  -9.7971494e-01   2.3571581e-03   1.0232979e-02  -1.3473974e-03
  -1.9355224e-01   2.4680936e-01  -1.0046042e+00   2.2526417e-03   1.0385116e-02  -1.2809033e-03
  -1.9406396e-01   1.4198613e-01  -9.5006777e-01   1.8991876e-03   1.0272244e-02  -1.3717845e-03
  -1.8469632e-01   2.3889503e-01  -9.5078249e-01   2.1348606e-03   1.0182059e-02  -1.2195971e-03
  -1.5423399e-01   2.2602055e-01  -8.1172776e-01   2.1077716e-03   9.8171307e-03  -9.0502807e-04
  -1.3314033e-01   1.2336360e-01  -7.5680491e-01   2.2613870e-03   9.9087977e-03  -6.6383650e-04
  -1.4908979e-01   2.4246513e-01  -7.2103607e-01   2.1060142e-03   1.0197680e-02  -9.0422627e-04
  -1.6755042e-01   2.1433205e-01  -7.1974704e-01   2.1731987e-03   1.0497158e-02  -1.0221492e-03
  -1.6336364e-01   1.6409584e-01  -7.5638658e-01   3.2324944e-03   1.0093942e-02  -1.1303122e-03
  -1.6879421e-01   2.3807472e-01  -6.8713680e-01   2.2385142e-03   1.0141366e-02  -1.2227414e-03
  -1.6350502e-01   2.0331234e-01  -6.3106642e-01   2.5586002e-03   1.0202453e-02  -1.1579392e-03
  -1.5898200e-01   1.1865878e-01  -5.8292609e-01   2.3941267e-03   9.9926280e-03  -1.0790993e-03
  -1.5706546e-01   2.0642807e-01  -5.6932212e-01   2.4672190e-03   1.0047006e-02  -1.1292968e-03
  -1.4900494e-01   1.5141514e-01  -5.3383752e-01   2.3353902e-03   9.9640574e-03  -9.3236550e-04
  -1.5615041e-01   1.4164103e-01  -5.8049274e-01   2.3460170e-03   1.0019676e-02  -1.0652576e-03
  -1.3213451e-01   1.0298845e-01  -7.7087704e-01   2.0207831e-03   1.0126716e-02  -9.3062690e-04
  -1.6497003e-01   1.5395893e-01  -5.5562731e-01   2.0148982e-03   1.0716426e-02  -1.7437067e-04
  -1.5957852e-01   2.5416448e-01  -5.5409217e-01   3.3146032e-03   1.0800259e-02   5.6343683e-04
  -1.6397830e-01   1.9683306e-01  -7.0056491e-01   3.5000325e-03   1.1067511e-02  -2.8272508e-04
  -1.8520319e-01   1.3204257e-01  -5.8465541e-01   3.1010155e-03   1.0968675e-02  -7.3924457e-04
  -1.7587857e-01   2.5424412e-01  -5.5061846e-01   2.8799367e-03   1.1026222e-02  -6.8689912e-04
  -1.7517447e-01   1.2346551e-01  -5.0350660e-01   2.5334976e-03   1.1101172e-02  -6.9694030e-04
  -1.8849685e-01   2.0260046e-01  -5.1881895e-01   2.8407942e-03   1.1189188e-02  -7.2327176e-04
  -1.7513697e-01   2.3264608e-01  -4.8316194e-01   2.6932277e-03   1.1256078e-02  -6.1411008e-04
  -1.7950889e-01   1.5636614e-01  -5.4738216e-01   2.5933495e-03   1.1305617e-02  -6.2341891e-04
  -1.7713615e-01   1.8985012e-01  -5.6052093e-01   2.7760184e-03   1.1339743e-02  -6.9813321e-04
  -1.6184825e-01   2.1915387e-01  -5.1581016e-01   2.6934646e-03   1.1208330e-02  -4.4479515e-04
  -1.6518001e-01   1.4909208e-01  -4.8129582e-01   3.0853681e-03   1.0948511e-02  -3.3850564e-04
  -1.5200156e-01   1.5928063e-01  -4.2174189e-01   2.7029590e-03   1.1157747e-02  -2.6714120e-04
  -1.5199237e-01   2.7682436e-01  -4.3002502e-01   2.9779356e-03   1.1164874e-02  -9.3196052e-05
  -1.5661330e-01   9.6285660e-02  -4.9676965e-01   2.7468967e-03   1.0993456e-02  -3.0018020e-04
  -1.4692019e-01   2.1207197e-01  -4.9028171e-01   3.2598326e-03   1.1048365e-02  -4.6321213e-04
  -1.3778136e-01   3.1400317e-01  -3.7258221e-01   2.9758278e-03   1.1102720e-02  -1.0104604e-04
  -1.5224315e-01   1.4643091e-01  -3.7184339e-01   2.7400773e-03   1.1183882e-02  -1.2847915e-04
  -1.6195235e-01   2.6332327e-01  -4.8126764e-01   3.5310947e-03   1.1177233e-02  -9.3418977e-05
  -1.6644958e-01   2.0003768e-01  -5.0522871e-01   3.4229197e-03   1.1077503e-02  -2.5414842e-04
  -1.6977356e-01   1.5374721e-01  -4.6187191e-01   2.8362329e-03   1.1186841e-02  -3.9682735e-04
  -1.6026358e-01   2.3755510e-01  -4.4772837e-01   3.5996409e-03   1.1270341e-02  -3.1307682e-04
  -1.6829533e-01   2.2180381e-01  -4.1996432e-01   3.0222222e-03   1.1249383e-02  -2.8255313e-04
  -1.5306770e-01   1.0180634e-01  -4.1110998e-01   2.8997046e-03   1.1216111e-02  -1.7934034e-04
  -1.6886546e-01   2.2798318e-01  -4.3647974e-01   2.7436515e-03   1.1392895e-02  -3.4702652e-04
  -1.6738212e-01   1.5004674e-01  -4.7423472e-01   3.8858612e-03   1.1388531e-02  -1.7645138e-04
  -1.6281746e-01   1.0603916e-01  -4.3330397e-01   3.1769709e-03   1.1457057e-02  -4.4332782e-04
  -1.7708823e-01   2.6813484e-01  -4.0366068e-01   3.4036052e-03   1.1698102e-02  -4.1594382e-04
  -1.4530550e-01   1.7458222e-01  -3.7598331e-01   3.7046457e-03   1.1660828e-02  -1.0446411e-04
  -1.4653055e-01   1.3913746e-01  -3.5525876e-01   2.6665888e-03   1.1653188e-02  -3.1211368e-04
  -1.4133377e-01   2.1869972e-01  -3.8505240e-01   2.3333582e-03   1.1294192e-02  -9.4879343e-05
  -1.5756681e-01   9.9641390e-02  -4.5363609e-01   2.5343949e-03   1.1282000e-02  -4.4112627e-04
  -1.5785861e-01   1.8279419e-01  -4.6803165e-01   3.5669379e-03   1.1005223e-02  -3.6858268e-04
  -1.6140100e-01   2.1488857e-01  -4.3477722e-01   3.3066225e-03   1.1106877e-02  -2.4090050e-04
  -1.6337327e-01   1.1227144e-01  -3.8205314e-01   3.8316272e-03   1.1345985e-02  -2.2708398e-04
  -1.8067917e-01   1.7262362e-01  -3.7552849e-01   3.9690673e-03   1.1258542e-02  -6.0172893e-04
  -1.6437330e-01   8.1885236e-02  -2.8954531e-01   3.9090384e-03   1.1400064e-02  -4.0744215e-04
  -1.6527809e-01   1.2753280e-01  -2.4681702e-01   3.7753820e-03   1.1604031e-02  -4.9848874e-04
  -1.5983740e-01   1.0061273e-01  -1.5357503e-01   3.2749930e-03   1.1619092e-02  -4.5496120e-04
  -1.6082336e-01   1.0508265e-01  -8.0052575e-02   3.0920651e-03   1.1882301e-02  -4.2333246e-04
  -1.5489839e-01   1.2454838e-01  -9.4543419e-02   2.0912805e-03   1.1709047e-02  -5.1093253e-04
  -1.4711510e-01  -4.3168352e-03  -1.9651670e-01   3.2342981e-03   1.1718682e-02  -2.1892961e-04
  -1.5184576e-01   1.7758974e-01  -2.9041743e-01   3.5700402e-03   1.1342926e-02  -2.9379344e-04
  -1.5786460e-01   1.2415221e-01  -2.3421970e-01   3.5022547e-03   1.1323248e-02  -2.4233335e-04
  -1.4914663e-01   8.5318596e-02  -2.1912695e-01   3.5660807e-03   1.1551549e-02  -2.5495710e-04
  -1.9008411e-01   1.7309098e-01  -3.3393012e-01   3.6375184e-03   1.2135292e-02  -6.7213021e-04
  -2.8500481e-01   1.6528376e-01  -9.3810088e-01   1.1612087e-02   1.2433230e-02  -2.0161754e-03
  -2.3224640e-01   8.2051548e-02  -6.8969384e-01   8.1039080e-03   1.1084099e-02  -1.2725772e-03
  -1.6140013e-01  -5.4188873e-02  -4.6564564e-01   7.0031134e-03   1.1350701e-02   2.8937628e-04
  -1.4368496e-01   1.0357779e-01  -2.9052714e-01   6.7137850e-03   1.1322785e-02   3.4672168e-04
  -1.4520182e-01   1.4896488e-01  -1.8266319e-01   6.4986423e-03   1.1532470e-02   2.7771033e-04
  -1.3751801e-01   1.3133824e-01  -1.9676132e-01   5.5039479e-03   1.1563161e-02   5.3916180e-04
  -1.4565184e-01   9.9120896e-02  -1.0930380e-01   4.0853968e-03   1.1632876e-02   3.2796163e-04
  -1.5768511e-01   9.2556392e-02  -2.0985234e-01   4.9964080e-03   1.1678118e-02   3.4092245e-04
  -1.5366310e-01   1.1949094e-01  -2.3863413e-01   5.1451577e-03   1.1857997e-02   1.7782567e-04
  -1.4122330e-01   1.3325788e-01  -2.1796116e-01   4.9217160e-03   1.1596765e-02   9.2478919e-04
  -1.1352789e-01   4.9945087e-02  -3.6109839e-01   5.6004670e-03   1.1298861e-02   1.6206602e-03
  -3.4574231e-02   1.6067647e-01  -5.3190410e-01   7.0384497e-03   1.0601547e-02   3.5693676e-04
  -6.8066817e-02   1.0481392e-01  -3.5840222e-01   4.2820866e-03   1.0550646e-02   1.2664754e-03
  -8.3193850e-02   9.6211401e-02  -4.1225371e-01   5.3018341e-03   1.1140481e-02   1.1069443e-03
  -8.6113612e-02   1.5057214e-01  -5.0964545e-01   7.0773289e-03   1.1480731e-02   1.0317694e-03
  -9.4186145e-02   9.9634404e-02  -4.2984630e-01   6.3355643e-03   1.1612063e-02   7.0481904e-04
  -9.5422053e-02   8.5310433e-02  -3.9322179e-01   6.3069211e-03   1.1601099e-02   6.2360859e-04
  -8.7267061e-02   2.2193562e-01  -3.9908257e-01   6.5214758e-03   1.2191702e-02   9.9167998e-04
  -8.5267276e-02   6.6241746e-02  -3.8389631e-01   5.1488892e-03   1.1990231e-02   1.0266579e-03
  -9.1167877e-02   1.2762499e-01  -3.4366938e-01   5.1545196e-03   1.1495262e-02   8.2455518e-04
  -2.0402601e-02   1.7978955e-01  -7.4001505e-01   9.2917027e-03   1.2369092e-02   9.9885490e-04
   9.7703739e-02  -2.6829950e-01  -1.8743629e+00   2.5209954e-02   1.0346782e-02   2.3141726e-04
  -1.4963330e-01   7.2884841e-02  -8.4611294e-01   5.8703312e-03   6.8896126e-03  -2.6822668e-03
  -3.2379458e-01  -1.6936242e-01  -6.4551075e-01  -2.5840399e-03   1.2663057e-02  -5.3624740e-03
  -2.9879740e-01  -1.2854378e-02  -9.2778050e-01   1.7521821e-03   1.0940524e-02  -1.6137443e-03
  -2.8732000e-01  -7.7743240e-02  -6.4565326e-01   6.6925508e-03   1.3032903e-02   9.1540261e-04
  -2.1691139e-01  -3.7933032e-01  -6.5065737e-02   2.8774187e-03   1.2664051e-02   3.1915620e-03
  -9.5348886e-02  -4.5300751e-01  -3.8141357e-01   4.6821321e-03   1.1867944e-02   9.8638606e-03
  -2.9672177e-01  -3.4328111e-01  -7.9814496e-02   5.1746366e-03   1.3216143e-02   3.9758085e-03
  -2.8803348e-01  -2.9281165e-01  -2.8626154e-01   1.2194924e-03   1.5672103e-02   3.2574654e-03
  -1.7021262e-01   2.0367232e-02  -7.0135386e-01   1.4455989e-03   1.6395060e-02   5.3177399e-03
  -2.7783872e-01   7.7546213e-02  -3.0373480e-01  -3.1991237e-03   1.3707157e-02   2.1457592e-03
  -3.2478655e-01  -1.4041502e-01  -1.0350596e-01  -6.0805945e-03   1.4986940e-02   9.1596061e-04
  -3.4100615e-01   1.5355107e-02  -4.7906983e-02  -5.0662055e-03   1.4835288e-02   6.8663768e-06
  -3.6054481e-01   1.7943869e-01   8.9090710e-03  -2.9474010e-03   1.4719834e-02  -1.6968943e-04
  -3.4368955e-01  -6.2980218e-03   9.7399394e-02  -2.5058011e-03   1.5220524e-02   6.3316667e-06
  -3.2945935e-01   1.6489812e-01   2.0106769e-01  -2.2958296e-03   1.5396914e-02   4.1507201e-04
  -3.1613680e-01  -1.1603428e-02   2.5917808e-01  -2.7044727e-03   1.5537186e-02   4.7172081e-04
  -3.1836098e-01   1.2651760e-01   1.6441983e-01  -2.5879637e-03   1.5794275e-02   7.6362735e-04
  -3.1928427e-01   2.4525007e-02   9.2261584e-02  -3.4202723e-03   1.5249978e-02   1.3109944e-03
  -3.1020565e-01   6.5007353e-02   1.7841019e-01  -3.1284535e-03   1.6425508e-02   1.5532923e-03
  -3.1847954e-01   9.6519120e-02   2.1765007e-01  -2.7257339e-03   1.6272096e-02   1.1056466e-03
  -3.2203168e-01   1.0044187e-01   2.7360296e-01  -2.6249412e-03   1.6532877e-02   7.7626138e-04
  -3.1707587e-01   6.0472544e-02   4.3909986e-01  -3.2652033e-03   1.6716528e-02   8.8783991e-04
  -3.0552316e-01   3.4207225e-02   6.0102461e-01  -3.7639724e-03   1.6589023e-02   8.2056785e-04
  -2.8922071e-01   5.8300908e-02   6.3670082e-01  -4.1599614e-03   1.6769614e-02   1.1571321e-03
  -2.6331002e-01   4.9220041e-02   8.3277086e-01  -5.4287002e-03   1.6623842e-02   1.3417129e-03
  -2.5699429e-01   7.9068658e-03   9.5203410e-01  -6.4319703e-03   1.7181550e-02   1.5006754e-03
  -2.7399918e-01  -1.7164470e-03   9.2061831e-01  -5.7367958e-03   1.7237776e-02   1.1520098e-03
  -2.9491198e-01   5.2158518e-02   1.0197981e+00  -6.5041207e-03   1.7857771e-02   1.0105999e-03
  -3.0162608e-01  -6.1967267e-03   9.8260922e-01  -6.6526825e-03   1.7569818e-02   9.7356315e-04
  -3.1299887e-01   2.0105640e-04   9.0461067e-01  -6.0117944e-03   1.7982501e-02   7.9674645e-04
  -3.1178934e-01   5.7210290e-02   8.9111435e-01  -5.8395556e-03   1.8004999e-02   9.2938801e-04
  -3.0295916e-01  -1.4672928e-03   9.6328728e-01  -4.8248870e-03   1.8285155e-02   8.8179583e-04
  -2.9956276e-01  -1.6520508e-02   9.9834887e-01  -6.1333252e-03   1.8378002e-02   8.4111482e-04
  -3.0065695e-01   1.1447072e-02   1.0316267e+00  -6.3158766e-03   1.8257302e-02   9.0227593e-04
  -2.9381059e-01  -8.6351413e-02   1.1466654e+00  -7.0819490e-03   1.8174661e-02   8.4275419e-04
  -2.9596048e-01   7.5596360e-02   1.0320302e+00  -6.6107934e-03   1.8532938e-02   9.7617937e-04
  -2.8269976e-01  -5.7978777e-02   1.0254968e+00  -5.6752882e-03   1.8409694e-02   9.9732393e-04
  -2.8274269e-01   1.9634514e-02   1.0159006e+00  -6.0142186e-03   1.8377189e-02   1.0087896e-03
  -2.8688162e-01   5.5840852e-02   1.0428930e+00  -6.4474601e-03   1.8538164e-02   1.1376485e-03
  -2.5999869e-01  -2.5631285e-02   1.0396997e+00  -4.7370502e-03   1.8537692e-02   1.4142360e-03
  -2.8238957e-01   6.3548343e-02   9.2249183e-01  -4.0129289e-03   1.8890602e-02   1.0808706e-03
  -2.5117425e-01   5.2005653e-02   1.0338674e+00  -4.8373492e-03   1.9052180e-02   1.2821492e-03
  -2.1046545e-01   1.8107528e-01   1.1077514e+00  -4.7144462e-03   1.8795402e-02   1.5795484e-03
  -1.9693321e-01   1.3284366e-01   1.0880757e+00  -4.3101419e-03   1.9432468e-02   1.7921503e-03
  -2.0605261e-01   1.7665307e-01   1.0381947e+00  -3.3401162e-03   1.9664661e-02   1.6306136e-03
  -2.1564071e-01   1.6932338e-01   9.5245106e-01  -2.7056841e-03   1.9033455e-02   1.8163619e-03
  -2.0457738e-01   1.3342348e-01   8.8801104e-01  -3.3290244e-03   1.9034093e-02   1.9826311e-03
