   0.0000000e+00  -1.0450294e-14   0.0000000e+00   0.0000000e+00   0.0000000e+00  -5.4406367e-19
  -2.5620943e-03   6.1276533e-02   5.9574972e-03   4.1083199e-04  -8.9042958e-05  -1.4358712e-04
  -7.0193399e-05   5.6504646e-03   1.7194796e-03   5.5966018e-04   1.0730652e-05  -2.1879103e-04
  -2.2556624e-02   9.8875126e-02   5.8765802e-03  -2.1282258e-04   2.3780233e-04  -4.0375596e-04
  -3.0026192e-02   3.4655544e-02  -6.5087952e-03   5.9999479e-05  -1.6228680e-05  -5.2743429e-04
  -2.8638363e-02   2.0530470e-02   7.5164694e-03  -6.1616523e-05   3.1335531e-04  -4.7215565e-04
  -2.2012989e-02   1.1466730e-02  -1.5221360e-03  -2.2389552e-04   2.4204432e-04  -4.9786202e-04
  -2.0447310e-02   5.4332826e-03  -1.0887301e-02  -2.4774538e-04   1.2352259e-04  -3.3278194e-04
   6.8216911e-03  -9.7096448e-03  -4.9264092e-03  -1.1620133e-04   7.0553623e-05  -3.6985737e-05
   3.0378556e-02   1.2691654e-02  -2.6387095e-02  -3.6356621e-04   3.6830019e-04   1.5613927e-04
   1.1694838e-02   1.8575124e-02  -2.6439845e-02  -4.6310395e-04   3.7224372e-04  -1.3075602e-05
   1.6862894e-02  -3.2859542e-03  -2.6282334e-02  -1.8772158e-04   2.2646940e-04   1.4994610e-05
   4.3857765e-03   1.6354455e-02  -1.9751694e-02  -2.0521282e-04   4.9639640e-04  -1.7577157e-04
   2.5415064e-03   1.6445224e-02  -2.2443400e-02  -1.8548312e-04   2.6028157e-04  -3.6622196e-04
   8.3711200e-03   9.7402983e-02  -5.7818894e-02   1.4331558e-03  -4.4115645e-04  -5.0135256e-05
   2.4553018e-02   5.4143224e-02  -7.7739562e-02   5.2954308e-04  -8.4716249e-04   5.9591044e-04
   2.3179531e-02  -1.3650282e-01  -4.7725834e-03   7.6792914e-04  -5.3088221e-04   1.9917009e-04
   4.0339533e-02  -2.5275337e-02  -1.0535759e-03   9.8975173e-04  -6.8929700e-04   2.6039415e-04
   6.2188228e-02  -1.0975701e-02   1.7877775e-02   1.2808462e-03  -8.7557527e-04   3.7506700e-04
   5.2782001e-02   1.3286293e-02   4.4562379e-02  -1.0228274e-04  -6.2015477e-04   1.0538218e-04
   4.4583453e-02  -3.8613931e-02   3.1246466e-02  -3.8370215e-04  -4.7150291e-04  -1.8688778e-04
   3.5785784e-02  -4.3324777e-03   5.8807474e-03  -4.1707081e-04  -5.9968214e-04  -3.4978276e-04
   3.7844732e-02  -1.4115012e-02  -3.6679182e-03  -3.3759866e-04  -7.8554583e-04  -3.9346644e-04
   4.4831929e-02   2.1971606e-04  -2.9765641e-02  -4.4039669e-04  -9.8422409e-04  -4.4831837e-04
   5.2998257e-02  -2.2543451e-04  -3.4419689e-02  -1.5663482e-04  -9.9819221e-04  -3.6834385e-04
   4.4259066e-02  -1.4633046e-03  -5.7920604e-02   4.5090535e-04  -1.0877674e-03  -7.4526772e-04
   8.1142141e-02   2.4822641e-02  -5.5475629e-02  -2.1798519e-04  -1.9294576e-03  -3.4296112e-04
   9.3748218e-02  -3.6219173e-02  -7.9404533e-02   1.1348368e-03  -1.9994553e-03   3.3266553e-04
   7.1681296e-02   2.4506655e-02  -1.0494389e-01   9.1724860e-04  -1.1817302e-03   6.1309872e-05
   5.6796082e-02   6.4743933e-02  -5.1041739e-02  -1.5808695e-04  -1.6472128e-03  -2.2291949e-04
   8.2044201e-02  -1.6854952e-02  -2.9567472e-02   4.5162923e-04  -1.6047290e-03  -1.3740992e-04
   8.2270406e-02   5.0025619e-02   1.9110887e-03  -3.1486627e-04  -9.9300201e-04  -7.1166492e-05
   7.9049710e-02  -3.9739843e-02  -8.6529256e-04  -5.4779049e-04  -7.8140939e-04  -4.5452063e-04
   7.1130305e-02  -1.3573264e-02  -2.8421093e-02   7.7428491e-04  -1.0574217e-03  -3.5130326e-04
   8.8074225e-02  -3.0242531e-02  -3.3512616e-03  -5.2194229e-04  -1.0988309e-03  -2.1784852e-04
   7.9995465e-02  -1.4823639e-02   1.4310778e-03  -5.6215637e-04  -1.1685449e-03  -4.1461754e-04
   9.2017151e-02   7.6856757e-03  -2.6796244e-02  -4.6325436e-04  -1.1312007e-03  -2.2963074e-04
   6.5683481e-02  -2.0656893e-03  -8.7906067e-03  -5.4633965e-04  -9.2018959e-04  -7.7442811e-04
   7.1504041e-02   1.2405624e-02  -2.7259524e-02   4.2301167e-04  -7.5021044e-04  -5.2847549e-04
   9.5694894e-02  -3.4000690e-02  -4.8780108e-02  -2.3218536e-04  -7.4847997e-04  -3.2682841e-04
   9.7735595e-02   4.0398847e-02  -5.7630190e-02   7.6273675e-04  -6.7606637e-04   1.8692219e-04
   9.2455035e-02   2.3623107e-02  -5.9158273e-02  -6.7462559e-05  -7.3892625e-04  -1.8000014e-04
   7.8225315e-02   7.2946169e-02  -5.5252427e-02  -3.9926348e-04  -6.5361577e-04  -4.7458184e-04
   6.9855879e-02  -4.1648141e-02  -3.2829776e-02   4.2171620e-06  -7.7693425e-04  -5.5977878e-04
   8.1694366e-02   3.5297367e-02  -2.8937123e-02  -1.3840576e-04  -8.3781679e-04  -3.2693246e-04
   8.1799570e-02  -9.1492402e-03  -3.0714899e-02  -4.0698531e-04  -7.3073057e-04  -3.6553044e-04
   1.1475011e-01   3.5931285e-03  -1.8226454e-02  -7.1044429e-04   2.5836565e-05  -7.3134247e-05
   1.1504297e-01   4.3858298e-05  -2.0406616e-02  -3.9647211e-04  -1.4872554e-04   1.7152795e-04
   1.2247790e-01  -6.8766369e-02   1.7638978e-03  -2.4712588e-04  -8.5224263e-05   4.1094525e-04
   7.8870747e-02   1.0898143e-02   1.2113869e-02  -2.8132550e-04   3.6931247e-04   4.2485167e-04
   8.4882862e-02   2.7621523e-02  -3.1770323e-02   3.5304163e-04   3.2844867e-04   4.8485896e-04
   9.0422277e-02   2.4389051e-02  -1.4109232e-02  -4.9320184e-04   2.7138164e-04   2.5961078e-04
   1.0460587e-01   8.9458533e-03  -1.7748477e-02   5.0414004e-04   2.2560078e-04   4.7983480e-04
   8.7991012e-02   7.5980069e-03   6.1863107e-03  -1.7003707e-04   4.1800639e-04   2.4874945e-04
   7.5838501e-02  -6.8159746e-03  -2.4702689e-02  -2.0912538e-04   3.5996737e-04   1.4546003e-04
   9.0565721e-02   8.7717100e-03  -3.7457515e-02   7.5065117e-05  -1.4471827e-04   2.7042686e-04
   8.2947775e-02   2.3764044e-02  -3.9015096e-02  -1.7047998e-04  -3.2825759e-04   2.2792623e-04
   8.7873083e-02   2.9102703e-02  -2.0341464e-02   1.0462080e-04  -3.9797046e-04   4.4733370e-04
   9.0281248e-02  -2.4680677e-03  -1.8225603e-02  -4.0612456e-04  -5.1233222e-04   2.5667625e-04
   8.6888431e-02   9.5327134e-03  -1.5280057e-02  -2.6925217e-04  -4.9579981e-04   2.8655676e-05
   1.0173090e-01  -7.1719984e-03  -3.1961417e-02  -2.8002203e-04  -5.0220101e-04  -3.0984092e-06
   1.0319233e-01   4.8098047e-03  -3.6177241e-02  -5.7872104e-04  -7.5971899e-04   2.3977109e-04
   9.7241853e-02   3.8361481e-02  -3.0593172e-02  -5.2885926e-04  -6.6625938e-04  -3.4193242e-06
   8.5239705e-02   2.3898595e-02  -4.2288555e-02  -3.5387280e-04  -8.1228900e-04  -2.6931911e-04
   8.6781972e-02   3.1868293e-02  -3.6403193e-02  -3.5636837e-04  -6.0768757e-04  -1.7056838e-04
   8.1491084e-02   1.8402779e-02  -3.2400893e-02  -4.0096584e-04  -7.2454899e-04  -3.5898566e-04
   7.3520082e-02   9.7894168e-04  -6.4938998e-02   5.3233855e-04  -6.8568552e-04  -1.6290799e-04
   7.0225882e-02   7.4614298e-02  -6.6034841e-02   2.7385975e-04  -1.2152303e-03  -1.9859791e-05
   6.8184821e-02   5.7245772e-02  -7.0710404e-02   1.0541751e-03  -1.0444765e-03  -1.2091166e-04
   5.9205640e-02   2.8361861e-02  -2.3410472e-02  -1.2985259e-04  -8.1849701e-04  -1.1140203e-04
   6.4620457e-02   3.4179525e-02  -3.6741333e-02   6.7954937e-06  -9.8263011e-04  -8.5610862e-05
   5.9768676e-02   2.2627007e-02  -3.0432025e-02  -5.7070430e-04  -5.8684614e-04  -3.7605884e-04
   6.4111152e-02   3.0228469e-02  -3.2110376e-02  -6.2110307e-04  -8.8422880e-04  -3.4950599e-04
   5.6544976e-02   3.0802376e-03  -3.6064095e-02  -6.0835585e-04  -7.5896765e-04  -5.0755780e-04
   6.7742595e-02   3.0246514e-02  -5.7922614e-02  -5.3022322e-04  -8.6905710e-04  -3.3648860e-04
   6.6248535e-02   4.8651907e-02  -8.7691336e-02   3.8652950e-04  -6.3229725e-04  -5.0257359e-04
   6.3551139e-02   4.9749930e-02  -6.3036648e-02  -6.3180201e-04  -7.7272481e-04  -4.2128407e-04
   8.6809168e-02   2.5046671e-02  -5.7393848e-02  -6.9557845e-04  -4.9466573e-04  -3.3730540e-05
   5.8810118e-02   4.8052358e-03  -5.8511149e-02  -5.8994914e-04  -3.6748902e-04  -6.1285703e-04
   6.9520347e-02   3.6886399e-02  -1.0925392e-01   1.0438946e-03  -1.0430595e-03  -1.2889170e-04
   6.4761321e-02   9.3168841e-03  -8.4743424e-02   8.2647458e-04  -1.2471930e-03  -3.2773014e-04
   6.8017225e-02   1.0165228e-01  -5.7439272e-02   2.6081370e-04  -1.0017145e-03  -2.3107189e-04
   4.2013039e-02   4.6871060e-02  -4.8075444e-02  -7.3234342e-05  -1.2658835e-03  -7.1341228e-04
   5.5170929e-02  -2.9434815e-02  -3.4187086e-02  -4.8023139e-04  -1.0651864e-03  -5.2762918e-04
   7.3146548e-02   5.5255877e-02  -6.4746020e-02   2.0896779e-04  -7.4735358e-04  -1.1040675e-04
   5.9327996e-02   4.5240875e-02  -5.6555632e-02  -4.7853330e-04  -7.6120677e-04  -3.6484164e-04
   6.0956336e-02   3.5276265e-02  -6.3962646e-02  -4.8660051e-04  -4.4090204e-04  -4.3725780e-04
   5.3602961e-02   3.1792782e-02  -5.1674111e-02  -2.3060571e-04  -5.4706259e-04  -5.3571377e-04
   6.2736750e-02   2.5810221e-02  -4.9475424e-02  -8.5520664e-05  -6.5383086e-04  -5.1777256e-04
   5.8440727e-02   2.4176442e-03  -4.2407064e-02  -1.6164915e-04  -5.5091438e-04  -6.2345425e-04
   5.6288489e-02   3.3647493e-02  -4.5054047e-02  -3.1847245e-04  -4.9376541e-04  -6.6603579e-04
   5.5707033e-02   2.8039953e-02  -4.4721421e-02  -3.8343596e-04  -2.4140795e-04  -5.3808149e-04
   4.2536638e-02   3.8398820e-02  -6.7063686e-02  -3.1877437e-04  -3.8793897e-04  -6.3808846e-04
   4.9235473e-02   2.8928983e-02  -6.1246569e-02  -3.0117322e-04  -4.5105463e-04  -5.8132130e-04
   3.7194850e-02   1.9329266e-02  -5.4973976e-02  -2.6737918e-04  -5.6303399e-04  -8.2520247e-04
   5.0051931e-02   5.8290781e-02  -4.0711121e-02  -1.8014941e-04  -5.0800099e-04  -4.4903737e-04
   5.2851354e-02   4.2955989e-02  -3.7190844e-02  -5.0037315e-04  -3.6352272e-04  -2.7357145e-04
   6.9226356e-02  -1.7632737e-03  -4.2164811e-02  -5.7264953e-04  -3.6508448e-04  -1.6622157e-04
   7.3968577e-02   2.7453512e-02  -5.8598421e-02  -4.2130989e-04  -4.2283290e-04  -2.0234788e-04
   7.9599130e-02   1.8222905e-02  -6.9584091e-02  -8.6763417e-05  -3.8214845e-04  -3.0038645e-04
   8.7037682e-02   1.2286199e-02  -7.7217952e-02   1.5041088e-04  -6.1020205e-04  -2.7595270e-04
   9.3622873e-02   5.1002015e-02  -8.6380487e-02  -8.1567765e-05  -4.5875383e-04  -1.2404560e-04
   9.3935215e-02   4.9155670e-02  -9.7279923e-02   9.3039435e-04  -3.2015869e-04  -9.2919823e-05
   9.0623017e-02   2.7745680e-02  -5.7890280e-02  -8.1605957e-07  -4.1387457e-04  -2.3354117e-04
   8.2167396e-02   7.0311637e-03  -6.2245816e-02   5.0909048e-05  -3.8187528e-04  -2.9345177e-04
   8.3596997e-02   5.2727561e-02  -1.0793344e-01   1.0154955e-03  -7.3941125e-04  -2.2210613e-04
   7.3175232e-02   9.3906098e-02  -8.8690094e-02  -4.4459107e-05  -7.0363408e-04  -9.2310648e-05
   6.3302385e-02   5.7830774e-02  -7.4457321e-02  -5.0786966e-04  -3.2210442e-04  -2.9917983e-04
   5.7797868e-02   1.6303964e-02  -6.4822425e-02  -3.3404635e-04  -4.6818857e-04  -2.1338027e-04
   6.2248410e-02   3.8254900e-02  -4.7739216e-02  -2.8971768e-04  -2.8944832e-04  -2.9869636e-04
   6.3304234e-02  -1.5210133e-02  -5.6241991e-02  -3.1260286e-04  -3.0780679e-04  -2.9095059e-04
   7.9092630e-02  -3.1089526e-03  -7.3987009e-02  -3.3308245e-04  -3.3821955e-04  -2.6772578e-04
   8.6970180e-02   3.5149280e-02  -8.5020520e-02  -1.5088838e-04  -4.0167360e-04  -1.2590329e-04
   7.7493437e-02   3.2853745e-02  -8.0643421e-02  -3.4186500e-04  -6.2893732e-04  -4.2424792e-04
   5.9054063e-02   4.3882715e-02  -6.0580230e-02   3.8139909e-05  -4.0430660e-04  -4.4701745e-04
   6.0993289e-02   4.3462167e-02  -6.2221180e-02  -2.2943003e-04  -5.3136963e-04  -4.2947238e-04
   6.6773098e-02   1.0510814e-02  -6.8255954e-02  -1.4066635e-04  -4.3525119e-04  -3.0834254e-04
   7.7520543e-02   2.4435561e-02  -5.9657917e-02  -2.3098427e-04  -4.2437448e-04  -1.2962089e-04
   9.0280071e-02   1.3324506e-02  -1.0404548e-01   1.0249245e-03  -8.5270087e-04   4.2685890e-04
   6.7729455e-02   3.7534525e-02  -1.0351853e-01   3.2257282e-04  -4.1011688e-04  -2.6030418e-04
   5.3160977e-02   7.4069403e-02  -6.4071292e-02  -4.2940615e-04  -3.2952100e-04  -4.8973090e-04
   5.9864396e-02   9.0704706e-03  -6.8901567e-02   7.6545032e-05  -5.8211624e-04  -4.6637573e-04
   8.8211695e-02  -1.8652430e-02  -7.1966187e-02   5.1959053e-06  -6.9637736e-04  -8.8935139e-05
   7.9733467e-02   4.1525402e-02  -8.5798819e-02  -6.5918785e-04  -7.0179976e-04  -1.1727852e-04
   7.4983782e-02   1.5961178e-02  -7.9997700e-02  -5.7498127e-04  -7.1780858e-04  -2.0593915e-04
   8.0227491e-02   1.7424399e-02  -1.2786426e-01   9.3272045e-04  -4.1848070e-04  -2.5795884e-04
   7.8239636e-02   1.9287307e-02  -8.7974439e-02  -1.6337772e-04  -7.5537910e-04  -3.1241412e-04
   7.0032004e-02   2.6923291e-02  -8.3847793e-02  -1.9376373e-04  -7.4721758e-04  -2.7615750e-04
   6.7649336e-02   1.0111835e-02  -8.8640202e-02  -2.6116033e-04  -5.0686230e-04  -2.6031372e-04
   7.0960883e-02   2.9224089e-02  -9.2650675e-02  -3.3559964e-04  -4.7604077e-04  -2.6469624e-04
   8.0107008e-02   2.0080315e-02  -9.3850128e-02  -1.1323218e-04  -5.0512859e-04  -1.9791914e-04
   6.8664302e-02   2.1280585e-02  -9.3361074e-02   8.1772130e-06  -6.3598702e-04  -3.2542006e-04
   6.6189535e-02   8.8766097e-02  -1.2866909e-01   4.5151291e-04  -7.5308552e-04   2.2793316e-05
   6.2965107e-02   3.4260147e-02  -1.0682253e-01   3.7100662e-04  -5.6868179e-04  -3.5667651e-04
   4.9094947e-02   7.5377971e-02  -8.5973800e-02  -3.0419697e-04  -5.0881899e-04  -5.4538509e-04
   4.8531292e-02   3.1631485e-02  -7.0141187e-02  -8.2336288e-05  -4.2184903e-04  -5.1911319e-04
   6.9014995e-02   3.1654775e-02  -5.2576124e-02  -1.5022033e-04  -4.6335919e-04  -3.5485248e-04
   6.9574514e-02  -3.5518752e-02  -5.6282564e-02  -1.9137657e-04  -4.4145244e-04  -3.6461192e-04
   7.1126026e-02   1.6641775e-02  -6.4476197e-02  -5.7194390e-04  -4.5856595e-04  -3.9648434e-04
   6.8992043e-02   2.4860344e-02  -7.8197498e-02  -7.0794036e-04  -3.2580777e-04  -2.9846214e-04
   5.8461990e-02   4.1338427e-02  -1.0985996e-01   4.8834686e-04  -4.4489821e-04  -4.0727410e-04
   6.5074182e-02   4.9674239e-02  -8.2954222e-02  -1.4280774e-04  -6.1012523e-04  -4.0377359e-04
   5.9380059e-02   1.7543296e-02  -7.8968080e-02  -3.6553367e-04  -5.9564746e-04  -3.5960136e-04
   5.9361116e-02   1.1405909e-02  -7.8515935e-02  -3.0908605e-04  -6.5412381e-04  -3.6090057e-04
   5.9401429e-02   1.5716856e-02  -7.8901359e-02  -2.8419352e-04  -5.7980537e-04  -4.9563183e-04
   6.1746594e-02   6.8192811e-02  -1.1678890e-01   1.0182871e-03  -9.7252396e-04  -2.3488497e-04
   5.4235481e-02   6.6083899e-02  -1.0819411e-01   4.4293753e-04  -1.2088647e-03  -4.3809201e-04
   3.8302645e-02   1.4544592e-02  -1.1892721e-01   5.1030999e-04  -1.1719355e-03  -6.7847805e-04
   4.9166799e-02   8.2903173e-02  -9.2787051e-02   7.5091563e-05  -1.1167309e-03  -6.2513495e-04
   4.0915240e-02   1.7980776e-02  -8.6112596e-02   9.8643796e-05  -1.0877773e-03  -6.4150455e-04
   3.5695829e-02   5.4202790e-03  -5.1392428e-02  -4.3625951e-05  -9.8018091e-04  -8.6115110e-04
   2.8391983e-02   1.5043752e-02  -6.5817781e-02  -2.1518059e-04  -1.2648285e-03  -9.1867923e-04
   4.1141505e-02   2.8387666e-02  -1.1364407e-01   5.3167506e-04  -1.7982524e-03  -7.7805202e-04
  -4.6858984e-03   2.6973577e-02  -7.9652119e-02   1.2866154e-04  -1.5802760e-03  -1.3768312e-03
   1.0938894e-02   2.0497216e-02  -8.7935867e-02  -2.2132624e-05  -1.4783274e-03  -1.1861214e-03
   2.7416948e-02   5.0461653e-02  -8.4228832e-02   2.1819550e-05  -1.2607140e-03  -6.3725757e-04
   2.4462305e-02   3.3002937e-02  -9.7788875e-02   1.5532199e-04  -1.0763141e-03  -4.5033835e-04
   8.2513486e-02   4.9802982e-02  -1.0096248e-01   5.7501917e-05  -6.8514766e-04   1.5052808e-04
   6.6547540e-02   4.4346178e-03  -1.0002411e-01   1.0270684e-03  -9.2842528e-04  -1.8679165e-04
   4.6734924e-02   7.2494707e-02  -1.2266544e-01   1.2370814e-03  -1.3561916e-03  -5.8701569e-04
   5.5493827e-02   1.8544919e-02  -1.3839210e-01   5.8706437e-04  -8.7952158e-04  -2.5666250e-04
   3.4106594e-02   1.6657474e-01  -1.1696796e-01   6.3532128e-04  -1.9852075e-03  -7.8924183e-04
   3.7658227e-02   6.5626737e-03  -8.4856391e-02   8.1162429e-04  -1.8952318e-03  -9.2380638e-04
   2.5248211e-02  -2.7343033e-03  -6.9366009e-02   7.5997808e-04  -1.1974844e-03  -1.1272455e-03
   4.1622017e-02   7.1064816e-02  -7.6726442e-02   3.4765273e-04  -1.3974599e-03  -6.7124422e-04
   4.1877819e-02   1.9526741e-02  -6.7893408e-02  -1.7912406e-04  -1.1500887e-03  -6.3303529e-04
   5.0393458e-02   1.8217341e-02  -7.6720681e-02  -4.3438855e-05  -9.3748911e-04  -5.6600906e-04
   6.7828791e-02  -1.5604536e-03  -8.8750639e-02   5.1089149e-04  -1.0462678e-03  -5.1454143e-04
   6.8571405e-02   1.1807124e-02  -8.2557827e-02   5.3897618e-04  -1.1402322e-03  -3.3561396e-04
   6.2375884e-02   1.0878919e-02  -9.8284315e-02   2.2612167e-04  -1.1581011e-03  -5.2010531e-04
   5.1969833e-02   5.2256136e-02  -9.6685452e-02   5.1222911e-04  -1.0701546e-03  -9.6052088e-04
   5.5912516e-02   5.5627025e-02  -1.2390552e-01   1.1939494e-03  -1.1593510e-03  -4.4269990e-04
   5.2767163e-02   6.6206093e-02  -9.9380365e-02   5.7398880e-04  -1.2455316e-03  -5.2431850e-04
   4.0485252e-02   4.8147504e-03  -7.0710614e-02   4.4680078e-04  -6.5795647e-04  -5.7903991e-04
   4.8981915e-02   7.2310454e-02  -7.1672670e-02   6.4017087e-05  -9.0547696e-04  -5.8767917e-04
   7.3972625e-02   4.3990992e-02  -9.0220167e-02   9.8934919e-04  -1.1065959e-03  -4.0989643e-04
   6.4646322e-02  -2.5547825e-03  -6.3913268e-02   3.3371316e-04  -1.0311628e-03  -6.3030377e-04
   7.3506650e-02   2.2101649e-02  -7.1519808e-02  -1.1886400e-04  -9.1701370e-04  -5.0839092e-04
   8.2083790e-02   2.5340116e-02  -8.5650546e-02  -2.3189353e-04  -1.0461874e-03  -3.0351394e-04
   8.2030137e-02  -1.1105959e-02  -9.4867455e-02   5.3874660e-05  -8.2864796e-04  -4.4721095e-04
   5.6476964e-02   2.2656989e-02  -1.0485073e-01   1.5771475e-04  -6.0080346e-04  -8.2480100e-04
   8.2345041e-02   1.5841224e-02  -1.1347635e-01   1.9060304e-04  -6.9105276e-04  -3.6828151e-04
   6.7769949e-02   8.7077242e-03  -9.8533681e-02   7.3222684e-05  -7.9046968e-04  -7.4102311e-04
   5.2729529e-02  -1.1198389e-02  -9.9154061e-02   2.6916103e-04  -5.1355054e-04  -1.0276864e-03
   6.0813227e-02   7.7550490e-02  -1.5372954e-01   2.0949611e-03  -1.3939690e-03  -4.6430203e-04
   5.1253945e-02   7.5868007e-02  -1.3231135e-01   7.5474298e-04  -1.3995309e-03  -6.7408788e-04
   6.1347180e-02  -5.3042658e-03  -1.2163827e-01   8.5252739e-04  -1.7286497e-03  -7.8999648e-04
   9.0643072e-02   1.4974575e-01  -1.1758002e-01   1.0662359e-03  -2.1843767e-03   1.3271113e-04
   8.9254103e-02  -1.3636129e-01  -9.2788445e-02   9.8983049e-04  -2.0471081e-03  -9.4758681e-05
   8.8320814e-02  -4.8196010e-03  -8.3137300e-02   1.2118891e-03  -2.0011643e-03  -4.9791955e-04
   8.8174623e-02   4.5253385e-02  -7.5822898e-02   4.3607729e-04  -1.6616840e-03  -4.8520011e-04
   9.4548896e-02  -3.3582930e-02  -7.3116837e-02   9.3714143e-04  -1.5798164e-03  -3.8174381e-04
   1.0268071e-01   3.6697937e-02  -8.3893526e-02   1.0131847e-03  -1.4479494e-03  -2.7111593e-04
   9.3442455e-02   1.4416342e-02  -8.0632375e-02   6.8857675e-04  -1.5438226e-03  -4.7991443e-04
   8.1373397e-02   1.7535484e-02  -1.0051938e-01   7.3020421e-04  -1.3108842e-03  -6.9109463e-04
   9.7903274e-02   4.6664442e-02  -1.0531094e-01   5.1150689e-04  -1.5752596e-03  -3.5011832e-04
   1.0039987e-01   4.4591794e-02  -1.3228611e-01   6.8467755e-04  -1.5150275e-03  -3.4705703e-04
   1.0699569e-01   4.7714415e-02  -1.7217858e-01   1.5969288e-03  -2.1666852e-03   2.8058959e-04
   7.3265577e-02   6.7089866e-02  -1.6351759e-01   1.1382907e-03  -1.7399811e-03  -6.3235638e-04
   7.6727710e-02   8.6704135e-02  -1.2187765e-01   3.1476609e-04  -1.8040079e-03  -8.3434853e-04
   7.5810462e-02   6.3461398e-02  -1.3125326e-01   7.6620851e-04  -1.7495842e-03  -7.3219422e-04
   6.7841430e-02   5.0011093e-02  -1.2732667e-01   6.2921899e-04  -1.5235607e-03  -7.6470359e-04
   5.6566068e-02   3.5616359e-02  -1.2843250e-01   3.0574190e-04  -1.4358791e-03  -9.5210099e-04
   6.6723758e-02   2.6682884e-02  -1.2791979e-01  -9.5027861e-05  -1.4751591e-03  -8.7267466e-04
   6.5211029e-02   1.7748491e-02  -1.5483483e-01   1.3167548e-03  -1.3160912e-03  -9.2942429e-04
   8.2793674e-02   8.9397608e-03  -1.2976806e-01   2.3460302e-04  -1.4303422e-03  -8.2543622e-04
   7.0067854e-02   2.6707549e-02  -1.3994400e-01   4.5930786e-04  -1.5077752e-03  -8.4121018e-04
   6.2978933e-02   3.9923138e-02  -1.6639194e-01   1.3950032e-03  -1.4288112e-03  -9.3374509e-04
   6.2900317e-02   3.2917653e-02  -1.4239401e-01   5.2771893e-04  -1.4345910e-03  -9.9357827e-04
   5.8993363e-02  -4.0366994e-03  -1.3551178e-01   6.9156005e-04  -1.4983953e-03  -9.3192526e-04
