   0.0000000e+00   0.0000000e+00   0.0000000e+00   0.0000000e+00   0.0000000e+00   0.0000000e+00
   5.3548252e-03  -2.2607630e-02   2.4638151e-02  -2.8302698e-04   2.1291081e-05  -1.5976948e-05
   9.1743981e-03   2.3364277e-02   3.7658946e-02  -9.0297803e-04   7.4347426e-05  -1.8642552e-04
   6.9524905e-03   5.7423131e-02   5.4703224e-02  -1.0421551e-03  -2.0206361e-05  -1.7498087e-04
   7.0635396e-03   2.5716585e-03   4.9505936e-02  -1.1903506e-03   2.8857057e-05  -1.7224354e-04
   9.2828474e-03  -9.6540260e-03   2.7465566e-02  -1.2417049e-03  -1.1881139e-04  -1.3744035e-04
   1.8462980e-03   7.2172670e-02   2.8800957e-02  -1.1964988e-03  -2.8262005e-04  -1.3562998e-04
   2.6287200e-03   1.1183402e-02   3.7749209e-02  -1.2516294e-03  -1.5797174e-04  -2.9455531e-04
   3.6920393e-03  -1.5205404e-02   4.2775549e-02  -9.5108615e-04  -1.3001113e-04  -2.2992205e-04
   9.8451784e-03   2.0235631e-02   3.1752049e-02  -1.5563581e-03  -1.2113298e-04  -9.3583526e-05
   1.0080830e-02   4.7462904e-02   3.5889335e-02  -1.7685352e-03  -7.8265122e-05  -2.0659847e-04
   5.5545646e-03  -1.8699363e-02   2.0192858e-02  -1.3558572e-03  -2.5599664e-06  -1.8959825e-04
   3.8843815e-03   3.6066804e-02   2.5445276e-02  -1.5385524e-03   1.3192321e-04  -1.9821397e-04
  -1.3523941e-03   8.5594924e-02   3.8241760e-02  -1.4497951e-03   1.5461899e-04  -2.7914429e-04
   2.5062368e-03   3.5965553e-02   1.0705350e-02  -8.5928416e-04   4.0424335e-04  -8.4108092e-05
   1.8850770e-02   5.2948017e-02   1.9871305e-03  -9.7703666e-04   2.7914685e-04   1.3163045e-04
   2.9314405e-02   1.3849652e-01  -5.6698793e-02  -1.8676874e-04   2.4689066e-04   4.7338771e-04
   2.7072628e-02  -2.7007641e-01  -3.3779641e-02  -7.3678869e-05   3.4794675e-04   1.5230988e-04
   2.1225690e-02  -8.7149693e-03  -5.2062548e-03  -4.0711369e-04   8.2675189e-04   2.3149743e-04
   1.9185954e-02   4.8461159e-02  -6.0627281e-03  -1.2405186e-03   9.1617270e-04   1.8549189e-04
   2.9302563e-02   2.1091383e-02   1.2144071e-02  -2.0536533e-03   1.0025619e-03  -6.3223820e-05
   2.8746348e-02  -7.7118861e-02   9.4965429e-03  -1.7782250e-03   1.2196006e-03   9.0608899e-05
   3.3035081e-02  -5.7182837e-03   9.3747409e-03  -2.1328362e-03   1.3038755e-03  -2.1091588e-05
   2.6641493e-02   4.9507849e-03   9.7454523e-03  -1.9910009e-03   1.3731917e-03  -2.7716516e-05
   3.4642560e-02  -6.1980767e-02  -1.2892672e-03  -2.1999046e-03   1.4260021e-03   7.3702862e-05
   2.4500363e-02   7.1120586e-02   2.1118483e-03  -2.3806438e-03   1.5746294e-03  -2.0917370e-04
   2.3187039e-02  -3.0740400e-02  -9.3768471e-04  -2.0663678e-03   1.6105067e-03  -2.4823654e-04
   3.3706122e-02   6.9880357e-02   6.2167127e-02  -4.1461513e-03   1.3585793e-03   5.0228313e-04
   3.6892635e-02  -9.4807765e-03   1.7219809e-02  -2.1795492e-03   1.4242229e-03  -4.3211087e-05
   2.7475418e-02   2.6772137e-02   1.7704039e-02  -3.1860754e-03   1.6955674e-03  -2.0801919e-04
   1.4549773e-02   2.5428282e-02   3.5992714e-02  -3.1691592e-03   1.7509426e-03  -3.9868509e-04
   1.3272978e-02   6.3425864e-03   4.0903786e-02  -3.2434430e-03   1.8101914e-03  -5.8569938e-04
   2.4454356e-02  -3.3176719e-02   3.9358031e-02  -3.2765556e-03   1.8949747e-03  -4.1639094e-04
   2.5518087e-02   2.1754108e-02   5.4334160e-02  -3.7255787e-03   1.9960551e-03  -7.9689022e-04
   1.0120114e-02  -1.5826537e-02   2.4277487e-02  -3.6930619e-03   1.9076627e-03  -9.9142392e-04
   8.6035441e-03  -3.0972721e-02  -3.6731532e-03  -3.9217473e-03   2.0116183e-03  -1.1045197e-03
   1.6818033e-03   1.2055626e-01   2.5643156e-02  -4.1967535e-03   2.3474275e-03  -1.2373479e-03
   3.0766119e-03  -5.3979780e-02   3.6806577e-02  -3.7299627e-03   2.2882778e-03  -1.1732201e-03
   3.4411621e-03   6.5633532e-02   4.5441078e-03  -3.3637638e-03   2.7482457e-03  -9.6314967e-04
  -1.7614672e-03   1.3605542e-02   1.9128291e-02  -4.4234061e-03   2.3383780e-03  -1.2543334e-03
   5.8825163e-03  -3.9913695e-02  -1.0769130e-02  -3.5486824e-03   2.4082419e-03  -1.0459335e-03
  -2.2882389e-03   1.0551461e-01   1.8701023e-02  -4.2156250e-03   2.4963129e-03  -1.5199504e-03
  -1.1680320e-03   1.9618749e-02   3.7286968e-02  -4.2968433e-03   2.6676214e-03  -1.3330644e-03
   8.9149425e-03  -5.7649506e-02   3.4170035e-02  -4.4274231e-03   2.6248956e-03  -1.3340749e-03
   7.1225193e-03   4.5726436e-02   2.1631265e-03  -4.5186894e-03   2.6393754e-03  -1.4632995e-03
   1.1392259e-02   4.4744764e-02   1.8105959e-02  -4.5369765e-03   2.6734544e-03  -1.3041911e-03
   1.1666949e-02   2.1230813e-03   1.0903059e-02  -3.3597059e-03   2.8548794e-03  -1.2196141e-03
   1.5316377e-03   1.1974267e-02   6.3785040e-02  -4.5565304e-03   2.7678134e-03  -1.4257328e-03
  -3.1783979e-03   6.4139657e-03   5.5884187e-02  -4.5547715e-03   2.8007100e-03  -1.5292400e-03
   1.1078116e-02  -6.4552652e-02   4.7807134e-02  -4.7426092e-03   2.8053119e-03  -1.4956003e-03
   1.1395087e-02   6.2266653e-02   3.5893402e-02  -5.2465018e-03   2.9680560e-03  -1.6150583e-03
   1.4566303e-02   2.1762508e-02   2.1036436e-02  -5.1646469e-03   2.8717355e-03  -1.6300544e-03
   4.0109903e-03  -1.1367359e-02   7.4498455e-03  -4.7927037e-03   2.8557821e-03  -1.6381905e-03
  -1.4355444e-02   1.2475694e-01   3.7676737e-02  -5.2713563e-03   3.2217942e-03  -1.4347139e-03
  -4.0520199e-03  -6.2247524e-02   1.9838381e-02  -4.6171416e-03   3.1659749e-03  -1.5637011e-03
   1.4095225e-02   3.6442303e-02  -1.7538257e-02  -3.9777439e-03   2.9960811e-03  -1.0414648e-03
   2.6032376e-02  -4.9087185e-03  -1.3115341e-01  -2.3142736e-03   3.6732098e-03  -6.2179508e-04
  -4.0632136e-03  -2.4068304e-02  -1.4312199e-01  -1.5199801e-03   4.3566206e-03  -1.4643935e-03
  -9.9928099e-03  -6.5468063e-02  -8.5465645e-02  -2.1230752e-03   4.3225628e-03  -1.3763683e-03
   1.0153934e-03  -1.5465836e-01  -6.6646134e-02  -1.7859213e-03   4.0913291e-03  -2.8764989e-04
  -3.0805316e-03  -3.6650573e-02  -5.6510956e-02  -2.5056078e-03   3.7066011e-03  -4.9291076e-04
  -5.6245284e-03  -6.6529177e-02  -4.6934792e-02  -2.5191444e-03   3.8873721e-03  -7.9748955e-04
  -7.8270763e-03  -1.0562677e-01  -5.9662628e-02  -2.5171165e-03   3.8392648e-03  -6.3987306e-04
  -1.8998647e-03  -2.5776554e-02  -6.8971518e-02  -3.4042821e-03   3.7385745e-03  -9.5912719e-04
  -5.9769112e-03  -8.4617861e-03  -1.0379432e-01  -3.1875146e-03   3.9682601e-03  -1.0554422e-03
  -1.5038859e-02  -2.1433326e-02  -8.8443571e-02  -3.0631318e-03   4.1677447e-03  -9.0156225e-04
  -9.2748546e-03  -8.2779309e-02  -9.7875146e-02  -2.1945121e-03   4.7167611e-03  -6.1267663e-04
  -9.9247461e-03  -3.0473817e-02  -6.7196972e-02  -2.7568015e-03   4.8771558e-03  -8.5553092e-04
  -2.4794649e-03  -6.3470350e-02  -6.5453035e-02  -3.1215608e-03   4.6854041e-03  -9.8476670e-04
   2.8580550e-03  -7.0213229e-02  -8.0393122e-02  -3.1124644e-03   4.6144517e-03  -8.3308984e-04
   1.1093415e-02   1.1118163e-02  -6.6200448e-02  -3.2155690e-03   4.7153114e-03  -7.4601834e-04
   9.5781196e-03  -5.6653136e-02  -5.2213287e-02  -3.2052620e-03   4.5588038e-03  -5.5265493e-04
   2.4606305e-02  -5.1561488e-02  -4.8852407e-02  -3.2255918e-03   4.4705981e-03  -5.9481366e-04
   1.8310775e-02  -2.4912790e-03  -4.6395288e-02  -3.4612137e-03   4.5772444e-03  -7.5059663e-04
   2.4455547e-02  -6.4627651e-02  -6.1411927e-02  -3.3371700e-03   4.5976394e-03  -5.4449891e-04
   2.7875315e-02  -6.0178341e-02  -8.2834137e-02  -3.0624710e-03   4.4917997e-03  -5.2221769e-04
   2.4571041e-02   5.1209720e-02  -8.2603745e-02  -3.3488465e-03   4.5727690e-03  -5.2401742e-04
   2.1849887e-02  -6.7926909e-03  -9.8147861e-02  -2.9675544e-03   4.7453262e-03  -5.8407216e-04
   2.5784498e-02  -8.6926542e-02  -7.5586492e-02  -3.2658856e-03   4.6012774e-03  -3.7867360e-04
   4.6726397e-03   3.6581825e-02  -6.3480199e-02  -2.6107690e-03   5.1677470e-03  -7.1866774e-04
   3.9266870e-03   6.6046812e-03  -5.2965372e-02  -3.2330295e-03   4.8459074e-03  -6.3424599e-04
   1.6451002e-02  -5.0406992e-02  -8.0993484e-02  -3.2022888e-03   4.7782447e-03  -6.2434343e-04
   1.6977380e-03   7.5525617e-02  -8.3355471e-02  -3.3478711e-03   4.8380240e-03  -8.6223619e-04
  -4.2245838e-03  -5.4394429e-02  -7.0308449e-02  -3.0824793e-03   4.7979591e-03  -6.1430911e-04
  -2.8136682e-03   9.7198592e-03  -7.0413500e-02  -3.5426406e-03   4.9591457e-03  -8.3523449e-04
   4.5489304e-03  -1.2393675e-02  -4.6863842e-02  -3.8669392e-03   5.0263185e-03  -9.2462699e-04
   9.0319181e-03  -5.3474690e-02  -5.2460130e-02  -3.4399216e-03   5.0734883e-03  -9.4345625e-04
   1.5698167e-02  -4.5359458e-02  -7.2463162e-02  -3.4578626e-03   5.4166213e-03  -5.5123532e-04
   1.1136257e-02   9.7351814e-03  -7.8383011e-02  -3.6401422e-03   5.4727738e-03  -6.8664322e-04
   1.5376318e-02  -8.2050709e-02  -7.5740933e-02  -3.8082173e-03   5.1742628e-03  -7.0223994e-04
   4.6642973e-03   6.9530831e-02  -7.0983453e-02  -4.0498110e-03   5.2633170e-03  -7.7930049e-04
  -3.6525652e-03  -2.9430632e-04  -4.7823569e-02  -4.1758060e-03   5.2001280e-03  -7.2253701e-04
  -6.2812403e-03  -3.0374166e-02  -7.6605375e-02  -3.3275804e-03   5.5425795e-03  -7.4996523e-04
   5.4991916e-03  -1.8904571e-02  -7.5278634e-02  -3.9373422e-03   5.3754803e-03  -6.6119330e-04
   8.6654265e-04   1.6939985e-02  -4.7625746e-02  -4.1576770e-03   5.3744425e-03  -7.4463970e-04
   7.3685777e-03  -8.6305575e-02  -5.0579631e-02  -3.7192785e-03   5.4338718e-03  -6.2288724e-04
   1.0542470e-02   5.8249048e-02  -6.5667502e-02  -3.7617524e-03   5.3928323e-03  -6.4375495e-04
   3.2468388e-03  -5.7227782e-02  -5.2652364e-02  -3.8582599e-03   5.3656869e-03  -6.8240694e-04
   1.9564986e-02  -3.6331700e-02  -8.4420348e-02  -3.1717668e-03   6.0354194e-03  -6.7122586e-04
   1.6553915e-02   1.5671768e-03  -5.4031018e-02  -4.5070867e-03   5.7957955e-03  -7.2857239e-04
   1.9275095e-02  -4.9039314e-02  -7.9929311e-02  -3.3562949e-03   5.7325789e-03  -5.6594535e-04
   1.5720299e-02  -2.7213660e-02  -2.7455421e-03  -4.2057143e-03   5.7414948e-03  -4.0692099e-04
  -8.0449083e-03   1.8070433e-02   2.8395268e-02  -4.3038796e-03   5.7687447e-03  -6.4863100e-04
   4.6908976e-03  -7.8749471e-02   8.4537006e-03  -3.5022127e-03   6.2298322e-03  -1.3205952e-04
   4.2441842e-03   1.9394007e-02   1.2268852e-03  -4.0189210e-03   6.1226669e-03  -3.4647558e-04
  -6.6739657e-04  -2.8794373e-05  -6.4323029e-03  -4.0090925e-03   6.0682773e-03  -4.9222734e-04
   3.0865598e-04  -8.9211765e-02   8.2901681e-03  -4.1929620e-03   6.0174595e-03  -3.4330527e-04
  -4.7114912e-03   5.9633050e-02   1.4999394e-02  -4.5180552e-03   6.0202445e-03  -5.6385676e-04
   1.3197538e-03  -3.3793407e-02   1.1020373e-03  -4.2405236e-03   5.8474997e-03  -3.7467551e-04
   1.1474733e-02   2.4873934e-02   4.0082318e-03  -4.6575585e-03   5.9156453e-03  -5.2169935e-04
   5.5349488e-03   1.3089538e-02   8.1497441e-03  -4.5321536e-03   6.0204430e-03  -3.9274545e-04
   2.3419994e-04  -4.7859298e-02   7.4591763e-03  -4.3679750e-03   5.9283844e-03  -3.2778060e-04
  -3.3810324e-03   2.3994597e-02  -3.7795316e-03  -4.7368475e-03   6.3060280e-03  -1.8347913e-04
  -5.0096536e-03   1.9432214e-02  -3.7200390e-03  -4.6968396e-03   5.9048245e-03  -4.4361608e-04
   6.4923526e-03  -7.2880574e-02  -4.4475088e-02  -4.0788804e-03   6.3528053e-03  -1.5711079e-04
  -7.1366254e-05   2.7857920e-02  -2.7916898e-02  -4.4705309e-03   6.3771019e-03  -2.7793282e-04
   4.4100186e-03   3.5012993e-02  -3.8733163e-02  -3.9749274e-03   6.3457260e-03  -2.6700778e-04
   3.3395835e-03  -2.8149711e-02  -4.2719979e-02  -3.9597105e-03   6.3863393e-03  -2.9608900e-04
   9.7923862e-03   1.4052369e-02  -4.2330817e-02  -4.4562233e-03   6.3474087e-03  -2.8877870e-04
   3.3011758e-03   7.1018516e-03  -2.3583302e-02  -4.4708371e-03   6.2244150e-03  -4.4537763e-04
   3.5700702e-03  -8.5032509e-02  -1.9111903e-02  -4.1859410e-03   6.0114054e-03  -3.7660923e-04
   1.4813097e-02   9.0149368e-03  -6.6448335e-02  -3.5702826e-03   5.7938606e-03  -4.2044606e-04
   6.9419466e-03  -6.6274306e-02  -5.6856729e-02  -3.7005030e-03   5.9828051e-03  -5.2639974e-04
   1.6210953e-03  -9.3420069e-02  -4.0559131e-02  -3.6000601e-03   5.9535384e-03  -6.9877381e-04
  -2.5708042e-03   8.5758376e-03  -4.2367409e-02  -3.4177558e-03   6.3581571e-03  -7.6864573e-04
  -4.1814986e-03  -3.0735276e-02  -2.2853465e-02  -4.2138866e-03   6.2105906e-03  -8.6280036e-04
  -1.6166897e-03  -1.0584289e-01  -3.2758447e-02  -4.3899901e-03   6.2592327e-03  -8.1271257e-04
  -1.5518797e-02   9.0911762e-02  -4.2206819e-02  -4.7626723e-03   6.2908605e-03  -9.1878095e-04
  -1.5924572e-02  -3.0455189e-02  -3.6755422e-02  -4.0373708e-03   6.2540536e-03  -8.4614741e-04
  -9.2969061e-03  -4.5318843e-02  -3.1422300e-02  -4.1822693e-03   6.4340643e-03  -7.8360935e-04
  -1.5577494e-02   4.0317662e-02  -2.4685726e-02  -4.4662860e-03   6.5034715e-03  -9.4610002e-04
  -1.5819072e-02  -7.5150392e-02  -2.4108808e-02  -4.3601434e-03   6.3810904e-03  -8.7126746e-04
  -9.7429692e-03   1.0054441e-02  -2.4153786e-02  -4.7099342e-03   6.5912632e-03  -9.0287222e-04
  -6.6736653e-03  -1.3614152e-02  -2.2703148e-02  -4.8960727e-03   6.6783141e-03  -1.0355953e-03
  -9.9030737e-03  -5.7853930e-02  -2.0113520e-02  -4.8369591e-03   6.6136822e-03  -1.0974136e-03
  -1.3124413e-02  -3.2270479e-03  -3.4733457e-02  -4.9432202e-03   6.8525923e-03  -1.2189024e-03
  -1.2514868e-02   1.1015860e-02  -3.3495606e-02  -5.1587832e-03   6.6879184e-03  -1.1196616e-03
  -1.7783386e-02  -4.8187033e-02  -5.0917816e-02  -4.3663467e-03   6.5423001e-03  -1.1779388e-03
  -1.3482745e-02  -1.3766466e-02  -5.3178758e-02  -5.1641938e-03   6.6185654e-03  -9.7947552e-04
  -1.7507206e-02   5.1344512e-02  -6.0526858e-02  -5.2989490e-03   6.7746670e-03  -1.1026138e-03
  -1.7555266e-02   1.0055203e-02  -8.6991902e-02  -4.2426526e-03   6.9384273e-03  -1.1461805e-03
  -5.8320467e-03  -6.7907719e-02  -8.8075504e-02  -4.2810149e-03   7.0651538e-03  -7.6174810e-04
  -1.9006736e-02   6.0045736e-02  -6.1503415e-02  -4.7959730e-03   7.0622211e-03  -8.7915026e-04
  -1.5664569e-02  -6.0905827e-02  -4.5973387e-02  -4.8572233e-03   6.8173779e-03  -7.9962335e-04
  -1.9983260e-02   7.4317812e-02  -5.1599943e-02  -4.8283185e-03   6.9165209e-03  -1.0147357e-03
  -2.2506470e-02  -5.9523217e-02  -4.9103919e-02  -4.5968663e-03   6.9053304e-03  -7.9518133e-04
  -2.5021453e-02   9.1117084e-02  -3.5578493e-02  -5.0844714e-03   7.0682568e-03  -9.7257172e-04
  -1.8752543e-02  -4.6814391e-02  -5.3156873e-02  -5.0731412e-03   6.7090298e-03  -1.0476413e-03
  -2.8336326e-02   8.8659078e-02  -5.5064048e-02  -5.3100931e-03   6.8508169e-03  -1.0538431e-03
  -2.9612355e-02   4.1964833e-02  -4.0415603e-02  -4.9756221e-03   6.9262976e-03  -1.0553194e-03
  -2.9239164e-02  -3.9833888e-02  -2.7732668e-02  -5.0189046e-03   6.8913928e-03  -1.0558693e-03
  -2.9971119e-02   4.1954933e-02  -4.5729747e-02  -4.6092206e-03   6.9748233e-03  -1.1523146e-03
  -3.7692075e-02   1.8919614e-02  -4.2128620e-02  -5.1642238e-03   7.0464714e-03  -1.0230905e-03
  -2.6575495e-02  -4.3731058e-02  -5.5684396e-02  -5.3395275e-03   6.6150834e-03  -9.8263325e-04
  -3.7111460e-02   5.3027132e-02  -3.5972601e-02  -5.5117797e-03   6.8392205e-03  -1.1397021e-03
  -3.7690136e-02   9.5586715e-04  -3.0648722e-02  -5.2447070e-03   6.8125068e-03  -9.6358454e-04
  -3.6045336e-02  -5.7058996e-02  -4.2661628e-02  -5.3088395e-03   6.9253542e-03  -6.7679072e-04
  -3.8793505e-02   5.6047760e-02  -7.6936006e-02  -4.8967398e-03   6.9315368e-03  -9.4226016e-04
  -4.0210076e-02  -9.0654430e-03  -7.8586112e-02  -5.3186333e-03   6.7983109e-03  -8.9556960e-04
  -2.6393109e-02  -3.8828762e-03  -8.3619366e-02  -4.9837943e-03   6.7329928e-03  -7.8760708e-04
  -3.4288651e-02   9.4324118e-02  -4.7367731e-02  -5.6521805e-03   6.7511395e-03  -1.0621352e-03
  -3.9901634e-02  -3.2399537e-02  -4.1088059e-02  -5.6230611e-03   6.6868606e-03  -9.9752641e-04
  -3.7156801e-02  -1.6492568e-02  -4.6710673e-02  -5.3458161e-03   6.6654911e-03  -8.5014184e-04
  -3.7176126e-02   6.0448601e-02  -5.3586889e-02  -5.4283553e-03   6.6615222e-03  -9.4788917e-04
  -3.4861092e-02   3.7204150e-02  -5.8886493e-02  -5.6457034e-03   6.7112534e-03  -8.3498757e-04
  -4.1929202e-02  -3.3964309e-03  -6.3080223e-02  -5.1037733e-03   6.6529901e-03  -7.5683454e-04
  -4.9140927e-02   4.7915105e-02  -6.0378771e-02  -5.0769922e-03   6.8345653e-03  -7.3644614e-04
  -5.0019157e-02   4.4194509e-02  -5.5813529e-02  -4.9980242e-03   7.1452229e-03  -5.5177122e-04
  -4.0400921e-02  -3.1981132e-02  -5.0516206e-02  -4.7409890e-03   7.0461503e-03  -3.8293017e-04
  -9.2062992e-02   5.5417993e-02  -1.6451808e-02  -4.8411673e-03   7.4016441e-03  -1.1143105e-03
  -7.2084194e-02   3.1547596e-02  -2.3929020e-02  -5.3376822e-03   7.5410616e-03  -9.0509418e-04
  -6.2010713e-02  -8.3494984e-02  -3.7902989e-02  -5.4246382e-03   7.5596750e-03  -7.5538057e-04
  -5.0879780e-02   7.6712343e-02  -3.8537163e-02  -5.8859037e-03   7.3458874e-03  -9.5308573e-04
  -4.8931811e-02  -2.3066777e-02  -5.9882484e-02  -5.0341879e-03   7.4193243e-03  -8.2598704e-04
  -5.1241789e-02   9.1608288e-03  -5.9992813e-02  -5.3702898e-03   7.5339833e-03  -9.4685320e-04
  -5.1609442e-02   2.8026437e-02  -3.9176491e-02  -5.4113335e-03   7.5068301e-03  -1.0510870e-03
  -5.7384782e-02  -5.7444546e-02  -6.1544380e-02  -4.9284930e-03   7.4716609e-03  -9.5121565e-04
  -4.8656736e-02  -5.8384205e-02  -8.5548757e-02  -4.8910995e-03   7.4429899e-03  -8.4299684e-04
  -5.1664527e-02   6.4092949e-02  -9.4026668e-02  -5.1707879e-03   7.5325409e-03  -9.4726929e-04
  -3.7056390e-02  -1.5778986e-02  -9.7291137e-02  -5.1756422e-03   7.4800409e-03  -7.6401424e-04
  -4.7875520e-02  -2.2979548e-02  -1.1983665e-01  -4.9115712e-03   7.4400025e-03  -8.4979431e-04
  -6.1165276e-02   6.3620991e-02  -1.1871189e-01  -4.8835034e-03   7.4732207e-03  -7.5878307e-04
  -7.0313207e-02   4.7343428e-02  -8.2105582e-02  -4.8220358e-03   7.5132762e-03  -6.0419449e-04
  -7.0259895e-02   4.6567746e-03  -9.5098320e-02  -4.5743986e-03   7.5042276e-03  -4.8327796e-04
  -7.6400103e-02   9.3279296e-02  -6.4555323e-02  -4.9672951e-03   7.4998440e-03  -5.8758981e-04
  -8.2583625e-02  -3.3026760e-04  -7.7560378e-02  -4.2949646e-03   7.4640634e-03  -4.8448432e-04
  -8.6610050e-02   4.0696378e-02  -8.5913165e-02  -4.6521213e-03   7.5497476e-03  -6.0883501e-04
  -7.7019825e-02   4.3321608e-02  -8.3705200e-02  -5.2221151e-03   7.4928797e-03  -7.9432799e-04
  -7.0562578e-02   2.8823512e-02  -7.0358144e-02  -4.8815673e-03   7.3593025e-03  -9.0038980e-04
  -6.6161821e-02  -1.4968771e-02  -8.6656813e-02  -4.3647442e-03   7.5440126e-03  -8.3100969e-04
  -6.6682885e-02   6.5846996e-02  -9.4275914e-02  -4.8449306e-03   7.6166081e-03  -8.8504943e-04
  -5.2730780e-02   1.1762830e-02  -1.1595165e-01  -4.8009251e-03   7.4855494e-03  -7.6901213e-04
  -4.8128138e-02  -3.3104271e-02  -2.2099319e-01  -4.0635759e-03   7.3157901e-03  -4.8210967e-04
  -3.9021076e-02   6.9972307e-02  -2.2025206e-01  -3.4245375e-03   7.2189119e-03   1.3068472e-04
  -4.9018588e-02   6.2752897e-02  -5.7608312e-02  -4.4616228e-03   7.2051026e-03  -6.2508192e-05
  -6.8635220e-02   1.2999569e-02  -3.2885701e-02  -4.4420559e-03   7.1493946e-03  -2.2106666e-04
  -7.5068844e-02  -1.5525532e-02  -4.4734220e-02  -3.9009799e-03   7.2488331e-03  -1.5206695e-04
  -8.0841100e-02   5.2776717e-02  -9.7648753e-03  -4.9313573e-03   7.3208078e-03  -2.7362019e-04
  -7.2518652e-02  -5.9670586e-02  -2.8295394e-02  -4.7361948e-03   7.0271574e-03  -2.5628066e-04
  -8.5579415e-02   1.0522430e-01  -2.6353518e-02  -4.9533940e-03   6.9709853e-03  -3.7272762e-04
  -9.9802630e-02  -1.4150046e-02  -1.4719622e-02  -4.0862928e-03   6.7920555e-03  -3.4703610e-04
  -1.0172100e-01   1.0289439e-02  -3.4659489e-02  -4.3028445e-03   6.9477828e-03  -1.9666405e-04
  -9.2155618e-02   2.3832862e-02  -4.9117390e-02  -4.2217425e-03   7.2237541e-03  -5.0766517e-05
  -8.0329922e-02  -2.7330699e-02  -6.0970658e-02  -3.9763055e-03   7.1674231e-03   1.1894030e-04
  -8.5800712e-02   1.1962114e-01  -3.7427134e-02  -4.3135953e-03   7.2337521e-03  -2.3450381e-04
  -8.3009738e-02   1.8471269e-02  -2.0246969e-02  -3.9670305e-03   7.1048383e-03  -3.1726754e-04
  -8.1658102e-02  -1.3748442e-02  -4.0072106e-02  -4.0328395e-03   7.0022290e-03  -2.7269132e-04
  -8.6778604e-02   6.4967437e-02  -3.7195763e-02  -4.3697504e-03   6.9183111e-03  -4.6024013e-04
  -9.3507075e-02   1.2858925e-02  -2.7982329e-02  -4.6521513e-03   6.8157252e-03  -2.8573441e-04
  -8.9510403e-02   1.0862070e-02  -3.0308778e-02  -4.2112039e-03   6.8242451e-03  -2.7283850e-04
