   0.0000000e+00  -1.0227038e-14   0.0000000e+00   1.5407440e-33  -6.6819118e-52  -3.8243881e-19
  -2.5303523e-03   1.2708811e-01  -4.0060466e-03  -5.2647360e-04   4.9459723e-05   1.5774334e-04
   1.3976289e-03   5.7224197e-02  -1.7840755e-02  -7.1286441e-04   3.1196512e-04   2.8797261e-04
  -1.7752146e-03   8.9547509e-02  -1.2944445e-02  -1.5453010e-03   5.7951842e-04   5.3124204e-04
   9.6506396e-03   1.1775308e-01  -4.7573634e-02  -1.1959132e-03   6.0457388e-04   6.7652040e-04
   1.6263598e-02   4.2430510e-02  -6.3148771e-02  -9.0221207e-04   6.6733606e-04   7.9985056e-04
   1.4321523e-02   9.5371286e-02  -5.6883992e-02  -9.8123945e-04   5.8722105e-04   5.5608385e-04
   6.8242784e-03   4.9420310e-02  -8.3229393e-02  -6.7336412e-04   6.3484104e-04   2.7757890e-04
   5.8883293e-03   1.3980002e-01  -8.7790901e-02  -9.5810674e-04   2.4739355e-04   2.2040758e-04
   1.2962639e-03   1.0225403e-01  -3.7904060e-02  -1.4397724e-03  -5.2883191e-05   1.8830680e-04
   9.6908189e-03   1.0611882e-01  -2.2569678e-02  -1.8328911e-03   4.9910038e-05   9.9730529e-05
  -6.5189114e-04   8.2347728e-02  -1.4747924e-02  -2.0300824e-03   7.0555296e-05   1.1976170e-05
  -6.0860299e-03   1.2523022e-01   1.4112563e-02  -2.5367562e-03  -6.9390745e-05  -1.1963915e-04
  -2.7171264e-03   1.3584538e-01   1.9933683e-02  -2.8047298e-03  -3.1214577e-04  -1.4594040e-04
  -3.0267539e-03   7.5634731e-02   3.1486813e-02  -2.8229153e-03  -4.6720134e-04  -1.8362503e-04
   9.9075845e-03   2.4543142e-02   9.0268627e-03  -1.9069709e-03  -8.7094403e-04   2.2027502e-04
  -1.3951081e-02   9.9815454e-02   1.4120998e-02  -2.0891135e-03  -6.4556260e-04   1.6054332e-05
  -7.1985486e-03   1.1633776e-01   2.0902741e-02  -2.1967848e-03  -6.8142677e-04   2.3077319e-06
  -1.4588872e-03   6.5895059e-02   3.2273610e-02  -2.4986573e-03  -7.6938226e-04  -8.1851634e-05
  -6.6992396e-03   9.2009772e-02   4.2621008e-02  -2.8524219e-03  -6.2716600e-04  -1.4956480e-04
   3.8418590e-03   1.0297928e-01   2.4288348e-02  -2.9447506e-03  -5.5721754e-04   2.6179548e-05
  -1.6610483e-03   8.3528759e-02   1.4178322e-02  -3.0513200e-03  -7.3226511e-04  -6.9721009e-05
  -9.7461534e-03   1.7543393e-01   1.5596518e-02  -3.5341463e-03  -4.1206044e-04  -8.0715379e-05
  -9.0454668e-03   1.1745210e-01   1.3804978e-02  -3.4281740e-03  -5.5694712e-04  -3.0072452e-05
  -7.0608380e-03   1.1882573e-01   2.6899456e-02  -3.5265970e-03  -4.9032707e-04  -9.1081534e-05
  -2.4057891e-03   1.0195064e-01   4.3302328e-02  -3.6480565e-03  -1.3568434e-04   1.6436249e-04
   1.2523282e-02   1.3150427e-01   5.5671879e-02  -3.8324696e-03  -5.4682951e-04   3.2964436e-04
   2.5845420e-02   1.5702057e-01   5.1453634e-02  -3.7973866e-03  -2.5946756e-04   2.9770806e-04
   3.0696770e-02   1.0658544e-01   4.7269298e-02  -3.6943696e-03  -4.4669028e-04   3.0412545e-04
   2.4982871e-02   1.1559608e-01   4.7308733e-02  -3.3795371e-03  -4.6073829e-04   7.3138865e-04
   1.6156631e-02   1.5365209e-01   5.7609909e-02  -3.6831171e-03  -5.6712375e-04   8.6047267e-04
   1.2360810e-02   1.5137131e-01   3.7208968e-02  -3.7027717e-03  -8.1753261e-04   2.9073014e-04
   1.8740613e-02   7.7004497e-02   3.9335741e-02  -3.6157063e-03  -9.6100010e-04   3.9825066e-04
   1.8972534e-02   1.0833804e-01   4.5007522e-02  -3.7969505e-03  -8.1316747e-04   4.6352840e-04
   1.7269898e-02   1.2366603e-01   6.0258398e-02  -3.8709763e-03  -8.0892415e-04   4.4118947e-04
   1.8980715e-02   1.4461962e-01   5.8543764e-02  -3.8985097e-03  -7.3611522e-04   3.3355790e-04
   2.4801518e-02   8.4088061e-02   8.3574417e-02  -4.0858206e-03  -5.6054971e-04   5.1863025e-04
   3.1390616e-02   9.8914070e-02   9.1864908e-02  -4.0342031e-03  -4.2766022e-04   7.7342888e-04
   1.9137575e-02   1.1379192e-01   9.6577055e-02  -4.3834515e-03  -5.0099217e-04   6.9956866e-04
   2.0276378e-02   1.4729611e-01   1.0722876e-01  -4.5054268e-03  -4.2277935e-04   7.9124357e-04
   2.4241221e-02   3.1672536e-02   1.0171282e-01  -3.4687113e-03  -3.0683024e-04   9.8464925e-04
   3.3407051e-02   1.8243541e-01   7.5166559e-02  -3.3361709e-03  -1.1768221e-03   7.7983121e-04
   3.4498901e-02   1.0355663e-01   1.1170216e-01  -3.8682916e-03  -1.4948986e-03   6.8703935e-04
   3.4228203e-02   5.9931577e-02   1.0913907e-01  -3.4041506e-03  -1.5923260e-03   4.8006648e-04
   4.1093037e-02   1.2272654e-01   1.0385634e-01  -3.9326644e-03  -1.4773702e-03   6.7782268e-04
   5.1546976e-02   1.0160074e-01   9.0894408e-02  -3.9610047e-03  -1.3580130e-03   5.8904766e-04
   6.7762723e-02   7.0525262e-02   8.1380171e-02  -3.7498993e-03  -1.3357474e-03   7.8049362e-04
   5.6077992e-02   8.4255871e-02   7.9256017e-02  -3.8327131e-03  -1.3491308e-03   6.0822130e-04
   6.0623366e-02   1.7031553e-01   8.5288941e-02  -4.4278157e-03  -1.5877074e-03   3.6800118e-04
   5.8126052e-02   9.0195907e-02   8.2800414e-02  -4.7033016e-03  -1.2458750e-03   2.2092480e-04
   6.7156402e-02   1.3804867e-01   9.6079172e-02  -5.0687329e-03  -1.4727347e-03   1.7123732e-04
   7.4964763e-02   9.8262583e-02   8.4059530e-02  -4.6004989e-03  -1.5225477e-03   3.3367604e-04
   5.9664084e-02   1.2264448e-01   1.0622748e-01  -5.1997773e-03  -1.3934818e-03   1.3952206e-04
   5.9820206e-02   1.3233009e-01   8.7876930e-02  -4.7932273e-03  -1.5235182e-03  -1.3513578e-05
   9.2882794e-02   1.1085283e-01   6.5371460e-02  -4.5690776e-03  -2.4125669e-03   1.4206757e-04
   8.0550407e-02   1.0300039e-01   5.8101231e-02  -4.3045499e-03  -2.8928940e-03   1.1560973e-04
   6.6460100e-02   1.9460050e-01   6.3818213e-02  -4.4126128e-03  -2.8317612e-03  -1.0392997e-05
   5.9079400e-02   1.7322223e-01   1.0505837e-01  -4.7176190e-03  -2.9586844e-03  -3.0767369e-04
   5.6609178e-02   1.2788165e-01   1.3762270e-01  -4.9165173e-03  -2.8667844e-03  -4.7456214e-04
   5.5960515e-02   1.1238739e-01   1.1341839e-01  -4.9282272e-03  -3.0323323e-03  -2.5316795e-04
   5.7718997e-02   2.2866026e-01   1.1301343e-01  -5.3951516e-03  -3.4896453e-03  -2.7158548e-04
   6.2769011e-02   1.8664284e-01   1.3143668e-01  -5.4175666e-03  -3.5014573e-03  -3.5303239e-04
   7.2464910e-02   1.3266605e-01   1.5728581e-01  -5.4819745e-03  -3.4235551e-03  -4.6487518e-04
   7.2550007e-02   1.5230184e-01   1.5458358e-01  -5.9036388e-03  -3.3405760e-03  -1.7548319e-04
   7.7612654e-02   1.9610671e-01   1.7508660e-01  -6.4986708e-03  -3.8010047e-03  -2.2277824e-04
   8.5207391e-02   1.5371955e-01   2.0403766e-01  -6.9075015e-03  -4.1344390e-03  -2.3581647e-04
   8.3716496e-02   1.4246888e-01   2.0871008e-01  -6.8133524e-03  -4.0635547e-03  -1.4159906e-04
   6.9527937e-02   2.1323543e-01   2.1678231e-01  -6.9684313e-03  -4.1331816e-03  -2.4235706e-04
   9.6722285e-02   2.7020943e-01   1.7140729e-01  -6.6872669e-03  -3.7215237e-03  -5.5805389e-05
   7.9388807e-02   4.6857689e-02   1.5395888e-01  -4.4827175e-03  -3.2047583e-03  -7.3362640e-05
   8.7499027e-02   2.0164425e-01   2.0436575e-01  -5.4999380e-03  -3.6489723e-03   7.7531648e-05
   9.2297440e-02   1.7874411e-01   2.2367972e-01  -5.7839689e-03  -4.0420553e-03  -2.2666577e-05
   7.1749992e-02   1.8188079e-01   2.1281072e-01  -5.5653276e-03  -3.6894267e-03  -1.1614836e-04
   7.3974755e-02   2.3583809e-01   2.1209117e-01  -5.9631847e-03  -4.1549677e-03  -2.3778737e-04
   7.0849170e-02   1.8716989e-01   2.2133175e-01  -6.0782127e-03  -4.0425056e-03  -1.3591214e-04
   7.8037880e-02   1.9214761e-01   2.3571711e-01  -6.1138706e-03  -3.7973213e-03   4.0601252e-05
   7.2036349e-02   1.6874539e-01   2.3913001e-01  -6.4982481e-03  -3.6160483e-03   4.1898569e-05
   8.2840815e-02   2.5453765e-01   2.3070810e-01  -6.5123754e-03  -3.5299026e-03   1.9256207e-04
   8.5301744e-02   2.0020886e-01   2.2333863e-01  -6.3333065e-03  -3.4178971e-03   2.7364592e-04
   8.9598636e-02   1.8420472e-01   2.1670763e-01  -6.3582199e-03  -3.4487523e-03   2.9656067e-04
   8.2962214e-02   1.8641579e-01   2.1671954e-01  -6.3931957e-03  -3.5421382e-03   2.8548956e-04
   8.3979200e-02   2.5922800e-01   2.3534082e-01  -6.7405359e-03  -3.4146009e-03   4.9986952e-04
   8.6173941e-02   1.9606730e-01   2.2714042e-01  -6.6468843e-03  -3.5324284e-03   5.9225256e-04
   7.8426355e-02   1.4419741e-01   2.1733244e-01  -6.0222252e-03  -3.2412173e-03   3.8685248e-04
   8.9327487e-02   2.8896706e-01   2.1549945e-01  -6.3622284e-03  -3.0723392e-03   6.2498149e-04
   1.0728825e-01   2.3039186e-01   1.9943393e-01  -6.5103606e-03  -3.0206448e-03   8.3877928e-04
   1.0403227e-01   2.1430425e-01   2.2822773e-01  -6.4805215e-03  -3.2668039e-03   8.0708336e-04
   1.0161723e-01   1.8802242e-01   2.4226880e-01  -6.6291308e-03  -3.2247429e-03   7.9842821e-04
   1.1333325e-01   2.2902449e-01   2.6776090e-01  -7.6234870e-03  -3.0613177e-03   9.7361121e-04
   1.0367296e-01   2.4418205e-01   2.9338937e-01  -9.1884308e-03  -2.5758148e-03   1.0178837e-03
   1.0456576e-01   2.2385424e-01   2.8636893e-01  -9.1312766e-03  -2.6898764e-03   9.9264607e-04
   1.0924151e-01   2.0689325e-01   2.7808107e-01  -9.2175749e-03  -2.5505154e-03   1.0852725e-03
   1.1957562e-01   2.4929390e-01   2.6839823e-01  -8.8105698e-03  -2.1918748e-03   1.4859720e-03
   1.2796843e-01   2.6682053e-01   2.6557320e-01  -8.7054211e-03  -2.0071013e-03   1.4048350e-03
   1.3282297e-01   2.4893166e-01   2.7261247e-01  -8.8017232e-03  -2.3991473e-03   1.6603629e-03
   1.2755218e-01   2.3952194e-01   2.6685906e-01  -8.9207327e-03  -2.5109107e-03   1.5494996e-03
   1.3914234e-01   2.9972775e-01   2.6916672e-01  -9.3221744e-03  -2.5315071e-03   1.6012662e-03
   1.3703301e-01   2.6391694e-01   2.8091314e-01  -9.7333472e-03  -2.4741101e-03   1.6617395e-03
   1.3977713e-01   2.5284473e-01   2.7543557e-01  -9.8132162e-03  -2.3260898e-03   1.7524872e-03
   1.2879851e-01   2.7210311e-01   2.6758640e-01  -9.6565489e-03  -2.1837222e-03   1.8451744e-03
   1.2504840e-01   2.9329458e-01   2.6853092e-01  -9.7940146e-03  -1.7459530e-03   1.9289261e-03
   1.3216555e-01   2.7300823e-01   2.5849916e-01  -9.6979445e-03  -1.5986999e-03   1.9399807e-03
   1.3673732e-01   2.6730796e-01   2.7196378e-01  -9.7020385e-03  -1.3583724e-03   1.9369218e-03
   1.3263422e-01   2.6040112e-01   2.7435818e-01  -9.9760646e-03  -8.3316506e-04   1.9515489e-03
   1.3853444e-01   2.4540265e-01   2.7461227e-01  -1.0054056e-02  -9.4244964e-04   2.1251187e-03
   1.4440099e-01   3.0767788e-01   2.6822109e-01  -1.0080032e-02  -9.1790953e-04   2.2183095e-03
   1.4730540e-01   2.8071994e-01   2.4574157e-01  -9.7810943e-03  -9.4514747e-04   2.3401159e-03
   1.4660185e-01   2.7739052e-01   2.3770607e-01  -9.2382258e-03  -7.9135354e-04   2.5597941e-03
   1.4335234e-01   2.3876116e-01   2.6208257e-01  -9.5994054e-03  -5.7760872e-04   2.5791868e-03
   1.4958947e-01   3.2198558e-01   2.5021408e-01  -9.6202030e-03  -5.0642783e-04   2.4550594e-03
   1.4422051e-01   2.2543891e-01   2.3869193e-01  -9.4373018e-03  -5.5882773e-04   2.4942473e-03
   1.4684101e-01   2.5373486e-01   2.3707441e-01  -9.1997422e-03  -3.9149518e-04   2.6149893e-03
   1.3956720e-01   2.6062207e-01   2.3612405e-01  -9.1909694e-03  -1.0385291e-04   2.7169332e-03
   1.3972097e-01   3.2503284e-01   2.3071988e-01  -9.1875926e-03   8.6084876e-05   2.6737504e-03
   1.4033362e-01   2.5618783e-01   2.2641217e-01  -8.8469269e-03   4.8966095e-05   2.7456647e-03
   1.4250529e-01   2.6485554e-01   1.9478168e-01  -8.4762089e-03   1.9630673e-04   2.9884556e-03
   1.5097982e-01   3.0987823e-01   1.6948816e-01  -7.7638951e-03   9.5618444e-05   3.1232081e-03
   1.5329995e-01   2.3556108e-01   1.6323264e-01  -7.6465624e-03  -1.1771829e-04   3.2172797e-03
   1.5111714e-01   2.6026179e-01   1.7939866e-01  -7.6089781e-03   7.6014720e-05   3.3566470e-03
   1.4982794e-01   2.7521701e-01   1.9452108e-01  -7.9638143e-03   2.6147964e-04   3.4173749e-03
   1.5681384e-01   2.9264946e-01   2.1150627e-01  -8.5621660e-03   4.2586329e-04   3.4391458e-03
   1.6848094e-01   2.4573563e-01   1.8957271e-01  -7.8307971e-03   4.0795852e-04   3.5376844e-03
   1.8070721e-01   2.0945035e-01   1.8488079e-01  -8.0643932e-03  -1.4039832e-04   3.6278283e-03
   1.6724713e-01   2.9267615e-01   1.9137137e-01  -8.3097399e-03   7.8281661e-05   3.5194737e-03
   1.7642410e-01   3.8610931e-01   1.5486792e-01  -8.2404972e-03   1.7188033e-04   3.4115133e-03
   1.7463981e-01   1.2756419e-01   1.6655515e-01  -7.4889615e-03   5.3606886e-04   3.6119570e-03
   1.6822921e-01   2.7766041e-01   2.0395098e-01  -7.9544127e-03   9.5407653e-04   3.6972226e-03
   1.6297685e-01   2.2552050e-01   2.1565750e-01  -8.2500505e-03   1.1749772e-03   3.6944703e-03
   1.6299516e-01   2.3623137e-01   2.2327960e-01  -8.4085221e-03   1.4413577e-03   3.7636984e-03
   1.7374415e-01   2.7333371e-01   2.3229739e-01  -9.0363036e-03   1.5373278e-03   3.7847921e-03
   1.6850081e-01   2.5556618e-01   2.5988952e-01  -9.4234607e-03   1.7134461e-03   3.5802397e-03
   1.7601976e-01   2.4859591e-01   2.4294144e-01  -9.3217717e-03   1.6952516e-03   3.7854646e-03
   1.6622166e-01   2.6484681e-01   2.3895865e-01  -9.5744544e-03   1.8928640e-03   3.7347315e-03
   1.7718794e-01   3.6383085e-01   2.2972191e-01  -9.7992136e-03   1.7444175e-03   3.7033845e-03
   1.7655133e-01   2.4374734e-01   2.3247763e-01  -8.9845322e-03   1.4945621e-03   3.8967679e-03
   1.7731775e-01   2.6562535e-01   2.3102084e-01  -8.9185890e-03   1.5464744e-03   3.8148032e-03
   1.7520197e-01   2.9210307e-01   2.3449571e-01  -9.3167770e-03   1.6265162e-03   3.7939031e-03
   1.7086708e-01   2.7388892e-01   2.3542035e-01  -9.4827910e-03   1.6810987e-03   3.7757391e-03
   1.6756799e-01   2.7515889e-01   2.3786635e-01  -9.6177946e-03   1.8466279e-03   3.8487966e-03
   1.7304650e-01   2.6798899e-01   2.2901219e-01  -9.4531084e-03   1.8833346e-03   3.9069411e-03
   1.7432421e-01   3.2873262e-01   2.2361575e-01  -9.7172837e-03   1.7917608e-03   3.8486735e-03
   1.7531785e-01   2.4860918e-01   2.2026512e-01  -9.6675225e-03   1.9053865e-03   3.9488368e-03
   1.8143701e-01   3.3223421e-01   2.1649904e-01  -9.5245316e-03   2.0142621e-03   3.8572778e-03
   2.0766613e-01   4.4867922e-01   9.5887732e-02  -7.5348890e-03   1.7514334e-03   3.5921630e-03
   2.0058557e-01  -8.7212308e-02   6.2932539e-02  -4.4970240e-03   1.6965237e-03   4.0546530e-03
   2.0055033e-01   2.3785604e-01   1.4344310e-01  -5.3378491e-03   1.7477344e-03   4.2108401e-03
   1.9532367e-01   3.0673815e-01   2.0928969e-01  -6.7596908e-03   2.1516272e-03   4.1597414e-03
   1.8476360e-01   2.1637155e-01   2.3292791e-01  -7.0317398e-03   2.6267360e-03   4.2297021e-03
   1.7758354e-01   2.4796623e-01   2.3368302e-01  -7.7368952e-03   3.0115635e-03   4.2127706e-03
   1.8095643e-01   2.4022386e-01   1.9707112e-01  -7.7077668e-03   3.0904622e-03   4.2228066e-03
   1.7469335e-01   2.8320729e-01   1.7720475e-01  -8.0252946e-03   3.1605771e-03   4.2813878e-03
   1.7546786e-01   2.3894439e-01   1.7014587e-01  -8.1951241e-03   3.3220607e-03   4.3826586e-03
   1.9046684e-01   2.3090603e-01   1.7077254e-01  -7.8420592e-03   3.2000017e-03   4.7654894e-03
   1.7623843e-01   3.0854976e-01   1.7375658e-01  -8.1796243e-03   3.4224393e-03   4.4131707e-03
   1.6419646e-01   2.6736689e-01   1.7611586e-01  -7.9807771e-03   3.5980493e-03   4.2278857e-03
   1.7306325e-01   2.6885878e-01   1.6918242e-01  -7.7980766e-03   3.2585363e-03   4.2458103e-03
   1.7557570e-01   2.5602929e-01   1.6173676e-01  -7.7400970e-03   3.3780894e-03   4.3302179e-03
   1.6480460e-01   3.2314228e-01   1.8521329e-01  -7.9788940e-03   3.7825737e-03   4.2269045e-03
   1.2227859e-01   2.7700214e-01   1.8144203e-01  -6.8535189e-03   4.3523476e-03   3.8556652e-03
   8.8984571e-02   2.8338391e-01   1.1838344e-01  -5.6928777e-03   4.9403782e-03   3.7536882e-03
   8.2867527e-02   1.5846232e-01   5.0297742e-02  -2.6315637e-03   5.2134905e-03   3.4022115e-03
   8.8362996e-02   2.4118407e-01   9.6171939e-02  -3.0690955e-03   4.6525861e-03   3.1518750e-03
   7.1012727e-02   2.3809744e-01   1.6887672e-01  -3.8139849e-03   5.2455271e-03   3.0255580e-03
   6.5423209e-02   2.3006755e-01   1.7754688e-01  -4.3756759e-03   5.6244607e-03   3.0248349e-03
   6.5270584e-02   2.9867098e-01   1.8798341e-01  -5.2325099e-03   5.7741742e-03   2.9602735e-03
   6.2793223e-02   2.4587982e-01   1.8968283e-01  -5.5688084e-03   5.9101759e-03   2.8514935e-03
   6.0063673e-02   2.2110738e-01   2.0021451e-01  -5.3605004e-03   6.2534379e-03   2.9986462e-03
   5.8623179e-02   2.4239565e-01   1.9438820e-01  -5.4379960e-03   6.3428538e-03   3.0658531e-03
   7.0563700e-02   2.7104497e-01   1.7226913e-01  -5.4456277e-03   6.2016002e-03   3.0323406e-03
   7.5518912e-02   2.5446514e-01   1.5287423e-01  -5.1629527e-03   6.3379031e-03   3.0616697e-03
   6.9458665e-02   2.4303613e-01   1.7475575e-01  -5.3756975e-03   6.3191074e-03   2.9799060e-03
   7.6697133e-02   2.0024671e-01   1.6656033e-01  -5.4295892e-03   6.2001110e-03   3.0405855e-03
   8.1068681e-02   2.6161967e-01   1.5874140e-01  -5.8206668e-03   6.0087236e-03   3.0126662e-03
   7.1304061e-02   2.2083151e-01   1.6110964e-01  -5.2697704e-03   5.8723339e-03   3.1502788e-03
   6.1957766e-02   1.9047214e-01   1.7929007e-01  -4.9201966e-03   6.1461176e-03   3.1843781e-03
   6.1682376e-02   2.6062471e-01   1.8056483e-01  -5.4537092e-03   6.2361606e-03   2.9915080e-03
   7.0949826e-02   2.5758212e-01   1.5326744e-01  -5.4816189e-03   6.2357143e-03   2.9410227e-03
   6.4800721e-02   2.3170385e-01   1.5546673e-01  -5.6399482e-03   6.3790766e-03   2.9373429e-03
   7.4638602e-02   2.4093867e-01   1.5630264e-01  -5.7546517e-03   6.3658004e-03   2.9031768e-03
   7.9829251e-02   1.9039517e-01   1.4687947e-01  -5.5757376e-03   6.3014817e-03   2.9954888e-03
   8.7299932e-02   2.7575588e-01   1.4471095e-01  -5.8028923e-03   6.2672789e-03   3.0187791e-03
   8.3830935e-02   2.2400679e-01   1.3705746e-01  -6.0448300e-03   6.2809060e-03   3.0640962e-03
   8.3209654e-02   2.3369221e-01   1.4475073e-01  -6.3204248e-03   6.4200106e-03   2.9576313e-03
   7.9226845e-02   2.0871430e-01   1.9028541e-01  -5.6308718e-03   6.7014816e-03   3.2256826e-03
   8.9447743e-02   3.7607002e-01   2.1516163e-01  -5.2316065e-03   6.2204287e-03   2.8184317e-03
   7.3700711e-02   1.7142103e-01   1.4094437e-01  -5.2392195e-03   6.6691555e-03   3.1484730e-03
   6.8798577e-02   2.4644889e-01   1.9318235e-01  -6.0295962e-03   6.7348834e-03   3.0721222e-03
   7.4237805e-02   2.6742093e-01   1.8948376e-01  -6.0745768e-03   6.7079859e-03   3.0117206e-03
   6.9782906e-02   2.4378236e-01   1.8177375e-01  -6.2304709e-03   6.8647139e-03   3.0286178e-03
   7.2311388e-02   2.1681901e-01   1.7611167e-01  -6.0644344e-03   7.0187365e-03   3.0402331e-03
   7.4437520e-02   2.3436093e-01   1.7435543e-01  -6.2825592e-03   7.1615620e-03   3.0287771e-03
   8.3906079e-02   2.6833680e-01   1.7304142e-01  -6.4164112e-03   7.0221919e-03   2.9885146e-03
   8.5258129e-02   2.3999889e-01   1.5842056e-01  -6.1670595e-03   6.9505069e-03   2.9765870e-03
   8.5016652e-02   2.3041546e-01   1.5458909e-01  -6.2782992e-03   6.8469723e-03   2.8483269e-03
   8.4578536e-02   2.0059510e-01   1.4268888e-01  -6.1662603e-03   6.7334295e-03   2.7681555e-03
   7.6818346e-02   2.2352925e-01   1.4838004e-01  -6.1429869e-03   6.9673223e-03   2.6866674e-03
   8.5101842e-02   2.8661594e-01   1.5551458e-01  -6.6821221e-03   6.8463460e-03   2.6974231e-03
   9.2629745e-02   2.5588620e-01   1.4182014e-01  -6.5704660e-03   6.9101957e-03   2.7348542e-03
   8.9635239e-02   2.6694535e-01   1.4599935e-01  -6.6107076e-03   6.9734351e-03   2.7425900e-03
   9.5371974e-02   2.7949653e-01   1.4997100e-01  -6.7983014e-03   6.8213045e-03   2.8400949e-03
   9.8255245e-02   2.3408030e-01   1.3946811e-01  -6.5429274e-03   6.8029792e-03   2.8810592e-03
   9.7385543e-02   2.5244245e-01   1.3753057e-01  -6.0662626e-03   6.6654271e-03   2.8233635e-03
   9.0757306e-02   2.3852009e-01   1.2835599e-01  -6.2244795e-03   6.9873465e-03   2.7776802e-03
   1.0484664e-01   2.9375681e-01   1.1709630e-01  -6.1270615e-03   6.9089078e-03   2.8570040e-03
   1.0329887e-01   2.4787164e-01   1.2954797e-01  -6.3938053e-03   6.6621905e-03   2.5655273e-03
   1.0257518e-01   2.2876220e-01   1.3725795e-01  -6.6950066e-03   6.6295096e-03   2.5338533e-03
   9.5380333e-02   2.3304015e-01   1.3164974e-01  -6.7840884e-03   6.8674542e-03   2.5875697e-03
   9.3958743e-02   2.5904415e-01   1.3354104e-01  -6.9644095e-03   6.9902125e-03   2.5746432e-03
   9.4393438e-02   2.9087507e-01   1.3744527e-01  -7.2798571e-03   7.1249520e-03   2.3989320e-03
   1.0839231e-01   2.5066522e-01   1.4135269e-01  -7.1907766e-03   6.7752877e-03   2.6708883e-03
