   0.0000000e+00   0.0000000e+00   7.1054274e-15   0.0000000e+00   0.0000000e+00   0.0000000e+00
  -1.0793167e-02   6.5512105e-02  -3.3977939e-02   4.0014701e-04   3.1593138e-05   4.2299159e-06
   1.5032054e-03   1.8776555e-02   2.8240841e-03   2.2530003e-04  -1.0059173e-04  -6.7259418e-05
  -1.9448054e-02   4.1437149e-02   6.5162690e-03   7.2804908e-04   3.6104739e-04  -2.7597662e-04
  -1.8849832e-02   2.0357653e-02   2.0732120e-02   8.3022750e-04   2.9386561e-04  -3.6960493e-04
  -1.1542276e-02   4.2310305e-02   2.0077168e-02   3.4212156e-04   7.2139093e-05  -2.5107885e-04
  -2.7000100e-02   2.9464024e-02   1.4919601e-02   6.1264790e-04   3.2176886e-04  -3.4995421e-04
  -2.8743830e-02  -1.2973829e-02   4.2310189e-02   7.3047629e-04   2.4456623e-04  -4.7942806e-04
  -3.7696924e-02  -3.5306963e-02   2.9554703e-02   1.2208896e-03   4.4963024e-04  -5.0101006e-04
  -3.2065986e-02  -3.8465303e-03   4.0345439e-02   6.1989918e-04   3.8484012e-04  -5.7457473e-04
  -3.1806642e-02   1.7641222e-02   2.3104219e-02   8.4969455e-04   4.1135104e-04  -5.9123650e-04
  -2.5319606e-02  -7.0372121e-03   5.3281391e-02   7.7623484e-04   3.6163973e-04  -5.2019957e-04
  -3.4637623e-02  -3.8348737e-02   6.5536810e-02   1.6258633e-03   9.2378686e-04  -4.3212696e-04
  -3.0403802e-02  -1.6193770e-02   6.3613864e-02   1.2322896e-03   7.1627380e-04  -4.4854219e-04
  -1.9533178e-02   3.0152075e-02   7.3950455e-02   6.0316938e-04   3.7400375e-04  -3.8374995e-04
  -2.1132963e-02  -2.5154870e-02   8.9450070e-02   5.3753421e-04   2.6645006e-04  -3.5375486e-04
  -2.8406797e-02  -1.7552110e-02   7.5706476e-02   1.2112766e-03   6.5565116e-04  -4.0412328e-04
  -1.8847380e-02   1.9651160e-02   8.9397798e-02   6.8918605e-04   4.4286439e-04  -5.8828698e-04
  -1.3881595e-02   3.1819879e-02   9.6566052e-02   2.9752886e-04   5.8047521e-04  -3.0140330e-04
  -1.8706131e-02   5.3388742e-03   9.2213979e-02   7.5716958e-05   4.6808877e-04  -2.8022701e-04
  -2.2399929e-02  -4.4640061e-03   9.6569861e-02   1.5837019e-04   4.4156545e-04  -3.7688830e-04
  -3.2041727e-02  -1.5434288e-02   8.6264650e-02   4.0501865e-04   6.7325558e-04  -4.9769985e-04
  -2.6282527e-02   4.9908602e-02   8.8000287e-02  -2.2417846e-04   4.2603313e-04  -5.1815999e-04
  -3.2544663e-02   8.6190523e-04   9.3067994e-02   7.1514676e-05   4.8575060e-04  -5.4853056e-04
  -2.9948075e-02   1.2400567e-02   9.5393882e-02   1.8528835e-04   6.7583912e-04  -5.3179992e-04
  -3.3713336e-02  -1.1514322e-02   1.1320941e-01   5.0961528e-04   8.2970315e-04  -5.1762908e-04
  -3.3182762e-02   1.8261549e-02   1.1694468e-01   4.3963280e-04   7.7649180e-04  -6.6433155e-04
  -2.3837554e-02   1.6924515e-02   1.1663115e-01   2.2726933e-04   6.1182452e-04  -5.8545039e-04
  -2.7802424e-02  -3.4166754e-02   1.4038719e-01   6.6949432e-04   7.7203642e-04  -7.5146079e-04
  -3.2870260e-02  -7.8642146e-03   1.1860594e-01   1.0283526e-03   1.1354860e-03  -8.8783303e-04
  -2.6838127e-02   3.4445318e-02   1.2575133e-01   6.5792670e-04   8.5361963e-04  -5.9697635e-04
  -4.1290569e-02  -3.1685201e-02   1.3232608e-01   5.4992816e-04   8.7971867e-04  -6.9021279e-04
  -4.7152824e-02   7.7411754e-03   1.2603729e-01   1.6456518e-04   7.1009460e-04  -7.3464003e-04
  -4.4767285e-02  -2.3793468e-02   1.4847884e-01   3.5428796e-04   8.0415480e-04  -8.4981295e-04
  -4.7727408e-02   6.3881171e-03   1.4895100e-01   4.6496368e-04   9.2469533e-04  -1.0165248e-03
  -4.5260552e-02   4.1635026e-03   1.5890458e-01   6.7643372e-04   8.9752151e-04  -9.1835143e-04
  -4.5660944e-02  -2.2730293e-03   1.6774367e-01   5.1427895e-04   1.0875155e-03  -7.8555843e-04
  -5.0435222e-02  -8.4878584e-02   1.6968550e-01   5.0788796e-04   1.2498403e-03  -8.5945228e-04
  -5.1358162e-02   4.2235435e-02   1.5024389e-01   1.7280131e-04   1.1496946e-03  -9.9249982e-04
  -4.5924499e-02  -1.7481984e-02   1.7861871e-01   2.9974632e-04   1.3200287e-03  -1.0123878e-03
  -5.2731800e-02  -4.1256051e-02   1.8053075e-01   4.3799922e-04   1.2991167e-03  -6.9493941e-04
  -4.8266665e-02  -2.6080414e-02   1.6801651e-01   9.0749793e-05   1.1354933e-03  -9.1448638e-04
  -4.8745970e-02   5.2324844e-02   1.6224139e-01   1.3312165e-04   1.0007367e-03  -1.1748352e-03
  -4.0722805e-02  -2.3099028e-03   1.6305153e-01   5.2139960e-04   8.4438124e-04  -9.8008889e-04
  -5.2330843e-02  -2.0674030e-02   1.8462502e-01   3.7054654e-04   1.2463627e-03  -9.6302794e-04
  -4.2777933e-02  -1.6446495e-03   1.6926492e-01  -2.3308466e-05   1.0709094e-03  -8.5357564e-04
  -3.7927863e-02   5.2304110e-02   1.5652874e-01  -1.8692251e-04   9.9948314e-04  -8.2429419e-04
  -2.7806273e-02   1.1746977e-02   1.6594231e-01   1.4950480e-04   9.0378069e-04  -8.1870186e-04
  -3.2580053e-02   1.5324742e-02   1.7056821e-01   1.7205325e-04   1.0007690e-03  -8.1049727e-04
  -4.4651062e-02  -1.3618801e-02   1.7882808e-01   2.8164434e-04   1.3007747e-03  -8.2967000e-04
  -4.7466557e-02   4.0114119e-02   1.5777663e-01  -1.3992330e-04   1.3037184e-03  -1.0344510e-03
  -4.0570647e-02   1.4641256e-02   1.9255619e-01  -9.1036771e-05   1.1903007e-03  -9.6450554e-04
  -4.2986198e-02   5.8191935e-03   2.0257016e-01  -4.1948469e-04   1.1903196e-03  -9.8222266e-04
  -4.4473408e-02  -4.4109902e-02   1.9716540e-01   4.7691112e-05   1.1905633e-03  -8.8587103e-04
  -4.9189946e-02   3.5168408e-02   1.6731410e-01  -1.9070868e-04   1.0457050e-03  -1.0583547e-03
  -5.2932414e-02   4.5896943e-02   2.0101831e-01  -1.5812057e-04   1.2448775e-03  -1.0860535e-03
  -3.7092735e-02   5.1411830e-03   1.9770042e-01   5.9448186e-05   1.2034956e-03  -9.7356660e-04
  -3.9808218e-02  -3.2067111e-02   2.1520357e-01   8.3270232e-05   1.1632771e-03  -9.4069324e-04
  -5.2393321e-02  -4.1536575e-03   1.8779006e-01  -9.8664633e-05   1.3152645e-03  -9.7712651e-04
  -4.8177488e-02   2.7465480e-02   1.8133043e-01   8.3577877e-05   1.2148237e-03  -1.0515281e-03
  -6.8260716e-02  -1.3646688e-02   1.9510617e-01   1.9030232e-04   1.6657820e-03  -1.2955741e-03
  -4.4691016e-02  -1.7835725e-02   2.0100108e-01   7.0796681e-05   1.2755212e-03  -1.0461696e-03
  -4.2837945e-02   9.5014489e-03   1.9122888e-01  -6.7718874e-06   1.1963423e-03  -1.1049293e-03
  -4.7766416e-02  -2.3960237e-02   1.9016268e-01   6.9790342e-05   1.2728687e-03  -1.2108051e-03
  -5.3450129e-02   4.4433644e-02   1.9713295e-01   2.4847480e-04   1.2554479e-03  -1.3175088e-03
  -5.8525412e-02   7.3536399e-04   2.2399313e-01  -4.8481205e-05   1.4409729e-03  -1.1365074e-03
  -5.3634689e-02  -1.6490209e-02   2.2224661e-01   1.1092321e-04   1.4418861e-03  -1.1026211e-03
  -5.8793364e-02   2.9508643e-03   2.0158578e-01  -6.7856294e-05   1.3036865e-03  -1.2326730e-03
  -5.7877840e-02   3.6842896e-02   2.0788693e-01   2.2449487e-04   1.2435507e-03  -1.4493512e-03
  -5.7782009e-02  -2.0158086e-03   2.3086475e-01   7.5932682e-04   1.5624914e-03  -1.4323506e-03
  -4.6419920e-02  -2.1662453e-02   2.6618368e-01   3.2925291e-04   1.4332401e-03  -1.0186034e-03
  -5.4183833e-02  -2.7662961e-02   2.6086819e-01   2.7017221e-04   1.6717807e-03  -1.0470936e-03
  -5.0832909e-02   5.0779421e-02   2.0827975e-01   2.4621421e-04   1.5436124e-03  -1.2493219e-03
  -3.5666325e-02   3.7164426e-02   2.3919227e-01   3.3116111e-05   1.2909848e-03  -1.0682037e-03
  -3.1971588e-02   2.4068580e-02   2.5078413e-01  -2.0778040e-04   1.3656420e-03  -9.7068777e-04
  -3.7705178e-02   2.5978262e-03   2.6356022e-01   8.5393104e-06   1.3164605e-03  -1.0446026e-03
  -4.5117244e-02  -3.0139583e-02   2.6156594e-01   3.6019092e-04   1.6340795e-03  -1.1322411e-03
  -4.4516253e-02   3.5494860e-02   2.5853505e-01   2.7651410e-04   1.5721118e-03  -1.1813789e-03
  -4.1877262e-02   1.0594826e-03   2.8630030e-01  -2.6309068e-06   1.4244754e-03  -1.1057526e-03
  -6.4720602e-02  -2.5752843e-02   2.8156437e-01   4.3088357e-04   1.5590699e-03  -1.3255898e-03
  -6.6103104e-02  -1.8195275e-03   2.8506599e-01   3.5358595e-04   1.6009036e-03  -1.3236934e-03
  -5.8308312e-02   5.0029730e-02   2.8919102e-01   3.1175606e-04   1.6887513e-03  -1.2380963e-03
  -5.6499157e-02   8.4388086e-03   3.0351187e-01  -2.1646556e-04   1.5770077e-03  -1.1783965e-03
  -5.9581074e-02  -2.0945615e-02   2.8285352e-01  -1.1527837e-04   1.5848751e-03  -1.2659446e-03
  -5.7333345e-02   2.3493633e-02   2.5857781e-01   4.5903617e-05   1.6110300e-03  -1.3458712e-03
  -5.8006389e-02   1.9562537e-02   2.7233585e-01   6.9149672e-04   2.0081016e-03  -1.3279492e-03
  -5.8779879e-02  -1.1656679e-02   3.0678475e-01   2.7882622e-04   1.8388409e-03  -1.3044537e-03
  -5.8354357e-02  -4.6189844e-02   3.0487924e-01  -1.2668965e-04   1.7231107e-03  -1.2703856e-03
  -5.7564246e-02  -1.9441152e-02   2.8854796e-01  -6.8353118e-05   1.7566787e-03  -1.3186006e-03
  -5.6647076e-02  -6.1607013e-03   2.7833770e-01   8.6232456e-05   1.8394958e-03  -1.4579391e-03
  -5.8773586e-02   1.9276300e-02   2.9278286e-01   1.6413611e-04   2.0000426e-03  -1.3966647e-03
  -6.1207004e-02  -3.4971101e-02   3.0479757e-01  -8.5309838e-05   1.8404919e-03  -1.3834912e-03
  -6.0839957e-02   5.8367397e-03   2.8560998e-01   2.6452166e-05   1.4600269e-03  -1.3824441e-03
  -7.7815866e-02  -1.1645596e-02   3.0616024e-01   2.2086440e-04   1.6926440e-03  -1.5231238e-03
  -8.2921883e-02  -1.9044736e-02   3.3325212e-01   4.5452030e-04   1.8152181e-03  -1.6735076e-03
  -7.8194171e-02   4.6740469e-02   3.3464495e-01   5.3680849e-04   1.6140041e-03  -1.5687672e-03
  -6.6259475e-02  -3.9292431e-02   3.3342079e-01   7.2321120e-04   1.7992318e-03  -1.3290614e-03
  -6.5044921e-02  -4.9631173e-02   3.1898287e-01   4.3567291e-04   1.8357714e-03  -1.4023456e-03
  -6.5305868e-02   4.9379038e-02   3.0423473e-01  -1.7788884e-05   1.6802797e-03  -1.5649389e-03
  -6.7199881e-02   1.3552926e-02   3.2875399e-01  -2.1038218e-04   1.7261332e-03  -1.4904126e-03
  -6.6710536e-02   7.7359094e-03   3.1251638e-01  -8.9680187e-05   1.6410979e-03  -1.4879378e-03
  -7.4661950e-02  -1.3062974e-02   3.1953168e-01   8.3706779e-05   1.8043481e-03  -1.6417128e-03
  -8.1478670e-02   2.1201240e-03   3.2461268e-01   1.3426554e-04   2.0696491e-03  -1.6574345e-03
  -7.4624742e-02   1.5893143e-02   3.2848216e-01   4.4362462e-05   1.8506018e-03  -1.5912401e-03
  -7.9399711e-02   7.2879064e-03   3.2328193e-01   3.1186486e-04   1.9097084e-03  -1.7348352e-03
  -8.9628300e-02  -2.1545654e-02   3.4258572e-01   1.5780491e-04   1.9587432e-03  -1.7348375e-03
  -9.8093432e-02  -1.9426315e-02   3.2756035e-01   2.9055621e-04   1.8630782e-03  -1.8117630e-03
  -9.0843961e-02   9.5780328e-03   3.2152861e-01   4.8915767e-04   1.9276216e-03  -1.9212957e-03
  -9.3450356e-02  -4.8229785e-03   3.4857823e-01   7.5576708e-04   2.0589868e-03  -1.9416277e-03
  -8.2823484e-02  -4.2257331e-02   3.9318303e-01   4.6286243e-04   1.9430447e-03  -1.7368674e-03
  -8.8575948e-02  -9.7792108e-03   3.5834079e-01  -8.8751802e-05   1.9846196e-03  -1.9163121e-03
  -8.7758330e-02  -7.3285246e-03   3.4869640e-01  -3.5027776e-04   1.8991148e-03  -1.7809210e-03
  -8.8233343e-02  -8.4844749e-03   3.5982892e-01  -4.1210175e-05   2.0533491e-03  -1.8703584e-03
  -9.1877585e-02  -1.5147726e-02   3.6555274e-01   2.7437389e-04   2.2002661e-03  -1.8978639e-03
  -9.1853247e-02   7.0513258e-03   3.4864422e-01   3.9836379e-04   2.1553138e-03  -1.9181698e-03
  -8.5772156e-02  -1.2869200e-02   3.5571443e-01  -1.1360969e-05   1.9622558e-03  -1.8034886e-03
  -8.7663759e-02   1.3940914e-02   3.2805450e-01   4.3817451e-04   2.1494035e-03  -1.8179674e-03
  -8.8760590e-02   1.0365871e-02   3.6703927e-01   6.2138450e-05   2.0633859e-03  -1.8480062e-03
  -9.1472564e-02  -5.5914910e-03   3.7373305e-01   6.4923085e-04   2.3157677e-03  -1.6498030e-03
  -9.4462907e-02  -6.4635692e-02   3.8816978e-01   4.0157520e-04   2.1256274e-03  -1.7676570e-03
  -9.5827583e-02   1.4387319e-02   3.3162127e-01   4.6484798e-04   1.9686586e-03  -1.8821941e-03
  -6.3690476e-02   9.6351732e-03   3.5088714e-01   5.0237387e-04   1.6664099e-03  -1.6328434e-03
  -6.3532716e-02  -2.3220601e-02   3.8605011e-01   4.6670280e-04   1.8125110e-03  -1.5143678e-03
  -6.3168976e-02  -1.8195458e-02   3.7888491e-01   1.6482370e-05   1.6132339e-03  -1.4043885e-03
  -6.7335975e-02  -2.5765259e-03   3.6495616e-01  -4.4608291e-04   1.5469008e-03  -1.5279845e-03
  -3.1809241e-02   7.3262532e-02   4.2342055e-01  -1.7021471e-03   1.1934226e-03  -2.0841130e-03
  -2.9781507e-02  -8.2312985e-03   4.4784806e-01  -3.6778427e-03   2.3862970e-04  -1.9414504e-03
  -3.4069465e-02  -6.7700897e-02   4.9888311e-01  -2.7563220e-03   2.9918307e-04  -1.4808311e-03
  -2.4726607e-02   3.1361874e-02   5.7552296e-01  -2.6313791e-03   8.7432702e-05  -1.3271480e-03
  -2.8206282e-02  -1.7986823e-02   5.9014512e-01  -2.0672775e-03   5.6142588e-04  -1.1327008e-03
  -3.7024705e-02  -3.9355263e-02   6.0143102e-01  -2.6718613e-03   6.9726159e-04  -1.1509408e-03
  -4.2899230e-02  -3.9102580e-02   5.8746962e-01  -2.7561320e-03   6.6357844e-04  -1.4089395e-03
  -3.8886578e-02   3.1027556e-02   6.0186812e-01  -2.7460035e-03   4.8664956e-04  -1.4620661e-03
  -5.4600474e-02  -1.1267963e-02   6.2305993e-01  -2.3216992e-03   7.5291433e-04  -1.3826125e-03
  -5.9992909e-02  -4.5859460e-02   6.5539115e-01  -2.3992157e-03   9.7526205e-04  -1.5090968e-03
  -6.2761701e-02  -3.0045167e-02   6.3033777e-01  -2.7240560e-03   9.6100999e-04  -1.6191156e-03
  -6.4319886e-02   3.8051727e-02   5.9312567e-01  -3.1041314e-03   6.9326389e-04  -1.6206685e-03
  -6.7761815e-02   1.8362823e-02   6.1255572e-01  -2.5378706e-03   1.0023158e-03  -1.5979203e-03
  -6.8599193e-02  -4.5320019e-02   6.3181166e-01  -2.3985186e-03   1.1761320e-03  -1.6249143e-03
  -8.9860404e-02  -3.9326149e-02   6.4717318e-01  -2.5603726e-03   1.7184389e-03  -1.6470410e-03
  -8.6456139e-02  -8.4149787e-02   6.4228031e-01  -3.0278346e-03   1.3248083e-03  -1.7145053e-03
  -7.3358923e-02   2.9240437e-02   6.0711988e-01  -3.0120411e-03   1.0957346e-03  -1.7549277e-03
  -7.6944114e-02   1.5842495e-03   6.2657785e-01  -2.7276346e-03   1.5305849e-03  -1.7753268e-03
  -7.2423780e-02  -2.8767197e-02   6.6274853e-01  -2.6068420e-03   1.4137099e-03  -1.5002436e-03
  -8.0586681e-02  -4.8532071e-02   6.5630818e-01  -2.5848929e-03   1.5167962e-03  -1.5822133e-03
  -7.8116946e-02  -4.0088658e-03   6.4365210e-01  -2.9017072e-03   1.2624480e-03  -1.7371331e-03
  -6.9316139e-02   1.6276773e-02   6.5086508e-01  -3.0226554e-03   1.1975582e-03  -1.7184801e-03
  -6.7674482e-02  -3.6866372e-03   6.6277862e-01  -2.7546777e-03   1.0303791e-03  -1.6176419e-03
  -6.8624728e-02  -2.3315859e-02   6.6213491e-01  -2.7997177e-03   1.1119605e-03  -1.6555385e-03
  -7.3746475e-02  -4.3039028e-02   6.7374045e-01  -2.8183560e-03   1.3576548e-03  -1.6345109e-03
  -8.3389598e-02  -5.2768511e-02   6.6926608e-01  -2.7834955e-03   1.5501427e-03  -1.6957739e-03
  -8.2262100e-02  -3.5465120e-03   6.4498607e-01  -3.5151830e-03   9.6955745e-04  -1.8350662e-03
  -8.3828520e-02  -3.0845052e-02   6.4693746e-01  -2.6556433e-03   1.3712557e-03  -1.8707736e-03
  -8.3347937e-02  -4.5363247e-02   6.8278846e-01  -2.9486470e-03   1.3896945e-03  -1.8283854e-03
  -8.3118830e-02  -5.1578048e-02   6.8379955e-01  -2.9972565e-03   1.4302101e-03  -1.7289655e-03
  -7.5238636e-02  -1.9234120e-02   6.5397590e-01  -3.3385289e-03   1.0693052e-03  -1.7677748e-03
  -7.4235602e-02  -1.6776465e-02   6.7301872e-01  -3.2601080e-03   1.2391092e-03  -1.7672210e-03
  -7.6227559e-02  -1.9200525e-02   6.7992456e-01  -2.9664543e-03   1.1428658e-03  -1.7995293e-03
  -8.3780016e-02  -4.1242684e-02   6.9729526e-01  -3.1252563e-03   1.2197881e-03  -1.8657155e-03
  -8.2397313e-02  -3.9192222e-02   6.7308339e-01  -2.5974182e-03   1.3757819e-03  -1.8435652e-03
  -5.7449946e-02  -4.1971441e-03   6.8949731e-01  -3.4860388e-03   9.2513468e-04  -1.9141005e-03
  -6.3033362e-02  -1.8446657e-02   7.1542435e-01  -3.5208204e-03   1.0901512e-03  -1.8363068e-03
  -6.8806061e-02  -2.5317482e-02   7.2247813e-01  -3.6991183e-03   1.0605959e-03  -1.7020573e-03
  -8.0420054e-02  -6.0036704e-02   7.3367021e-01  -3.6373622e-03   1.2803753e-03  -1.6919020e-03
  -7.8527996e-02  -5.3043567e-02   7.0993543e-01  -4.0586009e-03   1.0780275e-03  -1.8475395e-03
  -7.4499844e-02  -6.1666452e-03   7.0816224e-01  -4.0715921e-03   1.0375639e-03  -1.9228094e-03
  -7.2995669e-02  -1.3271922e-02   7.1847618e-01  -3.9239443e-03   1.0177216e-03  -1.9243568e-03
  -7.7492493e-02  -3.8646855e-02   7.3118883e-01  -3.9115092e-03   1.0530479e-03  -1.8605471e-03
  -7.8320788e-02  -2.6947702e-02   7.0339874e-01  -3.8511983e-03   1.0961094e-03  -1.9528137e-03
  -8.7722973e-02  -3.6838502e-02   6.9993169e-01  -3.3345015e-03   1.2519493e-03  -1.9515224e-03
  -7.8625288e-02  -8.3088317e-03   7.1729509e-01  -3.9593518e-03   8.2192240e-04  -1.9450258e-03
  -7.7418293e-02  -5.4102432e-02   7.4006188e-01  -3.9023240e-03   9.2613670e-04  -1.8571608e-03
  -7.8947688e-02  -1.1014971e-02   7.2898544e-01  -3.8547175e-03   9.1744686e-04  -1.9935084e-03
  -9.0728796e-02  -2.7649505e-02   7.3904695e-01  -3.5004529e-03   1.1219957e-03  -2.1357362e-03
  -8.2085461e-02   3.0063832e-02   7.4513576e-01  -4.1316083e-03   9.8286576e-04  -1.9013094e-03
  -9.0523977e-02  -4.6212721e-02   7.4765786e-01  -3.8306472e-03   1.3764783e-03  -1.9595962e-03
  -7.9630211e-02  -2.5797721e-02   7.4188316e-01  -4.2796219e-03   9.4289726e-04  -2.0257144e-03
  -8.0140604e-02  -4.2745896e-02   7.2725569e-01  -3.9510253e-03   1.1881833e-03  -1.9955192e-03
  -7.7096329e-02  -2.0569022e-03   7.2669714e-01  -3.8790212e-03   1.0161997e-03  -2.0757619e-03
  -7.8481417e-02  -2.8595536e-03   7.4429904e-01  -4.1119654e-03   1.0527785e-03  -1.9404105e-03
  -7.9131428e-02  -3.6496565e-02   7.4942908e-01  -3.8113358e-03   9.5986244e-04  -2.0197571e-03
  -8.2296665e-02  -7.5354011e-02   7.4388793e-01  -3.4892653e-03   1.1208105e-03  -2.0216695e-03
  -7.0648463e-02  -1.9858852e-02   7.3991935e-01  -3.7043491e-03   8.1577272e-04  -2.1302077e-03
  -7.1812052e-02  -1.5538525e-03   7.5881146e-01  -3.5347534e-03   8.3196832e-04  -2.0470397e-03
  -7.6436275e-02  -4.0541025e-02   7.7347572e-01  -3.3507469e-03   1.0121362e-03  -2.0838752e-03
  -8.9426719e-02  -1.0769672e-01   7.7433327e-01  -3.1222426e-03   1.2400888e-03  -2.2916251e-03
  -7.3952368e-02   2.8589352e-02   7.4214143e-01  -3.9196137e-03   7.2769962e-04  -2.3192553e-03
  -8.1971102e-02   1.0193980e-02   7.4493191e-01  -4.0068864e-03   9.6617878e-04  -2.2827504e-03
  -8.4927681e-02   2.6618500e-02   7.5861499e-01  -4.0477078e-03   1.0761714e-03  -2.1772487e-03
  -9.3666108e-02  -1.6498361e-02   7.6272578e-01  -3.8731839e-03   1.3009684e-03  -2.1352653e-03
  -9.8869225e-02  -3.2111007e-02   7.4300876e-01  -3.8658691e-03   1.3254106e-03  -2.2330449e-03
  -8.4520587e-02   3.2787914e-02   7.3084496e-01  -3.8723330e-03   1.0651560e-03  -2.2273516e-03
  -9.1666865e-02  -4.3749662e-03   7.5434798e-01  -3.2133146e-03   1.4812879e-03  -2.2371432e-03
  -9.5784158e-02   1.7307268e-03   7.9738417e-01  -3.5248194e-03   1.5064460e-03  -2.1287763e-03
  -8.7789291e-02  -5.0281988e-02   8.0269465e-01  -4.0915319e-03   1.0793448e-03  -2.1365844e-03
  -9.3781745e-02  -1.6776217e-02   7.6092777e-01  -3.6917730e-03   1.2781501e-03  -2.2044989e-03
  -9.4961173e-02   2.2438421e-02   7.6129961e-01  -3.8249478e-03   1.3565445e-03  -2.2420181e-03
  -9.9310986e-02  -4.9496924e-02   8.0504082e-01  -3.3372377e-03   1.4445440e-03  -2.2200582e-03
  -9.6010952e-02  -2.9239814e-02   8.0225937e-01  -3.5034148e-03   1.4621612e-03  -2.1332718e-03
  -9.7650456e-02   2.7159449e-03   7.9566060e-01  -4.1679972e-03   1.2069793e-03  -2.2253197e-03
  -1.0287638e-01   3.1709238e-03   8.1196094e-01  -3.8228363e-03   1.3114174e-03  -2.4056359e-03
  -1.1367133e-01  -3.5786204e-02   8.2352799e-01  -3.2280822e-03   1.6479733e-03  -2.5197847e-03
  -1.0683685e-01  -2.2589517e-02   8.0906226e-01  -3.8122072e-03   1.2854355e-03  -2.3271689e-03
  -1.0541829e-01   3.1481617e-02   7.9406232e-01  -4.1187798e-03   1.4070058e-03  -2.2900761e-03
  -1.1097703e-01  -2.3120338e-02   8.1693903e-01  -3.6027550e-03   1.7463566e-03  -2.4006043e-03
  -1.0793507e-01  -6.1329238e-02   8.3823179e-01  -3.9367713e-03   1.6910248e-03  -2.3033414e-03
  -9.6979679e-02   2.7024236e-02   8.1336098e-01  -4.4711594e-03   1.4122632e-03  -2.2981730e-03
  -1.0321485e-01  -9.6877058e-03   8.0778321e-01  -4.3193470e-03   1.5589144e-03  -2.3162471e-03
  -1.0728232e-01  -1.1747768e-02   7.9643384e-01  -3.8957158e-03   1.7188388e-03  -2.3921401e-03
  -1.1110368e-01  -3.1369332e-02   8.1522514e-01  -3.5375303e-03   2.0955749e-03  -2.3352541e-03
