   0.0000000e+00   0.0000000e+00   0.0000000e+00   0.0000000e+00   0.0000000e+00   0.0000000e+00
  -4.8366805e-03   2.1968124e-02  -1.6453320e-02  -4.4207961e-05   1.7987132e-04  -3.2155278e-04
  -2.2290481e-01   7.6866078e-03   1.2550057e-01  -2.6189359e-03   2.4364572e-04  -3.1141905e-03
  -4.6797367e-01  -6.7279476e-02   1.5501878e-01  -2.3791026e-03  -4.4743426e-03  -6.4552363e-03
  -4.6733729e-01   3.2369542e-02   2.5528717e-01  -2.5446221e-03  -4.4615610e-03  -6.2308499e-03
  -4.7091467e-01  -6.6583300e-02   2.1153721e-01  -2.3498568e-03  -4.3301003e-03  -6.4025540e-03
  -4.2720291e-01  -3.9676798e-02   2.1316061e-01  -2.0686746e-03  -5.0346127e-03  -6.1516386e-03
  -4.6192494e-01  -4.6587026e-02   1.6741253e-01  -2.5535600e-03  -5.4149619e-03  -6.9278145e-03
  -5.1007685e-01  -3.3280292e-02   2.1423873e-01  -2.8025458e-03  -5.4438364e-03  -7.3814740e-03
  -5.0708995e-01  -6.6779214e-02   2.2697369e-01  -2.4088943e-03  -5.6043369e-03  -7.8343165e-03
  -5.4987502e-01  -1.0974382e-02   2.4868022e-01  -2.7499457e-03  -5.7879429e-03  -8.3009736e-03
  -5.2507110e-01  -5.3167034e-02   2.5257155e-01  -2.6464214e-03  -6.0174552e-03  -8.4404121e-03
  -5.6091509e-01  -3.5816098e-02   2.3934616e-01  -3.2470942e-03  -6.0448127e-03  -8.7582327e-03
  -5.4024103e-01  -5.0555777e-02   2.7127971e-01  -3.6326467e-03  -6.8251257e-03  -8.6504011e-03
  -5.4964561e-01  -6.1910751e-02   2.0940562e-01  -3.1922039e-03  -7.0106395e-03  -9.5045651e-03
  -5.6179796e-01   4.8479841e-03   3.2557151e-01  -3.1675396e-03  -7.0568734e-03  -8.7337846e-03
  -5.6982121e-01  -9.4479743e-02   2.8327047e-01  -2.8380993e-03  -6.9639266e-03  -9.3278673e-03
  -6.1402966e-01   2.5550876e-02   3.2423073e-01  -3.9377453e-03  -6.4247544e-03  -9.2226256e-03
  -5.7659958e-01  -1.0413377e-01   3.2204734e-01  -3.0812566e-03  -7.5767149e-03  -9.1724169e-03
  -6.2450989e-01  -1.5695861e-02   3.3802210e-01  -3.7819838e-03  -7.4909489e-03  -9.2476167e-03
  -6.2638841e-01  -7.0424832e-02   3.2696099e-01  -3.4175745e-03  -8.1794209e-03  -9.9424986e-03
  -6.3925205e-01  -3.9296186e-02   2.9279572e-01  -3.2038450e-03  -8.0390479e-03  -1.0254994e-02
  -6.8036560e-01  -5.0468176e-04   3.5715634e-01  -3.7013039e-03  -8.3688831e-03  -1.0222228e-02
  -6.5238036e-01  -1.1857980e-01   3.0750350e-01  -2.9057550e-03  -8.6883685e-03  -1.0492648e-02
  -7.0053809e-01  -1.5430217e-02   3.5541917e-01  -3.4872132e-03  -8.4200693e-03  -1.0501620e-02
  -6.8220643e-01  -1.1483360e-01   3.3052939e-01  -3.0075755e-03  -8.9360541e-03  -1.0758002e-02
  -6.9771596e-01  -4.4885587e-02   3.1151554e-01  -3.2074875e-03  -8.9123258e-03  -1.1158731e-02
  -7.5733601e-01  -2.6386611e-02   3.9649549e-01  -3.2697678e-03  -9.3143315e-03  -1.1156783e-02
  -7.6548790e-01  -1.2303054e-01   3.4676824e-01  -2.7963845e-03  -9.1071706e-03  -1.1804643e-02
  -7.6997877e-01  -2.9813677e-02   3.8851468e-01  -3.1144895e-03  -9.2456448e-03  -1.1545371e-02
  -7.6846208e-01  -1.1131431e-01   3.6589588e-01  -2.7298539e-03  -8.8740529e-03  -1.1895076e-02
  -7.8046967e-01  -3.0361036e-02   4.0310345e-01  -3.1334085e-03  -9.0591097e-03  -1.1689968e-02
  -7.4511269e-01  -7.7791235e-02   3.4484300e-01  -2.8199932e-03  -8.7517594e-03  -1.1514478e-02
  -7.6811793e-01  -3.8793106e-02   4.0438281e-01  -3.1551819e-03  -8.7254659e-03  -1.1622571e-02
  -7.4498156e-01  -1.0044168e-01   3.6418168e-01  -2.5741720e-03  -8.6747758e-03  -1.1731900e-02
  -6.7559418e-01   4.6128342e-03   4.4722276e-01  -3.3166091e-03  -8.1654227e-03  -1.0532441e-02
  -7.0344972e-01  -1.4947630e-01   3.5909733e-01  -2.3645585e-03  -8.7766184e-03  -1.1303016e-02
  -7.5949898e-01  -1.4853436e-02   3.9786583e-01  -3.1793869e-03  -8.8164086e-03  -1.2060831e-02
  -7.4625601e-01  -9.3987321e-02   4.0766104e-01  -2.4951973e-03  -9.1692965e-03  -1.1871659e-02
  -7.4440686e-01  -6.2587797e-02   3.8006109e-01  -2.5720584e-03  -9.0350151e-03  -1.1980229e-02
  -7.6079618e-01  -2.4144191e-02   4.2125305e-01  -2.8393835e-03  -9.1804680e-03  -1.1817641e-02
  -7.3557287e-01  -8.5937176e-02   3.9855890e-01  -2.1305595e-03  -9.2289272e-03  -1.2010109e-02
  -7.8141402e-01   2.0657905e-02   4.0720788e-01  -3.3220954e-03  -9.2456414e-03  -1.2225080e-02
  -7.5540987e-01  -1.0494578e-01   3.8372142e-01  -2.2068936e-03  -9.3025388e-03  -1.2268694e-02
  -7.7913459e-01   2.7439033e-02   3.9778805e-01  -3.3170933e-03  -9.2569257e-03  -1.2032586e-02
  -7.4430305e-01  -1.1533622e-01   3.9596535e-01  -2.1593527e-03  -9.5576993e-03  -1.2169072e-02
  -7.6284799e-01  -1.0585906e-03   3.9792338e-01  -2.9826127e-03  -9.5058094e-03  -1.2128664e-02
  -7.4091288e-01  -9.4746102e-02   3.9824465e-01  -2.2169997e-03  -9.6578230e-03  -1.2101449e-02
  -7.5789817e-01   9.5453495e-03   3.7179720e-01  -2.9820242e-03  -9.4659368e-03  -1.2230421e-02
  -7.4122900e-01  -1.0101137e-01   3.8337118e-01  -2.1840949e-03  -9.8811254e-03  -1.2283970e-02
  -7.4686369e-01  -1.0025970e-02   3.7632755e-01  -2.4792683e-03  -9.8013062e-03  -1.2328424e-02
  -7.0349769e-01  -2.9103238e-02   4.0128111e-01  -2.2915248e-03  -9.9406284e-03  -1.2186951e-02
  -6.7623208e-01  -5.7465877e-02   3.5647498e-01  -1.9733614e-03  -9.9623884e-03  -1.2109867e-02
  -7.0683094e-01  -1.4199309e-02   3.9193692e-01  -2.9390054e-03  -1.0083081e-02  -1.1975758e-02
  -7.0932534e-01  -5.6677495e-02   4.0989076e-01  -2.4655650e-03  -1.0350382e-02  -1.2146496e-02
  -6.4988287e-01   2.3007312e-01   5.9070128e-01   3.1944273e-04  -9.7906770e-03  -1.0054592e-02
  -5.8911698e-01   3.0706513e-01   5.9580958e-01   2.7734920e-03  -9.0340128e-03  -6.4495654e-03
  -8.1115118e-01  -1.3511878e-01   5.1601806e-01  -7.3107429e-04  -1.0455074e-02  -1.0158547e-02
  -8.7958407e-01  -7.4682930e-02   6.0533317e-01  -1.0961871e-03  -1.0624323e-02  -1.1431726e-02
  -8.9801614e-01  -5.9421245e-02   5.5775637e-01  -1.3860994e-03  -1.0961659e-02  -1.2100023e-02
  -8.9415481e-01  -1.9604900e-02   5.9292334e-01  -1.8260989e-03  -1.0861162e-02  -1.1960933e-02
  -9.0795466e-01  -7.5963630e-02   5.8678120e-01  -1.3832305e-03  -1.1036034e-02  -1.2496733e-02
  -9.1664713e-01  -6.1641340e-02   6.0263788e-01  -1.7822699e-03  -1.1104510e-02  -1.2663627e-02
  -9.0632208e-01  -1.0505879e-01   5.7057704e-01  -1.6782619e-03  -1.1289233e-02  -1.2949862e-02
  -8.8754549e-01  -9.3833311e-02   5.4164839e-01  -1.8828625e-03  -1.1170134e-02  -1.2899473e-02
  -8.7284893e-01  -7.1644376e-02   5.6236543e-01  -1.9711981e-03  -1.1346771e-02  -1.2822370e-02
  -8.8340942e-01  -1.0320944e-02   5.9185490e-01  -2.6676893e-03  -1.0899727e-02  -1.2418215e-02
  -8.8849323e-01  -1.3223372e-01   5.8722368e-01  -1.7386410e-03  -1.0963998e-02  -1.3071402e-02
  -8.8098365e-01  -8.8949394e-02   5.8813738e-01  -1.6004122e-03  -1.1242404e-02  -1.3156058e-02
  -8.6942007e-01   4.4084230e-02   6.2362913e-01  -2.8826006e-03  -1.1429775e-02  -1.2558276e-02
  -9.3020122e-01  -1.0326407e-01   5.8719473e-01  -2.1286548e-03  -1.0946161e-02  -1.3619135e-02
  -9.1018722e-01  -5.4745289e-02   5.6829922e-01  -1.7456116e-03  -1.0739822e-02  -1.3357286e-02
  -8.7775536e-01  -9.4881379e-03   5.8532922e-01  -2.0759567e-03  -1.0904205e-02  -1.2703346e-02
  -8.7866229e-01  -6.0137511e-02   5.5622566e-01  -1.6981069e-03  -1.1157032e-02  -1.3088762e-02
  -7.3274517e-01   2.3697562e-02   4.3111140e-01  -7.6799251e-05  -1.0310574e-02  -9.7543806e-03
  -6.8182181e-01   2.2582354e-02   3.8371544e-01  -8.9152319e-04  -1.0621642e-02  -9.8477663e-03
  -7.6918440e-01  -3.6773123e-02   4.1594987e-01  -1.1548197e-03  -1.1160136e-02  -1.1038753e-02
  -7.8512108e-01   3.2505438e-02   4.6046868e-01  -1.1904751e-03  -1.1098242e-02  -1.1295897e-02
  -7.9791267e-01  -2.3958021e-02   4.1195232e-01  -1.3690464e-03  -1.1463529e-02  -1.1876442e-02
  -8.0950554e-01   4.3139475e-02   4.9431504e-01  -2.0008394e-03  -1.1691390e-02  -1.1841724e-02
  -8.2914977e-01  -3.0865372e-02   4.2449712e-01  -1.4267099e-03  -1.1796223e-02  -1.2537584e-02
  -8.3602563e-01   6.8217600e-03   4.0904334e-01  -1.2754694e-03  -1.1611873e-02  -1.2493817e-02
  -8.2223717e-01   3.3079701e-02   4.8775997e-01  -1.3554762e-03  -1.2354611e-02  -1.2278523e-02
  -8.4736713e-01  -2.6425902e-02   4.3738596e-01  -1.1171496e-03  -1.2200943e-02  -1.2995762e-02
  -8.2952225e-01   4.0422254e-02   5.3494084e-01  -1.8306632e-03  -1.1593121e-02  -1.0884460e-02
  -8.7956918e-01  -6.4151861e-02   4.7174776e-01  -1.6873865e-03  -1.2158824e-02  -1.2625153e-02
  -8.7733668e-01   9.6506256e-03   4.9531915e-01  -2.5563683e-03  -1.2104831e-02  -1.2207701e-02
  -8.7870866e-01  -5.9707037e-02   4.8039381e-01  -2.4806142e-03  -1.2622293e-02  -1.2641783e-02
  -8.3166917e-01  -5.0428807e-02   4.7018654e-01  -2.1094622e-03  -1.2427478e-02  -1.2485327e-02
  -7.9069128e-01  -6.3400256e-03   4.4684126e-01  -2.9321894e-03  -1.2351472e-02  -1.1862919e-02
  -8.1188615e-01  -7.9584385e-03   5.0761455e-01  -2.5811583e-03  -1.2400776e-02  -1.1737709e-02
  -7.9126952e-01  -7.9870143e-02   4.0406824e-01  -2.3968502e-03  -1.2383957e-02  -1.2004522e-02
  -8.2059208e-01   3.5982320e-02   4.3327690e-01  -3.1940660e-03  -1.1916432e-02  -1.2185430e-02
  -7.8131624e-01  -1.9245606e-02   4.1336988e-01  -2.8295749e-03  -1.1971629e-02  -1.1940876e-02
  -7.4096629e-01  -4.2528019e-02   3.8552237e-01  -2.4480074e-03  -1.1930168e-02  -1.1997559e-02
  -7.7405009e-01   4.7010108e-02   4.7415166e-01  -3.0649183e-03  -1.1628648e-02  -1.1918367e-02
  -7.4851324e-01  -8.5447487e-02   4.4210278e-01  -2.5937307e-03  -1.2092880e-02  -1.2209976e-02
  -7.4830788e-01  -1.3647557e-02   4.7377929e-01  -3.0868288e-03  -1.1630053e-02  -1.1713108e-02
  -7.3131742e-01  -5.1935687e-02   4.8244902e-01  -2.9987693e-03  -1.1930495e-02  -1.1506715e-02
  -7.1233058e-01  -3.7914063e-02   4.5241298e-01  -2.6983478e-03  -1.1666862e-02  -1.1234628e-02
  -7.5513237e-01   2.0429339e-02   4.4847776e-01  -3.3635747e-03  -1.1888606e-02  -1.1459560e-02
  -7.1350003e-01  -4.5324375e-02   4.3275103e-01  -2.5973763e-03  -1.1832705e-02  -1.1342890e-02
  -6.7768639e-01  -4.7184827e-02   3.9991320e-01  -2.4661379e-03  -1.2392703e-02  -1.1012654e-02
  -7.1671320e-01   4.4424904e-02   4.3033879e-01  -3.1756833e-03  -1.2087983e-02  -1.1360619e-02
  -6.9045310e-01  -6.9090502e-02   4.1257162e-01  -2.3919130e-03  -1.2499328e-02  -1.1420916e-02
  -6.6096260e-01  -1.6072185e-02   3.7217021e-01  -2.4941626e-03  -1.2590536e-02  -1.1123831e-02
  -6.7617320e-01   5.6505388e-02   4.5728521e-01  -2.8763202e-03  -1.2585996e-02  -1.0888923e-02
  -6.6354373e-01  -5.6814676e-02   3.8332505e-01  -1.8947741e-03  -1.2770493e-02  -1.1422569e-02
  -7.3528954e-01   6.8704949e-02   4.3487380e-01  -2.7109804e-03  -1.2997613e-02  -1.1864317e-02
  -6.9533507e-01  -8.5906437e-03   4.2190046e-01  -2.4403211e-03  -1.3079145e-02  -1.1677345e-02
  -7.3842798e-01   5.2295279e-02   4.2175472e-01  -3.0111200e-03  -1.3055454e-02  -1.2222430e-02
  -7.2718484e-01  -4.5128672e-02   4.3928625e-01  -2.4518612e-03  -1.3201190e-02  -1.2494380e-02
  -7.2701254e-01   4.6474833e-02   4.3356540e-01  -2.8798968e-03  -1.2864808e-02  -1.2212486e-02
  -7.2318495e-01   1.9618470e-03   4.5023751e-01  -2.6302462e-03  -1.3422560e-02  -1.2340586e-02
  -7.1102436e-01  -3.2041585e-02   4.2530408e-01  -2.4649165e-03  -1.3299799e-02  -1.2291961e-02
  -7.5563352e-01   3.7184756e-02   4.8755214e-01  -3.0444556e-03  -1.3533257e-02  -1.2466358e-02
  -7.5091120e-01  -5.1380306e-02   4.5506967e-01  -2.5065086e-03  -1.3568536e-02  -1.2829888e-02
  -7.5702490e-01   2.6469879e-02   4.6664069e-01  -3.2218920e-03  -1.3363320e-02  -1.2609374e-02
  -7.2545343e-01  -3.4804469e-02   4.6644665e-01  -2.5981759e-03  -1.3690037e-02  -1.2774346e-02
  -7.4475203e-01   2.2411136e-02   4.6367478e-01  -3.2052168e-03  -1.3164637e-02  -1.2550882e-02
  -7.3090380e-01  -3.4124119e-02   5.1001601e-01  -3.0025568e-03  -1.3490503e-02  -1.2583911e-02
  -7.4803513e-01  -1.6481418e-03   4.6485382e-01  -3.3103412e-03  -1.3069751e-02  -1.2626305e-02
  -7.0032166e-01   4.6413164e-02   5.1432217e-01  -2.0778435e-03  -1.2815413e-02  -1.1917967e-02
  -5.3931565e-01   3.5723396e-01   4.2110791e-01   9.1955165e-04  -1.1769305e-02  -6.3003050e-03
  -6.4647318e-01  -5.2705200e-02  -2.0970192e-01   6.2617767e-03  -4.4378367e-04  -6.8702793e-03
  -8.1297172e-01   3.6976082e-03   2.9444195e-01   4.9255444e-04  -7.2048332e-03  -1.0726639e-02
  -8.0056621e-01   3.2548009e-02   3.9443820e-01   5.6591436e-06  -8.3988929e-03  -1.1284554e-02
  -7.9608018e-01  -3.1465123e-02   3.6163260e-01  -5.6837371e-04  -9.0559483e-03  -1.2251008e-02
  -8.2583172e-01  -7.5658900e-03   4.2688861e-01  -1.0551547e-03  -9.3807271e-03  -1.2525756e-02
  -8.2125913e-01  -4.5439576e-02   3.9074074e-01  -9.8109952e-04  -9.7351022e-03  -1.3039207e-02
  -8.1926482e-01  -1.2656733e-02   4.1402507e-01  -1.2305851e-03  -9.8538830e-03  -1.3177971e-02
  -8.1610227e-01  -6.5916237e-02   3.3566876e-01  -1.6673387e-03  -9.9131400e-03  -1.3801588e-02
  -8.5558812e-01   4.8400085e-02   3.9538670e-01  -2.4836042e-03  -1.0026872e-02  -1.2660139e-02
  -7.1014456e-01  -9.2633477e-02   5.1783669e-01  -3.0884263e-03  -9.8433357e-03  -1.1819115e-02
  -6.3556751e-01  -1.2161794e-01   5.2557731e-01  -3.7444311e-03  -9.7026066e-03  -1.1542708e-02
  -6.7152447e-01  -1.1547741e-01   5.6856209e-01  -4.1089256e-03  -1.0558592e-02  -1.2222375e-02
  -7.3688229e-01  -1.1941528e-02   5.0998214e-01  -4.6873039e-03  -1.0577396e-02  -1.3060264e-02
  -7.0525164e-01  -1.2893249e-01   5.1834305e-01  -4.2785866e-03  -1.1121043e-02  -1.3412531e-02
  -7.4518558e-01  -3.3293819e-02   5.4860616e-01  -4.4547799e-03  -1.1014846e-02  -1.3141594e-02
  -7.2450796e-01  -7.6892806e-02   5.3483219e-01  -3.6616967e-03  -1.1594106e-02  -1.3198544e-02
  -7.1886490e-01  -6.6361311e-02   4.5806126e-01  -3.9906022e-03  -1.1705839e-02  -1.3290099e-02
  -7.2122475e-01  -4.2858460e-02   4.8687532e-01  -4.0483063e-03  -1.1775179e-02  -1.2785675e-02
  -6.8588413e-01  -1.1175827e-01   4.8752501e-01  -3.6566817e-03  -1.1628377e-02  -1.2731706e-02
  -7.1421784e-01  -4.1666714e-02   4.7922956e-01  -4.0661131e-03  -1.1865917e-02  -1.2914922e-02
  -7.0217978e-01  -8.0999075e-02   4.9614470e-01  -4.0844450e-03  -1.2155145e-02  -1.2897755e-02
  -6.8154531e-01  -8.8664937e-02   4.8045628e-01  -3.1948013e-03  -1.2093021e-02  -1.2801159e-02
  -7.9041507e-01   6.2076209e-02   5.6639920e-01  -4.7805491e-03  -1.3055363e-02  -1.3369423e-02
  -6.7926956e-01  -1.1849191e-01   4.5532284e-01  -3.8713828e-03  -1.1495916e-02  -1.3458077e-02
  -7.4163248e-01   7.0086668e-02   4.7170666e-01  -3.4651794e-03  -1.1527218e-02  -1.2334696e-02
  -7.2593173e-01  -1.4249437e-01   4.7576490e-01  -3.7475054e-03  -1.2147611e-02  -1.3711432e-02
  -7.2525406e-01  -1.8093406e-02   5.1935614e-01  -4.1887996e-03  -1.2182370e-02  -1.3176976e-02
  -7.0335243e-01  -1.1409177e-01   5.1253972e-01  -3.5420835e-03  -1.2312409e-02  -1.3708427e-02
  -7.1126391e-01  -2.3065196e-02   4.7845059e-01  -4.0961909e-03  -1.2903351e-02  -1.3498294e-02
  -7.1603128e-01  -2.7230602e-02   4.8848500e-01  -4.0591802e-03  -1.2934823e-02  -1.3356575e-02
  -6.5121458e-01  -8.9060811e-02   4.7316573e-01  -3.5041054e-03  -1.3153023e-02  -1.2995797e-02
  -7.0436101e-01  -1.5176381e-02   4.7000513e-01  -4.1605075e-03  -1.3220937e-02  -1.3350777e-02
  -6.6784372e-01  -4.9306078e-02   4.9616497e-01  -3.6920129e-03  -1.3291053e-02  -1.2944131e-02
  -6.5408596e-01  -6.1742813e-02   4.5524594e-01  -3.5705685e-03  -1.3585814e-02  -1.3039637e-02
  -7.0715035e-01   6.0300410e-02   5.6113645e-01  -4.1679985e-03  -1.3925285e-02  -1.3100438e-02
  -6.9936975e-01  -1.3324081e-01   4.7536401e-01  -3.5221404e-03  -1.3913379e-02  -1.3970078e-02
  -7.4608656e-01   6.9147584e-03   5.6515939e-01  -3.8990518e-03  -1.4050013e-02  -1.3414443e-02
  -7.3990629e-01  -1.0875235e-01   5.2020749e-01  -3.6491293e-03  -1.3795788e-02  -1.4095466e-02
  -7.4629738e-01  -6.4416844e-02   5.7656799e-01  -3.9648976e-03  -1.3967302e-02  -1.3649585e-02
  -7.0521955e-01  -1.2127029e-01   5.2758265e-01  -3.5716445e-03  -1.4151935e-02  -1.3698333e-02
  -6.9237646e-01  -4.2756899e-02   5.2838704e-01  -4.1351416e-03  -1.4061352e-02  -1.3223608e-02
  -6.8904019e-01  -8.9556840e-02   5.4660061e-01  -4.0209734e-03  -1.4238355e-02  -1.3197937e-02
  -6.7673214e-01  -8.1421792e-02   5.2074970e-01  -3.7550359e-03  -1.4291802e-02  -1.3316057e-02
  -6.8395830e-01  -1.3293257e-02   5.1723504e-01  -4.4000924e-03  -1.3694992e-02  -1.3195139e-02
  -6.6443227e-01  -1.0300949e-01   5.2502572e-01  -3.9850751e-03  -1.4112756e-02  -1.3309048e-02
  -6.5238210e-01  -8.1199219e-02   4.7509673e-01  -4.1522764e-03  -1.4190238e-02  -1.3197563e-02
  -7.1552760e-01  -6.6212606e-03   5.3008024e-01  -4.4856836e-03  -1.4139522e-02  -1.3343976e-02
  -6.8339411e-01  -1.2268771e-01   5.0899188e-01  -3.9012970e-03  -1.4115640e-02  -1.3665890e-02
  -7.0673850e-01  -3.9362532e-02   5.2500736e-01  -4.3061583e-03  -1.3909474e-02  -1.3559800e-02
  -7.1242907e-01  -1.0247898e-01   5.5891974e-01  -3.9529346e-03  -1.4151313e-02  -1.3911435e-02
  -7.4726928e-01  -6.7047491e-02   5.4144109e-01  -4.2027864e-03  -1.3837534e-02  -1.4313258e-02
  -7.3352603e-01  -4.0140673e-02   5.6615824e-01  -4.1229597e-03  -1.4216315e-02  -1.4031653e-02
  -6.5718477e-01  -9.7315105e-02   4.9619613e-01  -3.8577061e-03  -1.3527192e-02  -1.3795551e-02
  -7.0266932e-01   9.0359749e-03   5.2151218e-01  -3.3572578e-03  -1.4145616e-02  -1.3226638e-02
  -6.8624394e-01  -8.0574751e-02   5.2106739e-01  -3.7043511e-03  -1.4234989e-02  -1.3807470e-02
  -6.6857020e-01  -5.6090764e-02   4.9539443e-01  -4.0288710e-03  -1.3696415e-02  -1.3409683e-02
  -6.7736818e-01  -5.9203319e-02   5.2981412e-01  -4.1713761e-03  -1.3961814e-02  -1.3230894e-02
  -6.6857233e-01  -8.1652981e-02   5.1863074e-01  -3.8065976e-03  -1.4046299e-02  -1.3652841e-02
  -6.4727108e-01   4.4472972e-02   4.8789816e-01  -2.8713757e-03  -1.2825196e-02  -1.1464369e-02
  -6.7167853e-01  -5.4591928e-02   4.9422737e-01  -4.1753831e-03  -1.3726233e-02  -1.2759658e-02
  -6.5737588e-01  -6.2667026e-02   4.3484491e-01  -3.9878090e-03  -1.3800741e-02  -1.2758543e-02
  -6.8672436e-01  -2.0330423e-02   4.8985224e-01  -3.7631876e-03  -1.4283030e-02  -1.2580736e-02
  -6.6116149e-01  -4.4449380e-02   4.8145533e-01  -3.4242335e-03  -1.4164530e-02  -1.2768008e-02
  -6.6375950e-01  -1.6058835e-02   4.8389490e-01  -3.7036593e-03  -1.4278846e-02  -1.2647891e-02
  -6.6248164e-01  -3.0925857e-02   5.0503894e-01  -3.7374056e-03  -1.4142746e-02  -1.2298373e-02
  -6.6423758e-01  -6.5895411e-02   4.7300531e-01  -3.6913825e-03  -1.3637070e-02  -1.3106653e-02
  -6.7872373e-01   3.7094584e-02   4.7035488e-01  -4.1345513e-03  -1.4165271e-02  -1.2799631e-02
  -6.0829658e-01  -6.0795177e-02   4.8698037e-01  -3.8050220e-03  -1.4149207e-02  -1.1875476e-02
  -6.1188590e-01  -5.9303399e-02   4.6209838e-01  -3.4840728e-03  -1.4185927e-02  -1.2179917e-02
  -6.2636737e-01  -1.9650128e-02   4.4857744e-01  -4.2260032e-03  -1.4123467e-02  -1.2256774e-02
  -6.2892957e-01  -1.7230297e-02   4.7723935e-01  -3.8013854e-03  -1.4305283e-02  -1.1769122e-02
  -6.0333155e-01  -5.4497786e-02   4.5081374e-01  -3.4133226e-03  -1.4085167e-02  -1.2087293e-02
  -5.9239557e-01   3.9388316e-02   4.8118605e-01  -3.5681596e-03  -1.3641323e-02  -1.1441294e-02
  -4.4315314e-01   1.1971411e-01   6.7442266e-01  -2.7926930e-03  -1.5173716e-02  -9.4814134e-03
  -5.3416041e-01   5.7520111e-01   6.2856302e-01   3.4065452e-03  -9.7287854e-03  -5.2334914e-03
  -1.0571514e+00   3.4419919e-02   8.7862080e-01  -1.3902166e-03  -1.3331987e-02  -9.9386213e-03
  -1.0121486e+00  -7.1654486e-02   8.9524002e-01  -3.8715895e-03  -1.4246566e-02  -1.0606909e-02
  -1.0764559e+00  -3.8878394e-03   9.0860847e-01  -4.5792000e-03  -1.4194208e-02  -1.2228097e-02
  -1.1283195e+00  -1.6650410e-02   8.0000347e-01  -5.1007262e-03  -1.3330289e-02  -1.3810464e-02
  -1.1211659e+00  -2.6941417e-02   7.4060604e-01  -5.2130016e-03  -1.3846987e-02  -1.4076430e-02
  -1.1129247e+00  -5.5331886e-02   6.7575945e-01  -5.2699348e-03  -1.3570464e-02  -1.4069442e-02
  -1.1505733e+00  -3.2102361e-02   7.3286598e-01  -5.0873007e-03  -1.3983591e-02  -1.4474498e-02
  -1.0513508e+00  -1.0596579e-02   6.8899700e-01  -5.6177992e-03  -1.4358976e-02  -1.4171659e-02
  -1.0602575e+00  -9.7483376e-02   5.7846907e-01  -5.1403878e-03  -1.4380962e-02  -1.4078782e-02
  -1.0703834e+00  -5.9401140e-02   5.2035674e-01  -5.0096329e-03  -1.4574763e-02  -1.4416759e-02
  -1.0871843e+00  -2.0442870e-02   5.1427732e-01  -4.9110114e-03  -1.4755437e-02  -1.4463839e-02
