   0.0000000e+00   0.0000000e+00   0.0000000e+00   0.0000000e+00   0.0000000e+00   0.0000000e+00
   3.1985748e-02   1.0889147e-01   1.8054081e-02   5.5183153e-04   2.1006863e-05   1.0473049e-03
   4.6507689e-02  -7.9356450e-02  -7.5528696e-02   2.2265758e-03  -4.4436329e-04   1.7802813e-03
   6.6669602e-02   9.9001056e-02  -5.5619476e-02   2.2979246e-03  -1.5230412e-03   1.8212389e-03
   5.4506087e-02  -3.6049882e-02  -5.1408239e-02   1.8748091e-03  -1.2477041e-03   1.2533519e-03
   6.6146523e-02   6.5477727e-02  -1.1178090e-02   1.2525000e-03  -1.5528398e-03   1.6643401e-03
   5.3245006e-02   2.1653235e-02  -4.7454496e-02   1.8760041e-03  -1.2310025e-03   1.2758996e-03
   4.8952164e-02   1.1626193e-02  -1.8891901e-02   8.6047774e-04  -1.0429080e-03   1.3564612e-03
   3.2079657e-02   4.5996008e-03   7.8539987e-03   5.1178415e-04  -6.1261146e-04   1.1040038e-03
   3.3647504e-02   7.2487207e-03   1.9143456e-02  -6.2247792e-04  -8.2010471e-04   9.0496959e-04
   2.1457261e-02   4.3354166e-02   4.0736447e-02  -1.8846575e-03  -5.1900290e-04   6.6708566e-04
   1.4959535e-02   5.0064020e-02   5.4832615e-02  -2.7013273e-03  -1.2668405e-04   5.5108312e-04
   1.1122482e-02   2.9643550e-02   5.9143578e-02  -2.3911999e-03  -1.0584017e-04   5.1854613e-04
   1.4003053e-02   4.6185436e-02   6.4718881e-02  -2.6872661e-03  -2.9654184e-04   4.3110660e-04
  -1.4910425e-02   8.7334320e-02   8.3333481e-02  -2.7210378e-03  -1.5456346e-04   1.7092625e-04
   2.6722747e-03   8.4586308e-02   7.5850052e-02  -3.6992133e-03  -4.5049350e-04   1.2385119e-04
   2.1376976e-02   6.6477038e-02   1.7278485e-02  -3.9675268e-03  -1.0703450e-03   6.1136965e-04
  -4.5375118e-03   6.6612666e-02   5.8564683e-02  -4.8750902e-03   1.1492825e-04   3.8948018e-04
   1.8747658e-03   1.3102998e-01   4.6687892e-02  -4.4757876e-03   9.2484001e-05   6.3025402e-04
  -6.1940379e-03   4.0868401e-02   5.1931050e-02  -4.5967933e-03   2.9109179e-04   4.5585711e-04
  -2.7126107e-03   7.1028672e-02   3.3868060e-02  -4.0528163e-03   1.7069587e-04   7.3970071e-04
  -9.1686611e-03   3.3061738e-02   2.6857714e-02  -4.0428322e-03   3.5780207e-04   6.8599159e-04
  -9.6746336e-03   9.2486007e-02   5.4395893e-02  -4.5261934e-03   4.3616354e-04   5.5567178e-04
  -3.5695038e-03   1.1394227e-01   5.7508653e-02  -4.5951953e-03   4.7518934e-04   8.0177858e-04
   1.6386255e-03   5.9939993e-02   5.1401438e-02  -4.6206066e-03   5.3237028e-04   6.2020436e-04
  -1.5646013e-02   5.6668540e-02   5.3067898e-02  -4.3345336e-03   9.4538398e-04   6.6964288e-04
  -1.8097323e-02   7.0450627e-02   5.6427118e-02  -4.8577267e-03   8.5223109e-04   6.6848836e-04
  -1.8906664e-03   1.1003596e-01   5.1938003e-02  -4.6173226e-03   3.4212064e-04   8.4384237e-04
   2.2516039e-04   7.8437943e-02   4.5477010e-02  -4.5485964e-03   7.8974089e-04   1.1208137e-03
  -1.3957475e-02   5.7752914e-02   3.1805407e-02  -4.7655672e-03   9.0267634e-04   6.8839770e-04
  -1.5241498e-03   1.1163342e-01   4.4047512e-02  -5.0052638e-03   5.1294780e-04   7.5433763e-04
  -2.2516128e-02   4.4046710e-02   4.0388056e-02  -5.0068990e-03   1.1801320e-03   6.4101653e-04
  -1.8702669e-02   6.2496651e-02   5.6376304e-02  -4.9502150e-03   1.2638638e-03   6.8385547e-04
  -1.7137071e-02   5.6502046e-02   5.4489877e-02  -5.0223036e-03   1.4028165e-03   7.2043284e-04
  -1.6786713e-02   1.2290310e-01   5.8490860e-02  -5.2176798e-03   1.2562304e-03   7.0696735e-04
  -1.5838297e-02   9.2819157e-02   5.7980388e-02  -5.3353382e-03   1.3894559e-03   7.6394719e-04
  -1.7664451e-02   7.1461357e-02   5.2681688e-02  -5.4556552e-03   1.4950190e-03   7.0771079e-04
  -2.1771847e-02   7.6942874e-02   6.1549155e-02  -5.1010694e-03   1.5565021e-03   6.3711915e-04
  -2.2431855e-02   9.3496645e-02   4.4320797e-02  -5.1629489e-03   1.5659310e-03   5.8088969e-04
  -1.4568034e-02   1.5315195e-01   4.8096505e-02  -5.2285482e-03   1.4495451e-03   6.3147865e-04
   4.4820285e-03   5.7505693e-02   2.8130880e-02  -4.1704156e-03   5.0252201e-04   1.1511656e-03
  -4.8642123e-03   5.3335391e-02   1.2397561e-02  -3.2995565e-03   1.0659609e-03   1.1871827e-03
  -7.2472885e-03   3.0014021e-02   5.1121519e-03  -3.4928218e-03   1.1227635e-03   1.0506700e-03
   9.5142570e-03   9.6302371e-02   2.8384117e-02  -3.8751151e-03   9.3945675e-04   1.1708413e-03
  -9.5195699e-03   6.0988692e-02   1.1308743e-02  -3.8968379e-03   1.4501735e-03   9.5381122e-04
  -5.4907682e-03   8.1254528e-02  -3.7572579e-03  -3.6345046e-03   1.2758263e-03   1.0463333e-03
   5.0920557e-03   8.7553548e-02  -3.1931100e-03  -3.6913737e-03   8.2337589e-04   1.2099683e-03
   2.6979858e-03   9.4768226e-02   1.1519081e-02  -3.3691320e-03   8.2430625e-04   1.3538288e-03
  -3.5486119e-03   4.8683218e-02   1.9978765e-02  -3.8773878e-03   8.9279855e-04   1.1686607e-03
  -1.9816008e-02   6.6619628e-02   3.6588273e-02  -4.0893342e-03   9.0845226e-04   9.7040405e-04
  -1.6156418e-02   5.8503547e-02   4.4148169e-02  -4.6145451e-03   1.0565092e-03   9.4962849e-04
   4.6193824e-03   7.7184939e-02   1.3009037e-02  -3.9016758e-03   6.6283644e-04   1.2915159e-03
   9.7932043e-03   7.6576421e-02   1.9168729e-04  -3.6381293e-03   6.3213895e-04   1.4104660e-03
   1.4788747e-02   1.1496771e-01   1.9273227e-03  -2.5508761e-03  -1.7144335e-04   1.8254036e-03
   1.4288592e-02  -2.3987361e-03  -3.3086134e-02  -2.8898354e-03   4.3950206e-04   1.7536852e-03
   3.2217581e-03   5.3688602e-02   6.4079629e-03  -3.3363977e-03   9.2104125e-04   1.3005280e-03
  -5.6795329e-04   6.9510581e-03  -1.8575938e-02  -2.6681438e-03   7.9245225e-04   1.3217967e-03
   1.3605153e-04   9.6291835e-02   2.0024953e-02  -3.1709540e-03   1.2801196e-03   1.7144430e-03
   7.5510189e-03   9.9831330e-03  -2.0815711e-03  -2.9670615e-03   8.6001449e-04   1.6591222e-03
   9.3530313e-05   2.9040959e-02   6.4019239e-03  -2.8754166e-03   1.0584234e-03   1.5369593e-03
   7.6027211e-03   8.3163944e-02  -4.3678682e-04  -3.0864820e-03   1.0868115e-03   1.5746729e-03
   1.2380253e-02   5.5270864e-02   8.2799294e-03  -3.0445934e-03   8.9665285e-04   1.5705775e-03
   5.3738885e-03   4.8038923e-02  -7.3770189e-03  -2.7729480e-03   1.0491917e-03   1.6013405e-03
   1.0547670e-02   7.2219905e-02   9.3933832e-03  -3.1724950e-03   5.7370615e-04   1.7735694e-03
   6.2935236e-03   5.3498377e-02  -7.4350384e-03  -2.7499594e-03   6.8675259e-04   1.8225183e-03
  -1.4922212e-02   6.4587992e-02  -3.8756006e-02  -2.7899913e-03   9.9270173e-04   1.0184799e-03
  -5.1841636e-02   5.0593292e-02  -5.6331762e-02  -2.7332394e-03   2.1072801e-03  -1.7209483e-04
  -9.7140638e-03   3.2892618e-02  -6.7971551e-02  -3.0465107e-03   4.8196034e-04   4.4490639e-04
   5.5684508e-03   7.5442667e-02  -3.7048130e-02  -2.3418812e-03   6.4188902e-04   9.7629218e-04
   1.2232269e-02   5.0852855e-02  -3.1474801e-02  -2.7726703e-03   5.9107692e-04   1.0282769e-03
   8.5860295e-03  -9.4190552e-03  -3.2028385e-02  -2.9676496e-03   4.6260286e-04   1.0205660e-03
   2.1753319e-02   5.3630002e-02  -3.5816914e-02  -3.0324973e-03   5.6680351e-04   1.2001375e-03
   8.3100863e-03  -2.0067742e-04  -4.5849134e-02  -3.1259482e-03   2.8026290e-04   9.1080290e-04
  -5.2724558e-03   5.6621566e-02  -3.9750516e-02  -3.1204246e-03   3.3950348e-04   8.1765590e-04
  -4.3137184e-03   2.5985839e-02  -3.7227051e-02  -3.2000782e-03   2.4929518e-04   7.6989837e-04
  -8.9076379e-03   2.4799870e-02  -3.8508249e-02  -3.3360782e-03   4.0386999e-04   7.5421943e-04
  -6.6721827e-03   8.0459519e-02  -3.0938190e-02  -3.5145773e-03   2.9090244e-04   6.1904790e-04
  -2.5484247e-02   8.8427429e-02  -1.5189198e-02  -3.6753651e-03   1.8771752e-04   3.0965936e-04
  -1.5991181e-02   5.9751656e-02  -3.4674190e-02  -3.9102831e-03   4.9933213e-04   3.5467838e-04
   5.5109235e-03   5.4363503e-02  -5.6136895e-02  -2.7274802e-03   2.1107591e-04   8.5615725e-04
   1.6514151e-03   5.8087731e-03  -6.4145672e-02  -3.0594748e-03   1.0131842e-03   8.6523797e-04
   3.8430629e-03   7.0821944e-02  -4.3848969e-02  -3.3741265e-03   6.0914808e-04   7.6727213e-04
  -3.2379591e-03   1.6773817e-02  -5.8155143e-02  -3.1750915e-03   5.7863534e-04   5.9941390e-04
   8.4921924e-03   9.3113202e-02  -5.3929553e-02  -3.8854185e-03   3.4844070e-04   7.4671064e-04
   1.4550190e-02   6.5887672e-02  -7.4420949e-02  -3.2465549e-03   6.7374953e-04   9.1868065e-04
   1.9706502e-02   3.2446422e-02  -5.9930990e-02  -2.7492542e-03   5.9707266e-04   1.1012866e-03
   2.5746166e-02   6.4172122e-02  -5.1831139e-02  -3.0464688e-03   5.0871878e-04   1.1173577e-03
   3.1211160e-02   1.0143463e-01  -3.7024524e-02  -3.2070010e-03   6.6250691e-04   1.1936849e-03
   2.5457798e-02   1.6541901e-02  -3.5646099e-02  -3.2839555e-03   7.1286525e-04   1.0839890e-03
   1.9723630e-02   9.5702009e-02  -3.2425125e-02  -3.5514075e-03   8.9713598e-04   1.0289482e-03
   1.8808606e-02   3.8732161e-02  -3.9643203e-02  -3.6268070e-03   1.1720134e-03   9.2204310e-04
   1.3705414e-02   6.2674296e-02  -3.8069399e-02  -3.9033690e-03   1.3207229e-03   9.1503882e-04
   3.8372428e-02   1.2011743e-01  -4.9280881e-02  -3.7939217e-03   8.0078503e-04   1.5550933e-03
   3.2610285e-02  -2.7250678e-02  -1.0710713e-01  -2.9418047e-03   1.2218204e-03   1.3440481e-03
   3.4951956e-02   4.3354062e-02  -8.5701401e-02  -3.0143741e-03   1.0095959e-03   1.4831036e-03
   1.6937941e-02   7.3396186e-02  -7.9844229e-02  -3.5798429e-03   8.8272708e-04   1.0943746e-03
   1.4525904e-02   7.3502401e-02  -1.1133826e-02  -3.5656113e-03   7.6039056e-04   1.3499818e-03
   2.1432876e-02   1.2343129e-01  -1.1834038e-02  -3.8993749e-03   3.4369384e-04   1.2881912e-03
   2.4116553e-02   8.9793538e-02  -3.1983163e-02  -3.5679129e-03   4.0736067e-04   1.3401948e-03
   1.4951088e-02   8.0383476e-02  -1.4377375e-02  -3.6099920e-03   5.9718839e-04   1.2277433e-03
   9.9435935e-03   4.3079096e-02   1.0225260e-02  -4.4970625e-03   7.6700587e-04   1.0901230e-03
   6.8396772e-03   1.1322474e-01   1.9986915e-02  -5.0586915e-03   7.3825475e-04   9.2287107e-04
   4.0492727e-03   1.0399426e-01   2.2968083e-02  -5.3340558e-03   8.1943360e-04   9.8759856e-04
   1.1155237e-03   7.5591109e-02   1.6692302e-02  -5.3830442e-03   7.8072479e-04   9.3228213e-04
  -1.1360570e-02   1.1455165e-01   4.1048384e-02  -5.7314363e-03   1.1055611e-03   7.3235662e-04
   1.2034945e-03   1.0741804e-01   4.9180957e-02  -5.4661304e-03   1.0104398e-03   1.1701820e-03
   3.3423543e-02   1.9953665e-01   3.0744408e-02  -5.3465941e-03   1.9770441e-04   1.8841265e-03
   1.6476792e-02   1.5949643e-02   3.2578208e-02  -5.2251857e-03   1.1376785e-03   1.5204850e-03
   2.1085556e-02   3.8612134e-02   1.2378317e-02  -4.5104763e-03   1.1502094e-03   1.9502201e-03
   3.0613312e-02   1.3151159e-01   2.7872432e-02  -4.7033149e-03   6.8950122e-04   2.0987262e-03
   2.6563010e-02   4.8288897e-02   1.2150338e-02  -4.7296844e-03   9.9591706e-04   2.0285301e-03
   1.3532092e-02   3.5672955e-02   1.6455337e-02  -4.6179000e-03   1.1632640e-03   1.9938891e-03
   2.4262291e-02   9.3377645e-02   2.6982872e-02  -4.7529845e-03   7.7801842e-04   2.1387388e-03
   2.6368494e-02   7.2364050e-02   1.4148216e-02  -4.4018106e-03   9.9675555e-04   2.0484363e-03
   3.3423734e-02   7.4331950e-02   1.9953267e-02  -4.5941224e-03   1.2200447e-03   1.9985395e-03
   2.4378359e-02   7.1005803e-02  -2.8728211e-03  -4.2549596e-03   1.2607442e-03   1.9043581e-03
   2.2080299e-02   1.2931927e-01  -9.9373346e-03  -4.4439743e-03   1.1670525e-03   2.0086953e-03
   1.6227197e-02   7.8963085e-02  -1.3701675e-02  -4.2451144e-03   1.3496115e-03   1.9230348e-03
   3.3368363e-02   8.6162841e-02   2.1743308e-02  -4.2931038e-03   1.4417817e-03   2.1496313e-03
   3.8061634e-02   5.0084583e-02  -1.8648422e-02  -3.6196213e-03   9.7777199e-04   2.7943722e-03
   6.2322456e-02   8.3119735e-02  -1.2904217e-02  -3.2268558e-03   2.0789592e-04   3.0922794e-03
   6.4859409e-02   1.9608577e-02  -3.0399814e-02  -2.3721292e-03   1.0905567e-04   3.1897026e-03
   6.4233808e-02   1.0145011e-02  -2.8738669e-02  -2.4280195e-03   1.6813835e-04   2.9901472e-03
   6.6995173e-02   8.1705970e-02  -2.8428287e-02  -2.6749751e-03   1.7689282e-05   3.1941435e-03
   6.2339461e-02   3.2864085e-02  -3.9194275e-02  -2.2167707e-03   1.6622465e-04   3.1771069e-03
   6.2892400e-02   5.9425866e-02  -2.2349915e-02  -2.5452187e-03   1.2953758e-04   3.2037240e-03
   7.4397519e-02  -2.7139099e-02  -1.0224903e-01  -6.0497244e-04  -3.4396057e-04   3.4551682e-03
   9.1020238e-02   7.1027442e-02  -7.9638549e-02  -9.4042002e-04  -5.7361318e-04   3.3342791e-03
   6.4821776e-02  -1.3143826e-02  -3.2943809e-02  -2.2413933e-03   1.0754609e-05   2.9125898e-03
   5.7655933e-02   8.3803224e-02   1.1811895e-02  -3.4596036e-03  -1.1988791e-04   2.6136286e-03
   6.4160713e-02   7.7555546e-02   5.1007887e-03  -3.4598590e-03  -1.3579578e-04   2.7623689e-03
   7.1709141e-02   1.4827852e-01   3.6499790e-02  -2.6717223e-03  -1.4326868e-03   3.2281002e-03
   1.0479080e-01   1.1015664e-01  -8.4594586e-02  -7.8421183e-04  -1.3428504e-03   3.1798601e-03
   5.7750399e-02  -1.4558229e-01  -1.0496529e-01  -1.4690437e-04  -2.5748333e-04   2.7372804e-03
   5.6935530e-02   1.0477589e-02  -6.8737226e-02  -9.1473897e-05  -3.3545025e-04   2.7850439e-03
   5.7656763e-02   2.1856251e-02  -4.3626864e-02  -1.5230603e-04  -1.8668074e-04   2.9273658e-03
   4.8287148e-02   2.2117477e-02  -6.6210377e-03  -1.3698914e-03   2.0397316e-04   2.5536030e-03
   5.0460320e-02  -2.6118595e-03  -1.1391297e-02  -1.6819799e-03   2.7334288e-04   2.5687932e-03
   6.7030054e-02   6.4671621e-02  -1.8614931e-02  -2.0286009e-03  -4.7828414e-05   2.8563302e-03
   5.4304140e-02   3.7067232e-03  -2.9118164e-02  -2.0421680e-03   3.3466509e-04   2.6354595e-03
   6.4322632e-02   6.3245553e-02  -3.8919671e-02  -2.4436808e-03   3.4834795e-05   2.5896672e-03
   6.1000255e-02   9.6805310e-02  -2.4598130e-02  -2.7703668e-03   2.5238094e-04   2.7062801e-03
   5.9682846e-02   3.9410367e-02  -3.0161631e-02  -2.9432630e-03   3.5597039e-04   2.6613624e-03
   5.9399988e-02   1.1481917e-01  -2.0991803e-02  -3.1282597e-03   5.8943620e-04   2.6785622e-03
   6.1273968e-02   9.8625002e-02  -3.6101679e-02  -2.4904677e-03   3.1357751e-04   2.7327310e-03
   5.7020401e-02   5.6796175e-02  -7.7946872e-02  -1.7189259e-03   2.3940985e-04   2.5918405e-03
   5.7868209e-02   1.0817075e-01  -3.7375383e-02  -2.4407361e-03   6.8293966e-05   2.6168377e-03
   5.3597048e-02   7.7789988e-02  -3.2433893e-02  -2.2061819e-03   1.9276175e-04   2.6317416e-03
   5.6906380e-02   4.9905506e-02  -1.1740762e-02  -2.4922036e-03   2.5488612e-04   2.6461822e-03
   5.3719670e-02   3.2135259e-02  -1.7289727e-02  -2.4466971e-03   3.1458331e-04   2.5610952e-03
   5.4844473e-02   6.5525025e-02  -2.9023912e-02  -2.7871329e-03   2.5420473e-04   2.3972879e-03
   5.7906952e-02   9.9555478e-02  -3.5557234e-02  -2.7773058e-03   4.4907654e-04   2.4494378e-03
   5.7586277e-02   7.2568048e-02  -2.9175533e-02  -2.9407856e-03   5.3540230e-04   2.4185544e-03
   5.3279071e-02   7.3698891e-02  -1.6297646e-02  -3.4532517e-03   5.1479189e-04   2.3493166e-03
   4.5343526e-02   1.1567131e-01  -1.4941377e-02  -3.7347844e-03   6.8489741e-04   2.1709433e-03
   4.5387194e-02   9.8901536e-02  -8.9052512e-03  -3.5637088e-03   5.1828492e-04   2.3308912e-03
   4.2343770e-02   4.9850492e-02  -1.6463637e-02  -3.4415189e-03   5.7879650e-04   2.2057502e-03
   5.4157423e-02   1.4139772e-01  -4.3047160e-03  -3.7914423e-03   4.9492194e-04   2.3493667e-03
   5.5524384e-02   7.5162996e-02  -1.4738945e-02  -3.5790546e-03   6.6595700e-04   2.3870796e-03
   5.7493870e-02   8.6560532e-02  -1.9877038e-02  -3.5580970e-03   3.7612511e-04   2.5914387e-03
   5.0460313e-02   4.2144940e-02  -6.5155951e-03  -3.4179882e-03   2.9859402e-04   2.4085514e-03
   6.0831278e-02   4.7652559e-02  -1.7731079e-02  -3.3036097e-03   3.9616230e-05   2.6424821e-03
   8.5734922e-02   1.0863083e-01  -4.1622599e-02  -2.8004043e-03  -2.3598859e-04   3.0693474e-03
   7.6600827e-02   2.4877963e-02  -4.9707621e-02  -2.6823035e-03  -1.8995258e-04   2.9123742e-03
   7.2064952e-02   4.8518142e-02  -4.4504784e-02  -2.4261506e-03  -1.7432400e-04   2.9310077e-03
   7.5261748e-02   6.4351745e-02  -2.2790661e-02  -2.7882249e-03  -3.6197750e-04   2.8503799e-03
   8.0777776e-02   9.4532129e-02  -2.0133180e-02  -2.8371531e-03  -3.7015272e-04   2.9104669e-03
   7.5590157e-02   6.4648153e-02  -1.0776821e-02  -3.2039449e-03  -8.8206197e-05   2.7249245e-03
   8.2580444e-02   5.4013488e-02  -1.3404241e-02  -3.0749426e-03  -1.9788520e-04   2.8574778e-03
   7.5289956e-02   8.6039664e-02  -1.0163815e-02  -2.9516485e-03  -2.9102520e-04   2.7969128e-03
   6.4710320e-02   9.8283841e-02  -4.5409171e-02  -2.5299437e-03  -1.5788365e-05   2.6976340e-03
   8.0806801e-02   5.6530700e-02  -5.2517854e-02  -2.4066120e-03  -2.3061760e-04   3.0114204e-03
   1.4092225e-01   1.4739072e-01  -6.9699169e-02  -1.0698719e-03  -2.1181606e-03   4.1248352e-03
   9.9246798e-02  -8.6052470e-02  -7.9255261e-02  -1.2184886e-03  -1.5201623e-03   3.2354474e-03
   9.7755180e-02   5.8955805e-02  -6.0318783e-02  -1.5438560e-03  -1.4614058e-03   3.2307271e-03
   1.0277005e-01   4.0524480e-02  -6.4192909e-02  -1.4231130e-03  -1.2628444e-03   3.1990022e-03
   1.0419386e-01   4.5336458e-02  -4.0483598e-02  -1.7298128e-03  -1.4422498e-03   3.2528942e-03
   1.0361037e-01   1.4438392e-02  -3.9452590e-02  -1.7619795e-03  -1.4582026e-03   3.2697501e-03
   1.1911349e-01   1.9601604e-01  -5.0521565e-02  -2.7381589e-04  -1.5688551e-03   3.6673127e-03
   1.1558045e-01   9.8266790e-05  -5.0990641e-02  -1.4190651e-03  -1.5808688e-03   3.5917729e-03
   1.0618114e-01   1.2826110e-02  -3.4609496e-02  -1.4472658e-03  -1.7862400e-03   3.5331392e-03
   1.1325362e-01   9.2719772e-02  -6.1316174e-02  -1.5581210e-03  -1.8187516e-03   3.6280320e-03
   1.1932197e-01   6.4085195e-02  -6.5132512e-02  -1.4562748e-03  -1.7989018e-03   3.8425996e-03
   1.0928979e-01   9.7675101e-02  -6.4530459e-02  -1.7879076e-03  -1.7294060e-03   3.6410623e-03
   1.1358328e-01  -1.6181523e-02  -6.5206343e-02  -1.2216762e-03  -1.9278314e-03   3.5978033e-03
   1.0908464e-01   5.0644380e-02  -7.0533765e-02  -1.4115664e-03  -1.9903336e-03   3.6359611e-03
   1.1307673e-01   6.8215576e-02  -5.4083563e-02  -1.6648944e-03  -1.9073217e-03   3.6273152e-03
   1.1912150e-01   2.4057057e-02  -5.1765304e-02  -1.8479704e-03  -1.8960192e-03   3.6964812e-03
   1.1767248e-01  -1.9536942e-02  -5.5292694e-02  -1.5754028e-03  -1.7889333e-03   3.7460346e-03
   1.2392546e-01   5.4255919e-02  -4.5294740e-02  -1.9696491e-03  -1.9883764e-03   3.7420925e-03
   1.2686445e-01   9.2489922e-02  -4.0691047e-02  -2.1837319e-03  -1.9754761e-03   3.7684004e-03
   1.2323271e-01   1.7834950e-02  -5.4282741e-02  -2.4075812e-03  -2.0687378e-03   3.6959216e-03
   1.1923961e-01   5.8530609e-02  -4.7433517e-02  -2.3355065e-03  -1.8482432e-03   3.5784595e-03
   1.1835232e-01   6.1650531e-02  -4.9373825e-02  -2.2851176e-03  -1.8590224e-03   3.5744839e-03
   1.1260347e-01   6.6810890e-02  -4.7319823e-02  -2.4758899e-03  -1.9437395e-03   3.4573383e-03
   1.0736613e-01   8.0142662e-02  -3.3076975e-02  -2.7289529e-03  -1.9960608e-03   3.3982499e-03
   1.0758895e-01   6.3403365e-02  -3.4126004e-02  -2.4892997e-03  -1.8828334e-03   3.2877925e-03
   1.1104103e-01   1.3741090e-02  -2.7294672e-02  -2.6129536e-03  -2.1490407e-03   3.2492556e-03
   1.1503680e-01   2.3620679e-02  -4.8492964e-02  -2.3028290e-03  -1.7288898e-03   3.5834771e-03
   1.0378538e-01   3.6514123e-02  -4.4177832e-02  -2.7279410e-03  -1.6920137e-03   3.3243953e-03
   1.0885380e-01   6.6032307e-02  -4.8186380e-02  -2.9836036e-03  -1.8128252e-03   3.4411864e-03
   1.3101995e-01   5.5873217e-02  -8.2504516e-02  -2.0554793e-03  -1.7850621e-03   3.8290675e-03
   1.2204916e-01   6.7476454e-02  -5.2099367e-02  -2.3309512e-03  -1.9131005e-03   3.5576573e-03
   1.1852966e-01   5.2891149e-02  -4.6401244e-02  -2.2507552e-03  -1.7800125e-03   3.4371460e-03
   1.1116174e-01   6.0964015e-02  -5.3064863e-02  -2.3569650e-03  -1.7744566e-03   3.2675665e-03
   1.1496559e-01   8.6840580e-02  -4.8709443e-02  -2.7222607e-03  -1.9847461e-03   3.3997033e-03
   1.2009652e-01   6.9886406e-02  -5.0336660e-02  -2.5524711e-03  -1.9067774e-03   3.5702324e-03
   1.1635622e-01   6.6705417e-02  -4.4276142e-02  -2.5446033e-03  -1.8577489e-03   3.4936756e-03
   1.1560825e-01   6.6589881e-02  -4.0371847e-02  -2.6192286e-03  -1.7743773e-03   3.5384697e-03
   1.0099818e-01   2.7081011e-02  -5.9110753e-02  -1.7278912e-03  -1.7388241e-03   3.2584314e-03
