   0.0000000e+00   0.0000000e+00   7.1054274e-15   0.0000000e+00   0.0000000e+00   0.0000000e+00
  -1.0605941e-02   2.1040912e-02  -2.5959214e-02   4.7515191e-04  -1.0825707e-04   1.7016922e-05
  -8.2638860e-03   1.0037605e-01  -3.1199532e-02   5.0212774e-04  -3.1367547e-04   9.3508996e-05
  -8.2530432e-03  -4.1336321e-03  -4.3219501e-02   5.9578825e-04  -2.1858637e-04   5.4686637e-05
  -4.7656618e-03   3.4679151e-02  -3.1414597e-02   7.0854117e-04  -2.6291749e-04   1.7677460e-04
  -3.4759640e-03  -2.1433372e-02  -2.4718171e-02   1.0967945e-03  -1.4015867e-04   8.4141227e-05
  -5.4412542e-03   2.2740601e-02  -2.6700549e-02   7.4291452e-04  -6.8050577e-05   1.2896692e-04
  -4.8111530e-03   4.0293266e-03  -3.8105778e-02   8.4468587e-04  -8.9779920e-05   1.3284446e-04
  -5.2488728e-03  -4.8397714e-03  -6.1359121e-02   1.1023682e-03   1.8600459e-04   7.6313745e-05
  -2.1310188e-03  -4.7086394e-02  -4.7135654e-02   9.0366675e-04  -2.9236454e-05  -7.2688138e-06
  -2.6586741e-03  -4.3586206e-02  -5.1397759e-02   7.5950151e-04   1.8121510e-04   3.8430877e-05
  -1.0496500e-02  -2.6953733e-02  -5.5888885e-02   6.0280381e-04   1.4918945e-04  -2.6528953e-05
  -8.7332675e-03   4.2950650e-02  -4.4505386e-02   4.1715131e-04   2.3267824e-04   5.7292368e-05
  -7.7058098e-03   1.8393620e-03  -4.0576390e-02   3.5997167e-04   2.6175013e-04   2.8493547e-05
  -7.3021275e-03  -2.7932340e-02  -3.5349798e-02   5.2467428e-04   2.4560543e-04   1.4146007e-04
  -1.9136921e-02  -4.9927426e-02  -3.9608842e-02   5.8414861e-04   3.1811864e-04   5.9125379e-05
  -2.2894741e-02   6.8564203e-04  -3.2432789e-02   3.7619745e-04   4.1417876e-04   7.0744620e-05
  -1.6571359e-02  -3.7842430e-02  -4.3526583e-02   4.4113026e-04   2.3525987e-04   9.4359689e-05
  -1.1310535e-02  -6.4149233e-02  -4.6805572e-02   6.1886209e-04   1.4596174e-04   3.8310359e-05
  -1.6529096e-02   1.2914867e-04  -5.0289640e-02   2.3282622e-04   1.7567683e-04   8.2935484e-05
  -2.2019807e-03   1.1856491e-02  -6.7974398e-02   2.4560028e-04   1.2877380e-04   2.1103510e-04
  -3.7353992e-03  -1.9053792e-02  -6.4469047e-02   2.0178176e-04   1.6684856e-04   2.0743281e-04
  -6.3210597e-03  -8.9997320e-02  -6.5839582e-02   5.9143781e-04   4.2456655e-04   3.1978607e-04
  -1.1132873e-02  -2.8570705e-02  -6.5021160e-02   3.0093518e-04   4.2821350e-04   2.5833842e-04
  -1.6811625e-03   5.0680035e-05  -7.9480130e-02   1.7678090e-04   4.3221277e-04   2.7123029e-04
  -8.4402005e-03  -4.5883869e-02  -8.0107680e-02   2.3937898e-04   4.4468635e-04   2.0914379e-04
  -1.7376927e-02  -4.2089035e-02  -7.9289917e-02   1.2213503e-04   4.3133993e-04   1.8788577e-04
  -2.0866325e-03   6.7762620e-02  -8.0763792e-02   9.2536219e-05   4.8850516e-04   3.7862449e-04
  -7.0902691e-03  -2.5281707e-02  -8.5574586e-02  -2.3236495e-05   5.4045271e-04   4.0161528e-04
  -1.1972525e-02  -3.5691942e-02  -7.6199774e-02   3.5666102e-04   4.0691936e-04   3.9682098e-04
  -7.0308246e-03   3.0418957e-02  -8.9580588e-02   1.9501577e-04   3.4212609e-04   4.0234195e-04
  -7.4043489e-03  -3.5480407e-03  -9.9283566e-02   1.5275251e-05   3.4367629e-04   3.7111937e-04
   3.8677134e-04  -1.9895067e-02  -1.0289095e-01   1.4181624e-05   4.0856375e-04   3.3673911e-04
  -1.2985052e-02  -5.1348818e-03  -1.2864968e-01   4.3521667e-04   7.6121141e-04   2.7246499e-04
  -2.3436889e-02   2.0581192e-02  -1.2874008e-01   4.7890200e-04   8.1896555e-04   3.1935827e-04
  -2.0772115e-02   9.8022000e-03  -1.2418580e-01   6.0916810e-04   9.2165263e-04   3.5142751e-04
  -1.9034829e-02  -5.4423348e-02  -1.1523709e-01   9.2979300e-04   7.8146461e-04   3.0030334e-04
  -2.2349314e-02  -2.4242209e-02  -1.2295469e-01   9.1629776e-04   9.1358742e-04   2.6380186e-04
  -2.2214017e-02  -8.4703880e-03  -1.2566245e-01   7.6762148e-04   8.1558203e-04   2.5436750e-04
  -1.9882233e-02   8.0823278e-05  -1.2321307e-01   7.7914338e-04   9.0449263e-04   2.9631398e-04
  -2.0429203e-02  -4.1571483e-02  -1.1918493e-01   7.2631109e-04   8.4302064e-04   3.8762500e-04
  -1.4130283e-02  -1.0656184e-01  -1.1253188e-01   1.3005396e-03   1.0684100e-03   5.4861676e-04
   3.0060623e-03   3.1493374e-02  -1.2845718e-01   1.2897661e-03   7.2668305e-04   5.3529231e-04
  -8.2216525e-03  -4.0608828e-02  -1.3037056e-01   1.2587028e-03   7.1602637e-04   5.3814237e-04
  -1.6094410e-02  -5.7929503e-02  -1.3304858e-01   1.5575006e-03   9.6332707e-04   4.8028941e-04
  -1.8977541e-02  -2.7125872e-03  -1.5690179e-01   1.3120933e-03   1.0820645e-03   4.2035459e-04
  -1.3836136e-02  -3.6695527e-03  -1.7613061e-01   1.1174591e-03   1.2336635e-03   5.3980437e-04
  -1.5109441e-02  -5.0739243e-02  -1.5663026e-01   1.2408008e-03   1.3910748e-03   7.0448422e-04
  -1.9563504e-02  -4.7799472e-02  -1.5430674e-01   1.4770936e-03   1.3566758e-03   6.2766262e-04
  -2.5751352e-02  -6.3162191e-02  -1.7741169e-01   1.3841496e-03   1.4178769e-03   6.3135048e-04
  -1.9816617e-02   2.7568667e-03  -1.8665203e-01   1.4126176e-03   1.5915296e-03   7.2778282e-04
  -3.6004646e-02  -5.6087427e-02  -1.9068691e-01   1.3090150e-03   1.6382638e-03   6.8302323e-04
  -3.2467789e-02  -6.4044816e-02  -1.7682531e-01   1.5428263e-03   1.8185220e-03   7.1902510e-04
  -3.7232749e-02  -8.0156865e-02  -1.6760008e-01   1.4706514e-03   1.8727221e-03   7.6503515e-04
  -1.9204447e-02   9.7643890e-03  -1.6179819e-01   9.8986880e-04   1.7720439e-03   8.7859682e-04
  -4.1092666e-03   9.3482123e-03  -1.7294529e-01   9.5282335e-04   1.8030539e-03   1.1752466e-03
  -1.3344668e-02  -1.4035522e-01  -1.7232327e-01   2.0151066e-03   1.7844241e-03   9.1327283e-04
  -2.7823881e-02  -9.7113294e-04  -1.7074363e-01   1.6285847e-03   1.4500976e-03   7.3549059e-04
  -2.6349872e-02  -6.9319622e-02  -1.6925236e-01   1.3925493e-03   1.5437371e-03   7.3432045e-04
  -2.3781242e-02  -7.9545015e-02  -1.6576222e-01   1.4804380e-03   1.6829810e-03   7.3774714e-04
  -3.4136619e-02  -5.0361339e-02  -1.7669244e-01   9.6250169e-04   1.7472387e-03   5.4828796e-04
  -3.1414827e-02  -3.6684153e-02  -1.8752613e-01   8.8871322e-04   1.8155862e-03   5.8173253e-04
  -2.6616573e-02  -3.1007708e-02  -1.9416443e-01   7.0969843e-04   1.8976111e-03   6.7031962e-04
  -3.3534740e-02  -4.2997399e-02  -1.7027317e-01   5.0082583e-04   1.7706360e-03   6.3420650e-04
  -3.3892966e-02  -5.9294515e-02  -1.8040636e-01   5.0444970e-04   1.7350571e-03   5.9302882e-04
  -3.9097944e-02  -3.9552499e-02  -1.8594213e-01   2.7367458e-04   1.6507865e-03   6.3628634e-04
  -1.8249930e-02   1.1812834e-02  -1.7986493e-01  -1.0443345e-05   1.6700977e-03   8.5823888e-04
  -2.7028620e-02  -8.1771568e-02  -1.6828032e-01   4.1156132e-04   1.7309831e-03   8.6534718e-04
  -3.0368367e-02  -2.0678083e-02  -1.5306767e-01   2.3124426e-06   1.6475568e-03   9.1553035e-04
  -2.4671084e-02   5.4138751e-03  -1.5482082e-01   1.5636981e-04   1.7635048e-03   1.0552827e-03
  -3.1533753e-02  -5.9811431e-02  -1.5957414e-01   1.9958260e-05   1.6034641e-03   9.0005230e-04
  -3.1745004e-02  -4.4376780e-02  -1.6736092e-01   2.1771698e-04   1.7684647e-03   8.7839654e-04
  -3.4575688e-02  -2.4382540e-02  -1.6826627e-01   9.2590158e-05   1.7962924e-03   1.0514169e-03
  -3.7689176e-02  -3.5670809e-03  -1.8201698e-01   3.3561209e-04   1.7862148e-03   9.5752793e-04
  -3.4838609e-02  -3.0621218e-02  -1.7795092e-01   8.9464530e-05   1.7505086e-03   9.5231731e-04
  -2.3357052e-02   1.3392629e-03  -1.4848709e-01  -4.0186153e-04   1.5903512e-03   7.6807161e-04
  -2.8838111e-02   2.2336257e-02  -1.3964370e-01  -6.0081760e-04   1.5503690e-03   8.4092257e-04
  -2.0050355e-02   1.2321827e-02  -1.3645491e-01  -1.7712853e-04   1.6751883e-03   1.1047423e-03
  -2.2597893e-02  -4.2630594e-02  -1.5761584e-01   3.7990008e-04   1.7454759e-03   7.9822406e-04
  -3.8838624e-02  -2.2226663e-02  -1.4723590e-01   4.1335128e-04   1.5490643e-03   8.7174844e-04
  -1.5644048e-02   1.2407323e-01  -1.3247390e-01  -3.9235060e-05   1.4778227e-03   1.0231503e-03
  -2.0711390e-02  -1.0952960e-01  -1.6122394e-01   2.0082294e-04   1.4776414e-03   7.7776970e-04
  -2.7875528e-02   5.5580838e-03  -1.5099680e-01   1.6616757e-04   1.5420389e-03   8.1008835e-04
  -2.1297564e-02   2.7552911e-02  -1.5587467e-01  -4.5437721e-05   1.4208052e-03   1.0207180e-03
  -2.7482143e-02  -2.6562365e-02  -1.5361495e-01   1.3833456e-04   1.3159533e-03   9.7675504e-04
  -3.5593076e-02  -2.5680972e-02  -1.4877641e-01   3.8093010e-04   1.5037514e-03   9.2897732e-04
  -4.3425402e-02   1.5443002e-02  -1.4080746e-01  -6.7259473e-06   1.5967600e-03   8.3986790e-04
  -3.3204643e-02   1.3173347e-02  -1.3162614e-01  -9.8070808e-05   1.7363964e-03   1.0689375e-03
  -3.8862603e-02  -7.3319954e-02  -1.2064148e-01   9.3809772e-05   1.5549330e-03   1.0464047e-03
  -4.3457589e-02  -7.0010604e-02  -1.1984890e-01   2.9514704e-04   1.5582468e-03   9.8956045e-04
  -2.7541596e-02   2.8404761e-02  -1.1734094e-01  -1.7277923e-04   1.5835792e-03   1.0632415e-03
  -3.1292928e-02  -3.8561163e-02  -1.1856182e-01  -2.1901878e-04   1.5689305e-03   9.9788234e-04
  -3.8803589e-02  -3.8924634e-02  -1.4289185e-01   1.0162653e-04   1.5093091e-03   8.8253953e-04
  -4.9593129e-02  -1.6102315e-02  -1.6128971e-01   1.4832380e-04   1.6683947e-03   7.4107939e-04
  -3.7146971e-02   2.5660450e-02  -1.6520223e-01   4.0212643e-04   1.5084193e-03   8.7757790e-04
  -2.5673688e-02   7.7750383e-03  -1.7994942e-01   4.5906344e-04   1.5319189e-03   9.8227922e-04
  -1.9782904e-02  -6.5195137e-03  -1.7314298e-01   3.1291492e-04   1.6136789e-03   1.1203081e-03
  -3.8918605e-02  -1.6664723e-02  -1.9251740e-01   5.1768514e-04   1.7382432e-03   8.4623305e-04
  -5.2860790e-02  -1.7877222e-02  -2.2038872e-01   6.4183109e-04   2.0157088e-03   7.7923897e-04
  -3.9591759e-02   2.7078905e-02  -2.3882259e-01   5.9629121e-04   2.0351194e-03   8.8539700e-04
  -4.2753206e-02  -1.8368706e-02  -2.5092062e-01   8.2485068e-04   1.9640313e-03   8.8804532e-04
  -5.3166840e-02  -1.2547893e-02  -2.5049917e-01   8.6420909e-04   2.3637593e-03   9.0366857e-04
  -5.3421797e-02  -3.7870479e-02  -2.5194427e-01   1.0568269e-03   2.1358244e-03   8.1240130e-04
  -5.9155446e-02  -1.0467281e-02  -2.4584640e-01   5.5070826e-04   2.2449412e-03   7.6065815e-04
  -5.7356170e-02  -4.3568602e-05  -2.5813803e-01   6.9564297e-04   2.3205758e-03   9.0978867e-04
  -6.1633626e-02  -5.1372990e-02  -2.7301403e-01   7.9953135e-04   2.1266756e-03   8.6015868e-04
  -5.4242642e-02  -1.4873134e-02  -2.5785060e-01   9.7449307e-04   2.2748980e-03   8.1891917e-04
  -5.8798172e-02  -5.9538691e-02  -2.5005050e-01   9.1118644e-04   2.2312802e-03   8.1791540e-04
  -4.9590264e-02   2.3291028e-03  -2.3920182e-01   8.5320850e-04   2.1148398e-03   8.8829760e-04
  -5.1317065e-02  -7.0176407e-02  -2.3116308e-01   9.4301828e-04   1.9764668e-03   9.6776505e-04
  -7.3505754e-02  -6.9821722e-02  -2.3160706e-01   8.9503383e-04   2.0681821e-03   6.8638818e-04
  -6.7083084e-02  -4.2580179e-03  -2.7388790e-01   1.0506447e-03   1.9931862e-03   8.5009247e-04
  -7.9136692e-02  -3.4722552e-02  -2.8850406e-01   8.9766792e-04   2.3913774e-03   8.0165811e-04
  -8.4311955e-02  -7.8765742e-02  -2.9026610e-01   1.1521537e-03   2.2806508e-03   7.8436787e-04
  -8.8533489e-02  -1.5829836e-02  -2.8977262e-01   9.1086049e-04   2.3619974e-03   6.2136335e-04
  -8.3206545e-02  -3.1637218e-02  -2.7776292e-01   9.5995232e-04   2.3436068e-03   8.4209205e-04
  -8.7621916e-02  -8.0044780e-02  -2.7455998e-01   1.1924652e-03   2.6260986e-03   7.5112860e-04
  -9.3696185e-02  -3.0512842e-02  -2.7677949e-01   1.1389691e-03   2.6954406e-03   6.8621419e-04
  -8.6680669e-02   3.1623962e-02  -2.9154109e-01   9.0814360e-04   2.5312493e-03   7.5929895e-04
  -8.9164064e-02  -7.7379476e-02  -2.9292191e-01   1.1291788e-03   2.4441704e-03   7.8723445e-04
  -9.3142955e-02  -7.1071800e-02  -2.7162986e-01   1.2762430e-03   2.7080075e-03   9.9566270e-04
  -6.7213732e-02   4.3373013e-02  -2.8647692e-01   1.1107302e-03   2.5492812e-03   1.1579381e-03
  -7.8178243e-02  -1.8546331e-01  -2.9359930e-01   2.0392530e-03   2.2316349e-03   8.9811343e-04
  -9.6126592e-02   1.9250837e-03  -2.7106956e-01   1.5975166e-03   2.2967535e-03   8.8173157e-04
  -1.0140270e-01  -6.4524084e-02  -2.9290681e-01   1.4176469e-03   2.3838987e-03   7.6702113e-04
  -1.0032613e-01  -6.3527619e-02  -2.9256735e-01   1.5292779e-03   2.4144508e-03   7.1444290e-04
  -1.1214008e-01  -7.1336353e-02  -2.8891883e-01   1.5140849e-03   2.5055265e-03   4.8905240e-04
  -9.9747059e-02   2.3883274e-03  -2.9271080e-01   1.1965300e-03   2.4448314e-03   5.9929680e-04
  -1.1430884e-01  -8.3225718e-02  -2.9261195e-01   1.2035207e-03   2.7297514e-03   5.7408079e-04
  -1.2944903e-01  -5.6676271e-02  -2.7649236e-01   9.5742210e-04   2.9754856e-03   4.1215115e-04
  -1.2809550e-01  -7.0457402e-02  -2.8650774e-01   9.2755880e-04   2.6384201e-03   3.7236165e-04
  -1.1123524e-01   5.8931583e-02  -3.1880053e-01   6.8277844e-04   2.2799922e-03   5.9992975e-04
  -1.2968032e-01  -1.4476428e-01  -2.9682502e-01   1.7315898e-03   2.3569134e-03   4.3310841e-04
  -1.3284992e-01   6.0962900e-02  -2.7479012e-01   6.3907082e-04   1.2956298e-03  -8.0225429e-05
  -1.2556776e-01  -1.1606775e-02  -2.3102157e-01   7.4311332e-04   1.1155270e-03  -9.6801998e-05
  -1.4478639e-01  -8.2372517e-02  -2.1678884e-01   5.1731394e-04   9.8922736e-04  -4.0045100e-04
  -1.4071815e-01   4.3359956e-02  -2.3787002e-01   2.4122931e-04   1.0087803e-03  -2.9365631e-04
  -1.4385122e-01  -5.0100714e-02  -2.7029483e-01   2.6246151e-04   9.5172648e-04  -3.2359999e-04
  -1.5959328e-01  -2.8139875e-02  -2.7776891e-01   4.7878436e-04   9.4678232e-04  -3.0831956e-04
  -1.3579737e-01   3.0611904e-01  -2.9005582e-01   1.1031913e-03   3.2819653e-04  -6.2903205e-04
  -6.6738032e-02  -4.8449179e-02  -4.1945247e-01   2.9452587e-03  -6.1165774e-04  -6.0626467e-04
  -1.2470551e-01  -4.0197890e-01  -3.7651187e-01   3.2309197e-03  -6.5382239e-04  -7.8458688e-04
  -1.4110065e-01  -1.2088960e-01  -3.1333063e-01   3.6838862e-03  -7.9881503e-04  -8.0026418e-04
  -1.4343706e-01  -4.8571428e-02  -2.6546821e-01   3.4208968e-03  -7.0285521e-04  -8.5609415e-04
  -1.4564520e-01  -1.2528590e-01  -2.2871451e-01   3.2778334e-03  -6.2166413e-04  -8.8234789e-04
  -1.4171063e-01  -5.6954460e-02  -2.2788943e-01   2.4936697e-03  -5.0507680e-04  -6.3380079e-04
  -1.3722541e-01  -6.6454725e-02  -2.1473182e-01   2.4040330e-03  -5.3316438e-04  -3.8751140e-04
  -1.4234075e-01  -9.0585756e-02  -1.8168613e-01   2.0407564e-03  -1.7355025e-04   2.4671886e-05
  -1.3937449e-01   8.1794043e-03  -1.9855042e-01   1.5900013e-03  -3.1647417e-04   9.3771110e-06
  -1.3443176e-01  -4.8548626e-02  -2.1248707e-01   1.3682469e-03  -5.0373153e-04  -1.3273519e-04
  -1.2601601e-01  -3.0014299e-02  -2.2735897e-01   1.4775920e-03  -8.7804400e-04  -1.3795294e-04
  -1.3681956e-01  -1.5774821e-02  -2.2594929e-01   1.1400654e-03  -1.0745642e-03  -5.1577623e-04
  -1.4167668e-01  -2.9713810e-02  -2.2919551e-01   1.0536800e-03  -1.0991431e-03  -5.5361459e-04
  -1.4201896e-01   2.7394896e-02  -2.3459768e-01   1.0392266e-03  -1.0652235e-03  -7.2579705e-04
  -1.3954120e-01  -3.0334953e-02  -2.2325135e-01   1.0444002e-03  -1.1481578e-03  -7.9957738e-04
  -1.3833066e-01  -2.9514468e-02  -2.1217504e-01   1.3201121e-03  -1.1577580e-03  -8.1659628e-04
  -1.4748629e-01  -2.4517149e-02  -2.2529235e-01   1.1054802e-03  -1.0508416e-03  -1.0821089e-03
  -1.4674379e-01   3.2160710e-02  -2.4883196e-01   1.2356983e-03  -9.6573553e-04  -1.0561085e-03
  -1.5435649e-01  -4.6450256e-02  -2.8393108e-01   2.0915111e-03  -8.3101599e-04  -1.2902255e-03
  -1.5489831e-01   1.6192097e-02  -2.3333472e-01   1.1772750e-03  -1.4123914e-03  -1.3931118e-03
  -1.5280922e-01   6.2045630e-02  -2.1233826e-01   1.0894367e-03  -1.5630206e-03  -1.3708741e-03
  -1.5296979e-01  -3.6523648e-02  -2.0364656e-01   1.2615712e-03  -1.5439826e-03  -1.2948619e-03
  -1.6020168e-01  -4.8795768e-03  -2.1692770e-01   1.2332894e-03  -1.7067946e-03  -1.5417689e-03
  -1.6426022e-01  -4.8501312e-03  -2.6130743e-01   1.0513749e-03  -1.9873762e-03  -2.0413572e-03
  -1.6323280e-01   8.9104510e-02  -3.0456098e-01   3.9669142e-04  -1.6515107e-03  -1.4775631e-03
  -1.6921581e-01  -1.2896401e-02  -2.8038654e-01   6.7306470e-04  -1.4782117e-03  -1.5947745e-03
  -1.7810196e-01  -2.1142674e-02  -2.7091847e-01   7.4693719e-04  -1.5900826e-03  -1.8207508e-03
  -1.7224534e-01   5.4182254e-02  -2.5565697e-01   5.5052422e-04  -1.7369883e-03  -1.7892557e-03
  -1.6495757e-01  -3.1316415e-02  -2.5536113e-01   5.3982244e-04  -1.8199984e-03  -1.8888915e-03
  -1.5303046e-01  -6.9553691e-03  -2.2892282e-01   5.1392411e-04  -1.8921436e-03  -1.9083006e-03
  -1.5217172e-01  -2.3954389e-02  -2.2981996e-01   8.2959512e-04  -1.8669067e-03  -1.8779287e-03
  -1.6843721e-01  -3.9640869e-03  -2.4670339e-01   8.0104220e-04  -1.9589600e-03  -1.8045600e-03
  -1.7126277e-01   1.3656800e-02  -2.4247788e-01   8.7598225e-04  -2.3111719e-03  -1.9542967e-03
  -1.7792348e-01  -4.0030682e-03  -2.2373961e-01   8.5349545e-04  -2.1538445e-03  -2.2336324e-03
  -1.8212385e-01  -1.2376334e-02  -2.2419496e-01   6.2464390e-04  -2.3765876e-03  -2.1763274e-03
  -1.7325531e-01   4.0668431e-02  -2.2452937e-01   3.3038411e-04  -2.2698130e-03  -2.0359481e-03
  -1.8223791e-01  -8.8108490e-04  -2.1884526e-01  -2.6247666e-05  -2.0073730e-03  -2.0415691e-03
  -1.9334009e-01   6.0015803e-03  -2.2345913e-01  -1.3113240e-04  -2.2117551e-03  -2.1216878e-03
  -1.9975906e-01   3.7782215e-02  -2.1986765e-01   2.8519403e-04  -2.1009481e-03  -2.1179491e-03
  -1.9616360e-01   3.0597429e-02  -2.1711421e-01   7.9352209e-05  -2.2614738e-03  -2.0746501e-03
  -2.0374834e-01  -1.4627155e-02  -2.1670877e-01   1.3354590e-04  -2.3280873e-03  -2.1503119e-03
  -2.0895154e-01  -2.2337095e-02  -2.1317078e-01   3.4167121e-04  -2.1501599e-03  -2.2473957e-03
  -2.1831837e-01  -9.4554689e-03  -2.1993336e-01   2.0893047e-04  -2.1034625e-03  -2.2749542e-03
  -2.0471933e-01   7.2268403e-02  -2.1345477e-01   4.1877526e-04  -1.8990078e-03  -2.0359892e-03
  -1.9665713e-01  -3.3804175e-02  -2.1350396e-01   7.9687046e-04  -1.1529295e-03  -1.9175210e-03
  -2.0977676e-01  -2.3472685e-02  -1.7641189e-01   2.8684913e-04  -1.3175633e-03  -1.7585856e-03
  -2.1867597e-01   5.1005830e-02  -1.7022368e-01   1.4951382e-04  -1.5178643e-03  -2.0690909e-03
  -2.1304277e-01  -1.7190255e-02  -1.6272508e-01   3.6689827e-05  -1.6381975e-03  -2.1140071e-03
  -2.1761992e-01  -3.0932254e-02  -1.6381170e-01  -3.7372434e-05  -1.4707501e-03  -2.1518020e-03
  -2.0881685e-01   8.4581057e-02  -1.9878704e-01  -2.3458978e-04  -1.5137421e-03  -2.0437428e-03
  -2.1493189e-01  -2.6838403e-02  -2.0018948e-01  -1.3935776e-05  -1.5708987e-03  -2.0532815e-03
  -2.2038011e-01  -3.4509631e-02  -1.7096611e-01  -1.1144598e-04  -1.5952217e-03  -2.2298640e-03
  -2.2363420e-01   6.9393179e-02  -1.7630987e-01  -4.2462767e-04  -1.6361741e-03  -2.4379172e-03
  -2.3111442e-01  -9.7277767e-03  -1.6451517e-01  -9.4440806e-04  -1.7826216e-03  -2.6978637e-03
  -2.3517229e-01   4.4858165e-03  -1.5490395e-01  -9.2674174e-04  -1.7559044e-03  -2.7674897e-03
  -2.4396560e-01  -2.1017361e-02  -1.6111953e-01  -9.6957580e-04  -1.7639763e-03  -2.7715407e-03
  -2.4238365e-01   7.1986619e-02  -1.7497634e-01  -9.2359101e-04  -1.9281084e-03  -2.7281960e-03
  -2.3991450e-01   1.7035894e-02  -1.9754287e-01  -6.7922919e-04  -1.9658036e-03  -2.7659343e-03
  -2.3927158e-01   4.3810324e-02  -1.9791735e-01  -6.3449866e-04  -2.1919765e-03  -2.6670382e-03
  -2.3703890e-01   4.8930044e-03  -1.9424697e-01  -1.7300989e-04  -2.4543713e-03  -2.6538011e-03
  -2.4249452e-01   1.6253090e-02  -1.7482268e-01  -2.7794825e-04  -2.6142694e-03  -2.6922035e-03
  -2.3347320e-01   4.2840012e-03  -1.7686846e-01  -1.7642457e-04  -2.5193703e-03  -2.6029931e-03
  -2.3448893e-01  -1.3824115e-02  -1.9269724e-01   1.3427286e-04  -2.7517432e-03  -2.6067118e-03
  -2.3011307e-01  -1.2417303e-02  -2.0608993e-01   4.4998961e-04  -2.7327179e-03  -2.6493988e-03
  -2.3634625e-01  -4.6390620e-03  -2.0462211e-01  -4.5411060e-04  -2.6980512e-03  -3.0679519e-03
  -2.3267927e-01   1.6236314e-02  -2.1519971e-01  -5.4638487e-05  -2.6148926e-03  -2.8391918e-03
  -2.2902840e-01   3.7153705e-03  -2.2972224e-01   3.8813537e-04  -2.6211183e-03  -2.7221871e-03
  -2.2544769e-01  -2.1185306e-02  -2.1966854e-01   5.1614403e-04  -2.5055672e-03  -2.7037109e-03
  -2.2800052e-01  -3.7518834e-02  -2.2843175e-01   2.7020889e-04  -2.3939995e-03  -2.7985789e-03
  -1.7991856e-01   4.0522150e-02  -2.0931608e-01  -1.1717778e-04  -2.3625527e-03  -1.7682046e-03
