   0.0000000e+00   0.0000000e+00   0.0000000e+00   0.0000000e+00   0.0000000e+00   0.0000000e+00
   2.2144834e-02   4.6995627e-02  -1.6378124e-02  -1.6586580e-04   5.2576549e-06   2.3780192e-04
   2.6378638e-02  -2.1985652e-02  -1.8636233e-02   4.8358816e-04  -6.8204681e-05   3.1717846e-04
   2.6636272e-02   3.5052310e-02  -1.8888146e-02   1.2608104e-04   2.1160418e-05   6.2685978e-04
   2.8515449e-02   8.3598080e-02  -1.0045053e-02  -3.9318692e-04  -2.7309090e-05   6.0394467e-04
   4.3012623e-02  -6.6129223e-03  -1.1329175e-02   4.1755054e-04   8.3808964e-06   6.8566105e-04
   1.9430870e-02   2.4850780e-02   3.2153832e-03  -1.8932659e-04   1.2824866e-04   1.2975642e-04
   1.6671902e-02   7.1083040e-02   2.1240937e-02  -3.2448508e-04   1.0207387e-04   1.7439341e-04
   1.9329803e-02   4.4003345e-02   1.9342237e-02   1.8993544e-05   1.7452409e-04   1.2850193e-04
   1.6146037e-02   6.1243210e-03  -6.7780722e-04  -7.8880512e-05   6.2302343e-05   6.5441957e-05
   1.1140340e-02   6.1396148e-02   5.4596482e-03   5.9763661e-05   2.5491670e-04   2.8105850e-04
   4.9041260e-03  -1.7811845e-02   5.6191838e-03   7.1387186e-04   1.4555564e-04   2.2345811e-04
  -4.7834031e-03   6.5777531e-02   3.4931899e-02  -1.0773886e-04   2.9423751e-04   9.3188856e-05
  -5.3023110e-03   5.9404400e-02   1.4288783e-02   1.1046402e-04   4.9417876e-04   1.6153780e-04
  -3.4269231e-03   6.3010887e-02   4.9530796e-03  -3.8160602e-04   2.5676328e-04   3.0446252e-04
   1.2028656e-02  -1.2502159e-02   9.1801584e-02  -1.2971600e-04   4.1095678e-05   6.6729543e-04
   6.4524997e-02  -1.3141539e-02   1.6639587e-01  -2.6266244e-04  -3.1495656e-05   1.8733275e-03
   4.1349075e-02  -4.8058803e-03   7.4168607e-02   5.4267279e-04  -2.1098577e-04   1.7518164e-03
   4.6050988e-02   6.1281190e-02   1.1489556e-01  -9.8928572e-04  -9.0307535e-04   1.4117650e-03
   4.1361124e-02  -2.2180688e-02   1.0419952e-01  -7.0323158e-04  -8.8895212e-04   1.3062851e-03
   5.2664003e-02  -3.5094038e-02   7.9046440e-02   5.2388991e-05  -9.7012214e-04   1.4777614e-03
   5.2571145e-02   2.1083880e-02   9.9951831e-02  -3.9183215e-04  -1.1025415e-03   1.3944896e-03
   4.5561645e-02   2.0543043e-02   1.2265408e-01  -9.5728245e-04  -9.6112574e-04   1.2557900e-03
   4.5476784e-02  -4.9199626e-02   1.1735221e-01  -2.1202397e-04  -1.2408274e-03   1.4418427e-03
   3.8267990e-02   3.2691393e-02   1.1231003e-01  -4.6593932e-04  -1.2545507e-03   1.4289095e-03
   3.6026034e-02   2.3852939e-02   1.4868748e-01  -7.4481312e-04  -1.1371193e-03   1.2783346e-03
   3.6112035e-02  -3.7222916e-03   1.3501285e-01  -4.3702443e-04  -1.0721063e-03   1.4541815e-03
   3.5783504e-02  -1.6456000e-02   1.0818429e-01  -4.3987675e-04  -1.1767203e-03   1.3057101e-03
   3.4363979e-02   6.5100961e-02   1.1805934e-01  -1.1965111e-03  -1.3217853e-03   1.3419011e-03
   2.7500517e-02  -1.3342894e-02   1.4852957e-01  -1.1386576e-03  -1.2246856e-03   1.2774129e-03
   2.3039315e-02  -4.1683251e-03   1.4601496e-01  -5.8575700e-04  -1.3163012e-03   1.3074182e-03
   7.7433140e-03   5.4602112e-02   1.2827477e-01  -9.3814733e-04  -1.2419931e-03   1.0625404e-03
  -8.9315754e-03   1.4666439e-01   1.8920102e-01  -1.7318554e-03  -7.3468670e-04   1.2153566e-03
   1.6512909e-03   1.0262864e-02   1.4329280e-01  -1.3489394e-03  -9.8633124e-04   9.7836756e-04
  -3.4051901e-03  -2.4335258e-02   1.4522274e-01  -9.4625436e-04  -9.0639885e-04   1.0290797e-03
  -2.3193859e-04  -1.1141260e-02   1.4947110e-01  -1.2667781e-03  -1.0249323e-03   9.5363102e-04
   6.9730316e-03   6.7688978e-02   1.6740467e-01  -1.7687164e-03  -9.8472894e-04   9.9989388e-04
  -1.7766542e-04   2.2095614e-02   1.5691856e-01  -1.3794635e-03  -9.3750890e-04   9.9069332e-04
   4.5889163e-03  -1.8662204e-02   1.4218566e-01  -8.9645426e-04  -1.1169237e-03   1.1746239e-03
   2.3252681e-02   6.1460014e-02   1.3173070e-01  -1.5237064e-03  -9.6394976e-04   1.0081574e-03
  -1.0584435e-03   6.5710436e-02   1.6737291e-01  -1.8459397e-03  -2.4301566e-04   7.3836509e-04
  -1.5371631e-02  -1.1758476e-02   1.8678851e-01  -1.7541605e-03  -4.1490961e-04   7.7163317e-04
  -2.3390896e-02  -1.2261251e-02   1.6745724e-01  -1.5186291e-03  -5.3977031e-04   7.6560646e-04
  -2.7220672e-02   8.9447731e-02   1.9315666e-01  -2.0727264e-03  -4.6530539e-04   7.4607944e-04
  -3.4240351e-02   2.0521983e-02   1.8691320e-01  -2.0976373e-03  -5.2220609e-04   4.5325440e-04
  -4.7576833e-02   7.1740911e-02   1.9289364e-01  -2.1338776e-03  -1.3998837e-04   4.1431552e-04
  -3.3619376e-02   3.2473857e-02   1.7969455e-01  -1.6487822e-03  -2.9526519e-04   6.3380288e-04
  -2.3489500e-02   1.9818166e-02   1.5310617e-01  -1.8434789e-03  -4.1360249e-04   6.9708383e-04
  -3.4622343e-02   3.9565408e-02   1.8261850e-01  -2.2491482e-03  -3.0092521e-04   6.1546137e-04
  -3.6000388e-02   2.6580803e-02   2.0559959e-01  -2.0902579e-03  -2.4802934e-04   5.9329020e-04
  -4.4198973e-02   3.4856879e-02   1.9621483e-01  -2.2185706e-03  -1.2674526e-04   6.6241391e-04
  -3.3658308e-02  -3.3693130e-02   1.9560059e-01  -2.0032303e-03  -2.3894724e-04   7.6001972e-04
  -4.2264974e-02   9.4468653e-02   1.8589679e-01  -2.1888672e-03  -2.0965728e-04   6.0206424e-04
  -4.3072085e-02   5.4600132e-02   1.9291041e-01  -2.1505831e-03  -2.0449994e-04   4.4467640e-04
  -4.0603971e-02   2.9254650e-02   1.9107386e-01  -2.0212073e-03  -3.8401305e-04   6.3166452e-04
  -3.8921505e-02   8.9819206e-03   1.8483551e-01  -1.7076978e-03  -6.2363581e-04   5.5184700e-04
  -4.9520573e-02   1.0083228e-01   1.9425341e-01  -2.2762838e-03  -3.0803993e-04   4.8300552e-04
  -4.9327014e-02   2.1883251e-02   1.9185473e-01  -2.2260741e-03  -2.7506927e-04   4.8455366e-04
  -4.7275968e-02   8.3043091e-02   1.8447695e-01  -2.6800343e-03  -5.2559641e-04   6.0549974e-04
  -3.9853664e-02  -3.2770254e-02   1.7069300e-01  -1.4455457e-03  -4.1019330e-04   8.1839757e-04
  -4.2439539e-02   3.2408399e-02   1.5435555e-01  -1.7438715e-03  -4.4980092e-04   7.2602233e-04
  -4.6111006e-02   4.3197331e-02   1.9376785e-01  -2.2058317e-03  -4.5132325e-04   7.1069021e-04
  -4.1663417e-02   1.4935708e-02   2.0444906e-01  -2.0732846e-03  -5.3148544e-04   6.9969664e-04
  -3.9435917e-02   2.2149430e-02   1.8877441e-01  -1.9329565e-03  -5.5011000e-04   6.9540721e-04
  -4.0992481e-02   4.2135928e-02   1.9410417e-01  -2.1187463e-03  -5.3201375e-04   8.2911025e-04
  -3.3235134e-02  -2.6211134e-02   1.9063968e-01  -1.7294593e-03  -4.4212587e-04   8.2317575e-04
  -3.5549215e-02   3.7005340e-02   1.9385157e-01  -2.0662521e-03  -5.5295469e-04   8.9102015e-04
  -4.0940182e-02   7.4297135e-02   2.0103725e-01  -2.2837467e-03  -5.8237474e-04   6.7317183e-04
  -4.9463259e-02   4.7566973e-02   2.0433127e-01  -2.5612591e-03  -4.4447972e-04   4.6435581e-04
  -6.0861424e-02   2.8929758e-02   2.5097140e-01  -1.7477243e-03  -4.1949608e-04   7.7482226e-04
  -6.2625394e-02   2.9076736e-01   1.8571850e-01   2.0715704e-04   2.1084893e-04   3.6007605e-03
  -4.5778450e-02  -3.9791489e-01   1.0851193e-01   5.4271523e-04  -5.4647719e-04   3.0952920e-03
  -4.0468307e-02  -7.2595161e-03   9.4722650e-02  -7.7632140e-04  -1.8771423e-04   2.7080593e-03
  -4.3328776e-02  -2.9659492e-02   7.9106457e-02  -3.9104988e-04  -6.3887216e-05   2.2927925e-03
  -5.5308691e-02   7.3759769e-02   1.4677915e-01  -1.5873945e-03   1.1175186e-04   1.9398338e-03
  -4.6587161e-02   2.3932500e-03   1.7657794e-01  -2.0984839e-03   3.4321932e-05   1.7780289e-03
  -3.9740141e-02  -3.1350735e-02   1.4596222e-01  -1.6761639e-03   2.9860568e-05   1.7264922e-03
  -3.8210650e-02   9.7293767e-02   1.3945876e-01  -2.0252226e-03   9.0685652e-05   1.7061668e-03
  -3.7661423e-02   3.3673519e-02   1.8271879e-01  -2.0539249e-03  -4.9292637e-05   1.7030306e-03
  -3.3324015e-02  -5.0190202e-02   1.4254010e-01  -6.5991510e-04   1.6464346e-04   1.7404703e-03
  -3.6786153e-02   1.2477473e-01   1.2819933e-01  -1.9666957e-03   1.9659437e-04   1.6848399e-03
  -4.3198111e-02   6.1424148e-02   1.2866041e-01  -2.1606950e-03   8.0320087e-05   1.5935199e-03
  -5.1575458e-02  -1.5214825e-02   1.3473431e-01  -1.3362271e-03   5.3211088e-04   1.7797087e-03
  -5.2658936e-02   1.0072692e-01   1.5313560e-01  -2.1980092e-03   5.1377913e-04   1.7241526e-03
  -5.1046124e-02   1.9496367e-02   1.5179393e-01  -1.9494316e-03   4.8005290e-04   1.6360027e-03
  -5.0821261e-02   1.4267846e-01   1.2400973e-01  -2.4431214e-03   6.1339319e-04   1.5030742e-03
  -4.1616221e-02   5.5112361e-02   1.5936266e-01  -2.8674144e-03   6.1480130e-04   1.5869683e-03
  -3.3488783e-02   1.1038265e-02   1.4277272e-01  -2.8185805e-03   5.2781229e-04   1.6143046e-03
  -1.9597578e-02   1.4801031e-01   1.4408184e-01  -2.8667520e-03   8.3603385e-04   2.2197602e-03
  -1.5884724e-02  -2.0628851e-03   1.3646021e-01  -2.2204794e-03   8.5038347e-04   2.0958632e-03
  -1.0963215e-02   5.8867614e-03   1.3166166e-01  -2.6998565e-03   7.5461075e-04   2.1217382e-03
  -6.9238720e-03   6.7439704e-02   1.3789989e-01  -2.4682342e-03   6.5359449e-04   2.0709500e-03
  -2.6685314e-02   2.9004821e-02   1.4474546e-01  -2.2341419e-03   7.9283070e-04   1.6125184e-03
  -3.5787124e-02   3.6691478e-02   1.4102376e-01  -2.9871486e-03   8.1058976e-04   1.2701866e-03
  -3.3777799e-02   9.6401740e-02   1.4866505e-01  -2.8761870e-03   6.6076135e-04   1.3220497e-03
  -3.4658983e-02   1.5058520e-02   1.2164611e-01  -2.1843799e-03   7.5261862e-04   1.2752788e-03
  -3.1980577e-02   5.9888184e-02   1.2172930e-01  -2.1902818e-03   7.9873286e-04   1.3469268e-03
  -3.7341291e-02   1.1233765e-01   1.6251575e-01  -2.9206268e-03   1.0835075e-03   1.1782634e-03
  -2.7499119e-02   1.0401609e-03   1.3575428e-01  -2.5659645e-03   8.3057031e-04   1.3993722e-03
  -3.2353203e-02   1.0646761e-01   1.5512397e-01  -3.1145867e-03   7.6990763e-04   1.3083055e-03
  -3.3497017e-02   3.5192241e-02   1.5691473e-01  -2.8045782e-03   1.0440587e-03   1.2026430e-03
  -3.3662053e-02   4.7461661e-02   1.2565405e-01  -2.5254072e-03   9.9576588e-04   1.2119522e-03
  -2.9143037e-02   9.1044880e-02   1.4707514e-01  -2.9373438e-03   8.0044068e-04   1.2357733e-03
  -2.9529463e-02   8.0256170e-02   1.4470442e-01  -3.0098268e-03   9.1455378e-04   1.1619281e-03
  -2.5176411e-02   4.9232057e-02   1.4897172e-01  -2.7780131e-03   9.3316685e-04   1.3273060e-03
  -2.5558262e-02   5.0107850e-02   1.2969504e-01  -2.8385371e-03   8.8278286e-04   1.2085290e-03
  -1.8187040e-02   1.2655148e-01   1.3799662e-01  -3.0088777e-03   7.5922201e-04   1.3333412e-03
  -2.0259680e-02   6.2072034e-02   1.2899966e-01  -2.7635864e-03   1.0277503e-03   1.5366301e-03
  -1.4740911e-02   5.7572006e-02   1.1495246e-01  -2.4079250e-03   9.4386364e-04   1.8058604e-03
  -2.2567373e-02   9.0162872e-02   1.2077680e-01  -2.5956150e-03   1.0701526e-03   1.6437850e-03
  -3.1173195e-02   1.2782525e-01   1.3834828e-01  -3.2103935e-03   1.0244964e-03   1.3560571e-03
  -4.2898126e-02   7.1604252e-02   1.2195704e-01  -3.0587764e-03   9.4875964e-04   1.1091023e-03
  -3.1304534e-02   5.0454876e-02   1.0145824e-01  -2.7038872e-03   1.2992921e-03   1.3922416e-03
  -2.4820620e-02   3.5320897e-02   1.2646366e-01  -2.4854044e-03   1.1690747e-03   1.4713199e-03
  -1.6980331e-02   6.5696991e-02   1.3604421e-01  -2.1453867e-03   9.4117268e-04   1.7393241e-03
   6.2082850e-02   1.9788881e-01   1.7497317e-01  -1.1764736e-03  -5.2572880e-04   2.3805154e-03
   3.0976770e-02   8.9623767e-02   1.1633563e-01  -5.0637658e-04  -2.0692223e-04   1.4457523e-03
   5.6023906e-03   7.1311112e-02   9.4270502e-02  -4.1886371e-04   1.7663941e-04   9.0739899e-04
  -3.4709897e-02   3.7160589e-02   6.8619432e-02  -3.8810797e-04   6.7630121e-04   1.4086875e-04
  -3.7898516e-02   3.4558679e-02   3.6086219e-02   2.1281294e-04   6.6374397e-04  -1.0323961e-04
  -6.3955949e-02   8.5346866e-02   1.8764377e-02   1.9189353e-04   1.0086480e-03  -7.4918139e-04
  -4.4927671e-02   3.3270289e-02   2.9599238e-02   9.0388059e-04   7.3543201e-04  -2.0038120e-04
  -5.3309917e-02   9.0226463e-02   4.3581739e-02   1.2571184e-04   7.8708410e-04  -4.4407357e-04
  -6.0615418e-02   3.0640443e-03   6.8450717e-02   9.0714230e-05   8.8252564e-04  -4.5618950e-04
  -6.2976753e-02   2.6035200e-02   4.4286167e-02   7.7056696e-05   1.1140103e-03  -4.7226964e-04
  -6.0398591e-02   1.2784342e-01   3.2526409e-02  -2.8521953e-04   1.1970926e-03  -3.8981161e-04
  -6.8465877e-02   7.0839297e-02   3.5523846e-02   3.2782340e-05   1.3458381e-03  -5.8157182e-04
  -6.3924904e-02   6.4950596e-02   2.7789135e-02   3.3490495e-04   1.3449055e-03  -3.8439053e-04
  -6.3647733e-02   5.0557584e-02   2.8655197e-02   3.4977974e-04   1.3119627e-03  -3.8313912e-04
  -6.5142479e-02   1.0122454e-01   3.1917334e-02   1.1882887e-05   1.3373613e-03  -5.8392847e-04
  -7.2803229e-02   1.0269538e-01   3.4424188e-02   1.1960364e-04   1.3916506e-03  -7.9188383e-04
  -7.7495596e-02   9.0944504e-02   2.3587354e-02   4.9394693e-05   1.6303669e-03  -8.7201213e-04
  -8.0286099e-02   4.1541309e-02   2.5054778e-02   4.6097211e-04   1.7372527e-03  -8.5404166e-04
  -7.9148196e-02   3.4920076e-02  -1.7922927e-02   7.0760243e-04   1.6602557e-03  -8.4233907e-04
  -1.0300820e-01   1.4844109e-01   9.9114763e-03   1.7269697e-04   2.0612470e-03  -1.1564941e-03
  -1.0992393e-01  -3.2671886e-02   2.4167604e-02   9.7049208e-04   2.0311607e-03  -1.2782670e-03
  -1.2354802e-01   9.1333003e-02  -3.9890202e-02   4.8187566e-04   3.1691969e-03  -1.2245150e-03
  -6.2116476e-02   5.1974463e-03  -1.9736498e-02   7.3319492e-04   2.0538202e-03  -7.0069612e-04
  -6.9816653e-02   6.2654619e-02  -1.9611969e-02   8.2954011e-04   2.2932386e-03  -8.4660177e-04
  -4.7222824e-02   2.0413084e-03   4.4396120e-03   9.2291468e-04   1.7543607e-03  -7.2450688e-04
  -5.6347420e-02   9.5136571e-03  -4.2339088e-03   6.0030025e-04   1.9073273e-03  -7.9743754e-04
  -6.5568937e-02   7.9230585e-02  -3.7188109e-02   9.5046497e-04   2.2826206e-03  -7.5998474e-04
  -6.9782514e-02   1.1635024e-01  -2.0238675e-02   8.6301575e-04   2.4781818e-03  -6.6995583e-04
  -7.7193845e-02   5.0478265e-02   1.7091310e-02   3.3539093e-04   2.5383835e-03  -8.3780084e-04
  -1.0289248e-01  -7.6617726e-03   2.2866555e-02   5.1672728e-04   2.7791184e-03  -1.2459087e-03
  -1.1442852e-01   1.0338109e-01   9.0277811e-03  -9.2138087e-05   2.7632479e-03  -1.4220479e-03
  -1.1954131e-01   5.1239273e-02   2.4256010e-02   8.0012210e-05   2.9514664e-03  -1.5014554e-03
  -1.2151634e-01   1.1696605e-02   9.8287924e-03   3.8635955e-04   3.1602503e-03  -1.4649443e-03
  -1.2460432e-01   9.3438599e-03   1.4342238e-02   3.0843557e-04   3.2084012e-03  -1.4255395e-03
  -1.3495929e-01   8.1767704e-02   1.2661637e-02   2.9524941e-04   3.3741465e-03  -1.7268716e-03
  -1.2275180e-01   7.7071633e-02   2.2536226e-02  -1.7476169e-04   3.2597179e-03  -1.5304825e-03
  -1.1822916e-01   2.2482249e-02   5.0143246e-02  -5.2182215e-04   3.1353640e-03  -1.3682344e-03
  -1.2228687e-01   2.5138428e-02   2.6174200e-02  -2.1467584e-04   3.1600808e-03  -1.4858726e-03
  -1.2562029e-01   8.4077332e-02   4.6843966e-02  -4.7523168e-04   3.3106692e-03  -1.5621629e-03
  -1.3138374e-01   7.2534442e-02   4.8238047e-02  -5.8920138e-04   3.2689810e-03  -1.6132144e-03
  -1.3097202e-01   5.6934769e-02   4.3944576e-02  -4.3749214e-04   3.2711448e-03  -1.4758127e-03
  -1.1860095e-01   2.6855372e-02   4.0792067e-02  -2.9950745e-04   3.2942535e-03  -1.5503509e-03
  -1.2906969e-01   4.6855528e-02   1.9500299e-02  -1.2401728e-04   3.6449658e-03  -1.9201715e-03
  -1.2735074e-01   9.1543353e-02   4.8873374e-02  -5.1276673e-04   3.2454773e-03  -1.3909171e-03
  -1.3758953e-01   9.2919871e-02   5.1820766e-02  -6.4440934e-04   3.3331147e-03  -1.4451459e-03
  -1.3493956e-01   8.6928041e-02   2.8092373e-02  -2.5931747e-04   3.2357864e-03  -1.3261934e-03
  -1.2619214e-01   8.4278577e-02   1.2463771e-02  -8.2932955e-05   3.1687367e-03  -1.1485488e-03
  -1.3584207e-01   9.1404935e-02   3.8342672e-02  -2.7368338e-04   3.1664578e-03  -1.4299337e-03
  -1.2422728e-01   1.2114336e-01   3.2152164e-02  -6.3241377e-04   3.1315257e-03  -1.0665463e-03
  -1.2057893e-01   5.4204435e-02   3.1988220e-02  -5.6543356e-04   3.0868664e-03  -9.5285943e-04
  -9.8391605e-02   1.0764019e-01  -8.9853346e-03   2.0058412e-04   2.6096272e-03  -1.1847040e-03
  -1.0169067e-01   2.8418887e-02   4.6213390e-02  -5.3269466e-04   2.6430933e-03  -1.3290609e-03
  -1.1240635e-01   9.2503321e-02   5.4786609e-02  -8.7158724e-04   2.7988215e-03  -1.4335923e-03
  -1.1657887e-01   6.3091064e-02   4.2163605e-02  -7.3285943e-04   2.9235410e-03  -1.3463522e-03
  -1.1225886e-01   3.7551526e-02   6.2046749e-02  -7.2922822e-04   2.6724783e-03  -1.3831894e-03
  -1.1031205e-01   7.3594901e-02   4.3893843e-02  -8.3202376e-04   2.7971490e-03  -1.4114997e-03
  -1.1574781e-01   1.0698590e-01   2.5073373e-02  -4.6102366e-04   3.0128751e-03  -1.3984830e-03
  -1.1889037e-01   7.6231947e-02   6.0273245e-02  -8.4172227e-04   2.8216935e-03  -1.4182343e-03
  -1.3590155e-01   2.6206248e-02   7.1930487e-02  -6.5120566e-04   3.0334204e-03  -1.5888138e-03
  -1.2869556e-01   1.1337331e-01   4.7564220e-02  -8.5382661e-04   2.8131018e-03  -1.4697163e-03
  -1.1862187e-01   6.8466879e-02   5.7250771e-02  -8.4470459e-04   2.8015487e-03  -1.3591647e-03
  -1.2389798e-01   8.3088513e-02   5.1243902e-02  -5.8958097e-04   3.0001044e-03  -1.3426358e-03
  -1.2450958e-01   3.3796716e-02   5.0180988e-02  -6.8213806e-04   2.9471529e-03  -1.3496826e-03
  -1.1929622e-01   3.0461906e-02   5.4250698e-02  -6.4857296e-04   2.9892952e-03  -1.2375535e-03
  -1.1468882e-01   4.5065688e-02   3.8177879e-02  -5.8647978e-04   2.8500284e-03  -1.1271885e-03
  -1.2420602e-01   1.1351832e-01   5.2002837e-02  -8.6828352e-04   2.9016898e-03  -1.3605516e-03
  -1.2394430e-01   3.0937586e-02   5.8371567e-02  -8.7458075e-04   3.0829098e-03  -1.3045121e-03
  -1.1363529e-01   1.1729161e-02   4.2294365e-02  -7.9567408e-04   2.9448164e-03  -1.1977989e-03
  -1.1661743e-01   8.1878123e-02   2.8619306e-02  -3.3602190e-04   3.1322223e-03  -1.1486031e-03
  -1.1583352e-01   5.6960198e-02   4.2887888e-02  -6.8026183e-04   3.1707901e-03  -1.1637508e-03
  -1.2399528e-01   1.2574649e-01   6.0650764e-02  -1.1856573e-03   3.1173843e-03  -1.3547937e-03
  -1.3004828e-01   4.3056620e-02   6.4548080e-02  -1.0782578e-03   3.1255764e-03  -1.1027051e-03
  -1.2360142e-01   5.6983147e-02   2.7300939e-02  -7.8910196e-04   3.1912730e-03  -1.1716808e-03
  -1.2741531e-01   8.7229713e-02   4.7466163e-02  -9.2356186e-04   3.1711679e-03  -1.3331498e-03
  -1.1277544e-01   7.7148767e-02   5.2295734e-02  -1.1386747e-03   3.1936665e-03  -1.2278193e-03
  -1.2006724e-01   7.7349553e-02   5.2005041e-02  -8.7106149e-04   3.3666727e-03  -9.8967599e-04
  -1.1718196e-01   7.7232573e-02   6.5394778e-02  -1.2465603e-03   3.1880844e-03  -1.1226046e-03
  -1.1106434e-01   2.2774019e-02   5.7500106e-02  -8.2149869e-04   3.2587096e-03  -1.0418774e-03
  -1.1545280e-01   1.1287661e-01   5.3901721e-02  -1.1132025e-03   3.4215120e-03  -1.0290891e-03
  -1.2425590e-01   1.2408770e-01   4.7509986e-02  -1.1807793e-03   3.3734240e-03  -1.0850806e-03
  -1.2551174e-01   7.8616685e-02   5.4213286e-02  -1.0773916e-03   3.4163666e-03  -9.9551886e-04
  -1.2670776e-01   9.5508855e-02   6.6856204e-02  -6.4332483e-04   3.5722151e-03  -1.1085270e-03
  -1.2045551e-01   1.4646061e-01   3.8997837e-02  -1.8173967e-03   3.4676221e-03  -1.2060403e-03
  -1.2802261e-01   7.7384058e-02   3.5426629e-02  -1.3567447e-03   3.3227720e-03  -1.1702740e-03
  -1.3836413e-01   5.8357856e-02   5.3157976e-02  -8.9147400e-04   3.6156116e-03  -1.0679899e-03
  -1.2769997e-01   3.6846774e-02   6.2685352e-02  -7.0214624e-04   3.5133430e-03  -1.0088037e-03
  -1.1148503e-01   5.3472877e-02   5.0020275e-02  -1.0755060e-03   3.0969653e-03  -8.1161532e-04
  -1.0424194e-01   9.2782362e-02   5.2502676e-02  -1.3389404e-03   2.9289826e-03  -5.8606504e-04
  -9.8320747e-02   5.0579362e-03   4.4055348e-02  -9.5524414e-04   2.9340708e-03  -6.5530395e-04
  -1.0610214e-01   9.1307081e-02   4.3950890e-02  -1.2064358e-03   2.9876913e-03  -5.6717727e-04
  -1.0811667e-01   1.2477216e-01   5.3092854e-02  -1.4259788e-03   2.9834740e-03  -5.2931929e-04
  -1.1845005e-01   1.2375763e-01   6.0233169e-02  -1.3023862e-03   3.3661918e-03  -5.8337155e-04
  -1.1411892e-01   1.1990991e-01   6.8117588e-02  -1.9069072e-03   3.0149241e-03  -4.8227614e-04
  -1.1493002e-01   8.2163676e-02   6.8757469e-02  -1.8486790e-03   2.9667925e-03  -4.1964558e-04
  -1.1381395e-01   1.1741577e-01   5.2985110e-02  -1.7734498e-03   3.4093036e-03  -9.9943311e-04
