   0.0000000e+00   0.0000000e+00   0.0000000e+00   0.0000000e+00   0.0000000e+00   0.0000000e+00
   4.5644486e-03   4.3621840e-02  -9.5601343e-03   5.4299279e-04  -1.2695132e-04   2.0324963e-04
  -1.3523734e-02   1.4301463e-02   1.5379305e-02   2.5922071e-04  -5.1109819e-05  -1.2197469e-04
  -5.4471639e-03  -3.6789631e-02   3.4904111e-03   6.4777948e-04  -4.9582889e-05  -7.8164695e-05
  -1.3619610e-03   5.5248383e-02   2.8934439e-02   5.6464417e-05   1.6342980e-05   1.6161305e-04
  -1.0023436e-02  -1.4733534e-02   2.9013824e-02   1.7015132e-04   1.5997246e-04  -1.3136779e-05
  -2.5154578e-03  -3.8646145e-02  -3.3858650e-03   5.2354293e-04   9.5509201e-05  -8.5238098e-05
   6.8878196e-03   9.8732783e-02   2.6129752e-02  -5.2242810e-04  -1.6834052e-04   6.6591884e-05
   2.5958262e-02   7.5049151e-03   5.8082959e-02  -6.7774924e-04  -6.1934867e-04   1.6411192e-04
   2.7437327e-02  -4.4803984e-02   5.5203704e-02  -1.0426747e-04  -5.9787007e-04   2.0696007e-04
   1.8201975e-02  -2.2912222e-02   3.5051925e-02  -2.1316423e-05  -4.4049880e-04   9.8421611e-05
   2.3928470e-02   5.4471165e-02   5.3292517e-02  -9.1175445e-04  -7.1552838e-04   1.6287580e-04
   3.7183053e-02   1.9429227e-02   7.1367201e-02  -6.4590770e-04  -7.3395753e-04   2.9798555e-04
   2.7004529e-02  -3.0943929e-02   7.6900395e-02  -3.5588654e-04  -5.8609725e-04   1.5636663e-04
   1.9861093e-02  -2.7624701e-02   5.2441250e-02  -3.9722793e-04  -5.8311500e-04   6.9548575e-06
   2.6389943e-02   4.8493587e-02   5.9658773e-02  -6.9673512e-04  -6.4532346e-04   3.4344260e-04
   1.3112564e-02  -1.3887198e-02   8.6909050e-02  -8.8056923e-04  -1.9846871e-04  -2.9832762e-06
   6.7707071e-03  -4.7214495e-02   6.4354758e-02  -2.2557954e-04  -9.6229236e-05  -8.5767604e-05
  -9.9577808e-03   2.4783036e-02   5.0305689e-02  -5.6923891e-04  -3.5998303e-05  -1.1708321e-04
  -3.9695604e-03   1.1611964e-02   6.7041155e-02  -9.3780387e-04  -2.5748404e-04  -1.9976186e-04
  -1.1764535e-02  -5.6372611e-02   4.7740882e-02  -6.2701012e-04  -8.9774088e-05  -1.4116097e-04
  -1.6327358e-02  -1.6574768e-02   1.6713895e-02  -3.9591726e-04  -4.8013783e-07  -2.9841818e-04
  -7.1341849e-03   3.3895622e-02   5.3832059e-02  -5.6397291e-04  -1.7929322e-04  -1.2467013e-04
  -7.2661474e-03  -3.9480734e-02   6.0310173e-02  -5.7633580e-04  -1.3695884e-04  -4.9818674e-05
  -1.4017455e-02  -1.6648174e-02   1.7282126e-02  -2.7403909e-04  -1.2515481e-04  -2.1378651e-04
  -3.8930561e-03   7.0583134e-02   3.4516399e-02  -1.2396907e-03  -7.0757144e-04  -1.0731990e-04
   1.5186247e-02   3.3159851e-02   4.9376623e-02  -1.0991805e-03  -7.2321073e-04   1.7827584e-04
   1.1531985e-02  -6.1698144e-02   1.5441487e-02  -1.6682582e-04  -5.0072099e-04   1.1538207e-04
   5.6968409e-02  -7.4750463e-02  -1.0597081e-01   7.6775679e-04  -1.3178808e-03   4.8168826e-04
   7.6174923e-02   8.0455545e-02   3.2219510e-02  -5.0450089e-04  -1.4592197e-03   6.8593104e-04
   6.1109188e-02   8.8616407e-04   4.3341769e-02  -4.1255556e-04  -9.6015768e-04   6.4919905e-04
   6.5112937e-02  -3.2794715e-02   7.6391515e-02   2.3921559e-05  -9.1750189e-04   6.9642252e-04
   7.9773387e-02   9.9892909e-03   7.8581133e-02  -7.3454086e-04  -1.0844476e-03   7.9906447e-04
   8.1957860e-02   1.3276126e-02   8.4997489e-02  -5.9036723e-04  -1.0024080e-03   8.5287862e-04
   6.7985623e-02  -2.1044451e-02   7.6090525e-02  -9.7830673e-04  -9.4751858e-04   5.5973615e-04
   7.7161949e-02  -8.0572081e-02   5.3219906e-02  -3.1805071e-04  -8.4236379e-04   6.8101981e-04
   7.5213212e-02   4.1402521e-02   8.5547564e-02  -1.2225572e-03  -1.0638870e-03   5.8167694e-04
   8.7573555e-02  -2.8748203e-02   6.3686644e-02  -1.9276568e-04  -1.2069721e-03   7.3328317e-04
   7.7694976e-02  -1.6415994e-02   6.8153007e-02  -7.7614703e-04  -9.2509698e-04   6.5877164e-04
   5.6066794e-02  -2.1315470e-02   4.3949522e-02  -3.7995354e-04  -6.6117995e-04   4.6789746e-04
   7.3230037e-02   4.7736957e-02   6.4673004e-02  -8.8800914e-04  -8.8922143e-04   6.2109604e-04
   8.4498774e-02  -3.3817926e-02   7.0591840e-02  -8.2650279e-04  -1.1493055e-03   6.3973933e-04
   6.5121944e-02  -7.4644861e-02   4.4439719e-02  -8.1840583e-05  -7.2623572e-04   3.3608856e-04
   4.9075244e-02   2.6477458e-02   3.6753383e-02  -4.4832352e-04  -7.3417905e-04   4.7746486e-04
   2.5788712e-02  -1.7511484e-02   4.3411309e-02  -4.6264798e-04  -4.7009433e-04   1.2654730e-04
   4.6322560e-02   1.0685246e-02   2.0977531e-02  -1.0184059e-03  -1.0600549e-03   2.8623215e-04
   5.0034418e-02   7.3704167e-02   1.6475168e-02  -1.0878481e-03  -1.1775768e-03   4.9890394e-04
   5.2506781e-02   3.8442337e-02   5.9431093e-02  -1.0062566e-03  -1.0704850e-03   6.0322842e-04
   4.9832370e-02  -3.2915463e-02   7.8334111e-02  -9.4620644e-04  -8.4581272e-04   6.0500936e-04
   4.6408252e-02  -4.3950470e-02   6.5944866e-02  -1.7520073e-04  -7.4448799e-04   4.5681033e-04
   4.9564878e-02   3.3241423e-02   8.3929691e-02  -1.1570388e-03  -8.3150691e-04   5.0495293e-04
   5.4801385e-02   2.4842555e-02   9.5553134e-02  -8.8437514e-04  -9.5514610e-04   4.7629162e-04
   4.6562617e-02  -6.3049085e-02   7.8544283e-02  -6.5078340e-04  -7.2230596e-04   4.6895690e-04
   3.5695144e-02  -1.6639636e-03   5.2651610e-02   1.4420564e-06  -6.4541677e-04   2.4083742e-04
   2.7214711e-02   5.2952095e-02   8.2320400e-02  -8.5784471e-04  -6.6380066e-04   4.2031698e-04
   2.0148214e-02  -1.4236162e-02   6.9886507e-02  -4.3397908e-04  -5.5900144e-04   3.1558812e-04
   8.2394841e-03  -7.6090830e-02   2.3751468e-02   1.8085415e-04  -1.4158936e-04   2.3405764e-04
   3.2692337e-02   6.2035494e-02   5.9898172e-02  -7.7629200e-04  -5.9335995e-04   3.9203247e-04
   3.7882885e-02  -3.2356876e-02   5.4284087e-02  -4.0599844e-04  -6.0012259e-04   2.9128281e-04
   3.9086790e-02   7.5252246e-03   1.6474041e-02  -5.6623890e-04  -6.8446809e-04   4.6319119e-04
   4.2154312e-02   2.6176374e-02   4.2269528e-02  -6.5931669e-04  -6.3217664e-04   5.8293908e-04
   4.0909960e-02   2.6135692e-03   6.5362706e-02  -6.7218452e-04  -4.9702237e-04   5.2489286e-04
   2.7131202e-02  -7.2987236e-02   2.3335422e-02   6.7794626e-05  -1.9621886e-04   4.4309897e-04
   3.7370694e-02   6.1768524e-02   5.6841322e-02  -9.0891393e-04  -6.2808898e-04   3.9167835e-04
   4.5690123e-02   4.5071963e-02   6.3434519e-02  -1.2131286e-03  -7.7856152e-04   5.5860873e-04
   3.8756066e-02  -2.7612343e-02   3.1425750e-02  -6.5085236e-04  -6.2372090e-04   4.3968214e-04
   4.3179604e-02   6.9446048e-02   4.1859120e-02  -1.1761346e-03  -7.4252817e-04   5.0596761e-04
   5.7127961e-02   3.5347652e-02   8.6127110e-02  -1.5912269e-03  -9.7617236e-04   9.5814800e-04
   4.1811114e-02  -6.4850451e-02   1.2737164e-01  -1.1424957e-03  -1.2240981e-04   1.0141532e-03
   4.0492428e-02   1.1691639e-02   1.0521906e-01  -1.4702147e-03  -1.3266730e-04   5.6286197e-04
   4.2441678e-02   5.9039558e-02   9.8698696e-02  -1.7783184e-03  -3.0193340e-04   4.1981044e-04
   3.2341312e-02   2.2429330e-02   1.1612709e-01  -1.6339210e-03  -2.3942189e-04   2.6206679e-04
   2.9703581e-02  -2.7830678e-02   9.7796325e-02  -9.7877766e-04  -7.5150428e-05   3.8171836e-04
   1.2313954e-02   4.4332154e-02   9.6290826e-02  -1.4155460e-03  -9.4066846e-05  -7.9831857e-05
   2.9460355e-02   2.5809519e-02   9.2119515e-02  -1.3368503e-03  -2.2583344e-04   7.0857900e-04
   5.3777980e-03  -1.5998709e-02   9.1953519e-02  -1.0552577e-03   6.5324291e-05   2.5408522e-04
   1.7764866e-03   8.4358317e-03   7.5838565e-02  -1.3576102e-03   8.1098360e-05  -2.2439426e-04
   1.8200492e-02   4.8541567e-02   1.0472514e-01  -1.5686311e-03  -1.9749134e-04   3.6952675e-04
   2.1785617e-02   1.0196745e-02   1.0792275e-01  -1.2744812e-03  -2.2383081e-04   6.1667093e-04
   1.8602230e-02  -3.7993395e-02   6.5356211e-02  -9.0649154e-04  -1.9523170e-06   3.6068663e-04
   1.4542338e-02   4.5068828e-02   1.1535454e-01  -1.8158863e-03   1.4722610e-04   2.2710498e-04
   2.0943193e-02   3.6194856e-02   1.0523834e-01  -1.7452274e-03  -9.3307909e-06   4.2952149e-04
   1.0608600e-02  -2.1823013e-03   8.8719550e-02  -1.4444602e-03  -6.6489860e-06   3.6273379e-04
  -5.4063629e-03  -3.8650863e-02   5.8886504e-02  -7.5026608e-04   4.2620610e-04   3.6530138e-04
   2.4509492e-03   4.1789075e-02   1.1353806e-01  -1.3812767e-03   4.5330174e-04   5.1844371e-04
   1.1891934e-02  -2.9164152e-02   1.1427299e-01  -1.2015202e-03   2.0360451e-04   4.8004074e-04
  -9.3605441e-03  -8.1533305e-02   8.7868617e-02  -5.2836469e-04   7.8941721e-04   4.3668607e-04
  -3.2416527e-02   1.8322214e-02   6.7886416e-02  -8.8658833e-04   8.6677066e-04   1.6234060e-04
  -1.8370255e-02   2.7671776e-02   9.6596760e-02  -1.3661164e-03   6.2213725e-04   1.8859711e-04
  -2.2339490e-02  -3.4630721e-02   6.1389078e-02  -7.7471362e-04   6.7202027e-04   2.8819173e-05
  -1.8701740e-02   6.6374770e-02   6.4347269e-02  -1.4101717e-03   5.9037444e-04   2.1177947e-04
  -2.7400004e-02   4.2878570e-02   1.0536866e-01  -1.3712245e-03   5.7215078e-04   1.0606714e-04
  -2.8537784e-02  -2.6019842e-02   7.2744804e-02  -1.0497811e-03   4.9116046e-04   1.3421121e-05
  -2.0413456e-02   3.2139947e-02   6.0983582e-02  -1.2374755e-03   5.1957331e-04   1.7817857e-04
  -9.6706450e-03   5.1395176e-02   1.0127168e-01  -1.1988927e-03   1.9167664e-04   2.6705881e-04
  -2.7063034e-02  -4.6340381e-02   8.6762018e-02  -7.8921944e-04   7.6739039e-04   2.1565013e-04
  -2.8544553e-02  -5.0786242e-02   5.6825927e-02  -4.8621786e-04   8.0981798e-04   2.4587991e-04
  -2.9778417e-02   5.2672119e-02   6.8518621e-02  -1.0274864e-03   6.4819935e-04   2.0289880e-04
  -2.9761964e-02  -3.0673371e-02   6.5785395e-02  -5.2983374e-04   3.3573616e-04   1.3640196e-04
  -4.2044237e-02   1.0124201e-02   2.3567445e-02  -2.3661501e-04   6.2744922e-04   1.2858177e-04
  -2.8936173e-02   8.3182150e-02   4.1926927e-02  -1.6408174e-03   1.5776396e-04  -1.2429859e-04
  -1.5028388e-02   4.5374305e-02   5.5102917e-02  -1.8140889e-03  -6.0894495e-05   1.3274988e-04
  -6.6939267e-03   3.1057700e-02   2.8725908e-02  -1.0244361e-03  -1.9891889e-04   2.5821449e-04
  -2.0022229e-03   8.4272131e-02   2.9696026e-02  -1.0527260e-03  -2.7945617e-04   4.3345521e-04
  -2.5286872e-03   1.6349074e-02   6.4187818e-02  -1.1678700e-03  -1.4458761e-04   4.0077992e-04
  -2.3287306e-03  -5.6960369e-02   8.0594937e-02  -1.1137579e-03   3.2105118e-05   2.6827533e-04
   6.3851433e-02  -9.7966974e-02  -1.0975496e-01   9.8488673e-04  -4.5405067e-04   5.0919455e-04
   4.7151984e-02   3.2051209e-02   3.1779856e-03  -1.6020359e-04  -7.5965441e-04   8.6011113e-04
   7.5626254e-02  -7.2988955e-02  -2.9900812e-02   4.6296378e-04  -7.1570446e-04   1.2152320e-03
   6.5784396e-02   5.9033214e-02   9.2271414e-03  -1.8257674e-05  -7.1619320e-04   1.2606283e-03
   5.8930303e-02  -3.2615134e-03   6.9893055e-02  -7.3748182e-04  -5.6737770e-04   1.1203086e-03
   6.3262652e-02  -1.0509873e-01   4.6864643e-02  -3.8973285e-04  -5.8140862e-04   9.3484233e-04
   5.4039636e-02   2.6195863e-02   4.4937839e-02  -9.4077928e-04  -4.8822094e-04   9.1280168e-04
   4.3534118e-02   3.0040260e-02   6.0027656e-02  -9.2888266e-04  -5.5296989e-04   7.3531174e-04
   2.4517584e-02  -7.0350009e-02   4.5281215e-02  -3.9261667e-04  -7.7309391e-05   5.7527627e-04
   2.2954446e-02   4.3085142e-02   5.4614410e-02  -1.0735845e-03  -1.8235235e-04   5.3287658e-04
   3.2683008e-02  -2.0391085e-03   5.9406550e-02  -8.0978195e-04  -2.3833350e-04   5.0158255e-04
   3.0778590e-02  -3.3309489e-02   6.4297621e-02  -7.6876012e-04  -9.7279951e-05   5.0839138e-04
   2.0912247e-02  -1.8342389e-02   3.7654414e-02  -3.3686358e-04  -8.5789943e-05   3.2403782e-04
   3.0090951e-02   7.0127529e-02   6.4419460e-02  -1.2126499e-03  -3.5781089e-04   8.4633146e-04
   9.3187849e-03  -6.0611720e-02   8.3308080e-02  -1.0788536e-03   2.4320487e-04   4.0732312e-04
   1.4859950e-02  -3.9742782e-03   5.5877062e-02  -9.2808324e-04   8.5534790e-05   3.9874124e-04
   1.1512810e-02   3.7878304e-02   5.8951069e-02  -9.8233928e-04   2.8308677e-04   5.5034930e-04
  -1.9747152e-02  -2.5779090e-02   5.1796726e-02  -7.1930379e-04   6.7340792e-04   1.2570806e-04
   1.4640876e-03   5.9084426e-02   3.1025424e-02  -1.2313401e-03   3.0210033e-04   2.3807459e-04
   2.5370797e-02   8.4919835e-02   5.6409116e-02  -1.8559646e-03  -3.7135797e-04   3.7314196e-04
   3.2826720e-02   4.7826859e-02   4.4804474e-02  -1.2392241e-03  -4.0243175e-04   6.2510249e-04
   3.0977582e-02   3.4744072e-02   4.5635797e-02  -8.1715829e-04  -3.1918386e-04   6.4937780e-04
   3.8257136e-02   3.6128264e-02   4.1881642e-02  -6.7881596e-04  -5.5873607e-04   6.4060826e-04
   3.2474345e-02   4.1396118e-02   8.7601663e-02  -1.3558231e-03  -3.2090835e-04   6.2032573e-04
   3.0127483e-02  -1.9532860e-02   5.2395330e-02  -8.1026742e-04  -3.0460662e-05   5.5696238e-04
   2.0456852e-02   6.1341932e-02   3.7365977e-02  -7.2775904e-04  -1.9889069e-04   5.4231822e-04
   5.1469769e-02   1.4668533e-01   8.9274800e-02  -1.2588495e-03  -2.2935137e-04   7.0919028e-04
   5.8887031e-02  -1.5299657e-01   5.2943397e-02  -8.2001449e-04  -4.8961542e-04   6.5334811e-04
   4.9526202e-02   6.7183366e-03   6.0784840e-02  -7.6033042e-04  -4.5198149e-04   5.6813251e-04
   5.2076162e-02  -6.3383807e-03   6.1003346e-02  -3.1293193e-04  -1.5267415e-04   6.3306863e-04
   6.8618784e-02   6.3008205e-02   9.6952954e-02  -1.2214443e-03  -2.1249876e-04   7.4438423e-04
   5.6629113e-02   1.7200098e-02   1.3994362e-01  -1.6368121e-03   1.5352721e-05   8.1167394e-04
   3.0685247e-02  -2.5891858e-02   1.0572811e-01  -8.6480831e-04   4.3935160e-04   4.5278237e-04
   1.8728743e-02   6.0400271e-02   1.1980614e-01  -1.7232328e-03   3.8017926e-04   3.2913245e-04
   1.0099956e-02   2.4980217e-03   1.3337242e-01  -1.8561670e-03   5.2337473e-04   3.2764928e-04
  -8.2017948e-03  -3.2419736e-02   1.0292935e-01  -1.4563518e-03   7.2237183e-04   1.3433758e-04
   8.9889693e-04   6.0773369e-02   1.2577190e-01  -2.1825305e-03   4.8278136e-04   1.1451717e-04
  -1.5468770e-02   5.9557124e-03   1.2237738e-01  -1.9387932e-03   5.5027419e-04  -4.2165331e-05
  -1.4223993e-02   9.6378276e-03   1.3506883e-01  -2.1978053e-03   4.8117004e-04   5.6271348e-05
  -1.6046361e-02  -9.8645550e-03   1.0272749e-01  -1.6954283e-03   7.2839821e-04   1.4351263e-04
  -1.4966996e-02   7.0546811e-02   1.1887898e-01  -2.0555195e-03   5.0153551e-04   8.6691644e-05
  -3.1225357e-02   1.8604113e-02   1.1902224e-01  -2.2234097e-03   6.7087773e-04  -2.7538027e-04
  -5.1262725e-02  -9.6378701e-03   1.1097043e-01  -1.5060430e-03   1.1482107e-03  -4.9822584e-04
  -5.1949173e-02   1.4383772e-01   1.3139756e-01  -3.1164471e-03   7.8354303e-04  -5.2034534e-04
  -4.0945780e-02   6.7382200e-02   1.4218287e-01  -3.2263120e-03   4.9853269e-04  -3.7648890e-04
  -5.0758975e-02   1.1730156e-02   1.3451721e-01  -1.8759833e-03   9.3775576e-04  -3.8259114e-04
  -3.6304806e-02   1.0562819e-01   1.4702149e-01  -2.5929247e-03   8.9453623e-04  -7.1295955e-05
  -2.3650085e-02   5.0093864e-02   1.7532024e-01  -3.1663000e-03   8.9493087e-04  -3.3540759e-04
  -3.2255569e-02   2.6880940e-02   1.7689515e-01  -2.9776195e-03   9.6392648e-04  -3.2172956e-04
  -5.4765850e-02   3.0769664e-02   1.3512994e-01  -2.4630078e-03   1.1916984e-03  -3.8994399e-04
  -5.3999966e-02   9.2637775e-02   1.4706264e-01  -2.9037060e-03   1.2430390e-03  -4.2546889e-04
  -5.6300981e-02   5.6632377e-02   1.6301875e-01  -3.1120818e-03   9.8437870e-04  -4.7664129e-04
  -4.9263473e-02  -2.1062827e-02   1.3584562e-01  -2.1506183e-03   1.2258909e-03  -3.6124119e-04
  -7.0853471e-02   2.5155054e-02   1.1885904e-01  -1.9953196e-03   1.2489935e-03  -5.1196296e-04
  -7.0106475e-02   5.6757181e-02   1.4816688e-01  -3.2008247e-03   1.4170966e-03  -6.3513314e-04
  -6.4902585e-02   5.3334158e-02   1.7182523e-01  -3.2397592e-03   1.3087454e-03  -6.0572419e-04
  -6.8397379e-02  -3.5796020e-04   1.2986318e-01  -1.9122187e-03   1.3695067e-03  -5.4522108e-04
  -7.0863787e-02   5.4586689e-02   1.1349267e-01  -2.3956682e-03   1.4500573e-03  -6.4961511e-04
  -5.6373840e-02   8.1100264e-02   1.6293778e-01  -3.3778672e-03   1.2995639e-03  -6.4406163e-04
  -6.6684936e-02   2.8503656e-02   1.6410482e-01  -2.9918564e-03   1.3460710e-03  -6.5865667e-04
  -8.2063964e-02   7.3241653e-03   1.2363531e-01  -2.1084336e-03   1.6998726e-03  -8.3451382e-04
  -7.8754795e-02   6.8416318e-02   1.3347644e-01  -2.9098165e-03   1.5541636e-03  -8.0462270e-04
  -8.2192128e-02   6.8358612e-02   1.3319993e-01  -2.5046785e-03   1.5048911e-03  -8.0986735e-04
  -7.8975940e-02   1.0226412e-02   1.3162017e-01  -2.3639199e-03   1.5188493e-03  -6.0595414e-04
  -8.7739086e-02   1.0761692e-02   1.1132630e-01  -2.3301683e-03   1.6783323e-03  -7.6749902e-04
  -8.2529532e-02   9.7984049e-02   1.0925532e-01  -2.4375540e-03   1.5121576e-03  -6.4171723e-04
  -9.3640629e-02   5.0529979e-02   1.2465578e-01  -2.4829878e-03   1.9274949e-03  -9.9516560e-04
  -9.8326792e-02  -3.5285920e-02   9.1622388e-02  -1.6426360e-03   1.6990274e-03  -1.2644994e-03
  -8.2251932e-02   1.5153725e-01   1.3864163e-01  -3.5806139e-03   1.3088586e-03  -8.7153434e-04
  -8.5367060e-02   3.2409998e-02   1.6835733e-01  -2.5423472e-03   2.2872774e-03  -9.9714157e-04
  -7.2373223e-02   6.1493201e-02   1.8654853e-01  -2.7020678e-03   1.9150287e-03  -9.1001469e-04
  -7.7089837e-02   4.2319556e-02   1.6756028e-01  -2.4380994e-03   1.9069138e-03  -1.1112274e-03
  -7.3581435e-02   8.4017679e-02   1.8747083e-01  -2.9577412e-03   1.7777565e-03  -1.1011688e-03
  -7.6925512e-02   1.8571335e-02   2.0204201e-01  -2.9673920e-03   1.6551848e-03  -1.0350053e-03
  -7.9453245e-02   1.0438711e-02   1.9699987e-01  -2.6481616e-03   1.7756922e-03  -1.0792054e-03
  -7.8356754e-02   3.3259438e-03   1.6630186e-01  -2.2513204e-03   1.7988717e-03  -1.1360352e-03
  -7.1241110e-02   6.6426387e-02   1.9379304e-01  -2.9909017e-03   1.5829898e-03  -8.1397259e-04
  -8.0392334e-02  -8.0062299e-03   1.7645186e-01  -2.5917172e-03   1.7167727e-03  -9.3245699e-04
  -8.8344942e-02   2.0286514e-02   1.6030176e-01  -2.3772981e-03   1.8525609e-03  -1.0898794e-03
  -1.0095261e-01   8.2208363e-02   1.7217981e-01  -2.7931885e-03   2.1443266e-03  -1.2456100e-03
  -8.9645076e-02   5.1015669e-02   2.0316684e-01  -3.2540754e-03   1.6370684e-03  -9.3559045e-04
  -9.2931194e-02   9.2663167e-04   1.6547446e-01  -2.1338640e-03   1.8610160e-03  -9.5224397e-04
  -9.0465645e-02   5.3515178e-02   1.6061904e-01  -2.7268987e-03   1.7428932e-03  -9.7309184e-04
  -7.9545951e-02   6.5150684e-02   1.6844477e-01  -3.0846039e-03   1.5745967e-03  -9.5305076e-04
  -8.7978922e-02  -1.4310104e-02   1.4531035e-01  -2.3093499e-03   1.6842031e-03  -1.0200885e-03
  -8.8994098e-02   7.1519191e-02   1.4245246e-01  -2.9945326e-03   1.5176009e-03  -9.9618413e-04
  -7.9614782e-02   1.1142549e-01   1.7881051e-01  -3.6739366e-03   1.1554224e-03  -9.0466777e-04
  -7.9793345e-02   4.0179505e-02   1.4607959e-01  -2.8855386e-03   1.2923543e-03  -8.1128706e-04
  -8.5041886e-02   5.3014328e-02   1.4845446e-01  -2.3416826e-03   1.5938409e-03  -7.1702853e-04
  -8.1955326e-02   8.3984871e-02   1.9008170e-01  -3.1329519e-03   1.4529241e-03  -6.5384261e-04
  -7.9519056e-02  -3.9530757e-03   1.7758695e-01  -2.6255990e-03   1.3757712e-03  -6.5824118e-04
  -8.0209526e-02  -3.6398651e-02   1.2780625e-01  -1.8119206e-03   1.5074031e-03  -6.9113527e-04
  -9.1019887e-02   8.8016215e-02   1.3283541e-01  -2.0477820e-03   1.6453488e-03  -1.1391091e-03
  -8.8676400e-02   1.3257332e-02   1.6426937e-01  -2.3238118e-03   1.4221727e-03  -6.9460116e-04
  -8.1398595e-02  -1.2941520e-02   1.2513547e-01  -1.9767552e-03   1.4930412e-03  -8.5596620e-04
  -8.0350315e-02   8.4733901e-02   1.1965863e-01  -2.4490497e-03   1.4190821e-03  -6.7848535e-04
  -7.4552156e-02   5.2938289e-02   1.4422019e-01  -2.4241120e-03   1.4305337e-03  -6.0833821e-04
  -8.8144973e-02  -3.8262750e-02   9.7486157e-02  -1.7364964e-03   1.5907650e-03  -9.5736192e-04
  -7.9542078e-02   1.3490188e-01   1.4970417e-01  -3.0330384e-03   1.1712962e-03  -7.3360630e-04
  -7.0196181e-02   3.1687739e-02   1.2950492e-01  -2.3355157e-03   1.0711069e-03  -3.8606298e-04
  -6.3407968e-02   6.4864289e-02   1.0102733e-01  -1.5975743e-03   9.5016828e-04  -2.3376001e-04
  -5.8985060e-02   6.0852618e-02   9.8385100e-02  -2.1921614e-03   8.2576666e-04  -2.5725241e-04
  -5.4906031e-02   4.9386761e-02   1.1598156e-01  -2.6070216e-03   6.7215955e-04  -2.3138905e-04
  -6.3620902e-02  -5.5144391e-03   1.2202558e-01  -2.3524856e-03   7.0655202e-04  -2.8794329e-04
