   0.0000000e+00   0.0000000e+00  -6.4154610e-15   5.9812082e-18  -2.6116047e-18   1.5620551e-35
   8.6606050e-03   5.9206698e-02  -7.1425202e-03   1.1081560e-04  -4.4880204e-04   9.4633752e-05
   1.0159134e-02   5.3053873e-02  -1.7235280e-02   8.4507916e-04   2.1566588e-04  -5.6405902e-06
   1.6748938e-02   3.8659864e-02  -1.4070359e-02   7.6641807e-04   8.4202993e-05   1.1346916e-04
   3.3382329e-02   3.0398704e-02  -2.6186389e-02   8.1193603e-04  -7.3395988e-05  -1.4797044e-05
   3.4312966e-02   5.2317458e-02  -5.1245098e-02   9.5681622e-04  -6.5973228e-05   9.6327364e-05
   5.5355849e-02  -2.8522357e-03  -3.8176978e-02   1.4296382e-03   3.8314356e-05   7.7109818e-04
   6.9287924e-02  -1.2279339e-02  -3.3457309e-02   1.0983540e-03  -9.2056007e-05   9.4169728e-04
   8.4739470e-02  -7.1790589e-03  -4.8467712e-02   7.9289487e-04   2.3010541e-06   9.8359087e-04
   8.3374548e-02   1.9896522e-02  -5.8400972e-02   1.1733552e-03   1.2225509e-05   9.4009130e-04
   8.2907479e-02  -2.3770781e-02  -5.8497035e-02   1.4194552e-03   1.7679773e-04   1.0462105e-03
   8.1038008e-02   1.0988758e-02  -7.1795393e-02   1.3249995e-03   1.3514699e-04   1.0248290e-03
   8.8640193e-02   1.1831204e-02  -6.0231844e-02   1.2038267e-03  -2.1103969e-04   9.4400121e-04
   7.8898252e-02  -4.9304011e-03  -5.7164066e-02   1.2082768e-03  -3.5763655e-04   9.2206108e-04
   1.0127409e-01  -2.2848898e-02  -6.1037526e-02   1.3884202e-03  -6.5273752e-04   9.7449323e-04
   1.2519568e-01  -1.9464092e-02  -9.8348376e-02   2.0777076e-03  -2.0140940e-04   1.1849430e-03
   1.2325336e-01  -5.4327882e-04  -1.1509580e-01   2.3287857e-03  -9.4158218e-05   1.4635666e-03
   1.1376392e-01  -2.6889558e-02  -9.1071733e-02   1.9169256e-03  -2.4474881e-04   1.3141864e-03
   1.1007463e-01  -8.6126080e-03  -9.3351091e-02   1.6286290e-03  -3.2305843e-04   1.2443795e-03
   1.1724394e-01  -2.8789877e-02  -9.3199845e-02   1.1398727e-03  -4.8880639e-04   1.4364643e-03
   1.2752800e-01  -2.6836085e-02  -9.2654116e-02   1.3801726e-03  -4.0537012e-04   1.5245763e-03
   1.3071037e-01   9.6531594e-03  -1.0879763e-01   1.5657150e-03  -7.0805677e-04   1.5596581e-03
   1.5227625e-01  -2.1891468e-02  -1.0119080e-01   1.5730070e-03  -4.8882573e-04   1.8050655e-03
   1.5439767e-01  -1.8790546e-02  -1.2449575e-01   2.4030729e-03  -5.8072387e-04   2.0553152e-03
   1.4569186e-01   7.6192898e-03  -1.0577845e-01   1.6052283e-03  -8.6990007e-04   1.8136507e-03
   1.4215475e-01  -1.9575363e-03  -1.1256028e-01   1.6094259e-03  -6.8231203e-04   1.7848434e-03
   1.3823026e-01  -2.1337844e-02  -1.0495623e-01   1.6452355e-03  -7.0459829e-04   1.7767884e-03
   1.2380354e-01  -7.5470615e-03  -8.0281577e-02   1.3661992e-03  -9.6803682e-04   1.5913170e-03
   1.5917321e-01  -4.9790814e-03  -9.2654626e-02   1.4909707e-03  -9.8567762e-04   1.9673825e-03
   1.3619347e-01  -1.4070421e-02  -1.2606108e-01   3.6811591e-03  -9.7050777e-04   1.6185338e-03
   1.4224515e-01   1.3125653e-02  -1.6938390e-01   3.7603638e-03  -2.9921342e-04   1.3083223e-03
   1.5606782e-01  -8.0762313e-02  -1.7260121e-01   3.7342725e-03  -5.0669551e-04   1.2795885e-03
   1.4867522e-01  -6.5490426e-02  -1.7396264e-01   3.8940048e-03  -8.4214583e-04   1.4936269e-03
   1.3168348e-01  -3.3909138e-02  -1.6231167e-01   3.3391419e-03  -9.3575227e-04   1.2615575e-03
   1.3743758e-01   1.9279203e-02  -1.8577262e-01   3.4450024e-03  -1.0622700e-03   1.4339287e-03
   1.2626509e-01  -1.6988868e-02  -1.8248756e-01   3.4573293e-03  -1.2251873e-03   1.6957641e-03
   1.1588361e-01  -1.0373860e-02  -1.7725761e-01   3.0732211e-03  -1.3310244e-03   1.3790737e-03
   1.0664141e-01  -3.8537013e-03  -1.6530933e-01   2.8639424e-03  -1.1271601e-03   1.3413963e-03
   1.2726981e-01  -1.3736098e-02  -1.7189234e-01   3.1326514e-03  -1.3680143e-03   1.5185845e-03
   1.0643214e-01  -1.5863197e-02  -1.6787208e-01   3.2350617e-03  -1.3745076e-03   1.2624554e-03
   1.0076633e-01   1.1791815e-02  -1.7138601e-01   3.7078483e-03  -1.5411383e-03   1.1025817e-03
   8.7000339e-02   1.7603447e-02  -1.5788401e-01   3.0822394e-03  -1.6655391e-03   9.5239348e-04
   9.0130556e-02   1.3760252e-02  -1.7472421e-01   2.9027548e-03  -1.4939566e-03   5.5578254e-04
   9.1665691e-02  -3.6383417e-02  -2.0022890e-01   3.8171922e-03  -1.4477459e-03   7.8483556e-04
   1.0161997e-01  -5.2405523e-02  -1.9177196e-01   3.8713791e-03  -1.2747288e-03   1.0374312e-03
   1.2551507e-01  -4.8282745e-02  -1.9702653e-01   3.7642411e-03  -1.2197092e-03   1.1800001e-03
   1.2909755e-01  -4.1011677e-02  -1.9918587e-01   3.6719936e-03  -1.3498684e-03   1.0209941e-03
   1.3548365e-01  -1.6460871e-02  -2.1310443e-01   3.6536221e-03  -1.2853921e-03   1.2240528e-03
   1.4036031e-01  -2.7005748e-02  -2.0304424e-01   4.0366294e-03  -1.1072915e-03   1.3274930e-03
   1.3382914e-01  -5.2493481e-02  -2.0205144e-01   4.0607930e-03  -9.6734652e-04   9.6492772e-04
   1.4522999e-01  -1.9361769e-02  -2.0505461e-01   3.8653078e-03  -1.1654021e-03   1.0512376e-03
   1.5262240e-01  -5.9472644e-02  -1.9828729e-01   3.9998060e-03  -1.3311028e-03   1.0969593e-03
   1.4623668e-01  -2.4452627e-02  -1.9631094e-01   3.5408374e-03  -1.3330456e-03   1.0787129e-03
   1.4373901e-01  -1.9410351e-02  -1.9878911e-01   3.5614394e-03  -1.3252459e-03   1.1129330e-03
   1.4428675e-01  -2.3370355e-02  -2.0526420e-01   3.6570324e-03  -1.3582776e-03   1.0554519e-03
   1.4967658e-01  -3.9927210e-03  -1.9797703e-01   3.1846691e-03  -1.4853405e-03   1.1126752e-03
   1.5074606e-01   1.0044211e-02  -1.5881770e-01   3.1164238e-03  -1.9424156e-03   1.0925691e-03
   1.6989572e-01  -1.2397300e-02  -1.4900893e-01   3.6499754e-03  -2.0978621e-03   9.3511352e-04
   1.7152703e-01  -6.9399511e-02  -1.6876341e-01   3.8504847e-03  -1.6714378e-03   1.2207456e-03
   1.6951500e-01  -2.0768393e-02  -1.8394220e-01   3.7648436e-03  -1.4504347e-03   1.1701094e-03
   1.8043776e-01  -5.4127289e-02  -1.8776772e-01   3.9456758e-03  -1.7856423e-03   1.1752044e-03
   1.9042117e-01  -4.5376249e-02  -1.8861052e-01   3.7818306e-03  -2.0216599e-03   1.3940376e-03
   2.0614125e-01  -3.2989196e-02  -1.8206662e-01   3.5264955e-03  -2.0545557e-03   1.6654638e-03
   2.1125573e-01  -3.1607994e-02  -1.8567511e-01   3.4493191e-03  -1.9292202e-03   1.6110347e-03
   2.0405136e-01  -6.9326695e-03  -1.9630309e-01   3.6835660e-03  -1.8096138e-03   1.6065334e-03
   2.1713011e-01  -1.8882412e-02  -1.9629609e-01   3.5511225e-03  -1.8703685e-03   1.8473353e-03
   2.0303448e-01  -2.4517127e-02  -1.8302196e-01   3.2301715e-03  -2.0710435e-03   1.6340756e-03
   1.9540719e-01   2.8084895e-05  -1.9705663e-01   3.5651374e-03  -2.0090987e-03   1.5359595e-03
   1.8312387e-01   4.6469816e-03  -2.1256434e-01   3.8630456e-03  -1.6875725e-03   1.3503911e-03
   1.5096158e-01  -4.4144597e-03  -1.4762827e-01   3.9791127e-03  -2.4145897e-03   1.1963223e-03
   2.1353464e-01   2.1434226e-02  -1.5402512e-01   3.6364141e-03  -6.3174488e-04   2.1247524e-03
   1.9404034e-01  -9.0386296e-02  -1.7302235e-01   2.9496670e-03  -9.8942153e-04   2.0005282e-03
   1.8573780e-01  -2.2603248e-02  -2.2285698e-01   4.2331580e-03  -1.0806439e-03   1.5165322e-03
   1.7659403e-01  -1.3467117e-02  -2.3580827e-01   4.3947493e-03  -6.6362881e-04   1.8728920e-03
   1.8147918e-01  -6.7268976e-02  -2.3205021e-01   4.2572554e-03  -5.5038101e-04   1.6806394e-03
   1.7613333e-01  -1.8453809e-02  -2.4148306e-01   4.1483976e-03  -6.3140885e-04   1.7332174e-03
   1.6332912e-01  -2.4052092e-02  -2.3713559e-01   3.6108823e-03  -1.0295315e-03   1.4897661e-03
   1.5099611e-01   1.6907784e-02  -2.4509428e-01   3.3996712e-03  -1.0023043e-03   1.4827258e-03
   1.5105686e-01  -1.4156650e-02  -2.4861024e-01   3.5501863e-03  -8.0687779e-04   1.5168278e-03
   1.4485179e-01  -8.2104354e-02  -2.1389421e-01   3.7460317e-03  -1.0012224e-03   1.5502784e-03
   1.3009384e-03   9.1351754e-02  -2.4361279e-01   5.1483628e-03   1.2224291e-03  -5.3708740e-04
   1.1335455e-01  -6.8393291e-02  -2.1699855e-01   3.5860572e-03  -5.0017171e-04   1.2018315e-03
   8.1402760e-02  -5.4405532e-02  -2.6212635e-01   4.8469785e-03   8.8790093e-04   7.0436172e-04
   3.6514955e-02  -2.4052124e-02  -2.1454808e-01   3.8188509e-03   3.0086604e-04   6.1013309e-04
   2.7499688e-02  -5.3970579e-05  -2.2948845e-01   3.2924295e-03   4.0823221e-04   4.1281067e-04
   5.3177071e-02   4.0188058e-03  -2.4159712e-01   2.9740732e-03   5.8664338e-05   8.5326068e-04
   4.2960531e-02  -2.5253404e-02  -2.3664728e-01   3.7169866e-03  -1.5432294e-05   9.6737402e-04
   5.1668022e-02  -3.8903803e-03  -2.4794795e-01   3.4906637e-03  -2.8114379e-05   9.4532789e-04
   5.7801863e-02  -4.6911562e-03  -2.5353858e-01   3.4819904e-03   5.7376743e-05   1.0968484e-03
   9.2618400e-02   2.3287493e-03  -2.4733676e-01   3.9436532e-03  -5.1835935e-04   1.3937370e-03
   9.1197281e-02  -3.8851139e-02  -2.5779667e-01   4.0941638e-03  -5.4819890e-04   1.3285412e-03
   8.5817512e-02  -3.8306234e-02  -2.5296403e-01   3.7625918e-03  -6.0913536e-04   1.4661167e-03
   9.0166367e-02  -7.7938390e-03  -2.5584658e-01   3.6606641e-03  -4.4078494e-04   1.6201702e-03
   8.8402653e-02   2.9153617e-02  -2.1016489e-01   2.9318686e-03  -1.1951070e-03   1.3818194e-03
   1.0030831e-01  -9.4194744e-02  -2.0700412e-01   4.1662449e-03  -1.4158503e-03   1.5500802e-03
   7.1472325e-02   9.8565357e-03  -2.9696934e-01   5.6076997e-03  -9.5575003e-04   8.8217639e-04
   8.6043112e-02  -8.1114476e-02  -3.1894728e-01   6.7781087e-03   6.4416863e-05   5.4713470e-04
   8.7698969e-02  -6.9797007e-02  -2.9482904e-01   5.6225786e-03  -3.4349537e-04   6.5949281e-04
   9.6932991e-02  -6.6532681e-02  -3.0792770e-01   5.6900719e-03  -3.8711303e-04   5.9862063e-04
   1.0282384e-01  -5.9438673e-02  -3.0323905e-01   5.6250645e-03  -3.2645255e-04   8.7379582e-04
   1.0303863e-01  -3.2686901e-02  -3.0195226e-01   5.1649189e-03  -3.7528890e-04   1.0468699e-03
   1.0105454e-01  -2.2226649e-02  -2.9818170e-01   4.7644408e-03  -2.9603433e-04   9.9638628e-04
   1.0654324e-01  -2.7075826e-02  -3.0235941e-01   4.8050728e-03  -1.6231714e-04   1.1038309e-03
   1.2021267e-01  -5.6285325e-02  -3.0529255e-01   5.0082071e-03   2.7102205e-04   1.2862544e-03
   1.2211694e-01  -6.0229167e-02  -3.0340035e-01   4.7260800e-03   2.2254681e-04   1.4827985e-03
   1.2952518e-01  -5.5200424e-02  -2.9369823e-01   4.5347683e-03   2.5285385e-04   1.5536617e-03
   1.4045736e-01  -1.7941764e-02  -3.0240131e-01   4.5717756e-03   4.0284469e-04   1.7016107e-03
   1.3296670e-01  -3.0907883e-02  -3.1101049e-01   4.9594386e-03  -3.6404919e-04   1.3171538e-03
   1.2072952e-01   2.0540134e-04  -3.0541553e-01   4.6795407e-03  -3.1212076e-04   1.1020641e-03
   1.2471566e-01  -5.0830184e-02  -2.8162531e-01   3.9464267e-03  -1.0807776e-04   1.2878582e-03
   1.3977587e-01  -5.3631920e-02  -2.9783230e-01   4.0780032e-03   4.4802962e-04   1.5242499e-03
   1.5281667e-01  -5.6561346e-02  -2.9190372e-01   3.9365295e-03   5.3676831e-04   1.5257692e-03
   1.6181654e-01  -3.7009625e-02  -2.8443764e-01   3.5576498e-03   6.2451265e-04   1.5842525e-03
   1.6940125e-01  -4.8806607e-02  -3.0640079e-01   4.1829919e-03   1.1416849e-03   1.6809769e-03
   1.6958032e-01  -5.4434529e-02  -3.1879811e-01   4.2946791e-03   1.3939426e-03   1.7585029e-03
   1.8567276e-01  -5.6617100e-02  -3.2237039e-01   4.4480065e-03   1.2956397e-03   1.8433583e-03
   1.9262339e-01  -3.8542555e-02  -3.3439852e-01   4.5094430e-03   1.4896346e-03   1.9042664e-03
   1.8826689e-01  -3.4164471e-02  -3.3440002e-01   4.4895995e-03   1.5987101e-03   1.9931178e-03
   1.9834087e-01  -4.1581923e-02  -3.2946053e-01   4.5003064e-03   2.0049106e-03   2.1706046e-03
   2.0202728e-01  -2.5856001e-02  -3.5506039e-01   4.9147136e-03   1.6526444e-03   2.1645401e-03
   1.8959380e-01  -3.8519026e-02  -3.5047286e-01   5.2069740e-03   1.6775958e-03   1.7155200e-03
   1.8794904e-01  -2.2170174e-02  -3.5064968e-01   4.9652357e-03   1.8583663e-03   1.6747129e-03
   1.9557125e-01  -1.5134924e-02  -3.4328392e-01   4.5656107e-03   2.4117845e-03   1.9073505e-03
   2.0386736e-01  -3.3554443e-02  -3.5815738e-01   4.8307368e-03   2.4094253e-03   1.8757153e-03
   2.1228037e-01  -3.1475951e-02  -3.7266843e-01   4.9116099e-03   2.5625153e-03   2.1677435e-03
   2.1108285e-01  -2.2919813e-02  -3.5566352e-01   4.3914173e-03   2.4651214e-03   2.1341784e-03
   1.9856042e-01  -3.7819200e-02  -3.4155467e-01   4.3049471e-03   2.1470103e-03   2.0847148e-03
   2.2682390e-01   2.2903104e-02  -3.4257423e-01   4.0028305e-03   1.4065658e-03   2.5374529e-03
   2.6277085e-01  -1.0983911e-01  -3.3516683e-01   5.0521864e-03   1.0051773e-03   3.1580394e-03
   2.3897310e-01  -1.0041303e-03  -3.4173532e-01   4.7593908e-03   8.1042807e-04   2.1020872e-03
   2.4692230e-01  -6.0089704e-02  -3.3980761e-01   4.4552833e-03   1.8025451e-03   2.5335587e-03
   2.6798942e-01  -6.6618599e-02  -3.3613719e-01   4.0597419e-03   1.5446503e-03   2.7726147e-03
   2.5500049e-01  -2.3504610e-02  -3.3551096e-01   3.7457183e-03   1.1907383e-03   2.4871453e-03
   2.3592209e-01  -1.3055868e-02  -3.1756810e-01   3.7368743e-03   1.1991358e-03   2.4774356e-03
   2.3869671e-01  -4.1749111e-03  -1.8623766e-01   4.2598540e-03   2.1997886e-04   2.4676567e-03
   2.2212586e-01  -4.5153047e-02  -2.7556785e-01   5.6727828e-03   8.0222107e-04   2.0151039e-03
   2.3691675e-01  -7.6487751e-02  -3.1346913e-01   5.4134995e-03   1.5544387e-03   2.1122995e-03
   2.5161279e-01  -7.8775443e-02  -3.2045988e-01   5.5462074e-03   1.6277816e-03   2.3966720e-03
   2.5622015e-01  -7.6830590e-02  -3.2264847e-01   5.3857265e-03   1.4714611e-03   2.2175692e-03
   2.6009758e-01  -7.2506037e-02  -3.3261751e-01   5.1790897e-03   1.6734491e-03   2.5297009e-03
   2.6869686e-01  -8.0662075e-02  -3.2566850e-01   5.0708279e-03   1.5139430e-03   2.7897053e-03
   2.7004225e-01  -6.4542080e-02  -3.2053654e-01   4.6192097e-03   1.1920092e-03   2.9691875e-03
   2.6861489e-01  -3.1476623e-02  -3.2919182e-01   4.2797363e-03   7.1951701e-04   2.8772818e-03
   2.7453274e-01  -7.5322324e-02  -3.4418658e-01   4.7885659e-03   8.6521580e-04   2.9622395e-03
   2.6107661e-01  -6.8350048e-02  -3.2491986e-01   4.1031802e-03   7.0422652e-04   3.0162228e-03
   2.5864116e-01  -3.2381811e-02  -2.0144855e-01   5.4125728e-03   9.5267154e-04   2.4034461e-03
   2.4641566e-01  -2.9740210e-02  -1.0132717e-01   4.4245796e-03  -3.9952976e-05   2.0153040e-03
   2.3288910e-01  -6.0534363e-02  -1.6004978e-01   5.1573844e-03   9.5227406e-04   2.0058362e-03
   2.1100077e-01  -8.3730845e-02  -1.8301319e-01   5.5739877e-03   1.7706571e-03   2.0397722e-03
   2.1315787e-01  -6.1794406e-02  -1.6602438e-01   4.6758644e-03   1.4514208e-03   1.9681859e-03
   2.2401971e-01  -5.4204526e-02  -1.9697573e-01   5.1554839e-03   1.6348688e-03   2.3033444e-03
   2.1327230e-01  -1.5300878e-02  -1.9560426e-01   5.3910949e-03   1.8589540e-03   2.1945722e-03
   2.0140136e-01  -5.2447857e-02  -1.9603438e-01   4.9112131e-03   2.3669354e-03   2.2359746e-03
   1.9462433e-01  -2.5963495e-02  -2.0982885e-01   4.5033212e-03   2.5524597e-03   2.2582815e-03
   1.9327595e-01  -2.9558443e-02  -2.2388202e-01   4.8295426e-03   2.7435896e-03   2.2479243e-03
   1.8069335e-01  -3.0495392e-02  -2.2237358e-01   4.7821643e-03   3.1639497e-03   2.2126312e-03
   1.8647195e-01  -2.3018968e-02  -2.3055643e-01   4.5373889e-03   3.4563688e-03   2.4165102e-03
   1.8998974e-01  -1.8882726e-02  -2.1908826e-01   4.6253021e-03   3.2431611e-03   2.5606718e-03
   2.1884444e-01   3.3401880e-02  -1.6914561e-01   3.8827556e-03  -2.0666068e-04   2.5774861e-03
   2.1083573e-01  -4.6736819e-02  -1.0365171e-01   3.7342809e-03   7.8239122e-04   2.4490826e-03
   1.7983765e-01   5.2022481e-02  -2.0781189e-01   5.0831629e-03   2.5723221e-03   2.4830869e-03
   1.9296974e-01  -3.2463708e-02  -1.8930201e-01   4.2800065e-03   2.5846456e-03   2.6957892e-03
   1.8992582e-01  -7.7066644e-02  -1.7844181e-01   4.4233668e-03   2.7861740e-03   2.4080681e-03
   1.9505685e-01  -7.4219115e-02  -1.8025065e-01   3.8567972e-03   2.9437263e-03   2.4881844e-03
   1.9205841e-01  -2.2427799e-02  -2.0850161e-01   4.1691490e-03   2.8838409e-03   2.5980186e-03
   2.0252912e-01  -2.5901195e-02  -2.1827822e-01   4.2803916e-03   2.8826248e-03   2.7509451e-03
   2.0564872e-01  -2.0179482e-02  -2.0168214e-01   4.5122649e-03   2.7490252e-03   2.7431462e-03
   2.0235893e-01  -2.1632517e-02  -2.1414842e-01   4.6111913e-03   2.8393997e-03   2.5930045e-03
   2.2366381e-01  -2.9643864e-02  -2.3037067e-01   4.5395934e-03   3.3163462e-03   2.7768161e-03
   2.1663713e-01  -2.8199212e-02  -2.3350936e-01   4.8427964e-03   3.0440696e-03   2.7882952e-03
   2.2810489e-01  -3.4227679e-02  -2.3032921e-01   4.5947906e-03   2.9190106e-03   2.9956883e-03
   2.2042253e-01  -4.5118966e-03  -2.5771051e-01   4.7404187e-03   3.2600598e-03   2.9389985e-03
   2.2905771e-01  -1.8448508e-02  -2.3318916e-01   4.7106006e-03   2.6134252e-03   2.8522807e-03
   2.1398442e-01  -3.0946485e-02  -2.4141150e-01   4.9634376e-03   3.0500629e-03   2.8160111e-03
   1.9924062e-01  -3.7081387e-02  -2.2209839e-01   4.2198130e-03   2.9156472e-03   2.7147324e-03
   1.9156348e-01  -3.6605839e-02  -2.2114762e-01   3.3991867e-03   2.9731082e-03   2.7207188e-03
   1.9283835e-01   4.0307113e-03  -2.3623807e-01   3.6872077e-03   3.1382103e-03   2.7210368e-03
   1.9802755e-01   1.0885875e-02  -2.4011318e-01   3.7235035e-03   3.3150290e-03   2.8196448e-03
   2.1709508e-01  -1.8935286e-02  -2.4226552e-01   4.3563176e-03   3.5645984e-03   3.2435127e-03
   2.3177561e-01  -8.1124116e-03  -2.6901238e-01   4.4015094e-03   3.9821606e-03   3.5840589e-03
   2.5733485e-01  -2.4696264e-03  -2.6206004e-01   4.3234887e-03   4.2902745e-03   3.9180917e-03
   2.4899441e-01  -2.7027297e-02  -2.6535541e-01   4.3262267e-03   4.2711265e-03   3.9869053e-03
   2.4318688e-01  -1.4892766e-03  -2.6007192e-01   3.7840901e-03   4.5574244e-03   4.1141457e-03
   2.5767866e-01  -1.3503698e-02  -2.5177252e-01   4.2226630e-03   4.2367147e-03   3.9838193e-03
   2.6983995e-01   9.2953332e-03  -2.7494231e-01   5.2157359e-03   4.1384844e-03   3.9638131e-03
   2.6642544e-01   3.4511350e-03  -2.5978014e-01   4.8271423e-03   4.2855853e-03   3.5785348e-03
   2.6440313e-01   1.7023594e-02  -2.4444187e-01   4.1042498e-03   4.0815187e-03   3.5696394e-03
   2.5158039e-01   4.1438989e-03  -2.4251970e-01   3.6203790e-03   3.9598959e-03   3.5727600e-03
   2.5626865e-01  -2.3906999e-02  -2.5021128e-01   3.6679637e-03   4.4084455e-03   3.7262082e-03
   2.4914374e-01  -3.2916916e-02  -2.5801558e-01   3.7925626e-03   4.3022075e-03   3.7727998e-03
   2.4102300e-01  -1.5446556e-02  -2.5339353e-01   3.6500411e-03   4.4144862e-03   3.8484436e-03
   2.3484135e-01   1.1850268e-03  -2.5854244e-01   3.5123971e-03   4.3074786e-03   3.8995974e-03
   2.3273184e-01  -1.6218481e-02  -2.5155092e-01   3.2458664e-03   3.9993635e-03   4.0890020e-03
   2.2384941e-01  -1.4143109e-02  -2.4275661e-01   3.0539391e-03   3.6395566e-03   4.0547601e-03
   2.2054516e-01   9.5491676e-03  -2.5367508e-01   3.3628730e-03   3.6153145e-03   3.9526302e-03
   2.2685589e-01   7.3237593e-03  -2.5858013e-01   3.2247776e-03   4.0707146e-03   3.9004625e-03
   2.3477874e-01  -1.3520015e-03  -2.6671957e-01   3.2919416e-03   4.2823102e-03   4.2584805e-03
   2.3745839e-01  -2.1020271e-02  -2.6810034e-01   3.7077062e-03   4.1985622e-03   4.1420717e-03
   2.3227554e-01   7.6526877e-03  -2.5896143e-01   3.6663099e-03   4.2018389e-03   3.7968239e-03
   2.2730902e-01   1.6228693e-02  -2.9280771e-01   4.7179195e-03   4.3208227e-03   3.4246866e-03
   2.2786193e-01  -5.9062319e-03  -3.0730612e-01   4.7696909e-03   4.3036047e-03   3.7257218e-03
   2.2961673e-01   7.4300015e-03  -2.8208113e-01   4.1760365e-03   4.3887486e-03   3.7232079e-03
   2.3227238e-01  -3.9093461e-02  -2.8388111e-01   4.3989553e-03   4.5969803e-03   3.8769605e-03
   2.3736152e-01   1.2383946e-02  -2.8208045e-01   3.8251556e-03   4.0345545e-03   3.8977698e-03
   2.3222416e-01   1.6738777e-02  -2.9757230e-01   4.3543592e-03   4.2127829e-03   3.6137740e-03
   2.2140381e-01   1.7382067e-03  -2.8404408e-01   4.4247939e-03   4.6238005e-03   3.6495573e-03
   2.3553487e-01  -2.1124439e-02  -2.8502055e-01   4.2953925e-03   4.7688286e-03   3.7985314e-03
   2.4183267e-01  -1.5009503e-02  -2.8685333e-01   4.1815459e-03   4.7617778e-03   3.8372004e-03
   2.2988944e-01   3.8652769e-03  -2.8181410e-01   3.7580629e-03   5.0523742e-03   3.6057574e-03
   2.2141761e-01   5.3060579e-03  -2.8153547e-01   3.5664007e-03   5.2057995e-03   3.7252343e-03
