   0.0000000e+00   0.0000000e+00   0.0000000e+00   0.0000000e+00   0.0000000e+00   0.0000000e+00
  -1.1747304e-02   1.1016318e-01   7.6037462e-03   2.2905741e-04  -3.4829511e-04   5.6257033e-07
  -3.4566633e-03   3.9851846e-02  -5.9167302e-02   6.9573852e-04  -1.2409631e-04   1.2618215e-04
   1.4332822e-02   6.2607767e-02   3.9110229e-02   5.4296781e-04  -3.7563440e-05   2.4753070e-04
  -1.0107032e-02   3.8490714e-02   2.4135609e-02   1.1027925e-04  -1.1686959e-04   1.3077436e-04
   1.1587102e-03   1.6302500e-02  -5.9907548e-03   6.1693243e-04  -3.7623090e-05   9.3016471e-05
  -1.0134453e-02  -1.5547666e-02   6.5058138e-03   4.6319341e-04  -7.4611302e-05   8.8336116e-05
  -1.7230583e-02  -3.7919830e-02   1.5972252e-02   4.7309762e-04   4.0447810e-05  -1.0874095e-05
  -1.8772232e-02  -3.7557152e-02   3.5491714e-02   3.3465569e-04  -2.8154681e-05  -4.6438671e-05
  -1.6173880e-02  -3.2699245e-02   5.1369135e-02   1.0627319e-04  -4.5003539e-05  -6.8870091e-05
  -1.6254741e-02  -1.8527520e-02   6.0356830e-02   6.7268513e-05   8.8477955e-05  -1.6418585e-04
  -2.2517032e-02  -3.1879684e-02   5.6981088e-02  -5.5466582e-05  -9.5836724e-05  -9.4606498e-05
  -1.7625781e-02  -1.0485312e-01   5.8674637e-02  -1.5446333e-04  -9.4378252e-06  -1.7040880e-05
  -9.6267541e-03  -8.3731597e-02   4.7987263e-02  -2.3488710e-05  -1.0409100e-04  -4.4492772e-05
  -5.7697420e-03  -4.5632930e-02   4.5589377e-02   4.3157116e-05  -1.9808600e-05  -8.0108313e-06
  -1.6326389e-02  -3.0373777e-02   3.2661936e-02   7.3707892e-05  -7.6590731e-05  -6.0197730e-05
  -1.0046857e-02  -4.7732761e-03   2.1512441e-02   4.8236228e-05  -1.4845741e-04   4.0731383e-05
  -1.2432857e-02  -2.2418731e-02   1.9280606e-02   1.2448584e-04  -2.0986896e-04   1.3583196e-04
  -1.0490808e-02  -2.9362733e-02   3.6061201e-02   1.8727360e-04  -2.6695961e-05   1.4912772e-04
  -3.5232333e-03  -1.1444631e-02   3.8636357e-02  -1.3381308e-04  -1.7600094e-04   2.4458308e-04
  -1.1985497e-02  -4.8187933e-03   3.1576304e-02  -2.6883170e-04  -9.6888454e-05   1.0678579e-04
  -6.5159711e-04  -1.1951903e-01  -3.8405410e-01   1.8572691e-03   9.7549933e-04   2.3086342e-04
   8.1170187e-03   6.5017357e-02  -1.4911834e-01   1.5466295e-03   2.7121646e-04   2.7759866e-06
   1.1336743e-05   4.3473044e-02  -9.3285453e-02   9.5503513e-04   1.4641625e-04  -6.4231213e-05
  -8.2201615e-03   3.0481770e-05  -6.5011784e-02   1.0456871e-03   1.6333595e-04  -1.1382142e-04
   1.4678034e-03  -1.6069555e-02  -5.0803681e-02   7.8810935e-04   1.7077759e-04   2.5634225e-06
   7.5694304e-03   8.4561819e-03  -4.3730419e-02   6.0869053e-04   4.3968386e-05   6.1313103e-05
   1.9686320e-02  -3.2924267e-02  -3.9677475e-02   9.3650701e-04   1.1644295e-04   2.8449993e-04
   6.3414951e-03   1.6769093e-02   3.5469241e-03   5.3438684e-04   3.1080002e-05   7.7436709e-05
   6.6684056e-04  -5.1145168e-02  -3.4637952e-02   8.5318446e-04   6.0332714e-05  -7.0974797e-05
   1.2369264e-03  -4.6084774e-02   1.8176713e-02   5.1418324e-04   1.2185957e-04  -9.6297801e-05
   1.2568549e-02  -5.8655507e-02   1.7115094e-02   2.7570713e-04   5.9238750e-05   3.6003035e-05
   2.5350187e-02  -6.0536889e-02  -4.5157943e-03   4.4280237e-04   2.1370022e-04   1.8884872e-04
   1.8124765e-02  -5.1731265e-02   2.6840387e-02   5.3614157e-04   1.5146255e-04   5.7659724e-05
   1.6163443e-02  -6.9555507e-02   2.4770975e-02   5.0812158e-04   7.9076951e-05   1.8644470e-04
   9.4384945e-03  -1.1295183e-01   3.0376022e-02   6.1416031e-04   1.0490460e-04   9.3408553e-05
   1.9452360e-02  -8.2604969e-02   5.2115715e-02   5.7160055e-04   7.1050431e-05   1.1872147e-04
   1.9206499e-02  -6.0621899e-02   4.4103248e-02   3.1611913e-04   8.3480832e-05   1.7345975e-04
   1.9059192e-02  -5.4612171e-02   4.2039588e-02   4.4354465e-04   9.8375101e-05   2.7751554e-04
   1.8241844e-02  -4.5758234e-02   5.6345037e-02   4.0481071e-04   5.0368566e-05   2.5277919e-04
   2.4251988e-02  -5.8338678e-02   1.4256844e-03   1.0172700e-04  -1.5298846e-05   2.9689867e-04
   3.0819183e-02  -6.3356615e-02  -1.5207606e-02   3.0085398e-04   1.4489907e-04   3.3694892e-04
   2.2937154e-02  -3.1582678e-02   1.7028118e-03   5.7727314e-04   3.3849650e-05   2.5823714e-04
   2.6235646e-02  -1.6778517e-02   1.8507301e-02   6.9419289e-04   1.2011006e-04   4.8968131e-04
   6.0693419e-02   7.2090097e-02   3.8362363e-01  -1.8983612e-04   3.8067596e-04   8.7165780e-04
   1.0576573e-01  -2.5185348e-02   2.4681033e-01   2.0696240e-03   2.1531678e-04   1.1818679e-03
   7.5159226e-02  -3.5872378e-02   1.6446266e-01   2.0788719e-03   3.3056056e-04   9.5278852e-04
   6.2505867e-02   2.2389694e-02   2.5599351e-01   2.1038120e-03   1.4609323e-04   8.0523592e-04
   5.3998825e-02   1.7239728e-03   2.3009522e-01   2.3485460e-03   2.0046072e-04   6.0988982e-04
   6.0790373e-02   8.3572342e-03   2.8148064e-01   2.0312200e-03   2.6869784e-04   6.9442711e-04
   5.3831356e-02   1.0326320e-02   3.1462213e-01   1.6936967e-03   1.3806860e-04   6.3547355e-04
   5.4531861e-02  -6.7458533e-03   3.3343635e-01   1.4976832e-03   1.3981935e-04   6.6599310e-04
   4.6467383e-02   3.7014909e-02   3.2569289e-01   1.1780286e-03   1.7224431e-04   5.5923822e-04
   2.7284386e-02  -4.3902930e-02   3.7024773e-01   1.2056604e-03  -3.6253527e-04   4.8312195e-04
   6.7942456e-03   7.1346598e-02   3.5253628e-01   1.0512014e-03  -4.5689142e-04   3.6087160e-04
   2.7913732e-02  -1.4391656e-02   1.7716835e-01   8.4425751e-04  -2.2024480e-04   7.3795546e-04
   4.2633976e-02   1.3079914e-01   1.9702485e-01   2.2761434e-03  -3.4956325e-04   8.4669262e-04
   3.8332283e-02   1.0005934e-01   2.1760298e-01   1.6586763e-03  -6.1983025e-04   1.0094618e-03
   4.2595600e-02   8.8813021e-02   2.5320899e-01   1.5880964e-03  -6.8675282e-04   1.0078405e-03
   6.8592753e-02   9.4185565e-02   2.5406196e-01   1.2414328e-03  -6.4372724e-04   1.3760653e-03
   7.1706984e-02   1.0308819e-01   2.5203024e-01   1.1749659e-03  -7.3792408e-04   1.3371543e-03
   7.1466535e-02   9.1385153e-02   2.5436436e-01   1.4950513e-03  -7.9013771e-04   1.3704505e-03
   5.3488605e-02   8.8782148e-02   2.9081098e-01   1.5321364e-03  -6.0010436e-04   1.1439375e-03
   5.4910777e-02   8.9165367e-02   3.0690393e-01   1.5954769e-03  -7.0337653e-04   1.1145970e-03
   5.7739714e-02   7.8513348e-02   3.3334747e-01   1.3093571e-03  -7.2795489e-04   1.1281611e-03
   4.8743749e-02   1.0052075e-01   3.5457044e-01   1.0468710e-03  -7.8454714e-04   1.0639297e-03
   4.4143064e-02   4.7079616e-02   3.3152192e-01   1.1569481e-03  -6.9199682e-04   1.0873310e-03
   4.2780136e-02   8.1708945e-02   3.4131819e-01   1.1211079e-03  -7.8044993e-04   1.1218069e-03
   5.2091450e-02   5.8640383e-02   3.6385536e-01   8.4694342e-04  -7.7182159e-04   1.2582260e-03
   6.0678260e-02   7.5671375e-02   3.3153637e-01   1.1818215e-03  -6.6443975e-04   1.3884319e-03
   5.2093422e-02   7.7817208e-02   3.5017749e-01   1.0354587e-03  -7.3483631e-04   1.2590972e-03
   5.6647030e-02   9.7279766e-02   3.5697673e-01   1.1562676e-03  -8.0548633e-04   1.3791876e-03
   5.8262647e-02   8.7140149e-02   3.3841233e-01   1.1379243e-03  -6.9899446e-04   1.4293603e-03
   5.8046843e-02   1.0149222e-01   3.9818618e-01   7.1407449e-04  -9.0089629e-04   1.4048539e-03
   5.9131950e-02   5.7296728e-02   4.0582411e-01   5.0769476e-04  -1.0031235e-03   1.4627762e-03
   5.7196160e-02   3.5256700e-02   3.1828191e-01   9.9674835e-04  -7.7024465e-04   1.4728894e-03
   5.5029066e-02   5.7733006e-02   3.4983433e-01   6.6747841e-04  -9.4640997e-04   1.4486731e-03
   5.0687257e-02   4.4427148e-02   3.7061829e-01   7.3406016e-04  -8.3595390e-04   1.4093034e-03
   5.5892992e-02   5.6362352e-02   3.6671456e-01   6.0159675e-04  -9.1053742e-04   1.5177444e-03
   6.5599787e-02  -2.0449951e-03   3.4701638e-01   8.4708677e-04  -8.3064220e-04   1.5473265e-03
   5.4434092e-02   8.2212738e-02   3.5609551e-01   5.5813160e-04  -9.4794808e-04   1.5392148e-03
   5.3873006e-02   3.1806957e-02   3.5829227e-01   5.8300780e-04  -1.0121628e-03   1.5316562e-03
   5.9347804e-02   3.7888484e-02   3.7748719e-01   3.3689073e-04  -1.0135378e-03   1.4559614e-03
   6.3996733e-02   2.0283826e-02   3.9355216e-01   5.7798697e-04  -8.8621537e-04   1.4072894e-03
   7.1286817e-02   9.1617334e-03   3.6639923e-01   4.6573737e-04  -8.4255383e-04   1.4934172e-03
   7.5082859e-02   3.5909577e-02   3.6471742e-01   4.9280544e-04  -8.9613737e-04   1.7521646e-03
   7.0830835e-02   7.8568490e-02   3.5693625e-01   5.7946656e-04  -8.7398595e-04   1.7853196e-03
   6.7484868e-02   2.8829331e-02   3.5135968e-01   4.6694386e-04  -8.8702123e-04   1.8229977e-03
   6.3806382e-02   5.8948684e-02   3.4443851e-01   4.5853930e-04  -7.9979315e-04   1.6533310e-03
   7.0491343e-02   5.7869043e-02   3.6294252e-01   5.6242840e-04  -8.1370423e-04   1.7385637e-03
   6.5180292e-02   4.0269782e-02   3.7188824e-01   5.3054044e-04  -7.6210489e-04   1.6438829e-03
   6.3150903e-02   3.0749812e-02   3.9264517e-01   4.6542035e-04  -7.9314438e-04   1.6314769e-03
   5.0265122e-02   6.2399972e-02   3.7510393e-01   5.3965009e-04  -7.3076315e-04   1.4296074e-03
   5.2941509e-02   5.5046058e-02   3.5529361e-01   6.3794455e-04  -5.4405106e-04   1.4691395e-03
   4.6105633e-02   5.2560086e-02   3.6128431e-01   6.2129088e-04  -7.2356492e-04   1.3850773e-03
   4.9762484e-02   3.3357578e-02   3.8514672e-01   1.8786990e-04  -9.0241163e-04   1.4758414e-03
   4.6300124e-02   2.3847842e-02   3.6021015e-01   1.3467372e-04  -7.8628557e-04   1.4915556e-03
   5.4493344e-02   2.7535602e-02   3.3753288e-01  -3.4355704e-05  -8.0032239e-04   1.6445495e-03
   6.8212669e-02  -4.8128725e-04   3.5307399e-01   5.8530717e-05  -8.4647202e-04   1.8098658e-03
   6.5299405e-02   4.5930821e-02   3.7654354e-01   2.1185707e-05  -7.9428247e-04   1.7199868e-03
   5.1546775e-02   2.8063892e-02   3.8991320e-01   1.2533636e-04  -8.3668681e-04   1.5825893e-03
   5.0389128e-02   4.9938522e-02   4.1005480e-01   7.3133570e-05  -9.9380749e-04   1.6711947e-03
   5.2864558e-02  -2.7880929e-03   3.9739504e-01   1.2352707e-04  -1.0153919e-03   1.6898036e-03
   5.0155672e-02   1.0180848e-02   4.3200946e-01  -1.4389993e-04  -9.5296230e-04   1.6069998e-03
   5.2657638e-02  -7.6013182e-04   4.3586022e-01  -7.5771255e-05  -8.1367956e-04   1.5922494e-03
   4.5220689e-02   3.4034239e-02   4.3855521e-01  -2.2781066e-04  -9.8533569e-04   1.5935044e-03
   4.4977340e-02  -1.9556064e-02   4.4414245e-01  -5.8798686e-05  -9.3648523e-04   1.5919726e-03
   4.2035119e-02  -2.1541144e-02   4.4617219e-01  -6.5758799e-05  -9.0002247e-04   1.5755805e-03
   4.3638587e-02   8.2720214e-03   4.3613265e-01  -2.4012786e-04  -8.4258648e-04   1.6903013e-03
   3.7154262e-02   4.7340253e-03   4.4492994e-01  -3.3127452e-04  -7.5950168e-04   1.5555455e-03
   4.2093894e-02  -1.4681997e-02   4.2682467e-01  -1.7772510e-04  -9.0002029e-04   1.5419940e-03
   4.3585823e-02   3.5647123e-02   4.3344801e-01   6.7334840e-05  -9.3686685e-04   1.6252100e-03
   4.2973497e-02   1.6041944e-02   4.3780932e-01  -1.1750873e-04  -9.8849895e-04   1.5676120e-03
   4.4414252e-02  -2.0473874e-02   4.3183514e-01   1.3079813e-04  -9.1313378e-04   1.5804605e-03
   4.0052612e-02   1.7150857e-02   4.5073441e-01  -6.3692672e-05  -1.0235791e-03   1.5753199e-03
   3.3002435e-02  -5.1507570e-03   4.4709797e-01  -1.1296645e-04  -1.0599712e-03   1.5546512e-03
   2.6278426e-02   9.9012429e-03   4.4446596e-01  -4.7200437e-05  -8.5788736e-04   1.3814054e-03
   1.9684573e-02   1.3174205e-02   4.4612726e-01  -1.2500715e-04  -8.7415519e-04   1.2973624e-03
   3.1121123e-02   4.3307560e-02   4.2706997e-01  -7.2725453e-05  -8.7661983e-04   1.2907338e-03
   2.8427276e-02   3.6785646e-02   4.3534922e-01   1.1628754e-05  -9.4518359e-04   1.3786884e-03
   2.7059156e-02  -6.9531841e-03   4.2481751e-01  -1.1138379e-04  -1.0310302e-03   1.4607198e-03
   4.0825268e-02   9.8332807e-03   4.1811389e-01   1.9048163e-04  -8.0597853e-04   1.5053683e-03
   4.9945755e-02   5.2303730e-02   4.1692190e-01   2.2060174e-04  -7.5798867e-04   1.5132791e-03
   4.6360893e-02   5.5643034e-02   4.1364699e-01   4.5684277e-04  -7.4577519e-04   1.4727402e-03
   4.4398750e-02   3.4815277e-02   4.0427349e-01   4.9494754e-04  -7.0536277e-04   1.4614105e-03
   4.3590716e-02   4.0141740e-02   4.1196843e-01   4.8823702e-04  -6.5053706e-04   1.5109935e-03
   4.4463764e-02   4.0567178e-02   4.2149112e-01   5.4840164e-04  -6.7823209e-04   1.5383436e-03
   4.4779524e-02   3.5378281e-02   4.1916154e-01   3.7729280e-04  -8.6730983e-04   1.5104899e-03
   6.0110090e-02   4.4974997e-02   3.8595059e-01   9.6682712e-04  -6.3753901e-04   1.5681733e-03
   5.6263219e-02   7.4585412e-03   3.7793765e-01   3.5324747e-04  -7.2877168e-04   1.5850137e-03
   3.6029699e-02   3.5444831e-02   4.0183067e-01   3.0963329e-04  -7.5271319e-04   1.4186263e-03
   5.2023301e-02   7.8095967e-02   3.8604671e-01   5.6867851e-04  -6.5143048e-04   1.5559197e-03
   1.0006609e-01   2.8248111e-03   1.9324232e-01   2.4877190e-03  -8.7636632e-05   1.8264934e-03
   1.2647548e-01   9.6686170e-02   2.3739360e-01   2.3605605e-03   9.6701749e-05   2.2293471e-03
   1.0135838e-01   1.8282148e-01   2.5931066e-01   2.4040509e-03  -6.6083351e-05   2.0786213e-03
   1.1096912e-01   8.5043851e-02   2.3547784e-01   2.5667953e-03   3.8564927e-05   2.2882800e-03
   1.2492345e-01   9.7707046e-02   2.8165958e-01   2.0859410e-03   3.7383832e-05   2.2366605e-03
   1.3404415e-01   5.8536382e-02   2.9756671e-01   1.8825307e-03  -3.2972066e-05   2.4428543e-03
   1.1811809e-01   9.3961248e-02   3.2210067e-01   1.6271668e-03  -2.4675587e-04   2.3854027e-03
   1.0878203e-01   7.0440100e-02   3.1584565e-01   1.6421656e-03  -4.0995926e-04   2.2643971e-03
   1.0331006e-01   4.3071783e-02   3.5043881e-01   1.4543135e-03  -3.7678132e-04   2.1525999e-03
   1.0393290e-01   5.1447061e-02   3.4356886e-01   1.3677294e-03  -4.0237020e-04   2.1478985e-03
   1.0119902e-01   5.2212709e-02   3.8014401e-01   1.5321142e-03  -4.4222844e-04   2.0976357e-03
   9.5578903e-02   3.6286157e-02   3.6908126e-01   1.5239217e-03  -3.4223212e-04   2.0083379e-03
   7.4983999e-02   6.9215830e-02   3.1250408e-01   1.6592278e-03   1.1101108e-04   1.5254959e-03
   1.1375783e-01   9.1635945e-02   2.7890056e-01   1.2729000e-03  -4.8122044e-04   2.4400982e-03
   1.0817231e-01   9.9080713e-02   2.5924357e-01   1.2712487e-03  -4.4857395e-04   2.3817501e-03
   1.0166651e-01   8.5779878e-02   3.0922247e-01   1.2310397e-03  -4.1553750e-04   2.3184936e-03
   1.0196199e-01   7.0275467e-02   3.3795462e-01   9.3464709e-04  -4.5149793e-04   2.2112749e-03
   1.0283753e-01   6.0239887e-02   2.8575822e-01   1.0651324e-03  -2.9461021e-04   2.2735481e-03
   1.0256702e-01   9.3915290e-02   3.3821189e-01   1.1546159e-03  -6.0216369e-04   2.1754873e-03
   1.1123794e-01   5.6677917e-02   3.4020846e-01   1.2703676e-03  -4.5353120e-04   2.1877483e-03
   1.0924751e-01   3.8886743e-02   3.6024347e-01   1.2071554e-03  -3.2038602e-04   2.1072482e-03
   1.1088694e-01   9.5530056e-02   3.8585434e-01   1.1296079e-03  -2.5101424e-04   2.0099135e-03
   9.4239678e-02   6.5635038e-02   3.9739835e-01   1.1543365e-03  -3.8207431e-04   1.9014335e-03
   9.5373683e-02   6.1160220e-02   3.8840143e-01   1.0506409e-03  -1.9693629e-04   1.8688314e-03
   9.1675345e-02   1.1148131e-01   3.9919716e-01   1.2105584e-03  -2.5114325e-04   1.7705405e-03
   8.8978574e-02   1.1473035e-01   4.5353692e-01   1.0901692e-03  -1.7976961e-04   1.7752354e-03
   1.0105085e-01   7.5385135e-02   3.8050250e-01   1.0057746e-03  -2.8838484e-04   2.0093295e-03
   9.6891008e-02   7.6997221e-02   3.6811412e-01   1.0390627e-03  -3.2351602e-04   1.9550178e-03
   9.9661975e-02   6.7779144e-02   3.9575024e-01   8.7642871e-04  -4.3942383e-04   2.0219724e-03
   9.8931547e-02   7.2257888e-02   4.2246207e-01   3.5552666e-04  -4.7041963e-04   1.9957168e-03
   9.8471599e-02   5.2376226e-02   4.0242272e-01   3.5533573e-04  -4.4164953e-04   2.0256286e-03
   1.0120474e-01   4.5240345e-02   4.1890863e-01   5.5517398e-04  -5.2362128e-04   2.1938033e-03
   9.9020715e-02   3.5373558e-02   4.3266179e-01   3.9421721e-04  -4.3763753e-04   2.0944975e-03
   8.6169823e-02   4.0131340e-02   4.3858069e-01   4.3547075e-04  -4.1167719e-04   2.0612463e-03
   8.1099925e-02   5.7645033e-02   4.5503710e-01   3.3952608e-04  -4.6983280e-04   1.9704600e-03
   8.7335889e-02   3.8396066e-02   4.4136855e-01   1.6346351e-04  -4.4448362e-04   2.0402713e-03
   8.4720238e-02   3.1349088e-02   4.5752334e-01   2.1975233e-04  -4.5773742e-04   2.0384998e-03
   8.1850418e-02   1.4063838e-02   4.9500497e-01   2.6599359e-04  -4.6479746e-04   2.0371253e-03
   9.0534412e-02   7.7638383e-02   4.5741596e-01   3.3394355e-04  -3.7839321e-04   2.0607050e-03
   1.0782127e-01   1.7293666e-02   4.1312494e-01   3.8815746e-06  -5.7421932e-04   2.3035009e-03
   1.0088179e-01   5.7324325e-02   4.1144346e-01   4.6422330e-04  -5.3884319e-04   2.0687562e-03
   9.7168038e-02   3.6842882e-02   4.3692668e-01   2.3622379e-04  -5.1479903e-04   2.0453029e-03
   1.0219703e-01   3.3715067e-02   4.5166226e-01   3.8455813e-04  -5.5320605e-04   2.1817361e-03
   9.3527208e-02   3.6279907e-02   4.7838697e-01   2.6160843e-04  -5.1173365e-04   2.1322670e-03
   1.0057312e-01   4.4240238e-02   4.5465166e-01   3.4557672e-04  -4.7079347e-04   2.3035917e-03
   8.4482902e-02   1.6787151e-02   4.3132766e-01   2.5920913e-04  -3.4923302e-04   2.0745912e-03
   8.0523278e-02   5.5293478e-02   4.6098011e-01   2.5402450e-04  -5.2944538e-04   2.1345166e-03
   8.5810394e-02  -5.7035076e-03   4.3856438e-01   2.2836379e-04  -5.2350754e-04   2.1339214e-03
   8.4107513e-02   2.6402437e-02   4.4441469e-01   3.7933477e-04  -3.9558952e-04   2.0875809e-03
   8.6773753e-02   5.0579548e-02   4.5091478e-01   1.4532846e-04  -5.4024206e-04   2.1673235e-03
   9.2259727e-02   9.7657023e-03   4.4433967e-01   3.3509308e-04  -4.3135977e-04   2.2500908e-03
   9.5303058e-02   8.3390639e-02   4.2352429e-01   4.7100752e-04  -4.5860035e-04   2.2629007e-03
   1.0509227e-01   5.3986817e-02   3.9680671e-01   1.5689480e-04  -3.5945603e-04   2.3841830e-03
   1.1088070e-01   6.2928025e-02   3.9497958e-01   4.5079475e-04  -4.7624687e-04   2.4104190e-03
   1.1236112e-01   3.4188741e-02   4.1704743e-01   1.2296311e-04  -4.3103647e-04   2.3317243e-03
   1.1075332e-01   4.7089475e-02   4.3932084e-01  -1.8010718e-04  -5.4937225e-04   2.4422727e-03
   1.0957570e-01   7.3593707e-03   4.2296182e-01  -2.2593899e-04  -5.3338019e-04   2.3835373e-03
   1.1603836e-01   2.0746985e-02   4.2340185e-01   5.3364396e-06  -7.2745477e-04   2.5074812e-03
   1.0310140e-01  -3.3391796e-03   4.2639332e-01   1.7025657e-04  -7.1712369e-04   2.4052546e-03
   1.0787386e-01   4.5317375e-02   4.4705930e-01   6.6214126e-05  -6.2822473e-04   2.3273700e-03
   1.0857651e-01   3.9326275e-02   4.5712380e-01  -3.7936287e-05  -6.7350818e-04   2.3988538e-03
   1.0327907e-01   2.0882074e-02   4.4005295e-01  -9.9549469e-05  -6.0279313e-04   2.2639740e-03
   9.8917878e-02   3.4408598e-02   4.1005176e-01   2.0227387e-04  -5.0976747e-04   2.3539284e-03
   9.7046555e-02   3.6875381e-02   4.1506683e-01  -1.6900122e-05  -5.4081288e-04   2.3615424e-03
   1.1149159e-01   6.1450984e-02   4.0249738e-01   1.7529675e-04  -5.2097994e-04   2.4716820e-03
   1.0924476e-01   6.2724695e-02   4.0967012e-01  -2.1756088e-05  -5.9832492e-04   2.5766190e-03
   1.0141059e-01   4.1015589e-02   4.1595875e-01   1.9370173e-04  -4.7684061e-04   2.3616891e-03
   9.2047120e-02   5.6438481e-02   4.2241487e-01  -1.0042752e-04  -5.5509585e-04   2.3076466e-03
   8.5557131e-02   4.1395920e-02   4.1363016e-01  -1.2421829e-04  -5.5294765e-04   2.3376283e-03
   9.7458887e-02   3.8351010e-02   4.2902712e-01  -1.6354253e-04  -5.8525898e-04   2.5822224e-03
   1.1462166e-01   4.5406868e-02   4.3108832e-01  -3.0687703e-04  -6.3428268e-04   2.7197725e-03
   1.1635673e-01  -4.8915726e-02   2.9349506e-01  -2.1758485e-04  -4.8698896e-04   2.8559662e-03
   1.2119280e-01   1.8128260e-01   3.9574701e-01   8.7127133e-04  -9.4795446e-04   2.9711686e-03
   1.1302860e-01   9.2358755e-02   4.0613654e-01   5.6799373e-04  -7.7186288e-04   2.7868556e-03
   1.1482074e-01   3.7764620e-02   4.3582553e-01   3.7495683e-04  -8.4405926e-04   2.7286647e-03
   1.1202969e-01   5.3867582e-02   4.3678422e-01   3.1399672e-04  -8.1465801e-04   2.6432193e-03
   9.8486581e-02   2.3592031e-02   4.2353912e-01  -8.1618559e-05  -7.9515064e-04   2.4658782e-03
   1.1022022e-01   5.2279504e-02   4.1149542e-01   4.7337683e-05  -9.5127797e-04   2.7719880e-03
