   0.0000000e+00   0.0000000e+00   0.0000000e+00   0.0000000e+00   0.0000000e+00   0.0000000e+00
   1.6162401e-02   6.8011522e-03   2.1878465e-02  -4.7171253e-04   3.6987186e-04   3.3972010e-04
   4.4320002e-03   1.2665050e-02  -1.2520204e-02  -3.6489232e-04   7.1450945e-05   5.8242166e-05
  -6.7252839e-03   8.3608768e-02   9.7058782e-02  -1.1351805e-03  -1.7375517e-04  -3.0875001e-05
  -2.5231307e-02   6.3205652e-02   7.6783128e-02  -1.7817908e-04  -7.6311944e-04  -2.9427252e-04
  -2.5591313e-02   1.5720404e-02   5.0685515e-02  -3.6629268e-05  -7.0398079e-04  -1.0126007e-04
  -1.1151989e-02   4.3031581e-02   9.5895343e-02  -1.7953569e-05   1.3227431e-03  -3.4208346e-04
   1.4654489e-02  -3.1202530e-02   1.0535891e-01  -2.7997820e-04   1.5657886e-03   1.9394328e-04
   1.0485358e-01  -1.7738157e-01  -3.3609578e-01   8.5390724e-03   2.8034635e-03   1.1605004e-03
   8.3642284e-02   1.8144088e-01   1.6633998e-02   1.3929533e-03   2.1161569e-03   9.2894312e-04
   1.5250269e-01  -3.9145427e-02   9.7533660e-02  -1.7000497e-04   3.4112075e-03   2.0124383e-03
   1.5700961e-01   6.6925451e-03   1.4176155e-01  -1.9522043e-03   3.8408252e-03   2.4330435e-03
   1.4862593e-01  -1.0620186e-02   1.1096910e-01  -1.7598851e-03   3.5490721e-03   2.4897659e-03
   1.3513906e-01  -1.0490463e-01   1.7608739e-01  -3.5650429e-03   3.6063023e-03   2.4850817e-03
   6.4075162e-02  -5.5015687e-02   2.3551580e-01  -3.9364811e-03   2.7557451e-03   2.2001204e-03
  -1.5935898e-01  -2.0176202e-02   3.7251501e-01  -6.4581897e-03  -2.3976787e-03  -3.3455768e-03
  -1.1512106e-01  -1.3451337e-01   2.3979237e-01  -5.8416851e-03  -1.4742429e-03  -2.5707910e-03
  -9.1248893e-02  -5.1524352e-02   3.1349457e-01  -7.7779773e-03  -1.6337257e-03  -1.9460547e-03
  -1.5850688e-01   1.2733795e-02   5.9948578e-01  -9.7068447e-03  -1.8946854e-03  -2.9440058e-03
  -1.0973810e-01  -8.4616343e-02   6.1479953e-01  -9.9997417e-03  -1.0776275e-03  -2.3846948e-03
  -9.1177769e-02  -4.7756905e-02   6.9244189e-01  -9.3494901e-03  -9.5347050e-04  -1.9727737e-03
  -1.0543132e-01  -3.3681629e-02   6.9630504e-01  -8.7009753e-03  -5.7593332e-04  -2.0061462e-03
   3.4038619e-02  -9.9872690e-02   7.1709085e-01  -1.0822660e-02   1.2534593e-03  -4.7362600e-04
   8.2745880e-02  -1.5983593e-01   7.4100083e-01  -1.0456362e-02   1.6368319e-03   4.0409244e-04
   6.3993833e-02  -1.3474453e-01   7.3477947e-01  -9.7250360e-03   1.9379536e-03   3.0079773e-04
   8.5830904e-02  -1.1869218e-01   7.2826257e-01  -9.7864436e-03   2.4175360e-03   5.8968310e-04
   6.6604563e-02  -4.0915792e-02   7.9281384e-01  -9.6233457e-03   2.2483588e-03   7.8314132e-04
  -6.5810795e-02  -1.6979877e-01   8.1421659e-01  -1.1101942e-02   3.4391577e-03  -2.4897483e-03
   1.3097649e-02  -1.6079494e-01   8.0309019e-01  -1.1387110e-02   3.5147368e-03  -7.3502574e-04
   4.3599706e-02  -1.0788738e-01   8.2498701e-01  -1.1316736e-02   3.7101925e-03  -7.9128128e-05
   1.0225277e-01  -1.5088657e-01   8.3770076e-01  -1.0644765e-02   4.0206972e-03   9.1748871e-04
   1.3127785e-01  -1.6893746e-01   6.8796061e-01  -8.7607106e-03   4.4287394e-03   1.6807999e-03
   1.1910679e-01  -7.1884872e-02   7.6373170e-01  -9.0393053e-03   3.3169940e-03   1.5806904e-03
   1.4878968e-01  -1.5832700e-01   7.7308950e-01  -9.4536812e-03   3.7968709e-03   2.1795637e-03
   1.8476681e-01  -1.1763860e-01   8.0923657e-01  -9.7967357e-03   4.6864853e-03   2.7458629e-03
   1.9879595e-01  -1.2918562e-01   8.2970108e-01  -1.0251406e-02   4.7783447e-03   2.9873690e-03
   2.4634663e-01  -1.2107841e-01   8.3499178e-01  -1.0440600e-02   5.3914960e-03   3.7136102e-03
   2.9294791e-01  -1.2855879e-01   8.2476056e-01  -1.0103737e-02   5.9922318e-03   4.5678525e-03
   4.7757262e-01  -1.4835071e-01   5.0466761e-01  -9.1307242e-03   8.4804416e-03   7.7535585e-03
   4.8255492e-01  -1.6047920e-01   8.0902644e-01  -9.3399706e-03   7.8088704e-03   7.7510867e-03
   5.6640310e-01  -1.8350878e-01   8.0895811e-01  -9.1614166e-03   7.4712834e-03   1.0105807e-02
   4.3016781e-01  -1.4337199e-01   1.0094318e+00  -1.2848501e-02   6.8878077e-03   7.3447038e-03
   4.5823603e-01  -2.7204468e-01   1.1455007e+00  -1.4099476e-02   5.0312422e-03   7.3335021e-03
   4.6149540e-01  -2.0400793e-01   1.1609528e+00  -1.4072490e-02   4.7426878e-03   7.3093330e-03
   4.7108493e-01  -1.9244709e-01   1.1693740e+00  -1.5041594e-02   5.0137550e-03   7.7140095e-03
   5.0334336e-01  -3.3277737e-01   1.1444969e+00  -1.3498561e-02   4.7453459e-03   8.8153961e-03
   4.9768075e-01  -2.1573752e-01   1.1871101e+00  -1.3873689e-02   5.0799443e-03   8.2256075e-03
   4.9312283e-01  -2.1842029e-01   1.1677373e+00  -1.3969514e-02   5.6265679e-03   8.3028526e-03
   4.9948554e-01  -2.4462808e-01   1.2031707e+00  -1.4000934e-02   5.8128565e-03   8.2855160e-03
   4.9095309e-01  -2.2281862e-01   1.2170982e+00  -1.4341634e-02   5.7145079e-03   8.2352101e-03
   4.4099303e-01  -2.5979927e-01   1.2147254e+00  -1.4163107e-02   5.5354254e-03   7.5949073e-03
   4.1850926e-01  -2.3467076e-01   1.2349993e+00  -1.4340489e-02   5.6516962e-03   7.1337862e-03
   4.2784514e-01  -2.6736673e-01   1.2266308e+00  -1.4150468e-02   6.2688563e-03   7.3751707e-03
   1.4407015e-01  -1.4458350e-01   1.1816207e+00  -1.1729967e-02   4.0641187e-03   1.9843456e-03
   2.8310515e-01  -2.0020042e-01   1.1668355e+00  -1.1672667e-02   4.5423484e-03   4.5591954e-03
   3.1113145e-01  -2.6148396e-01   1.1842159e+00  -1.3684131e-02   3.4218154e-03   5.7615542e-03
   2.7892799e-01  -1.5335230e-01   1.2335275e+00  -1.4483584e-02   3.5953113e-03   4.9448303e-03
   3.0616859e-01  -2.0322332e-01   1.2601964e+00  -1.4563237e-02   4.4881846e-03   5.2021943e-03
   3.3372285e-01  -1.7738079e-01   1.2767991e+00  -1.4383222e-02   4.4593571e-03   5.7660777e-03
   3.1251865e-01  -1.8780906e-01   1.2947583e+00  -1.4605173e-02   4.1802734e-03   5.3604274e-03
   2.9977800e-01  -2.8413284e-01   1.1035879e+00  -1.4516339e-02   4.2915390e-03   5.2474216e-03
   2.8287703e-01  -2.1299944e-01   1.0370281e+00  -1.3549740e-02   3.9958420e-03   4.7775343e-03
   2.9523501e-01  -1.5864238e-01   1.1621286e+00  -1.3859790e-02   4.4779040e-03   4.9470566e-03
   3.0929542e-01  -1.8020397e-01   1.2371382e+00  -1.3875627e-02   4.2728453e-03   5.2207126e-03
   3.2710015e-01  -2.0413642e-01   1.2862672e+00  -1.3861888e-02   4.7448257e-03   5.3867524e-03
   3.5544965e-01  -2.3432459e-01   1.2869567e+00  -1.4211640e-02   4.6983142e-03   5.7667304e-03
   3.7353689e-01  -2.5762668e-01   1.2536655e+00  -1.4506435e-02   5.1850915e-03   6.1629726e-03
   3.5349745e-01  -1.5411958e-01   1.2918726e+00  -1.4506028e-02   5.4021241e-03   5.6454766e-03
   3.6304789e-01  -2.2944675e-01   1.2531992e+00  -1.4219539e-02   4.7850891e-03   5.5218065e-03
   3.7454103e-01  -1.9105880e-01   1.2860284e+00  -1.4625503e-02   4.9368017e-03   5.7614769e-03
   3.7882454e-01  -1.4851353e-01   1.2836656e+00  -1.4918891e-02   5.5055002e-03   5.8854523e-03
   4.2402840e-01  -2.9580502e-01   1.2668077e+00  -1.5813146e-02   5.1824069e-03   7.0166494e-03
   4.2220348e-01  -9.4283487e-02   1.2788053e+00  -1.6024189e-02   4.9056399e-03   6.8898602e-03
   4.3166003e-01  -2.6000775e-01   1.3022405e+00  -1.6397674e-02   4.9264852e-03   6.9852122e-03
   4.6085340e-01  -2.6149163e-01   1.3103353e+00  -1.6354965e-02   5.5451820e-03   7.3945225e-03
   5.1343228e-01  -2.6487752e-01   1.3104717e+00  -1.6343627e-02   6.6038897e-03   8.5081576e-03
   4.9575608e-01  -2.0133853e-01   1.3549405e+00  -1.6200075e-02   5.5526085e-03   7.8184395e-03
   5.1578825e-01  -1.9449597e-01   1.2995014e+00  -1.6622406e-02   5.7990035e-03   8.0694212e-03
   4.9777468e-01  -2.6267787e-01   1.3187704e+00  -1.7296011e-02   5.5825119e-03   7.9115499e-03
   5.0605303e-01  -3.1230776e-01   1.3530441e+00  -1.7234760e-02   5.2063780e-03   8.2815693e-03
   5.3569737e-01  -3.1059144e-01   8.5610481e-01  -1.2739751e-02   9.0363272e-03   1.1451158e-02
   4.5691127e-01  -2.2533244e-01   6.4017857e-01  -9.4718182e-03   8.1087237e-03   8.8745046e-03
   5.0013441e-01  -1.7974225e-01   7.6006710e-01  -1.1724636e-02   8.4125095e-03   9.4288587e-03
   5.2790910e-01  -1.2545057e-01   7.9007087e-01  -1.2835882e-02   8.3850136e-03   9.7337185e-03
   4.3062812e-01  -6.9423663e-02   1.0247061e+00  -1.3562973e-02   6.8523471e-03   8.1277120e-03
   6.0223011e-01  -1.4066168e-01   1.0783945e+00  -1.3971116e-02   7.8799563e-03   1.0585591e-02
   6.3363633e-01  -1.5342583e-01   1.1229617e+00  -1.4021499e-02   7.6127034e-03   1.1178541e-02
   7.6554300e-01  -2.7965884e-01   9.8539667e-01  -1.3979201e-02   6.9210781e-03   1.3717287e-02
   7.2675461e-01  -1.4343146e-01   1.0797646e+00  -1.4355498e-02   6.8451443e-03   1.2984392e-02
   6.6791863e-01  -3.4481812e-03   1.2112139e+00  -1.3724278e-02   5.8738763e-03   1.2296429e-02
   6.8006014e-01  -5.4930077e-02   1.2377481e+00  -1.4172685e-02   6.4843117e-03   1.3629607e-02
   7.2126703e-01  -1.7826624e-01   1.2428624e+00  -1.4840111e-02   6.7489891e-03   1.3969159e-02
   7.4998107e-01  -8.8520967e-02   1.2961686e+00  -1.4880407e-02   7.1561516e-03   1.4370132e-02
   8.0260833e-01  -2.0529098e-01   1.2941940e+00  -1.5225638e-02   7.7008481e-03   1.5208155e-02
   5.9859614e-01  -2.8152882e-02   1.1385633e+00  -1.4830660e-02   4.1270021e-03   1.1181762e-02
   6.4740535e-01  -2.3549512e-01   1.2021313e+00  -1.5167887e-02   5.8191247e-03   1.1642044e-02
   6.9883726e-01  -3.1295409e-01   1.0721178e+00  -1.4791995e-02   4.6461308e-03   1.2758862e-02
   7.4336504e-01  -7.7950599e-02   1.1971648e+00  -1.3974575e-02   5.7892696e-03   1.3409180e-02
   7.6411850e-01  -1.6731027e-01   1.3127551e+00  -1.4259893e-02   5.9412682e-03   1.3883138e-02
   7.8107803e-01  -2.2071747e-01   1.3471614e+00  -1.4368917e-02   6.3660499e-03   1.4245138e-02
   8.7626261e-01  -2.9164295e-01   6.8242543e-01  -1.0464428e-02   7.4620662e-03   1.5851004e-02
   7.0638272e-01  -1.8735737e-01   1.0840920e+00  -1.3719169e-02   6.1870557e-03   1.2776138e-02
   7.5739560e-01  -1.9272779e-01   1.1940915e+00  -1.3723718e-02   6.4725149e-03   1.3495907e-02
   7.9977868e-01  -1.7772309e-01   1.1877005e+00  -1.3804358e-02   6.4970088e-03   1.4080128e-02
   7.8805754e-01  -1.8390694e-01   1.2447030e+00  -1.4263572e-02   6.6350673e-03   1.3945259e-02
   7.7249204e-01  -2.1460810e-01   1.2724566e+00  -1.4784350e-02   6.3636012e-03   1.3714647e-02
   7.7901277e-01  -1.8776761e-01   1.2915412e+00  -1.5521254e-02   6.6670727e-03   1.3655222e-02
   7.9397818e-01  -2.6570263e-01   1.2085333e+00  -1.5124279e-02   6.8323453e-03   1.4390769e-02
   6.7137173e-01  -1.4240332e-01   1.3539157e+00  -1.8296247e-02   2.2595823e-03   1.2671322e-02
   5.4337968e-01  -4.5153556e-01   1.2168858e+00  -1.3737568e-02   1.1475410e-06   1.0645697e-02
   5.6931004e-01  -1.2034053e-01   1.2856011e+00  -1.5115976e-02   2.0086303e-03   1.0166176e-02
   6.1314734e-01  -6.0507839e-02   1.1607057e+00  -1.5054074e-02   2.9930148e-03   1.1039298e-02
   6.3653287e-01  -4.0568426e-01   1.2373727e+00  -1.4993463e-02   2.6643988e-03   1.1506576e-02
   6.9202111e-01  -1.6333474e-01   1.3202838e+00  -1.4326605e-02   3.4730934e-03   1.2472762e-02
   7.2235077e-01  -2.1386953e-01   1.3101825e+00  -1.4825946e-02   4.0267019e-03   1.3184417e-02
   7.2435127e-01  -1.9900190e-01   1.3549057e+00  -1.5159117e-02   4.5584830e-03   1.3031982e-02
   7.6734444e-01  -2.6808004e-01   1.3144083e+00  -1.5732824e-02   4.7479958e-03   1.3453100e-02
   7.5941322e-01  -2.8939123e-01   1.3334966e+00  -1.6387069e-02   4.6124878e-03   1.3110914e-02
   7.5461428e-01  -2.6882415e-01   1.3371328e+00  -1.6406243e-02   4.8661846e-03   1.3071985e-02
   7.4958905e-01  -2.1558741e-01   1.3688308e+00  -1.6362007e-02   4.6758097e-03   1.3143273e-02
   3.2298009e-01   3.0702803e-01   1.8358138e+00  -6.4334336e-03  -6.8862865e-03   1.1744901e-02
   3.6406197e-01  -3.1198562e-01   1.2864377e+00  -3.1390041e-03  -9.4346257e-03   9.2324510e-03
   4.6632507e-01  -6.4408775e-01   1.1249462e+00  -2.9856513e-03  -1.1966192e-02   1.1412508e-02
   4.1238042e-01  -5.5801628e-02   1.4320912e+00  -4.1152069e-03  -1.1477899e-02   1.0161527e-02
   4.4067495e-01  -9.0752891e-02   1.5472084e+00  -4.5075474e-03  -1.0640828e-02   1.0526805e-02
   4.8500722e-01  -1.6403326e-01   1.6265618e+00  -4.8566092e-03  -9.5930943e-03   1.1210589e-02
   4.9900219e-01  -1.8481518e-01   1.6551030e+00  -5.9872350e-03  -9.4836006e-03   1.1327637e-02
   5.2348248e-01  -1.5200304e-01   1.6673277e+00  -6.0320272e-03  -8.8225143e-03   1.1857567e-02
   4.9142496e-01  -1.7935056e-01   1.6717887e+00  -6.4953319e-03  -9.2898340e-03   1.1443684e-02
   4.8150517e-01  -1.8143034e-01   1.6403654e+00  -6.6725140e-03  -9.3697246e-03   1.1309499e-02
   4.7062477e-01  -1.3183079e-01   1.6191283e+00  -7.1143732e-03  -9.2573298e-03   1.1079467e-02
   4.7261900e-01  -1.3465768e-01   1.6388593e+00  -7.2546487e-03  -9.1360505e-03   1.1189478e-02
   4.8748763e-01  -5.7340140e-02   1.6245168e+00  -7.2889227e-03  -8.9802154e-03   1.1290461e-02
   4.8633197e-01  -1.4278292e-01   1.5768096e+00  -8.0267461e-03  -8.7910524e-03   1.1549693e-02
   5.0486472e-01  -1.7440061e-02   1.5887216e+00  -7.6972338e-03  -7.5979559e-03   1.1919258e-02
   2.8816024e-01  -7.0911483e-02   1.3642503e+00  -8.1494934e-03  -2.3288042e-03   8.1638218e-03
   3.2823491e-01   6.3151559e-03   1.3884968e+00  -9.4671734e-03  -3.2192184e-03   8.4702251e-03
   3.8427757e-01   3.0267517e-02   1.6542497e+00  -9.5080017e-03  -3.7024715e-03   9.2687312e-03
   5.2895885e-01  -7.7076519e-02   1.6699149e+00  -9.8002223e-03  -2.7445643e-03   1.1713048e-02
   5.0748084e-01  -1.3502637e-01   1.6733469e+00  -1.0026109e-02  -4.0740056e-03   1.0758854e-02
   3.9955192e-01   1.1670130e-01   1.7540925e+00  -1.0315494e-02  -5.8363899e-03   8.8083666e-03
   4.2518981e-01  -1.9271690e-01   1.7836328e+00  -9.7083740e-03  -5.3436065e-03   9.1889754e-03
   4.5611321e-01  -1.7508759e-01   1.7131451e+00  -1.1499543e-02  -3.8800155e-03   1.0032346e-02
   5.9548451e-01  -1.1005015e-01   1.8168952e+00  -1.0947398e-02  -2.9266837e-03   1.2044403e-02
   5.9778628e-01  -1.2472467e-01   1.8565763e+00  -1.1187045e-02  -3.0549202e-03   1.2235589e-02
   5.7006612e-01  -9.0095076e-02   1.8504964e+00  -1.1368765e-02  -4.8470145e-03   1.2308019e-02
   2.8028899e-01  -2.1534942e-01   1.6932334e+00  -1.2106720e-02  -6.3598227e-03   7.6689405e-03
   3.5938445e-01   1.9440902e-02   1.5246948e+00  -9.9095657e-03  -5.6812390e-03   8.4081777e-03
   4.6891362e-01  -1.2134216e-01   1.6498759e+00  -1.0894946e-02  -5.7603154e-03   1.0728684e-02
   4.8483852e-01  -1.9481240e-01   1.6080913e+00  -1.1390138e-02  -5.4716292e-03   1.1644851e-02
   4.8368040e-01  -6.1295899e-02   1.6465021e+00  -9.8494455e-03  -6.3696289e-03   1.1479002e-02
   5.2171913e-01  -7.9081564e-02   1.7043894e+00  -9.9091942e-03  -5.4474452e-03   1.1817166e-02
   5.2071550e-01  -7.3372558e-02   1.7502298e+00  -1.0415084e-02  -5.3056312e-03   1.1576408e-02
   5.2758649e-01  -1.0459744e-01   1.7862614e+00  -1.0752546e-02  -5.5535738e-03   1.1589305e-02
   5.2940040e-01  -9.6472582e-02   1.8035883e+00  -1.0844603e-02  -5.5819164e-03   1.1667484e-02
   5.5875581e-01  -1.2655104e-01   1.8523879e+00  -1.0512166e-02  -5.5073286e-03   1.2154973e-02
   6.7500413e-01  -2.3770702e-01   1.0834866e+00  -4.2444397e-03  -4.5678795e-03   1.3608274e-02
   7.0833832e-01  -1.1787268e-01   1.4880920e+00  -4.7060649e-03  -3.4012415e-03   1.3853103e-02
   7.2736751e-01  -9.3491710e-02   1.5937194e+00  -5.3792912e-03  -4.1080577e-03   1.4220950e-02
   7.3278929e-01  -1.5765752e-01   1.6386270e+00  -6.2713458e-03  -3.6714071e-03   1.4174651e-02
   7.0578285e-01   3.8914520e-03   1.8684210e+00  -6.1690446e-03  -5.4413982e-03   1.4336684e-02
   6.8929452e-01   6.9952607e-03   1.8649035e+00  -7.9151655e-03  -6.9026653e-03   1.4432937e-02
   7.1915199e-01  -2.0153324e-01   1.8014416e+00  -6.6976479e-03  -5.6963855e-03   1.4141662e-02
   7.3973295e-01  -1.3062614e-01   1.8159304e+00  -7.2232720e-03  -4.9037578e-03   1.4456054e-02
   8.0586508e-01  -1.1556131e-01   1.7655311e+00  -8.8999691e-03  -2.0107827e-03   1.4984132e-02
   8.0960728e-01  -1.1362490e-01   1.8020134e+00  -9.0599848e-03  -3.3816498e-03   1.5038270e-02
   8.2013268e-01  -1.0741835e-01   1.8166076e+00  -1.0188807e-02  -5.2830354e-03   1.4519379e-02
   7.3603261e-01  -1.0114702e-01   1.7395898e+00  -9.4015169e-03  -5.5843010e-03   1.4903491e-02
   7.2828526e-01  -9.3285379e-02   1.7806681e+00  -8.8882582e-03  -5.9668816e-03   1.4486761e-02
   7.4354336e-01  -1.1990496e-01   1.7675951e+00  -9.2405523e-03  -6.0752754e-03   1.4399445e-02
   8.0150035e-01  -6.0892180e-02   1.8196730e+00  -9.7971306e-03  -5.3199182e-03   1.5218500e-02
   8.4403106e-01  -1.2557584e-01   1.8918587e+00  -1.0106804e-02  -4.5337634e-03   1.5829734e-02
   7.0690333e-01  -7.6155712e-02   1.6846041e+00  -1.0281897e-02  -3.2492621e-03   1.5018238e-02
   7.0373861e-01  -1.5745734e-01   1.6316015e+00  -1.4056323e-02  -3.3166520e-03   1.6034776e-02
   7.4243752e-01   4.4760457e-02   1.7168296e+00  -1.4929156e-02  -2.7442008e-03   1.6181188e-02
   7.4005429e-01  -1.2320382e-01   1.7342656e+00  -1.4407995e-02  -3.5981693e-03   1.6319637e-02
   7.2890588e-01  -7.5379437e-02   1.8127009e+00  -1.3560230e-02  -4.3811491e-03   1.6397132e-02
   7.4131806e-01   7.6725790e-02   2.0101545e+00  -1.3295758e-02  -3.8465514e-03   1.6523670e-02
   7.4851228e-01  -5.1974657e-02   2.0100484e+00  -1.4251454e-02  -4.0177794e-03   1.6746671e-02
   7.3899460e-01  -9.5648270e-02   1.9922225e+00  -1.3884414e-02  -4.2110930e-03   1.6498544e-02
   7.8208544e-01  -6.9090987e-02   1.9849603e+00  -1.3685560e-02  -4.4162886e-03   1.7423340e-02
   7.5926574e-01   3.1646219e-03   2.0673010e+00  -1.3304692e-02  -4.4430503e-03   1.6797621e-02
   8.2698987e-01  -1.3689976e-01   2.0123789e+00  -1.3538326e-02  -4.1564077e-03   1.7990697e-02
   8.3714548e-01  -6.3430342e-02   2.0338326e+00  -1.3237182e-02  -4.1392297e-03   1.8195190e-02
   8.4928879e-01  -5.0141924e-02   2.0186169e+00  -1.3800701e-02  -4.0279562e-03   1.8462494e-02
   8.3266120e-01  -6.6832076e-02   2.0489240e+00  -1.3710480e-02  -4.3098381e-03   1.8461027e-02
   3.2190997e-01  -1.7759529e-01   1.5925907e+00  -1.3934254e-02  -1.3234240e-02   1.0187842e-02
   2.8960685e-01   2.4878664e-01   1.5926335e+00  -1.2258951e-02  -1.9922208e-02   7.8192978e-03
   2.4181228e-01  -2.9957286e-01   1.8073825e+00  -1.1798587e-02  -1.9653090e-02   8.2408670e-03
   2.1418392e-01  -1.2161027e-01   1.8732873e+00  -1.2029892e-02  -2.0450289e-02   7.6628260e-03
  -9.2737558e-01  -7.3683367e-02   1.7251950e+00  -1.3385449e-02  -2.5839694e-02  -9.3248957e-03
  -8.2238478e-01  -8.2742561e-04   1.6991801e+00  -1.1774483e-02  -2.4543226e-02  -1.1122621e-02
  -8.4546920e-01   6.7468671e-03   1.7499049e+00  -1.1706140e-02  -2.3235699e-02  -1.1962505e-02
  -8.2229087e-01  -1.1562746e-01   1.6714985e+00  -1.1105549e-02  -2.3628372e-02  -1.1755761e-02
  -8.1813897e-01   3.4228897e-02   1.6724166e+00  -1.1275369e-02  -2.3114634e-02  -1.1588430e-02
  -8.5609286e-01  -4.6883070e-02   1.6808762e+00  -1.1247995e-02  -2.3224554e-02  -1.2131220e-02
  -8.3149078e-01  -1.5288993e-02   1.7281924e+00  -1.1444967e-02  -2.2543502e-02  -1.1889718e-02
  -7.8507487e-01  -7.1505988e-02   1.7303318e+00  -1.1538387e-02  -2.2647942e-02  -1.1157040e-02
  -7.6319549e-01  -2.7976167e-02   1.7281510e+00  -1.1978311e-02  -2.2594097e-02  -1.0798403e-02
  -7.6417457e-01  -3.4651353e-02   1.6878573e+00  -1.3097722e-02  -2.2773084e-02  -1.1385809e-02
  -6.9239328e-01  -8.3177966e-02   1.6506174e+00  -1.3874506e-02  -2.1415751e-02  -9.7648722e-03
  -6.9298305e-01   2.8722510e-02   1.7611590e+00  -1.3265353e-02  -2.1474376e-02  -9.6905714e-03
  -6.7190909e-01   4.0663793e-03   1.8004342e+00  -1.2638329e-02  -2.1527846e-02  -9.4134503e-03
  -6.5830906e-01  -3.3669438e-02   1.8350719e+00  -1.2470014e-02  -2.1483854e-02  -9.1738315e-03
  -6.4799973e-01  -2.1931286e-02   1.8322072e+00  -1.2688343e-02  -2.1290071e-02  -8.9369255e-03
  -6.4007330e-01  -7.2492072e-02   1.8355642e+00  -1.2804972e-02  -2.1439356e-02  -8.6419483e-03
  -6.3939530e-01  -3.1526981e-02   1.8428091e+00  -1.2782678e-02  -2.1976616e-02  -8.5781745e-03
  -6.1339580e-01  -4.0444458e-02   1.8411850e+00  -1.2663956e-02  -2.1505250e-02  -8.0134494e-03
  -6.1322542e-01  -3.6772769e-02   1.8636468e+00  -1.2647051e-02  -2.1250053e-02  -8.0270505e-03
  -6.2144573e-01  -2.0912850e-02   1.8778254e+00  -1.2753925e-02  -2.1112125e-02  -8.1881542e-03
