   0.0000000e+00   1.4587483e-17  -7.4538293e-15   1.6492705e-19   3.5003360e-18  -5.7730010e-37
  -1.2239554e-02   9.2740787e-02   1.7706611e-02  -9.2314564e-05   1.8489832e-04  -4.3312756e-04
  -2.0962283e-02  -2.4938216e-02   5.8083783e-02  -6.5751338e-04  -2.2198174e-04  -5.9815392e-04
  -2.4061679e-02  -6.2772320e-02   5.9962514e-02  -8.5946177e-04  -1.8988728e-04  -5.2570632e-04
  -2.7021617e-02  -2.0959391e-02   7.1510875e-02  -1.2073624e-03  -1.4577976e-04  -5.9600150e-04
  -1.6080497e-02   2.8586837e-03   7.1524034e-02  -1.3496347e-03  -6.8396277e-06  -4.4759770e-04
  -1.8857856e-02  -8.0978766e-02   6.3024564e-02  -1.1554029e-03  -2.0543430e-04  -5.7967898e-04
  -2.4078608e-02  -1.4187117e-03   5.5508515e-02  -1.2457133e-03  -8.1562686e-05  -6.0587102e-04
  -2.0556917e-02  -1.0836149e-02   6.8074152e-02  -1.4635121e-03  -1.7128444e-04  -6.3373147e-04
  -2.6161313e-02  -5.2620072e-02   6.3766830e-02  -1.4592064e-03  -3.0274341e-04  -6.7681914e-04
  -2.1440860e-02  -4.3441009e-02   7.7023065e-02  -1.2626188e-03  -4.3397745e-04  -5.0236129e-04
  -3.2013340e-02   1.9162256e-03   8.2484077e-02  -1.3405476e-03  -2.8622483e-04  -7.4527478e-04
  -2.5779481e-02  -7.6220594e-03   9.4330316e-02  -1.5213332e-03  -2.7946154e-04  -7.9917893e-04
  -5.2058942e-02  -8.8607299e-02   8.6233439e-02  -1.3300427e-03  -4.5697527e-04  -8.7258511e-04
  -4.8671433e-02   2.3644635e-03   7.4106622e-02  -1.7366029e-03  -1.0696563e-04  -9.9647182e-04
  -4.0952602e-02  -1.8079432e-03   5.0566512e-02  -1.4310938e-03  -1.2547989e-04  -8.8457829e-04
  -3.9503544e-02  -6.1235733e-02   3.9505983e-02  -1.4417289e-03  -1.9570050e-04  -8.6063414e-04
  -4.8518672e-02   5.3490762e-02   5.3991607e-02  -1.3487505e-03  -1.5371424e-04  -8.5338633e-04
  -4.2170894e-02  -2.5678672e-02   7.6233809e-02  -1.8707637e-03   5.9033161e-05  -6.5025341e-04
  -3.8605101e-02  -5.7572856e-02   6.3633567e-02  -1.5766675e-03  -2.0180973e-04  -7.4220317e-04
  -4.4223326e-02   1.4264769e-02   8.3598215e-02  -2.0299203e-03  -2.6696071e-04  -9.5370380e-04
  -5.0191912e-02  -3.8408342e-02   8.8545366e-02  -2.1975810e-03  -2.3637683e-04  -9.0222058e-04
  -5.7611966e-02  -5.5910598e-02   9.2048946e-02  -2.2417157e-03  -2.9184096e-04  -9.4091081e-04
  -5.9357503e-02  -7.0275774e-02   8.8916383e-02  -2.5665744e-03  -1.3963116e-04  -9.8639988e-04
  -5.5217308e-02   1.4179746e-02   7.5382123e-02  -2.5254069e-03  -2.0621592e-04  -9.7725721e-04
  -6.0475741e-02  -5.8517935e-02   7.6706893e-02  -2.1325411e-03  -3.3203422e-04  -9.4249215e-04
  -5.2249995e-02  -9.0256234e-03   8.1666920e-02  -2.7079629e-03  -2.2061382e-04  -8.3161801e-04
  -5.6485829e-02  -3.7090530e-03   8.9014325e-02  -2.1346363e-03  -7.2370607e-05  -9.0592728e-04
  -8.0026305e-02  -7.6305943e-02   1.1652945e-01  -2.2559641e-03  -1.0627191e-03  -1.0258780e-03
  -9.6063007e-02   2.0109004e-03   2.1919711e-01  -2.9179314e-03  -3.6626713e-03  -2.2222388e-03
  -8.6705089e-02  -1.7952061e-02   1.4680651e-01  -2.3362932e-03  -2.0232888e-03  -1.4395126e-03
  -9.1236002e-02  -6.1561140e-02   1.4673474e-01  -2.6948970e-03  -2.0002150e-03  -1.1951217e-03
  -9.4214506e-02  -6.8075465e-02   1.2341926e-01  -2.7279486e-03  -2.1950964e-03  -1.2176937e-03
  -1.0304143e-01   5.8180166e-02   1.5083550e-01  -2.6763569e-03  -2.0135882e-03  -1.4282586e-03
  -1.0842886e-01  -4.8150527e-02   1.3072651e-01  -2.3577174e-03  -2.1895562e-03  -1.2182012e-03
  -1.1722368e-01  -4.4270249e-02   1.3439604e-01  -2.6119929e-03  -2.1164450e-03  -1.2872706e-03
  -1.2495898e-01  -1.4006839e-03   1.3570205e-01  -2.4205748e-03  -2.1239275e-03  -1.1612482e-03
  -1.0660541e-01  -2.9906670e-02   1.2804458e-01  -2.7533275e-03  -1.8195227e-03  -1.1319786e-03
  -1.0485542e-01  -7.8891642e-02   9.9411921e-02  -2.7051196e-03  -1.8248089e-03  -1.0227509e-03
  -1.0998820e-01   3.6502384e-02   1.1334872e-01  -2.4745133e-03  -1.9556009e-03  -1.0524464e-03
  -1.3279836e-01  -3.3546904e-02   1.1182686e-01  -2.2040044e-03  -1.9863171e-03  -1.0959647e-03
  -1.2391354e-01  -1.0776976e-02   1.0780436e-01  -2.6261314e-03  -1.8711426e-03  -1.0749997e-03
  -1.3219018e-01  -4.1864454e-02   1.1898084e-01  -2.5584218e-03  -2.0363669e-03  -1.0905591e-03
  -1.2784075e-01  -8.4073749e-02   9.1474258e-02  -2.3442534e-03  -1.9039165e-03  -7.8840563e-04
  -1.1238988e-01   3.6826556e-02   9.4772596e-02  -2.8488252e-03  -1.6142503e-03  -9.1377427e-04
  -1.0235093e-01  -5.5441547e-02   8.1697466e-02  -2.5537900e-03  -1.6169310e-03  -9.2013389e-04
  -1.0054355e-01   6.7617796e-02   1.1096779e-01  -2.7384825e-03  -1.5243954e-03  -9.3841553e-04
  -9.8565454e-02   3.9079356e-03   1.3660602e-01  -2.5763343e-03  -1.6775326e-03  -1.0532548e-03
  -1.0046760e-01  -9.8115207e-02   1.4563225e-01  -2.5282258e-03  -1.7927192e-03  -1.0904492e-03
  -1.0961433e-01   1.2024572e-02   1.1788670e-01  -2.7173224e-03  -1.4987841e-03  -1.0936052e-03
  -1.0898596e-01   3.6578652e-03   1.0130658e-01  -2.8083268e-03  -1.4452232e-03  -1.2249751e-03
  -1.1459451e-01  -7.1199457e-02   7.0281282e-02  -2.5510459e-03  -1.4681848e-03  -1.2067099e-03
  -1.1092907e-01   4.3894299e-02   7.8312637e-02  -2.8253345e-03  -1.2599588e-03  -1.1548847e-03
  -1.1810935e-01   6.7565109e-03   9.8133604e-02  -2.5514827e-03  -1.3780618e-03  -1.1067312e-03
  -1.1923818e-01  -1.0888443e-01   6.9056580e-02  -1.9266197e-03  -1.2644376e-03  -9.9576061e-04
  -1.1467113e-01   9.0385897e-02   1.0035941e-01  -2.9118558e-03  -1.1523856e-03  -8.7133311e-04
  -1.0323734e-01  -7.2907684e-02   8.9135405e-02  -2.8201882e-03  -1.5873872e-03  -6.0523075e-04
  -1.1319766e-01   1.1848073e-01   1.0324702e-01  -3.3426621e-03  -1.4974973e-03  -6.2620467e-04
  -1.4173521e-01  -1.0964923e-01   1.1426909e-01  -2.6109277e-03  -2.0713312e-03  -1.1716659e-03
  -1.4569315e-01  -1.2757921e-01   1.1132527e-01  -2.7375256e-03  -1.9476524e-03  -1.3973260e-03
  -1.5324086e-01  -2.5395591e-02   1.5018085e-01  -3.3122124e-03  -1.9738482e-03  -1.6077060e-03
  -1.5906902e-01  -1.0057938e-01   1.6260557e-01  -3.5596329e-03  -2.3899136e-03  -1.6094673e-03
  -1.7187174e-01  -1.2441140e-01   1.4234034e-01  -3.8031037e-03  -2.3188470e-03  -1.5639960e-03
  -1.7284876e-01   5.7095027e-02   1.4302390e-01  -3.6864619e-03  -2.0831118e-03  -1.5954817e-03
  -1.6693160e-01  -8.5200697e-02   1.4313422e-01  -3.5500430e-03  -2.0773139e-03  -1.4621422e-03
  -1.6619481e-01  -6.4325330e-02   1.2440421e-01  -3.9051592e-03  -1.9580969e-03  -1.4285762e-03
  -1.7085069e-01   1.0526343e-02   1.4930364e-01  -3.7387764e-03  -2.0478569e-03  -1.5177146e-03
  -1.6508658e-01  -5.9616325e-02   1.1441198e-01  -2.5170357e-03  -1.8139070e-03  -1.1352270e-03
  -1.6975798e-01   6.2407376e-03   1.4234882e-01  -3.3281812e-03  -2.0762642e-03  -1.3289640e-03
  -1.6346923e-01  -1.1977545e-02   1.2789616e-01  -3.4192179e-03  -1.6423544e-03  -1.4274609e-03
  -1.6457878e-01  -2.2608358e-02   1.3522079e-01  -3.8174157e-03  -1.6419205e-03  -1.4045277e-03
  -1.6026967e-01   6.6444831e-02   1.6943979e-01  -3.5815478e-03  -1.8553828e-03  -1.3989900e-03
  -1.6843864e-01  -6.1053175e-02   1.7442580e-01  -3.4319385e-03  -1.8666014e-03  -1.2334248e-03
  -1.7878038e-01  -5.2906024e-02   1.5956375e-01  -3.6696807e-03  -1.8826439e-03  -1.1934634e-03
  -1.7436765e-01   1.1137777e-02   1.2509179e-01  -2.9576559e-03  -1.7715818e-03  -1.1994748e-03
  -1.7528866e-01  -6.4577078e-02   1.3040431e-01  -3.2329988e-03  -2.0912355e-03  -1.2089741e-03
  -1.7893200e-01   5.2752727e-02   1.5996163e-01  -3.6242035e-03  -1.8886934e-03  -1.3952259e-03
  -1.8197309e-01  -3.6388887e-02   1.8568910e-01  -3.6993474e-03  -1.8889233e-03  -1.3217357e-03
  -1.7213124e-01  -8.1558425e-02   1.3845073e-01  -2.5756793e-03  -1.5723948e-03  -9.1677125e-04
  -1.7516854e-01   3.3952914e-02   1.3276060e-01  -3.1651823e-03  -1.3267281e-03  -1.0315128e-03
  -1.7777674e-01  -8.7490637e-03   1.1831304e-01  -2.8658138e-03  -1.5294692e-03  -1.2481480e-03
  -1.7437596e-01  -9.7004232e-02   1.3606165e-01  -3.2970957e-03  -1.1971368e-03  -1.1783082e-03
  -1.7206220e-01   5.9527208e-02   1.5545731e-01  -3.9422784e-03  -8.3237857e-04  -1.2314667e-03
  -1.6135522e-01  -6.8252261e-03   1.7128558e-01  -4.0406980e-03  -1.0334301e-03  -1.1297584e-03
  -1.5684978e-01  -1.0620566e-01   1.6128628e-01  -3.4015349e-03  -1.2381027e-03  -1.0875163e-03
  -1.6389259e-01   1.8593082e-02   1.6090831e-01  -3.8820146e-03  -1.3053712e-03  -1.1433049e-03
  -1.6347534e-01  -1.6369889e-02   1.5407340e-01  -3.5275612e-03  -1.3825119e-03  -1.2587987e-03
  -1.6463765e-01  -3.8735369e-02   1.5409102e-01  -3.3712134e-03  -1.5153163e-03  -1.3419099e-03
  -1.6494962e-01  -8.4808618e-03   1.6301320e-01  -4.0690939e-03  -1.5283608e-03  -1.4350674e-03
  -1.6641512e-01   1.6617317e-02   1.4506779e-01  -3.7401827e-03  -1.5230340e-03  -1.3583858e-03
  -1.6315212e-01  -5.8603135e-03   1.5447684e-01  -3.6750138e-03  -1.7463670e-03  -1.4157267e-03
  -1.6139401e-01  -6.4028147e-02   1.3854095e-01  -3.8632643e-03  -1.5805835e-03  -1.2247585e-03
  -1.7023247e-01   4.1691237e-02   1.2765503e-01  -4.0339134e-03  -1.7011624e-03  -1.4060005e-03
  -1.6627921e-01  -6.2207124e-03   1.1224063e-01  -3.3519264e-03  -1.7549053e-03  -1.2892724e-03
  -1.6492906e-01  -4.5150741e-02   1.0900558e-01  -2.8159397e-03  -1.5831656e-03  -1.1462183e-03
  -1.7066643e-01   5.2710266e-02   1.3739428e-01  -3.9472865e-03  -1.6506713e-03  -1.1931980e-03
  -1.6148169e-01  -3.1735944e-02   1.2288354e-01  -3.2051611e-03  -1.6313309e-03  -1.1105739e-03
  -1.6860430e-01   3.3494637e-03   1.3961221e-01  -4.2692133e-03  -1.6214619e-03  -1.2119147e-03
  -1.6299842e-01   4.8409567e-02   1.5163989e-01  -3.7924409e-03  -1.4257093e-03  -1.2757058e-03
  -1.6400999e-01  -3.9358239e-02   1.5875312e-01  -3.4191545e-03  -1.6246367e-03  -1.0968955e-03
  -1.6399791e-01  -1.4512639e-02   1.4621550e-01  -3.3947325e-03  -1.6720676e-03  -1.1139669e-03
  -1.6782441e-01   5.1813003e-03   1.4911602e-01  -3.5185361e-03  -1.7375148e-03  -1.2240692e-03
  -1.6525012e-01  -6.1131754e-02   1.5701011e-01  -3.9200546e-03  -1.8169771e-03  -1.1608974e-03
  -1.7333406e-01   5.0245857e-02   1.6702819e-01  -3.9267051e-03  -1.5993650e-03  -1.4209513e-03
  -1.6991726e-01  -4.2033561e-02   1.8856767e-01  -4.0523222e-03  -1.6012329e-03  -1.2761628e-03
  -1.6926005e-01  -8.1867435e-02   1.6487314e-01  -3.8724353e-03  -1.6084767e-03  -1.1266188e-03
  -1.7074983e-01   8.0107653e-03   1.4708439e-01  -4.1514075e-03  -1.6398285e-03  -1.3687493e-03
  -1.6881697e-01  -9.3016536e-03   1.3944987e-01  -4.2641948e-03  -1.8349978e-03  -1.4138422e-03
  -1.7212039e-01  -7.3069755e-02   1.1532130e-01  -3.4227869e-03  -1.8319155e-03  -1.2911157e-03
  -1.7938522e-01   5.2353193e-02   1.2804483e-01  -3.5775738e-03  -1.8241888e-03  -1.4486563e-03
  -1.6126353e-01   5.1198058e-03   1.2891379e-01  -3.2354702e-03  -1.7941368e-03  -1.0754017e-03
  -1.6046706e-01  -5.3231913e-02   1.3680660e-01  -3.7442150e-03  -1.8089938e-03  -1.2196497e-03
  -1.5576440e-01   4.4165951e-02   1.4127870e-01  -3.9757998e-03  -1.7137902e-03  -1.3608489e-03
  -1.5516150e-01  -3.9794706e-02   1.4055802e-01  -3.7654376e-03  -1.8717418e-03  -1.3436425e-03
  -1.5475489e-01  -3.8535839e-02   1.1755995e-01  -3.8927532e-03  -1.8819258e-03  -1.1419716e-03
  -1.5517118e-01   4.1429261e-02   1.1854569e-01  -3.7466192e-03  -1.7354199e-03  -1.3407358e-03
  -1.6133952e-01   2.5717842e-02   9.7290241e-02  -3.4179200e-03  -1.9888951e-03  -1.2095888e-03
  -1.6341364e-01  -3.1163264e-03   1.0317821e-01  -3.5804487e-03  -1.8655691e-03  -1.2370867e-03
  -1.6250890e-01   7.8632684e-02   8.9472937e-02  -2.6545217e-03  -1.6346825e-03  -1.1613230e-03
  -1.5592067e-01  -9.5464965e-02   7.9416969e-02  -2.4984167e-03  -1.3289397e-03  -9.0087335e-04
  -1.4887321e-01   7.2927392e-02   9.0643724e-02  -3.2422700e-03  -1.1684661e-03  -9.1996404e-04
  -1.4981921e-01   4.4236856e-02   9.1938848e-02  -3.1163914e-03  -9.0806478e-04  -8.0532742e-04
  -1.4592197e-01  -9.1890490e-02   8.2356056e-02  -3.3619015e-03  -1.2134524e-03  -6.8199025e-04
  -1.5214229e-01   7.2340213e-02   9.6749183e-02  -3.6675694e-03  -1.2076587e-03  -8.5804572e-04
  -1.5719437e-01  -2.1567421e-02   1.0269046e-01  -3.0717927e-03  -1.1067234e-03  -9.9923064e-04
  -1.6116941e-01   2.8809929e-02   1.1904866e-01  -3.2170309e-03  -1.3230551e-03  -9.3747975e-04
  -1.6198988e-01   1.3848314e-02   1.5145039e-01  -3.7463801e-03  -1.2825365e-03  -9.9875501e-04
  -1.5986036e-01  -1.0595182e-01   1.2525661e-01  -3.5812842e-03  -1.5133657e-03  -7.4799576e-04
  -1.6256415e-01   1.6612999e-02   1.1224633e-01  -3.7664455e-03  -1.2654746e-03  -8.5895033e-04
  -1.4904925e-01  -2.6354566e-02   8.6021885e-02  -3.7347010e-03  -1.2564037e-03  -3.9044271e-04
  -1.5191517e-01  -5.8412221e-02   4.6548881e-02  -2.4846985e-03  -1.2935290e-03  -3.8113702e-04
  -1.5053278e-01   8.9299591e-02   8.7958940e-02  -3.2705384e-03  -1.2450124e-03  -4.0165142e-04
  -1.5068755e-01   2.0184023e-02   1.5077211e-01  -2.4663186e-03  -1.7165287e-03   1.0386057e-05
  -1.3809692e-01   2.0210330e-02   2.3358987e-01  -3.2047296e-03  -1.5261424e-03   7.9546725e-05
  -1.4163302e-01  -1.0695106e-02   1.7131920e-01  -3.1113043e-03  -1.3918995e-03  -3.3491792e-05
  -1.5511570e-01  -4.6469819e-02   2.2328662e-01  -3.1634067e-03  -1.3570585e-03  -4.0145464e-05
  -1.6441669e-01   8.9855513e-02   2.4941194e-01  -3.8349784e-03  -1.3561120e-03  -4.4369604e-04
  -1.6153458e-01  -1.7144636e-02   2.3548989e-01  -3.5834115e-03  -1.6473385e-03  -3.9717873e-04
  -1.6475022e-01  -8.3572455e-02   2.0575459e-01  -3.4672874e-03  -1.6340142e-03  -3.5489927e-04
  -1.6013751e-01   6.4450513e-02   2.0109414e-01  -3.6584267e-03  -1.4952433e-03  -4.8678288e-04
  -1.5368905e-01   2.8117866e-02   1.9329290e-01  -3.3053471e-03  -1.3549060e-03  -2.9337976e-04
  -1.4393621e-01  -4.5727523e-02   1.6912893e-01  -2.7139179e-03  -1.3241689e-03   1.5587756e-04
  -1.5247404e-01   2.1921143e-02   1.6410649e-01  -2.9883103e-03  -1.3219233e-03  -4.0529175e-05
  -1.5745770e-01   5.7801894e-02   1.9848856e-01  -3.5335572e-03  -1.6233793e-03  -2.3096600e-04
  -1.6247763e-01  -2.0887183e-02   1.9058924e-01  -3.1444945e-03  -1.6180697e-03  -2.5867762e-04
  -1.6186571e-01   1.3309730e-02   1.6249586e-01  -2.5644344e-03  -9.6042690e-04  -2.8937365e-04
  -1.6750618e-01  -3.9148737e-02   1.9350169e-01  -3.4073389e-03  -1.0177757e-03  -4.4574877e-04
  -1.6882082e-01   4.2732625e-02   1.7405733e-01  -3.6683824e-03  -5.3472856e-04  -5.4934854e-04
  -1.6455318e-01   6.0853479e-02   1.7281432e-01  -3.5420046e-03  -3.7182826e-04  -6.0850740e-04
  -1.5976262e-01  -5.5765120e-02   1.8708668e-01  -3.4050236e-03  -1.3639135e-04  -4.8000497e-04
  -1.5889421e-01   8.3804952e-02  -2.4201405e-02  -3.3943345e-03  -6.8175132e-04  -5.6624235e-04
  -1.7748664e-01  -1.1223106e-01   1.2661777e-01  -3.4007842e-03  -1.0471221e-03  -3.7176210e-04
  -1.8610547e-01  -1.5706108e-02   1.3655447e-01  -3.3869110e-03  -8.0248780e-04  -9.8506377e-04
  -1.8281906e-01  -6.1593895e-02   1.7537040e-01  -3.6230347e-03  -4.3705074e-04  -9.1011024e-04
  -1.8104179e-01  -1.2908068e-01   2.0712052e-01  -3.5372123e-03  -6.1261136e-04  -7.3047553e-04
  -1.8370538e-01  -2.2660419e-02   2.0412784e-01  -3.7985477e-03  -7.1070434e-04  -6.9113080e-04
  -1.8923257e-01  -3.7561726e-02   1.9272704e-01  -3.7452587e-03  -6.7546359e-04  -6.0598054e-04
  -1.8471104e-01  -2.1722959e-02   1.7639054e-01  -3.6358964e-03  -5.8635711e-04  -5.4910199e-04
  -1.7866682e-01  -5.7031131e-02   1.2687593e-01  -2.4384106e-03  -3.1090562e-04  -3.4379247e-04
  -1.8029447e-01   5.1059357e-02   1.3608941e-01  -2.6393260e-03  -7.3409682e-05  -3.7839718e-04
  -1.8161836e-01  -6.8244161e-02   1.3257119e-01  -2.6006946e-03  -5.4838416e-05  -3.8915201e-04
  -1.9025126e-01   1.4410706e-02   1.9152652e-01  -3.7141343e-03  -1.0518960e-04  -6.2266602e-04
  -1.8154500e-01  -1.5376288e-02   1.9320422e-01  -3.8805586e-03  -1.7393836e-04  -5.7195940e-04
  -1.8073169e-01   3.1245803e-02   2.1178043e-01  -4.1954891e-03  -4.3712358e-05  -5.9074471e-04
  -1.7917872e-01   3.4416913e-02   2.0141759e-01  -3.3063662e-03  -1.1745489e-04  -5.9018110e-04
  -1.8149249e-01  -3.4907499e-02   2.1146185e-01  -3.7209935e-03  -1.6696852e-04  -5.2202329e-04
  -1.8480020e-01  -6.6693223e-02   1.6854424e-01  -3.7104819e-03  -1.2118182e-04  -4.6650494e-04
  -1.8636781e-01   8.1547507e-02   1.6358411e-01  -3.8999549e-03   2.1909921e-06  -6.8168075e-04
  -1.7952450e-01  -6.5345695e-02   1.6796474e-01  -3.1135870e-03  -8.2949516e-05  -4.7776640e-04
  -1.8180346e-01   6.3428928e-02   1.8933469e-01  -3.4271155e-03   1.3400300e-04  -5.3140741e-04
  -1.9003682e-01   1.5107440e-03   2.0529843e-01  -3.5053909e-03  -9.6175599e-05  -4.0916526e-04
  -1.7670725e-01  -6.0470728e-02   1.5587100e-01  -2.6819527e-03   1.2622091e-04  -3.0190514e-04
  -1.8246243e-01   3.1234467e-02   1.7226706e-01  -3.7631255e-03   1.7658238e-04  -4.5536630e-04
  -1.7867064e-01   3.9264303e-04   1.5591378e-01  -2.9636788e-03   1.2748074e-05  -4.2141098e-04
  -1.8532945e-01   1.4041496e-01   1.8509819e-01  -3.6704874e-03   7.4073820e-04  -6.5983361e-04
  -1.8199815e-01  -6.0727243e-02   1.8815405e-01  -3.7571280e-03   1.7131090e-04  -5.9729725e-04
  -1.8145605e-01  -2.0174784e-02   1.6183128e-01  -3.3193811e-03   3.0771395e-04  -5.3374955e-04
  -1.8641582e-01   8.9521632e-02   1.9506302e-01  -3.6174711e-03   4.1821107e-04  -7.1282999e-04
  -1.8288562e-01  -4.2028985e-02   1.7783726e-01  -2.7975085e-03   3.9524780e-04  -5.3351562e-04
  -1.8330541e-01  -2.4776443e-02   1.9448629e-01  -3.9708827e-03   4.5764596e-04  -4.3677900e-04
  -1.8522905e-01   3.5278619e-02   1.8814756e-01  -4.1944591e-03   5.8381693e-04  -6.6647301e-04
  -1.7973537e-01  -6.6803856e-02   1.3735842e-01  -2.9534308e-03   8.0450876e-04  -2.8309956e-04
  -1.7941340e-01   6.7591943e-02   1.6615948e-01  -3.7735218e-03   6.4627850e-04  -3.8910452e-04
  -1.8377155e-01   4.0276291e-02   1.8713966e-01  -4.0702552e-03   5.8788991e-04  -4.0300849e-04
  -1.7294671e-01  -3.3215365e-02   1.4453416e-01  -2.7791107e-03   8.2931869e-04  -2.4485775e-04
  -1.7248867e-01   5.0297296e-02   1.5777517e-01  -3.3751835e-03   9.4824745e-04  -7.7372982e-04
  -1.7963425e-01   2.9861367e-02   1.6352473e-01  -4.2377356e-03   8.3497794e-04  -7.6379077e-04
  -1.8049423e-01   5.6543601e-02   1.6911406e-01  -4.6174497e-03   7.4010003e-04  -7.9987624e-04
  -1.7835706e-01   5.4499895e-04   1.6282678e-01  -4.0181260e-03   7.7963352e-04  -7.1135895e-04
  -1.7331230e-01   6.3901616e-02   1.8422042e-01  -4.1219270e-03   9.6993807e-04  -7.1644344e-04
  -1.7609985e-01   3.3228600e-02   1.7156880e-01  -4.0609231e-03   8.0584475e-04  -7.3781464e-04
  -1.7857877e-01  -6.1958133e-03   1.5277867e-01  -3.5906442e-03   9.2433988e-04  -5.0567962e-04
  -1.7913039e-01   5.0156356e-02   1.4356651e-01  -3.6031682e-03   9.5304116e-04  -4.9675701e-04
  -1.7854856e-01   1.9126354e-02   1.7464442e-01  -4.0337629e-03   9.6563860e-04  -2.1814906e-04
  -1.8017315e-01  -4.0338747e-02   1.5948469e-01  -3.8681351e-03   8.1652827e-04  -2.0042940e-04
  -1.8748341e-01   8.1098574e-02   1.4267627e-01  -4.3279895e-03   1.0405669e-03  -4.4864136e-04
  -1.7496675e-01  -1.5794947e-03   1.4707913e-01  -3.7534473e-03   1.0064687e-03  -2.3651279e-04
  -1.7870500e-01  -1.3631551e-02   1.6379115e-01  -3.5665569e-03   9.8856791e-04  -1.1686506e-04
  -2.0882558e-01   5.4668947e-02   1.8549550e-01  -3.5537312e-03   1.2864177e-03  -5.6327643e-04
  -1.9363588e-01  -1.9527397e-03   1.9894112e-01  -4.2975035e-03   1.4421056e-03  -4.8667583e-04
  -1.8540257e-01  -4.7190958e-02   1.7051632e-01  -4.1900100e-03   1.6905301e-03  -5.9791379e-04
  -1.8226851e-01   5.6840691e-02   1.7922897e-01  -4.4872912e-03   2.0650267e-03  -6.8662894e-04
  -1.8398551e-01  -3.5993667e-02   1.6368646e-01  -4.1303331e-03   1.9704468e-03  -6.9269699e-04
  -1.9402266e-01   4.6903318e-02   1.4029313e-01  -4.0038723e-03   1.9377020e-03  -5.8846964e-04
  -1.9643665e-01   3.2333028e-02   1.3551001e-01  -3.7999945e-03   1.9644818e-03  -5.5391938e-04
  -1.9196835e-01  -7.7140521e-02   1.4956419e-01  -3.7961882e-03   1.9498128e-03  -4.7546858e-04
  -1.8855867e-01   2.6254643e-02   1.4455906e-01  -4.2156523e-03   2.2707471e-03  -3.5231073e-04
  -1.9582492e-01   1.1375355e-02   1.2068686e-01  -3.0303455e-03   2.3557918e-03  -2.4378458e-04
  -1.9077944e-01  -5.6395599e-02   1.4013125e-01  -3.2767239e-03   2.0561677e-03  -2.9121343e-04
  -1.9737613e-01   2.2936834e-02   1.6195975e-01  -4.4031395e-03   2.1041008e-03  -6.0057143e-04
