   0.0000000e+00  -1.0995989e-14   0.0000000e+00   1.9259299e-34  -3.3409559e-52  -1.4375005e-18
  -1.0105326e-03   7.5172648e-02   2.6470850e-03   1.4282837e-04   5.2515729e-05  -4.8949819e-06
   1.1164618e-02   2.5649176e-02   1.0028857e-02   5.8268035e-04  -8.3547385e-04   8.4229296e-04
   2.9105021e-03   7.8530107e-02   1.6963111e-02  -8.5767382e-05  -3.7315421e-04   1.9989354e-04
   5.7705522e-03   1.1726062e-03   8.7478060e-03   5.8613908e-04  -2.2445018e-04   1.5515702e-04
   7.9817642e-03   1.7197507e-02   3.8102216e-02  -4.4119924e-04  -1.3864849e-04   2.3481056e-04
   1.8961040e-03   2.7707894e-02   4.1435008e-02  -7.7279637e-04  -1.5193325e-04   2.7927210e-04
   3.5722314e-03   6.8535472e-03   2.5046510e-02  -7.3205220e-04  -2.8505998e-04   2.6811660e-04
  -3.7073877e-03   4.4048112e-02   1.6722836e-02  -4.7781729e-04  -2.2139070e-04   2.9865349e-04
   1.3036739e-03   4.2402563e-03   4.5611452e-02  -3.4822031e-04  -2.4200501e-04   1.9422394e-04
   4.8468796e-03   1.7130459e-02   3.6723068e-02  -6.8815734e-04  -2.2946612e-04   2.6875315e-04
   6.8725089e-03   2.2712041e-02   2.7199283e-02  -6.2299983e-04  -2.3575843e-04   2.0924856e-04
   1.1566445e-02   1.1442927e-02   2.7222823e-02  -4.7478229e-04  -3.6773267e-04   2.9175256e-04
   1.0835556e-02   1.7649027e-02   2.8262540e-02  -5.0000224e-04  -2.3111174e-04   2.8653812e-04
  -3.2204225e-04  -3.6528287e-03   2.8791812e-03   6.1166418e-04   7.3258610e-05  -2.6921702e-04
   9.9217258e-03   1.3564677e-02   2.3518535e-02  -6.9953911e-04  -5.4474265e-04   4.4957508e-04
   1.0194600e-02   8.9657255e-03   1.9476073e-02  -5.8912445e-04  -2.7420172e-04   3.1464304e-04
   8.7539308e-03  -5.2906556e-03   3.4998439e-02  -1.9856276e-04  -1.3351224e-04   1.3607958e-04
   1.3916388e-03  -1.1272889e-02   2.7588822e-02  -2.4372711e-04   1.1517876e-05   8.2634761e-05
   2.6599381e-03   5.0807932e-02   1.8872135e-02  -1.0648776e-03  -2.8068564e-05   2.0584950e-04
   3.1529058e-03   2.5906795e-02   1.3610291e-02  -8.8022264e-04   4.2463726e-05   1.5883840e-04
   1.2118043e-02   7.2859382e-03   2.4355908e-02  -6.3139635e-04  -4.2973641e-05   1.6327482e-04
   6.0665779e-03  -2.8486823e-02   2.3656522e-02  -5.8745792e-04   5.6883098e-05   9.2815488e-05
   9.6732990e-04   2.0499567e-03   2.3948548e-02  -5.7776669e-04   1.6355976e-04   9.1578609e-05
   3.6702166e-03  -1.7852593e-03   2.3084600e-02  -6.3435204e-04   1.0852427e-04   7.7873770e-05
   1.5421045e-03   7.1424111e-03   2.7218810e-02  -3.9761215e-04   6.0448964e-05   5.2459682e-05
   1.0394783e-02   4.6455202e-03   4.2632943e-02  -7.3611105e-04  -1.2385866e-04   2.1879680e-04
  -5.1088391e-03   2.6871585e-02   7.6882128e-04   2.9177505e-04   3.5558362e-04  -5.3722202e-04
  -2.2102889e-02   2.9258358e-02  -1.3094388e-02   5.8194192e-04   5.4675008e-04  -1.2071657e-03
  -1.1624615e-02   1.8461473e-02   1.5074344e-02  -3.0002486e-04   1.1672750e-04  -2.7283938e-04
   6.6178404e-03   6.5134137e-02   3.0398636e-02  -1.2665162e-03   5.0778247e-05   2.7687460e-04
   1.2939349e-02  -3.5761841e-03   2.1609098e-02  -1.3161121e-03  -1.3702935e-04   2.8776584e-04
   1.3874137e-02   1.8746700e-02   2.5350565e-02  -1.0723559e-03  -2.8182162e-04   3.2183875e-04
   1.0087290e-02  -2.8223383e-03   2.8941216e-02  -1.2116797e-03  -2.6696718e-04   3.8405337e-04
   9.7643110e-03   1.3667648e-02   1.6308672e-02  -1.2654607e-03  -2.7533692e-04   3.2583752e-04
   1.6692584e-02   6.3834336e-03   3.1951672e-02  -8.0805530e-04  -2.3689546e-04   4.0007390e-04
   2.3150695e-02  -1.5046554e-02   3.9185190e-02  -6.6059787e-04  -2.1985208e-04   2.9162359e-04
   2.7290130e-02   1.4075740e-02   3.4636092e-02  -1.0239109e-03  -2.2326121e-04   3.6768226e-04
   2.0946728e-02   5.3755503e-05   3.5102362e-02  -9.9821397e-04  -3.8743056e-04   4.1217967e-04
   1.1681123e-02   6.6782479e-03   3.2203088e-02  -1.1347298e-03  -2.6887963e-04   1.9167497e-04
   1.3724239e-02   7.3178122e-02   2.7821671e-03   5.9164658e-05  -3.0067977e-04  -2.0099824e-04
  -2.0467086e-04  -1.0407463e-01  -5.6985829e-02   1.7807251e-03  -2.1849994e-04  -3.1380126e-04
   1.1167303e-02   3.0285638e-02  -5.6561866e-02   8.7246403e-04  -5.4755737e-04   3.2048553e-04
   1.8976216e-02   3.7973902e-02  -4.1040136e-02   1.5958830e-04  -6.1686055e-04   7.1700362e-04
   2.6083831e-02   2.8163440e-02  -1.8832255e-02   1.6820227e-04  -6.7183514e-04   6.3772784e-04
   3.2503763e-02   2.0229458e-02  -1.2584481e-02   4.0653004e-04  -5.1194704e-04   5.0743988e-04
   2.6436763e-02  -7.4666727e-03  -9.5065016e-03  -1.3904421e-04  -7.2616959e-04   6.6027371e-04
   1.5820004e-02   1.5251100e-02  -1.4917595e-02  -1.5687351e-04  -5.3077164e-04   5.3755131e-04
   2.2116108e-02   1.5397578e-02  -1.2438494e-02  -5.0206385e-05  -6.7785682e-04   5.1549599e-04
   2.5693713e-02  -1.4676653e-02  -1.0580469e-02  -3.0264834e-04  -6.5060377e-04   5.5589035e-04
   1.9019309e-02  -1.5074835e-02  -1.3531019e-02  -1.9993836e-04  -7.4193028e-04   5.0791540e-04
   2.1121130e-02  -5.3389891e-03  -3.0483702e-03  -4.6069018e-04  -7.6074337e-04   4.7202512e-04
   2.5705507e-02   1.8762060e-02  -2.8087024e-03  -2.1873486e-04  -6.7104561e-04   4.3980335e-04
   1.7280508e-02  -1.9136980e-02  -3.1692829e-02   1.0819036e-03  -3.0757720e-04   3.8505615e-05
   9.1285436e-04  -2.4743565e-02  -9.6489320e-03  -2.3046374e-04   7.5883192e-05  -4.2081740e-04
   1.6472401e-03   3.6920491e-02  -4.3349653e-02   3.2017297e-04  -2.0974202e-04  -2.4846223e-04
   1.7829169e-02   3.2580133e-02  -2.1210356e-02  -1.0017806e-03  -3.7682407e-04   3.7916618e-04
   1.5729208e-02   6.5511895e-02  -1.8534109e-02  -7.7996522e-04  -5.1499897e-04   4.3802437e-04
   1.3746386e-02   2.5226740e-02  -8.4384782e-04  -9.4035245e-04  -5.8518130e-04   4.7090670e-04
   2.3427351e-02  -6.1025211e-03  -8.9665229e-04  -9.8675424e-04  -6.1818531e-04   4.7541937e-04
   1.6429198e-02  -2.3979680e-02  -8.9928808e-03   3.2199167e-04  -3.6385204e-04   2.8900672e-04
   2.1055413e-02   1.1495592e-02   1.8070648e-02  -7.1407209e-04  -5.1538191e-04   3.4998062e-04
   2.0316122e-02  -2.4447543e-03   9.3841590e-03  -6.6883184e-04  -4.8217084e-04   3.4019617e-04
   1.9900968e-02   3.2636821e-04   1.0767666e-02  -6.2501556e-04  -4.5061433e-04   2.3420239e-04
   1.7375277e-02   1.4350872e-02   9.6133158e-03  -3.5623167e-04  -2.4518431e-04   4.4775497e-05
   1.6865724e-02   1.2570151e-02  -1.5339957e-03  -5.1370668e-04  -5.1678317e-04   1.0399903e-04
   9.1281076e-03   1.0927406e-02  -4.4586088e-02   6.5969494e-04  -1.2032100e-04  -2.6386439e-04
  -5.5721650e-03   7.8033765e-03  -3.6004534e-02   5.7604986e-04   8.0137198e-05  -7.2413824e-04
   1.6480465e-02   4.3353332e-02  -2.1166946e-02  -9.0229424e-04  -3.7571567e-04   4.0967619e-04
   8.7471441e-03   3.1891502e-02  -2.1301930e-02  -1.3890050e-03  -7.4194689e-04   3.3205373e-04
   8.0009005e-03   3.6630523e-02  -1.6049695e-02  -5.9308004e-04  -4.6448206e-04   2.6533501e-04
   1.3834802e-02   3.6181666e-03   3.4010746e-03  -8.8500568e-04  -5.1689509e-04   3.5934703e-04
   1.5927280e-02  -1.8061825e-02   1.0449455e-02  -1.0669677e-03  -4.0391190e-04   3.9902878e-04
   2.1394478e-02   7.0247376e-03   3.4353119e-03  -5.9358592e-04  -1.2345178e-04   2.6158401e-04
   2.7403603e-02   1.0367653e-02   1.2035498e-02  -8.9537249e-04  -4.4450931e-04   3.7519871e-04
   1.8678062e-02   1.4549370e-02   8.4598531e-03  -9.5769228e-04  -4.0963061e-04   4.0136996e-04
   2.3990158e-02  -1.8099618e-02   5.2249646e-03  -6.1612711e-04  -3.8519365e-04   1.7621292e-04
   2.5909582e-02   8.7743323e-04   8.2449052e-03  -7.6986866e-04  -5.1493328e-04   2.2362587e-04
   2.3951597e-02  -6.9011256e-03   4.7322518e-03  -1.1177970e-03  -4.9733499e-04   3.4089060e-04
   3.4340986e-03  -2.4516752e-02  -2.8397921e-02   5.7628807e-04  -2.6818417e-05  -5.7077342e-04
  -8.4336549e-05   4.2648260e-02  -4.3597088e-02   3.6644333e-04   1.1498763e-05  -8.6704094e-04
   7.2168604e-03   3.9904530e-02  -2.0521012e-02  -6.3612520e-04  -8.1460114e-05  -2.6328741e-04
   2.2598368e-02   4.5253236e-02  -2.3033664e-04  -1.3994397e-03  -3.1937886e-04   2.0397680e-04
   2.2974181e-02   1.7368089e-02  -2.0224733e-02  -1.4574815e-03  -6.0000943e-04   3.5438084e-04
   1.5739545e-02   1.7537239e-02  -2.3949498e-02  -9.0069296e-04  -5.9583689e-04   3.1579851e-04
   1.5481600e-02   3.6188587e-02  -2.1616265e-02  -7.5765965e-04  -5.1219913e-04   3.2365574e-04
   1.7576501e-02  -8.2582832e-03  -2.2065062e-02  -9.8462223e-04  -6.5299469e-04   3.2652062e-04
   2.3039683e-02   2.5117177e-02  -2.0960401e-02  -1.7653799e-04  -5.7765976e-04   2.2682301e-04
   2.6227463e-02  -5.5612752e-03  -3.7982560e-05  -6.1815477e-04  -3.3191079e-04   1.8066690e-04
   2.4232567e-02   4.3263024e-03  -6.4294431e-03  -6.5032894e-04  -4.4210698e-04   1.1103536e-04
   1.7947112e-02  -1.4423903e-02  -1.2257818e-02  -7.1848541e-04  -2.6624948e-04   9.2965511e-05
   1.6558355e-02   2.5321103e-02  -1.8513935e-02  -7.3483138e-04  -1.2498110e-04   5.7952224e-05
   1.2685604e-02   1.3967953e-02  -4.6558825e-02   2.7283772e-04  -2.4682540e-04  -3.6715521e-04
   2.1785792e-02  -2.8784891e-03  -2.1176925e-02  -1.1830194e-03  -2.7230044e-04   1.2247441e-04
   1.8057815e-02   7.7563952e-02  -6.1221189e-02  -1.1556044e-04  -2.9730828e-04  -4.0010668e-04
   1.9312350e-02  -3.7752540e-02  -3.7759647e-02  -8.4809365e-04  -6.4441142e-04   3.2499325e-04
   1.8548783e-02   1.0348303e-02  -1.3835407e-02  -8.0181555e-04  -5.3207577e-04   4.0890879e-04
   1.5766580e-02  -6.3248245e-03  -2.4602454e-02  -8.4738503e-04  -2.7097365e-04   2.7922706e-04
   1.6618891e-02   2.6380796e-03  -2.9210807e-02  -5.6303763e-04  -5.0176705e-04   2.7561259e-04
   2.3932692e-02   1.7368399e-02  -1.5651717e-02  -6.6857105e-04  -6.0040820e-04   2.2714334e-04
   3.2067891e-02  -5.9270449e-03  -9.5138112e-03  -8.0602466e-04  -4.7868585e-04   2.4956996e-04
   3.0307087e-02   2.7664382e-03  -1.9314142e-03  -8.4492089e-04  -3.3527684e-04   2.4507979e-04
   3.0783965e-02  -3.4228855e-02  -1.9091650e-02  -6.1638197e-04  -6.0963817e-04   2.4906868e-04
   2.8918510e-02  -8.0288675e-03  -1.9844100e-02  -5.0599360e-04  -3.5925730e-04   1.2889572e-04
   2.6737315e-02  -2.3650178e-02  -2.0440062e-02  -6.5108369e-04  -4.9674115e-04   1.7734967e-04
   1.3497999e-02  -7.0482860e-03  -3.7233685e-02  -1.0406970e-04  -1.3388056e-04  -1.7063559e-04
   2.9141755e-02   2.2338977e-02  -2.5251842e-02  -7.6517340e-04  -4.1922087e-04   3.3975778e-04
   2.2326788e-02  -5.7466185e-03  -2.7912320e-02  -8.6259493e-04  -4.9954924e-04   2.2219313e-04
   1.6404307e-02  -3.2114678e-03  -3.0803234e-02  -5.5955283e-04  -5.0988524e-04   3.3140543e-04
   4.0807445e-02   2.5127522e-01  -7.3800646e-03  -1.0998986e-03  -4.8345868e-04   5.9058343e-04
   2.5123784e-02  -2.4561808e-01  -4.3165014e-02  -1.2101004e-03  -7.0047847e-04   2.9460203e-04
   1.9998198e-02   2.5497578e-02  -5.4776616e-02  -4.1381345e-04  -8.0289151e-04   2.1978419e-04
   2.4568775e-02  -8.1314617e-04  -2.9002762e-02   2.0124543e-05  -5.8712067e-04   2.3475778e-04
   2.5079891e-02  -1.8571201e-02  -1.3280215e-02  -5.4460650e-04  -5.4750637e-04   2.8373392e-04
   2.5007860e-02  -3.3703874e-03  -1.8116469e-02  -5.3702239e-04  -6.1529027e-04   1.3081594e-04
   2.5236600e-02  -1.2038433e-04  -2.9445413e-02  -4.4356922e-04  -6.6481633e-04   1.6128985e-04
   3.3276034e-02  -2.4913752e-03  -2.2203055e-02  -4.7861071e-04  -5.9428957e-04   2.4645107e-04
   3.1841922e-02   2.5584987e-02  -3.3521875e-02  -5.1555734e-04  -7.1758197e-04   2.1827525e-04
   2.1307910e-02   2.2640104e-02  -7.6866715e-02   8.2745672e-04  -6.3341033e-04  -2.2613358e-04
   1.6739391e-02  -2.6579485e-02  -9.0685474e-02   1.0633999e-03  -5.1522725e-04  -4.6183090e-04
   1.1211628e-02   5.5775158e-02  -7.0996416e-02   6.1248922e-04  -3.1059938e-04  -2.3996951e-04
   1.7983141e-02   1.9893030e-02  -5.8605800e-02   4.2650534e-04  -3.8106649e-04   4.6641888e-05
   2.3403644e-02  -6.0380238e-03  -3.5092957e-02  -3.7504464e-04  -3.4087305e-04   6.0445824e-05
   2.4685052e-02   8.3777275e-03  -4.8059270e-02  -6.5472936e-04  -5.4439181e-04   4.5579049e-05
   1.8331440e-02   4.0386599e-02  -6.5966405e-02  -5.2559520e-04  -5.1897163e-04   8.4031085e-05
   1.8824819e-02   5.2514522e-02  -4.5778183e-02  -9.3484700e-04  -5.1192746e-04   1.9155868e-04
   2.5096436e-02   1.4649660e-02  -5.0610541e-02  -1.1021817e-03  -6.0321781e-04   3.0398604e-04
   2.7652941e-02  -2.3912349e-03  -5.2856335e-02  -6.8275096e-04  -4.9512272e-04   3.0790674e-04
   3.0784326e-02   5.6021084e-04  -3.8313142e-02  -7.1857859e-04  -5.2622049e-04   1.9834419e-04
   2.4527865e-02  -2.3748936e-02  -3.2741088e-02  -5.0890861e-04  -3.2205604e-04   1.7044769e-04
   1.8669874e-02   7.7902724e-03  -2.7389868e-02  -5.3033859e-04  -4.0685907e-04   9.1097061e-05
   5.2319694e-03   1.5496047e-02  -5.6160058e-02   6.8533352e-04   1.0469929e-05  -5.9957353e-04
   1.5200742e-02   4.9898802e-02  -4.3485159e-02  -5.4556513e-04  -2.1699694e-04  -1.6353609e-04
   2.6894150e-04   2.7950817e-02  -7.1079158e-02   4.5469037e-04  -4.6146178e-05  -7.1649466e-04
   2.5268003e-02   2.6408188e-02  -4.2178555e-02  -7.9669400e-04  -5.3925102e-04   4.6268699e-04
   2.3202416e-02   6.8598845e-03  -5.2721904e-02  -8.8696494e-04  -4.5001384e-04   2.3991249e-04
   2.5167510e-02   5.2388803e-02  -5.4753237e-02  -6.9719850e-04  -7.5491760e-04   1.9311809e-04
   2.1717037e-02   2.0083247e-02  -4.3965381e-02  -7.8968796e-04  -5.6849183e-04   3.0980105e-04
   1.8048218e-02   1.3036289e-02  -3.8084989e-02  -7.0188379e-04  -4.3736300e-04   1.9743770e-04
   2.6858144e-02   5.3602042e-03  -4.3919683e-02  -6.0836648e-04  -6.0495054e-04   1.6616106e-04
   2.5267477e-02  -4.1351903e-03  -4.7097541e-02  -2.8620145e-04  -5.4946465e-04   8.5981864e-05
   1.4815670e-02  -1.8266453e-02  -3.5927418e-02  -4.0622060e-04  -5.5813577e-04   2.2527349e-05
   1.6735399e-02   2.4660076e-02  -2.6936270e-02  -3.6565671e-06  -2.8536366e-04  -9.0968614e-05
   3.2587038e-02   6.8813847e-03  -2.0379035e-02  -2.7591637e-04  -4.4275104e-04   1.4180868e-04
   1.1242997e-02   4.2621196e-02  -8.2964043e-02   3.1910482e-04  -3.2438203e-04  -3.5182980e-04
   1.3320667e-02   5.7363347e-02  -9.7900777e-02  -4.9152675e-04  -6.4309329e-04  -1.4240918e-04
   7.1984329e-03   3.1486347e-02  -9.0562390e-02   5.9242411e-04  -5.7094354e-04  -1.6713376e-04
   2.1575781e-02  -2.3016786e-02  -3.4587080e-02  -8.0840236e-04  -4.9455454e-04   3.7012381e-04
   2.5983830e-02  -3.1507957e-02  -4.5493303e-02  -7.5741362e-04  -5.9734616e-04   2.4556712e-04
   2.6197904e-02   5.2897309e-03  -3.7598013e-02  -8.4542539e-04  -5.8326312e-04   2.9582951e-04
   2.3079484e-02   9.4493788e-03  -4.8873876e-02  -4.0319422e-04  -2.5195440e-04   1.6921652e-04
   1.8087830e-02   1.7122090e-02  -5.9408804e-02  -5.9680733e-04  -1.3219203e-04  -2.3853591e-05
   2.5023492e-02   4.0367783e-02  -4.7426649e-02  -8.2293940e-04  -2.6359894e-04  -2.8960032e-05
   2.1361742e-02  -2.0514652e-02  -4.4627849e-02  -3.6442293e-04  -3.8597821e-04   1.0531562e-04
   1.5177865e-02  -2.2108449e-02  -5.0234105e-02  -6.1764276e-04  -3.9194037e-04   7.9180011e-05
   2.1186317e-02   4.6898098e-02  -4.2806242e-02  -2.1272276e-04  -4.0628695e-04  -1.6461789e-04
   2.4925605e-02   1.7573261e-02  -3.0958655e-02   2.3920415e-04  -2.5518923e-04   5.0840703e-05
   4.4447522e-03   4.5571736e-02  -8.2725608e-02   5.9929665e-04  -2.7195615e-04  -4.6107936e-04
  -6.4520255e-03   4.1939462e-02  -9.0669480e-02   3.3467909e-04  -2.0787691e-04  -6.5813081e-04
   8.9763788e-04   4.2126703e-02  -6.8745808e-02  -4.2274929e-04  -4.7827762e-04  -1.8153166e-04
   1.6284489e-02   1.1406633e-02  -5.4814895e-02  -5.8018890e-04  -4.9187015e-04   1.8386046e-04
   5.5545661e-02   1.1088542e-01  -4.9655804e-02   9.6024166e-04   2.0622273e-04  -5.4320050e-04
   6.2512504e-03   2.9658273e-02  -7.8401029e-02  -2.2891298e-04  -4.8524862e-04  -1.0366909e-04
  -6.4507148e-03   4.4624777e-02  -8.0500700e-02  -1.0073881e-03  -3.5111672e-04  -2.3789135e-04
  -1.2613006e-02   2.2683354e-02  -1.1578069e-01   2.7260354e-04  -1.2392673e-04  -2.9715604e-04
  -6.7509910e-05   2.3837342e-02  -8.4247500e-02  -4.8530476e-05  -2.4522647e-04  -2.8240234e-04
   8.0763137e-03  -7.4057091e-03  -6.9671978e-02  -2.1204011e-04  -2.9917975e-04  -2.2371932e-04
   6.4017717e-03  -1.5302542e-03  -5.5355691e-02  -7.3523630e-05  -2.5342734e-04  -3.0382718e-04
   9.7223768e-03   2.5982794e-03  -4.4360148e-02  -4.0776487e-04  -5.3008599e-04  -2.3744980e-04
   7.8548520e-03   2.5416138e-03  -5.0267247e-02  -7.1949448e-04  -4.1970012e-04  -1.6356332e-04
  -2.3965671e-03   7.9144662e-02  -7.5954286e-02   4.3953022e-05  -2.8251990e-04  -6.4629642e-04
  -1.3121008e-02  -4.4622444e-02  -1.5924266e-01   2.2700779e-03   5.1655354e-05  -9.0156448e-04
   6.7660249e-03  -7.8090327e-03  -1.4930502e-01   9.3004088e-04  -5.0563307e-04   1.8032126e-04
   1.2425518e-04  -6.7501887e-03  -1.3775882e-01   1.1010371e-03  -4.0717349e-04  -9.1111050e-05
   7.0203714e-03  -2.5440416e-02  -9.2275753e-02   9.2625957e-04  -1.9966504e-04  -1.8014138e-04
   4.6752855e-03   1.7819064e-02  -9.1175881e-02   1.0005074e-04  -2.0186623e-04  -1.9447134e-04
  -6.6080779e-03   3.4898009e-02  -9.6575307e-02  -3.7844696e-05  -1.5383060e-04  -2.8244566e-04
  -7.4109552e-03   1.8210205e-02  -1.1143084e-01   1.6558322e-05  -2.2717612e-04  -3.5717921e-04
   4.0089541e-03   8.1639075e-03  -1.2008756e-01   2.7582225e-04  -1.8427921e-04  -3.5406759e-04
   3.4759460e-03   2.5510198e-02  -1.0969584e-01   4.4985361e-05  -2.4877615e-05  -2.6341918e-04
  -4.6793970e-03  -6.9947060e-03  -1.1847166e-01   1.0046276e-04   7.4834457e-05  -2.6861279e-04
  -6.7525479e-03   2.1957899e-02  -1.0955539e-01   1.1860177e-04   8.1499436e-07  -3.2723420e-04
  -5.4100463e-03   1.8486334e-02  -9.3098902e-02  -2.7749558e-04   2.1693433e-04  -2.1329959e-04
  -9.6497073e-03   5.4342030e-02  -1.1958056e-01   1.1328977e-03   1.9757066e-04  -8.8055863e-04
  -9.5193514e-03   1.7115605e-03  -1.3259281e-01   7.6156677e-04   1.9154875e-04  -1.0183309e-03
   5.1475932e-03  -1.9222664e-02  -9.3448329e-02  -2.8760787e-04  -8.6787137e-05   1.4438414e-05
  -9.7201934e-03  -1.4939368e-02  -1.0363291e-01   4.0979934e-04   1.8201420e-04  -4.1437361e-04
  -9.6531528e-03   5.9377729e-02  -1.1039867e-01   4.9696386e-04   1.3011911e-04  -4.0113761e-04
  -1.3905928e-02   5.3766228e-02  -9.5472438e-02  -5.4122816e-05   3.3674686e-04  -4.7312506e-04
  -4.2686890e-03   7.4018624e-03  -7.9504087e-02   1.6598168e-04   2.0680350e-05  -5.3063963e-04
   6.7536399e-03   1.5769524e-01  -5.2738103e-02   1.2207692e-03  -9.2080894e-05  -8.7846475e-04
   1.3488215e-02   1.3743443e-01  -3.4142502e-02   1.0472078e-03  -1.1515065e-04  -9.4854398e-04
   8.8723515e-03   1.3729817e-01  -5.7414551e-02   1.5045034e-03  -2.0613389e-04  -9.7959116e-04
  -7.0671306e-03   9.4050808e-02  -1.0499767e-01   1.1459677e-04  -2.4772477e-04  -5.5044393e-04
   1.3670687e-03   7.4930970e-02  -9.8711329e-02  -2.1988630e-04  -5.5544429e-04  -6.1014518e-04
   1.7808148e-03   5.5947470e-02  -8.4458127e-02  -1.4107127e-04  -3.9559402e-04  -5.1182367e-04
  -1.9040146e-02   5.1806343e-03  -1.0539458e-01   1.3954632e-03   4.0844370e-04  -1.3539768e-03
  -2.0244174e-02   5.2646277e-03  -8.5004849e-02  -7.9454882e-05   1.9124878e-04  -9.6765268e-04
   1.0840154e-03   8.3643130e-03  -1.5245095e-01   7.7939182e-04  -2.6830604e-04   1.8065498e-04
   8.6130625e-03   3.6081200e-02  -1.2105370e-01   4.4073016e-04  -2.3739107e-04  -1.6882215e-04
   4.0980157e-03  -6.0596378e-03  -1.1203399e-01   9.1660627e-04  -1.9239199e-04  -3.3219697e-04
   3.3250012e-03   5.7768790e-02  -9.0063162e-02   5.0799434e-04  -1.4971289e-04  -2.1803168e-04
  -3.7744135e-04   7.2084467e-02  -1.0021547e-01  -1.4193630e-04  -3.0829440e-04  -1.2998565e-04
   3.4527098e-03   9.4159062e-03  -1.2309690e-01   1.5212980e-05  -5.1557479e-04  -2.7641583e-04
   3.1868350e-03   1.9701455e-02  -1.2478109e-01   7.4373378e-04  -4.3021623e-04  -2.5658545e-04
   2.0136049e-03   2.8749336e-02  -1.0532551e-01   8.8225033e-04  -2.6235833e-04  -2.8057251e-04
  -3.1158104e-03   2.7275489e-02  -1.0852094e-01   7.8267077e-04  -1.1704613e-04  -4.7853222e-04
  -2.6288095e-03   6.7658689e-02  -9.2793085e-02   1.1163295e-03  -3.8696743e-05  -6.2137205e-04
   5.0793664e-03   6.1736012e-02  -6.8880103e-02   6.3922951e-04  -1.4141720e-04  -5.2470576e-04
  -3.2220938e-03   7.4529585e-02  -1.2703968e-01   1.4079214e-03  -2.8903855e-06  -9.8513701e-04
