   1.0691566e-14   0.0000000e+00   1.4210855e-14  -1.0044698e-53   9.6296497e-35   0.0000000e+00
  -4.6811205e-03   7.1936488e-02   1.7682675e-03  -6.3983250e-04   1.9368257e-04   1.0183625e-04
  -7.5862299e-03   3.0175755e-02  -1.6053854e-02  -3.0661600e-04  -1.7433367e-04   2.5141250e-05
  -1.0169328e-01   2.6784481e-01   2.1430078e-02  -1.4542027e-05  -1.5402487e-03  -1.9989422e-04
  -8.7273568e-02  -1.6441420e-01  -5.7671097e-02   2.0683168e-03  -1.5111559e-03  -1.9095994e-04
  -8.0019727e-02   1.2430116e-01   2.2165919e-02   2.5468512e-03  -1.4593370e-03   7.2757455e-05
  -8.1778275e-02   1.2601890e-01   2.7777241e-02   3.1185745e-03  -2.0841799e-03   4.3510265e-04
  -7.7024927e-02   1.2921105e-01  -1.0883273e-02   2.5714681e-03  -1.4535736e-03   2.2661852e-04
  -7.8270224e-02   9.8473441e-02   2.1025737e-03   2.7322745e-03  -1.5273044e-03   1.2020658e-04
  -8.2258586e-02   9.0520671e-02  -7.8671805e-03   2.7012700e-03  -1.4491467e-03   4.8050278e-05
  -7.6076616e-02   8.9855603e-02  -8.3373057e-03   2.2991127e-03  -1.1426147e-03  -2.5020073e-05
  -7.5230226e-02   9.3254390e-02  -1.1855551e-02   2.4912518e-03  -1.3191823e-03  -3.8511854e-05
  -7.1668241e-02   1.1637843e-01  -4.3859161e-02   2.3682236e-03  -1.4147573e-03  -7.0785572e-05
  -7.6597238e-02   7.9229823e-02  -3.0635465e-02   2.1434808e-03  -1.2859472e-03  -5.6332616e-05
  -7.3258543e-02   1.3586326e-01  -4.2879067e-02   2.5979648e-03  -1.4489421e-03   2.6681915e-05
  -7.9036911e-02   1.5174756e-01  -3.5548430e-02   2.1077094e-03  -1.4999637e-03   7.6366525e-05
  -8.2790893e-02   1.5202870e-01  -4.7795597e-02   2.6699180e-03  -1.7668077e-03   1.6322158e-04
  -8.0784337e-02   1.9332208e-01  -3.1163588e-02   2.3215801e-03  -1.5531146e-03   2.8112770e-04
  -1.0590894e-01   1.6877365e-01  -1.4497208e-02   2.4658876e-03  -2.1236014e-03   2.1446996e-04
  -8.4837458e-02   1.1638084e-01  -4.1404720e-02   2.5362610e-03  -1.5864140e-03   3.1630844e-04
  -7.1407211e-02   1.4735529e-01  -3.0168543e-02   2.4146632e-03  -1.9694265e-03   5.3524136e-04
  -7.4453082e-02   1.1371697e-01  -3.2355101e-02   2.3214452e-03  -1.7355769e-03   4.5336801e-04
  -7.0614707e-02   1.1802847e-01  -4.1047609e-02   2.1800496e-03  -1.7570141e-03   4.5841720e-04
  -7.5886028e-02   1.1594361e-01  -4.1976509e-02   2.6338516e-03  -1.8736802e-03   4.2329268e-04
  -7.1569848e-02   1.6342883e-01  -3.5367326e-02   2.1580250e-03  -1.6093582e-03   4.1409903e-04
  -7.2660218e-02   1.0243586e-01  -3.6552787e-02   2.6641873e-03  -1.7895384e-03   4.6580200e-04
  -7.3706635e-02   1.5758576e-01  -3.1547092e-02   2.4764575e-03  -1.7961741e-03   5.1112506e-04
  -7.3761530e-02   1.6127478e-01  -3.7408386e-02   2.2184589e-03  -1.7261383e-03   4.9608024e-04
  -7.0732568e-02   1.5165818e-01  -3.4114078e-02   2.2754031e-03  -1.6587601e-03   5.2739695e-04
  -6.3478058e-02   1.9552813e-01  -3.6087265e-02   2.1330629e-03  -1.6263559e-03   6.2097265e-04
  -6.9360693e-02   9.2409076e-02  -5.0933918e-02   2.5638806e-03  -1.6604852e-03   6.5188196e-04
  -7.0127553e-02   1.2185397e-01  -5.4428001e-02   2.7926979e-03  -1.7016408e-03   7.7104167e-04
  -6.8930408e-02   1.6429431e-01  -6.4843171e-02   2.6637750e-03  -1.6478027e-03   7.5565141e-04
  -5.3330105e-02   1.6247042e-01  -6.3557257e-02   2.3825665e-03  -1.5775796e-03   8.5439772e-04
  -5.0062304e-02   1.4935440e-01  -8.0260683e-02   2.8712081e-03  -1.7679029e-03   9.9918050e-04
  -5.7359380e-02   1.8318443e-01  -7.1940947e-02   2.2768619e-03  -1.6006017e-03   8.3800076e-04
  -4.8819791e-02   1.4635197e-01  -6.5620942e-02   2.9023975e-03  -1.5592799e-03   8.7976927e-04
  -4.9760886e-02   1.5851849e-01  -7.2509637e-02   2.6890459e-03  -1.6596627e-03   8.4928951e-04
  -4.9845562e-02   1.5446270e-01  -7.9744793e-02   2.4063979e-03  -1.5287899e-03   7.1191936e-04
  -4.6115103e-02   1.5810856e-01  -7.0899083e-02   2.7274705e-03  -1.5867946e-03   6.2543013e-04
  -4.2671932e-02   1.7044166e-01  -7.2469900e-02   2.2535045e-03  -1.2683933e-03   6.1343929e-04
  -3.7702857e-02   1.4318417e-01  -8.7656433e-02   2.9924226e-03  -1.5970558e-03   7.4317840e-04
  -1.0038957e-01   6.6370557e-01   1.8779989e-01   7.8120328e-03  -4.6734412e-03   2.1018528e-03
  -2.0005588e-01   6.3960316e-01   3.7919806e-01   1.5824364e-02  -7.6804961e-03   2.5550649e-03
  -1.3833216e-01   7.2195998e-02   1.5331527e-01   1.2845362e-02  -6.2669307e-03   2.3913872e-03
  -1.0895506e-01   3.9602840e-01   1.6346738e-01   1.1213337e-02  -5.5911788e-03   2.5329457e-03
  -1.0400400e-01   3.7968993e-01   1.3985547e-01   1.0870003e-02  -5.4756737e-03   2.5624104e-03
  -1.0238600e-01   3.6241716e-01   1.1700157e-01   1.0538244e-02  -5.2639398e-03   2.4498136e-03
  -1.0727421e-01   3.2811205e-01   1.1720959e-01   1.0337302e-02  -5.3024328e-03   2.2660433e-03
  -1.0726387e-01   3.7477231e-01   1.0642572e-01   9.6232968e-03  -4.9311211e-03   2.1634774e-03
  -7.0754449e-02   2.9072925e-01   8.1158491e-02   1.0023219e-02  -5.4250684e-03   2.7888082e-03
  -8.1476451e-02   3.8164261e-01   7.2836846e-02   8.8775765e-03  -5.0178383e-03   2.4679076e-03
  -8.5733067e-02   3.6285836e-01   4.7045129e-02   8.9301848e-03  -5.3387302e-03   2.4518551e-03
  -9.2860455e-02   3.3066359e-01   4.6025443e-02   9.2782002e-03  -5.2906156e-03   2.4914137e-03
  -9.1041147e-02   4.1154772e-01   4.6293866e-02   9.3107181e-03  -5.4125217e-03   2.5780139e-03
  -9.1423176e-02   3.7143954e-01   3.9071081e-02   9.5657157e-03  -5.5095869e-03   2.7562919e-03
  -9.7697429e-02   3.9609016e-01   3.7381960e-02   9.6309124e-03  -5.6980681e-03   2.7865156e-03
  -1.0084745e-01   4.0762181e-01   2.5894330e-02   9.2834554e-03  -5.8864876e-03   2.8490407e-03
  -9.6248917e-02   4.1174970e-01   1.5683145e-02   9.4256186e-03  -5.8084175e-03   2.9296468e-03
  -7.7922522e-02   4.1964915e-01   3.4814838e-02   9.9542040e-03  -6.2900303e-03   3.4340598e-03
  -1.0055317e-01   4.3549685e-01   7.7707045e-03   9.1836486e-03  -6.5344775e-03   3.1270776e-03
  -9.6845949e-02   3.7927713e-01  -5.7140313e-03   9.4796783e-03  -6.4763179e-03   3.1905419e-03
  -8.1582606e-02   4.0994925e-01  -2.0363688e-02   9.0630561e-03  -6.4068773e-03   3.2161031e-03
  -8.6973475e-02   3.8142967e-01  -2.5175387e-02   8.6310700e-03  -6.2216035e-03   3.1043732e-03
  -7.6419726e-02   4.0614068e-01  -2.5888745e-02   8.7186828e-03  -6.0819264e-03   3.0156932e-03
  -8.1829200e-02   3.8312257e-01  -8.0924915e-03   8.2486881e-03  -5.8065670e-03   2.8905359e-03
  -8.0946047e-02   4.0718544e-01  -2.9217598e-02   8.2696979e-03  -5.6525153e-03   2.9581820e-03
  -7.7573757e-02   3.8658265e-01  -2.2071534e-02   7.7981553e-03  -5.4113970e-03   2.8149741e-03
  -5.2002146e-02   3.6005900e-01  -4.2807219e-02   7.7322596e-03  -5.2223940e-03   2.9948426e-03
  -7.7456517e-02   3.9056699e-01  -3.5250421e-02   7.4783567e-03  -5.4512707e-03   2.8029485e-03
  -1.0086932e-01   3.6919032e-01  -4.8980188e-02   7.3325393e-03  -5.6925722e-03   2.5918769e-03
  -9.2102510e-02   3.9330007e-01  -6.6792636e-02   7.1878353e-03  -5.5976732e-03   2.6425037e-03
  -9.0386850e-02   3.5103343e-01  -7.6252853e-02   6.8035698e-03  -5.4693436e-03   2.6755415e-03
  -8.6193894e-02   3.8486095e-01  -9.5561466e-02   7.6550786e-03  -5.4412299e-03   2.6357785e-03
  -9.3781464e-02   3.6864693e-01  -8.3017787e-02   6.8470056e-03  -5.3171461e-03   2.6490803e-03
  -9.1858320e-02   3.7159455e-01  -9.8477538e-02   6.9783707e-03  -5.2537648e-03   2.4771644e-03
  -9.9069038e-02   3.6079739e-01  -9.2995492e-02   6.6475257e-03  -5.2235833e-03   2.4142475e-03
  -9.9268842e-02   3.6233596e-01  -8.1110833e-02   6.7745370e-03  -5.2134990e-03   2.3723117e-03
  -9.8562085e-02   3.6336698e-01  -8.8581351e-02   6.9324386e-03  -5.2039869e-03   2.3637630e-03
  -9.8335283e-02   3.7259452e-01  -9.5066809e-02   6.6128256e-03  -5.3110785e-03   2.3304478e-03
  -9.6422824e-02   3.5388684e-01  -9.0123311e-02   6.9673388e-03  -5.4779564e-03   2.4375053e-03
  -1.0131076e-01   3.7491752e-01  -8.4570225e-02   7.1235460e-03  -5.3877793e-03   2.3018066e-03
  -1.0351833e-01   4.7958928e-01  -7.4338268e-03   6.5409270e-03  -5.8953987e-03   2.6669772e-03
  -1.4315898e-01   5.1555142e-01   7.3301441e-02   8.1521444e-03  -7.3022442e-03   2.8267428e-03
  -1.1420638e-01   1.3144774e-01  -6.7547627e-02   9.3572618e-03  -6.8464183e-03   2.4217322e-03
  -8.2808006e-02   3.9902479e-01  -2.5431403e-02   8.5024224e-03  -6.2963015e-03   2.7023757e-03
  -1.1006722e-01   3.8562817e-01   2.1387753e-02   7.8468786e-03  -6.8459683e-03   2.6294437e-03
  -9.3410753e-02   3.3781928e-01  -5.4104447e-03   7.7339243e-03  -6.5564594e-03   2.6913113e-03
  -8.8266370e-02   3.6944510e-01  -5.5602083e-04   7.0138664e-03  -6.2254724e-03   2.5874993e-03
  -8.4011595e-02   2.8238844e-01   1.6008533e-02   7.6084212e-03  -6.2445734e-03   2.5666792e-03
  -8.4855393e-02   3.5636201e-01   1.1027680e-02   7.1483249e-03  -5.9757266e-03   2.4050309e-03
  -1.0130266e-01   3.3715125e-01   1.7318430e-02   6.6158636e-03  -5.8353535e-03   2.2934730e-03
  -1.0265674e-01   4.1541348e-01  -1.3863273e-02   8.6072260e-03  -6.0560978e-03   2.1995694e-03
  -1.7420640e-01   7.9511726e-01   2.3156579e-01   1.0571786e-02  -7.7855323e-03   2.1113505e-03
  -3.0098885e-01   7.7839910e-01   4.5683246e-01   1.7754106e-02  -9.6733873e-03   1.1151747e-03
  -2.6797792e-01   2.3379966e-01   2.5772283e-01   1.5507776e-02  -9.7770126e-03   1.5853633e-03
  -2.3816865e-01   4.7480388e-01   2.1648277e-01   1.3283102e-02  -8.8742460e-03   1.6702345e-03
  -2.0720277e-01   5.2776610e-01   1.9010454e-01   1.1665368e-02  -8.4935902e-03   1.7537768e-03
  -2.0132055e-01   4.5982992e-01   1.8552055e-01   1.1898234e-02  -8.3567305e-03   1.6489479e-03
  -1.9100745e-01   4.6688235e-01   1.7055625e-01   1.1784786e-02  -8.5002454e-03   1.6940169e-03
  -1.9815652e-01   4.3833092e-01   1.7084816e-01   1.0829073e-02  -8.2037617e-03   1.5146520e-03
  -2.0335130e-01   4.4725813e-01   1.5716895e-01   1.0507532e-02  -8.2985682e-03   1.4710543e-03
  -1.9753527e-01   4.7544857e-01   1.5520470e-01   1.0364637e-02  -8.2845853e-03   1.4153755e-03
  -1.9108515e-01   4.4535725e-01   1.3177220e-01   9.5885814e-03  -7.8181742e-03   1.3590735e-03
  -1.9053180e-01   4.7160857e-01   1.1533726e-01   9.5174491e-03  -7.7889717e-03   1.2584366e-03
  -1.9115016e-01   4.5233339e-01   1.0360937e-01   9.5913779e-03  -7.9172583e-03   1.3989877e-03
  -1.9973913e-01   4.4250087e-01   8.6447672e-02   9.6753648e-03  -7.9117032e-03   1.3895944e-03
  -2.1170896e-01   4.9140904e-01   1.0317450e-01   9.0364179e-03  -8.4072456e-03   1.2299465e-03
  -2.3061360e-01   4.5752119e-01   1.3361714e-01   8.7645567e-03  -8.8485585e-03   1.2302908e-03
  -2.2943757e-01   4.2747370e-01   1.4863817e-01   8.4750052e-03  -8.6091310e-03   1.0876996e-03
  -2.2516681e-01   4.5026652e-01   1.6169573e-01   8.2627620e-03  -8.4094543e-03   1.1474761e-03
  -2.3800280e-01   4.1615922e-01   1.3719935e-01   8.2664071e-03  -8.6110772e-03   1.0677720e-03
  -2.4946027e-01   4.3708867e-01   1.4020791e-01   8.1121464e-03  -8.6680633e-03   1.0216723e-03
  -2.5047914e-01   4.1494513e-01   1.3226557e-01   8.2209991e-03  -8.6485125e-03   9.1285195e-04
  -2.6073906e-01   4.2097108e-01   1.3738052e-01   8.0157081e-03  -8.6498796e-03   7.9412253e-04
  -2.6521872e-01   4.2221093e-01   1.4470106e-01   7.3642740e-03  -8.5906528e-03   6.7681475e-04
  -2.6119327e-01   4.1131186e-01   1.3128952e-01   7.9086914e-03  -8.6467228e-03   6.4240688e-04
  -2.6720180e-01   4.4891638e-01   1.2722805e-01   7.2676354e-03  -8.4959864e-03   5.9371869e-04
  -2.8229828e-01   5.7149238e-01   1.8948574e-01   8.6384264e-03  -9.0023634e-03   6.6736088e-04
  -4.4869742e-01   1.0511050e+00   4.3206254e-01   1.8591350e-02  -1.2002423e-02   7.8909739e-04
  -4.6367155e-01   3.8460351e-01   2.2759403e-01   1.8993748e-02  -1.2402567e-02   6.9804980e-04
  -4.3125364e-01   6.2315908e-01   2.1844878e-01   1.6960726e-02  -1.1629420e-02   5.3511455e-04
  -4.1909048e-01   6.2871955e-01   2.0085373e-01   1.5813659e-02  -1.1596888e-02   6.1361699e-04
  -4.0702726e-01   6.3310986e-01   2.1125189e-01   1.4545336e-02  -1.1281156e-02   4.0625393e-04
  -3.9019863e-01   5.6302155e-01   2.1576535e-01   1.3998338e-02  -1.1187114e-02   3.9673489e-04
  -3.8980742e-01   5.4278309e-01   2.1130030e-01   1.3851469e-02  -1.1259634e-02   3.1307255e-04
  -3.8731055e-01   5.6600459e-01   2.0131358e-01   1.3286050e-02  -1.1220501e-02   2.8751890e-04
  -3.9410910e-01   5.4685041e-01   1.8858945e-01   1.3295710e-02  -1.0987621e-02   5.0278198e-05
  -4.0410351e-01   5.0148897e-01   1.8137656e-01   1.3255303e-02  -1.1119395e-02   7.0138233e-05
  -4.0282139e-01   5.5450175e-01   1.7817889e-01   1.2493372e-02  -1.1034488e-02  -5.5364625e-06
  -4.0961933e-01   5.1747584e-01   1.9447714e-01   1.1600350e-02  -1.0820414e-02  -1.9347300e-04
  -4.0786729e-01   5.5971580e-01   1.3690655e-01   1.1056340e-02  -1.0719760e-02  -3.7660553e-04
  -4.2822058e-01   4.8570240e-01   1.4485043e-01   1.0547091e-02  -1.0721583e-02  -6.5484533e-04
  -4.2849453e-01   5.1316323e-01   1.6852934e-01   1.0901186e-02  -1.1038569e-02  -4.8340594e-04
  -4.3600927e-01   5.1479289e-01   1.6295998e-01   1.0172590e-02  -1.0928824e-02  -6.3003156e-04
  -4.3493481e-01   4.8140462e-01   1.6448371e-01   1.0434241e-02  -1.1139380e-02  -6.1438448e-04
  -4.3592577e-01   5.4454305e-01   1.5402171e-01   1.1368420e-02  -1.1034049e-02  -6.1031337e-04
  -4.4591037e-01   5.5058476e-01   1.4267496e-01   1.1180002e-02  -1.0918986e-02  -8.2159913e-04
  -4.4648088e-01   4.9769952e-01   1.5196187e-01   9.9457910e-03  -1.1025804e-02  -8.1941181e-04
  -4.5968640e-01   4.9114642e-01   1.4640693e-01   1.0119384e-02  -1.1023371e-02  -1.0516766e-03
  -4.6132486e-01   4.8354780e-01   1.4120833e-01   9.9457113e-03  -1.0823870e-02  -1.1469642e-03
  -4.5653892e-01   5.2295866e-01   1.3666368e-01   9.8800545e-03  -1.0877954e-02  -1.1607538e-03
  -4.5505848e-01   5.0156183e-01   1.2500634e-01   9.9828002e-03  -1.0979236e-02  -1.1240394e-03
  -4.5224689e-01   5.3365176e-01   1.2508068e-01   9.5853888e-03  -1.0558520e-02  -1.1680738e-03
  -4.5495437e-01   5.2788034e-01   9.5675846e-02   9.8280753e-03  -1.0771079e-02  -1.1975352e-03
  -4.6788542e-01   4.9266024e-01   9.8780353e-02   9.8118214e-03  -1.0893365e-02  -1.2732355e-03
  -4.7668466e-01   4.9098390e-01   1.0920268e-01   1.0081008e-02  -1.1336209e-02  -1.2842905e-03
  -4.8454611e-01   5.0188652e-01   1.4272102e-01   9.8865757e-03  -1.1576481e-02  -1.3732554e-03
  -4.8127450e-01   4.9270511e-01   1.4772035e-01   9.0326810e-03  -1.1128367e-02  -1.3891693e-03
  -4.7780666e-01   4.8797847e-01   1.3654807e-01   9.4220074e-03  -1.1193297e-02  -1.2288314e-03
  -4.7878385e-01   4.9257008e-01   1.3208061e-01   9.0895766e-03  -1.1165624e-02  -1.1489036e-03
  -4.6941955e-01   4.9037167e-01   1.3329320e-01   8.7784471e-03  -1.1396459e-02  -9.9971887e-04
  -4.8340259e-01   4.7333176e-01   1.2563847e-01   8.7604340e-03  -1.1230366e-02  -1.2606292e-03
  -4.8491159e-01   5.0583459e-01   1.3324646e-01   9.0671178e-03  -1.1396722e-02  -1.4050257e-03
  -4.8967530e-01   4.9835262e-01   1.4512993e-01   8.7656590e-03  -1.1328566e-02  -1.4985365e-03
  -5.0019944e-01   5.0149911e-01   1.4896609e-01   8.8054873e-03  -1.1411661e-02  -1.6841262e-03
  -4.8961304e-01   4.8590236e-01   1.2273380e-01   8.6923791e-03  -1.1422161e-02  -1.6658430e-03
  -4.9312830e-01   4.9503354e-01   1.0938939e-01   8.5804921e-03  -1.1160775e-02  -1.8298489e-03
  -5.0610005e-01   4.4067642e-01   9.1855935e-02   8.6214203e-03  -1.1351107e-02  -2.0437526e-03
  -4.9304854e-01   4.6990368e-01   1.0494673e-01   8.1689026e-03  -1.1286647e-02  -1.9559555e-03
  -5.2733214e-01   8.1268871e-01   3.5409488e-01   1.0519025e-02  -1.1647473e-02  -2.1757500e-03
  -7.7770422e-01   1.3917752e+00   1.0154189e+00   2.9611972e-02  -1.5748655e-02  -1.4141442e-03
  -7.7071690e-01   6.9267197e-01   8.2843789e-01   2.8280469e-02  -1.7230119e-02  -6.6851139e-04
  -7.2432083e-01   6.2796610e-01   6.7429450e-01   1.8724120e-02  -1.6139445e-02  -1.9335981e-03
  -7.0490706e-01   6.8829876e-01   6.1919771e-01   1.5831777e-02  -1.5396237e-02  -2.2569529e-03
  -6.7603240e-01   5.5930574e-01   5.9520998e-01   1.6073649e-02  -1.4969465e-02  -2.3407331e-03
  -6.6652129e-01   6.1395285e-01   6.1511009e-01   1.5112087e-02  -1.4772818e-02  -2.5461596e-03
  -6.7218470e-01   5.4151612e-01   5.9106839e-01   1.4565650e-02  -1.4601374e-02  -2.8533706e-03
  -6.6731013e-01   5.8469713e-01   5.6302792e-01   1.4371843e-02  -1.4411067e-02  -3.0390406e-03
  -6.7605911e-01   4.8964524e-01   5.6123550e-01   1.3575389e-02  -1.4536587e-02  -3.1058294e-03
  -6.7175240e-01   6.0437253e-01   5.5877381e-01   1.1329680e-02  -1.4313535e-02  -3.0890662e-03
  -6.8106727e-01   3.8709773e-01   5.5442810e-01   1.2367035e-02  -1.4598699e-02  -3.2017670e-03
  -6.8937412e-01   5.3079702e-01   5.8390669e-01   1.2506590e-02  -1.4593840e-02  -2.8336686e-03
  -6.8517645e-01   5.4482477e-01   5.6453959e-01   1.2064389e-02  -1.4425167e-02  -2.8604501e-03
  -6.8869144e-01   5.0655117e-01   5.5222128e-01   1.1903567e-02  -1.4506082e-02  -2.8184341e-03
  -6.9307615e-01   5.3220119e-01   5.4700908e-01   1.2041859e-02  -1.4477874e-02  -2.8840299e-03
  -6.9579605e-01   5.4942320e-01   5.1029217e-01   1.2620239e-02  -1.4311538e-02  -3.0737708e-03
  -6.9797849e-01   5.1192249e-01   5.2088267e-01   1.1021833e-02  -1.4291596e-02  -3.1154381e-03
  -6.9578543e-01   5.1092161e-01   5.0356544e-01   1.0936827e-02  -1.4333649e-02  -3.1708772e-03
  -6.9136801e-01   5.3182429e-01   5.0827671e-01   1.0129632e-02  -1.4102222e-02  -3.2403493e-03
  -6.8068766e-01   4.9531190e-01   5.0112907e-01   1.0659471e-02  -1.4229506e-02  -3.2334806e-03
  -6.8148058e-01   5.0671782e-01   5.1567271e-01   9.6650695e-03  -1.4188946e-02  -3.4263804e-03
  -6.7760956e-01   4.5590128e-01   5.0667588e-01   9.6638020e-03  -1.4360604e-02  -3.6582084e-03
  -6.8367855e-01   5.1573607e-01   4.5871269e-01   9.7408934e-03  -1.4239218e-02  -3.8991607e-03
  -7.0524594e-01   5.1662173e-01   4.6475651e-01   9.1978617e-03  -1.4629045e-02  -3.8738174e-03
  -7.3341056e-01   4.7190151e-01   4.7902865e-01   9.5365905e-03  -1.5139795e-02  -4.0517464e-03
  -7.7152625e-01   4.9528945e-01   5.0437554e-01   9.4639554e-03  -1.5556612e-02  -4.4869436e-03
  -8.0808716e-01   4.9752922e-01   5.2011906e-01   8.4188159e-03  -1.5685725e-02  -5.0494479e-03
  -8.0538019e-01   3.9712838e-01   5.0803093e-01   8.7436053e-03  -1.5544513e-02  -5.0995706e-03
  -8.0005986e-01   4.4087056e-01   5.0915808e-01   8.4180161e-03  -1.5514268e-02  -4.9944903e-03
  -8.0810134e-01   4.4438918e-01   5.4052682e-01   7.8892582e-03  -1.5340358e-02  -5.1611337e-03
  -8.0554232e-01   4.1947616e-01   5.2818352e-01   7.6884497e-03  -1.5325560e-02  -5.2082873e-03
  -8.1127789e-01   4.2068179e-01   5.2481286e-01   7.3816992e-03  -1.5311560e-02  -5.3606658e-03
  -8.1115385e-01   3.6923827e-01   5.0863437e-01   8.0256547e-03  -1.5454853e-02  -5.4219194e-03
  -8.2402550e-01   4.2760260e-01   5.3232353e-01   8.2051083e-03  -1.5487382e-02  -5.5986315e-03
  -8.4035597e-01   3.9176903e-01   5.2024337e-01   8.1169228e-03  -1.5496044e-02  -5.8531080e-03
  -8.8316437e-01   6.4068608e-01   6.0941594e-01   9.3838900e-03  -1.6051419e-02  -5.9098321e-03
  -9.4039429e-01   1.0144511e+00   7.8100876e-01   2.0842814e-02  -1.6209626e-02  -6.5320940e-03
  -9.4718868e-01   3.6400300e-01   5.8428696e-01   1.7672987e-02  -1.6724035e-02  -5.9435695e-03
  -9.2951725e-01   5.6088048e-01   6.1087241e-01   1.4544941e-02  -1.7131691e-02  -6.1152197e-03
  -9.0406306e-01   5.7879893e-01   6.0707486e-01   1.2276310e-02  -1.6939002e-02  -6.0411827e-03
  -8.9997727e-01   5.3077881e-01   6.1853576e-01   1.1752980e-02  -1.7068161e-02  -6.1324588e-03
  -9.0097430e-01   4.5860585e-01   6.1180432e-01   1.1817064e-02  -1.7059086e-02  -6.2868023e-03
  -8.9827195e-01   5.0157442e-01   6.1503089e-01   9.9542138e-03  -1.6793189e-02  -6.4547197e-03
  -9.0331156e-01   4.0548507e-01   6.1222202e-01   1.0435620e-02  -1.6836782e-02  -6.6424464e-03
  -9.0105051e-01   4.8712546e-01   5.8278853e-01   9.7056640e-03  -1.6678631e-02  -6.7687577e-03
  -8.9556411e-01   4.4586800e-01   5.8997298e-01   8.7791562e-03  -1.6864751e-02  -6.7267238e-03
  -8.9651281e-01   3.9419349e-01   5.6460141e-01   9.5747639e-03  -1.7228598e-02  -6.6865916e-03
  -8.9867749e-01   4.8055986e-01   5.7586077e-01   9.3486822e-03  -1.6932853e-02  -6.7437811e-03
  -9.0293622e-01   4.3516755e-01   5.6050332e-01   9.3216828e-03  -1.6965942e-02  -6.7791734e-03
