   0.0000000e+00   0.0000000e+00   0.0000000e+00   0.0000000e+00   0.0000000e+00   0.0000000e+00
   8.1808067e-03   3.1217552e-02   3.7914862e-02   3.7233545e-04   2.6526635e-05  -6.6599130e-05
  -3.5019269e-03   6.6530966e-02  -1.0050993e-03   1.2533408e-04  -2.4946097e-04  -4.8942216e-04
   1.0004650e-02   5.1856060e-02   4.8753578e-02   8.3980135e-05  -4.0892241e-04  -2.2551757e-04
   5.0551341e-03   4.0828820e-02   2.4394470e-02   8.7969028e-05  -3.8484991e-04  -5.6114446e-04
   2.5429300e-02   4.6064667e-02   6.2940454e-02  -4.8030232e-05  -4.7140386e-04  -1.8322313e-04
   8.5711743e-02   3.0137964e-02   1.1314565e-02  -1.8135432e-04  -5.7561223e-05   6.3352827e-04
   7.4755384e-03   7.9654081e-02   8.4777378e-02  -1.0242321e-03   1.1256675e-04  -2.2230358e-04
   4.0668427e-02  -1.7076250e-03   4.2408201e-02  -1.8911711e-04   3.7247812e-04   7.3420892e-05
   4.7398402e-02   5.6400127e-02   3.2186050e-02  -7.0041366e-04   3.0024512e-04   2.3561157e-04
   3.6909374e-02   3.6982613e-02   6.7936774e-02  -1.0963563e-03   4.6076624e-04   4.4988947e-04
   1.0950475e-01   7.8205217e-03   6.1666950e-02  -4.1386069e-04   1.7942645e-04   1.1054332e-03
   5.8027474e-02   5.3079123e-02   5.9717339e-02  -8.9343906e-04   6.2706292e-04   1.6290038e-04
   4.9058248e-02   2.6353915e-02   6.8093440e-02  -8.0637056e-04   8.3796812e-04   7.1262615e-04
   8.4180554e-02  -3.4479559e-03   1.0696909e-01  -6.2891151e-04   7.2462744e-05   6.2254128e-04
   1.3090034e-02   1.5517448e-01   7.4576958e-02  -1.9383860e-03  -4.6611060e-04  -1.8455114e-04
   2.7295874e-02  -6.7488849e-02   9.4305519e-02  -7.6568608e-04  -1.9174440e-04  -4.7022688e-04
  -2.5493979e-02   3.2571750e-02   1.8704796e-01  -1.7117983e-03   1.0533937e-04  -3.3383303e-04
  -4.1605338e-03  -7.2596885e-02   1.5447816e-01  -1.1815541e-03  -1.7473769e-04  -6.4465778e-04
  -2.2569920e-02   1.6518050e-02   1.6812792e-01  -1.7384372e-03   3.9265577e-04  -2.9543421e-04
   4.1537808e-02  -5.0561222e-02   1.4313992e-01  -1.5170171e-03   2.5070585e-04   2.3123423e-04
   5.9710716e-02   2.7711971e-03   9.9998316e-02  -1.4494663e-03   3.8349781e-04   2.8310415e-04
   4.1151010e-02   1.9236368e-02   1.3429490e-01  -1.6037781e-03   4.3269345e-04   4.1875339e-04
   5.4031733e-02  -1.4283484e-02   1.5467498e-01  -1.4322778e-03   1.2205517e-03   7.4457732e-04
   1.0390854e-01   8.5601661e-03   1.2464072e-01  -1.1773571e-03   6.9883880e-04   1.3597266e-03
   1.1289992e-01   4.6995012e-02   1.3489748e-01  -1.4590220e-03   9.3483543e-04   1.5550213e-03
   1.6752568e-01   1.3905987e-02   1.3570902e-01  -1.5231806e-03   9.2965436e-04   2.5093430e-03
   1.4142583e-01   4.8775138e-02   1.1753797e-01  -1.4452206e-03   1.2416652e-04   1.7266814e-03
   1.2120424e-01   5.9793440e-02   1.5980650e-01  -1.6197360e-03   1.6978818e-04   1.9074568e-03
   1.2725294e-01  -2.7466569e-02   1.5179093e-01  -9.1853410e-04   3.7614319e-04   1.6307773e-03
   1.6863424e-01   4.9237297e-02   1.6162704e-01  -1.5297545e-03   1.2169269e-03   2.3161497e-03
   1.4687865e-01  -1.9749270e-02   1.6317691e-01  -1.2499646e-03   5.5438316e-04   2.3048604e-03
   6.0618591e-02   1.3817237e-02   1.8158481e-01  -1.6043917e-03   1.3486770e-04  -5.9842557e-05
   1.0728902e-01   3.3560088e-02   1.4321672e-01  -1.6120524e-03   3.2278563e-04   1.5783732e-03
   9.6672543e-02   2.6066189e-02   1.7554572e-01  -1.6293459e-03   1.9599529e-04   1.9303627e-03
   1.5084029e-01   8.1657765e-03   1.6741442e-01  -1.4068547e-03   1.9360949e-04   2.6991706e-03
   1.7810999e-01  -3.8511126e-03   1.6576036e-01  -1.1511086e-03   4.8558082e-05   3.1762404e-03
   1.5600355e-01   6.2866706e-02   1.7662998e-01  -1.4979517e-03   1.1598346e-04   3.0725295e-03
   1.9972828e-01  -2.0719901e-02   1.9500476e-01  -1.3304019e-03   5.0183636e-05   3.6746686e-03
   2.1732874e-01   2.7371021e-02   1.8475064e-01  -1.1349077e-03  -5.2346368e-05   3.7852151e-03
   1.4938218e-01   6.4668659e-02   2.2778462e-01  -1.7352178e-03   7.3744633e-05   3.1304237e-03
   1.5310378e-01   1.4778558e-02   2.2786268e-01  -1.5925955e-03  -1.3351599e-04   3.0723544e-03
   9.9212588e-02   4.7636241e-02   1.7778098e-01  -1.9102111e-03  -4.9192234e-04   2.0965004e-03
   1.3567024e-01  -4.3229235e-02   2.4535374e-01  -1.4645137e-03  -4.6194802e-04   2.6762300e-03
   1.4384270e-01  -2.7135221e-03   2.2473885e-01  -1.5805409e-03  -5.0671068e-04   2.6280758e-03
   1.5043517e-01   1.8274821e-02   2.3821027e-01  -2.2655540e-03  -3.6012986e-04   3.0865701e-03
   1.5238675e-01  -7.6494278e-02   2.0924068e-01  -1.9282651e-03  -5.8282034e-04   2.7511704e-03
   1.0244469e-01   6.7039993e-02   2.2098121e-01  -2.4607219e-03  -4.3166956e-04   2.3286345e-03
   1.4401642e-01  -3.0103950e-02   2.3253458e-01  -1.9720497e-03  -3.2911241e-04   2.9921815e-03
   1.5697994e-01  -9.4282035e-03   2.1846658e-01  -1.9471386e-03  -4.2022869e-04   2.7433703e-03
   1.0033940e-01   4.9624494e-02   2.4233023e-01  -2.7103245e-03  -5.1183670e-04   2.2245072e-03
   1.4380699e-01  -3.5159071e-02   2.7316907e-01  -2.7836064e-03  -3.3080707e-04   2.5493428e-03
   1.1416428e-01  -2.8333755e-02   2.7766291e-01  -3.0141542e-03  -6.1073473e-04   2.1486135e-03
   6.9355081e-02   6.0614000e-02   3.1654493e-01  -3.8708978e-03  -9.7460910e-04   1.7162516e-03
   4.0686226e-02   8.6555870e-02   3.6822138e-01  -4.1422672e-03  -9.1447291e-04   1.8632100e-03
   7.2187314e-02  -1.8260524e-01   2.9340623e-01  -2.6409225e-03  -3.9619131e-04   1.1530420e-03
   9.3409421e-02  -6.1792943e-03   3.5216958e-01  -2.8015498e-03  -1.0408200e-03   1.9208206e-03
   7.4223562e-02  -1.8165430e-02   3.2209081e-01  -2.9829099e-03  -1.0823500e-03   1.7857787e-03
   1.0067205e-01  -1.5350501e-02   3.3651027e-01  -3.1099333e-03  -1.1608922e-03   2.1619280e-03
   1.0681999e-01  -1.0419116e-01   3.2310045e-01  -2.7772653e-03  -1.3138955e-03   2.3210722e-03
   7.2585912e-02  -4.7714885e-04   3.0758949e-01  -3.4054943e-03  -1.3970012e-03   2.0367994e-03
   9.3156832e-02  -6.0748309e-02   3.2432722e-01  -3.1289515e-03  -1.4340299e-03   2.3072878e-03
   1.0249283e-01  -5.9755666e-02   3.2214910e-01  -2.6880489e-03  -1.2174326e-03   2.1648017e-03
   5.8044453e-02   9.3998923e-05   3.0985932e-01  -3.3872699e-03  -1.3764266e-03   1.7556268e-03
   1.0678670e-01  -1.2934707e-02   3.1551871e-01  -3.2024954e-03  -1.4210286e-03   2.6188421e-03
   1.2149816e-01  -8.5948706e-02   3.0687863e-01  -2.6379492e-03  -1.3073850e-03   2.4587987e-03
  -1.4625461e-02   2.5007000e-02   3.5086589e-01  -3.6671820e-03  -1.0318145e-03   3.9843197e-04
   3.4247002e-02  -3.5469038e-02   3.8824059e-01  -3.2754312e-03   2.8009496e-04   9.2407221e-04
  -3.2737868e-02   1.5750111e-02   3.6126351e-01  -3.4040447e-03  -3.4360959e-04  -6.0255973e-04
   5.7807297e-03  -7.5023681e-02   3.9305402e-01  -3.2561381e-03  -1.0929153e-03  -9.3255943e-05
   1.4348088e-02  -7.2884931e-02   4.0920622e-01  -2.8792551e-03  -1.2860048e-03   9.8467277e-05
   2.8301545e-02   5.8189967e-04   3.7000898e-01  -3.7761573e-03  -3.1531128e-04   1.0723428e-03
   6.0029112e-02  -7.1837946e-02   3.5460945e-01  -3.2828623e-03  -1.1386822e-03   1.4742491e-03
   9.0211226e-02  -4.4648096e-02   3.2207610e-01  -3.2453557e-03  -6.4231298e-04   1.8979778e-03
   7.0695578e-02  -6.9925870e-04   3.5037016e-01  -3.4484713e-03  -7.5259293e-04   1.7611431e-03
   8.8517667e-02  -1.5420778e-02   3.5122939e-01  -3.2027678e-03  -2.6529092e-04   2.2735501e-03
   1.2794352e-01  -5.4631096e-02   3.3372368e-01  -2.7900481e-03  -5.3075219e-04   2.3924030e-03
   1.4273027e-01   2.1408055e-02   3.3837938e-01  -3.2893192e-03  -1.8871104e-04   2.5599967e-03
   1.1313971e-01  -1.2325263e-02   3.5407563e-01  -3.3409214e-03  -1.9602844e-04   2.6170470e-03
   1.2164563e-01  -2.1696517e-02   3.6911751e-01  -2.8533537e-03  -6.1782412e-04   2.4364408e-03
   1.0326173e-01  -4.0130721e-03   3.5774738e-01  -2.6301998e-03  -1.3536187e-03   1.9802410e-03
   7.8173078e-02   5.4228824e-02   4.0168028e-01  -3.6645237e-03  -1.7463752e-03   1.7238416e-03
   3.5177116e-02   6.3747561e-02   3.6864888e-01  -3.7135587e-03  -1.9070195e-03   9.0870957e-04
   6.5580270e-03  -1.4635416e-01   3.4336936e-01  -2.9802591e-03  -1.2056043e-03  -1.6112149e-04
   5.4398934e-02  -3.9171106e-02   3.7680636e-01  -3.2728579e-03  -1.4538068e-03   1.1983034e-03
   8.6885644e-02  -6.5274457e-02   3.7385302e-01  -2.7865998e-03  -1.4516366e-03   1.2454779e-03
   9.0305904e-02  -1.4894490e-02   3.6462938e-01  -3.2154666e-03  -1.2262703e-03   1.6997231e-03
   8.7022941e-02  -1.5583427e-02   3.8714239e-01  -3.2868122e-03  -1.3320619e-03   1.7068183e-03
   1.0745210e-01  -7.0702339e-02   3.6458307e-01  -2.6685598e-03  -1.4006430e-03   1.5413021e-03
   1.3496845e-01   2.2558729e-03   3.5081957e-01  -3.0689548e-03  -1.4022010e-03   2.2429026e-03
   1.2547277e-01   8.9335434e-03   3.6224224e-01  -3.2361427e-03  -1.5343349e-03   2.3575515e-03
   1.8283425e-01  -3.4279903e-02   3.5692791e-01  -2.5201621e-03  -1.2219399e-03   2.8596868e-03
   1.5438599e-01  -4.9221826e-03   3.5898685e-01  -3.1447057e-03  -1.6995803e-03   2.3861196e-03
   1.5669317e-01  -4.1593233e-02   3.8090695e-01  -2.9293961e-03  -1.8464253e-03   2.6759430e-03
   1.9950190e-01  -6.5803222e-02   3.5445573e-01  -2.4178453e-03  -1.8657024e-03   2.9569882e-03
   7.5851992e-02   2.3384602e-02   3.8558593e-01  -3.4881607e-03  -2.4813068e-03   1.8007225e-03
   1.5463735e-01  -6.4659971e-02   3.7681957e-01  -2.7749137e-03  -2.2175980e-03   2.4926022e-03
   1.6406802e-01  -2.4423971e-03   3.3167002e-01  -2.9175022e-03  -2.1099190e-03   2.4010698e-03
   1.3380222e-01   2.1757687e-02   3.7086717e-01  -3.1081743e-03  -1.9164574e-03   2.6124918e-03
   1.6225591e-01  -3.4868679e-02   3.6747550e-01  -2.5533685e-03  -1.8138637e-03   2.5611757e-03
   1.6979344e-01   2.0650211e-02   3.5481102e-01  -3.2182604e-03  -1.7793473e-03   2.7272968e-03
   2.0028694e-01  -6.2361838e-02   3.5518549e-01  -2.9314687e-03  -1.6794302e-03   3.5756014e-03
   2.0921187e-01  -3.0072257e-02   3.5698930e-01  -2.6427623e-03  -1.6635382e-03   3.5708138e-03
   2.0448093e-01   1.3130008e-02   3.3405895e-01  -2.9305202e-03  -1.7628608e-03   3.3029333e-03
   1.9624418e-01  -2.8807364e-02   3.7424506e-01  -2.8914783e-03  -1.8496033e-03   3.4551944e-03
   2.2332760e-01  -6.0557002e-02   3.6336285e-01  -2.3010852e-03  -1.9371081e-03   3.4949425e-03
   1.9972659e-01   2.7844969e-02   3.9353024e-01  -3.1295378e-03  -1.8025825e-03   3.6386441e-03
   2.1252592e-01  -7.0854848e-02   3.9057018e-01  -2.6336133e-03  -1.8064393e-03   3.2168534e-03
   1.7241354e-01   6.2224289e-02   3.2322111e-01  -3.3809353e-03  -1.9647832e-03   2.7385119e-03
   1.7872189e-01  -6.5868257e-02   3.7328875e-01  -2.4571549e-03  -2.3212577e-03   2.3834053e-03
   1.8014947e-01   1.3057306e-02   3.5378103e-01  -2.6489036e-03  -2.2714151e-03   2.8186636e-03
   1.9730601e-01  -1.9479282e-02   3.6608965e-01  -2.7189103e-03  -1.6197037e-03   2.9092355e-03
   2.1653654e-01  -6.3678197e-02   3.3982248e-01  -2.3622425e-03  -1.8572254e-03   3.0533888e-03
   1.6356721e-01   4.8576011e-03   3.5331280e-01  -3.1103722e-03  -1.7090712e-03   2.9627617e-03
   1.7584250e-01  -2.2388575e-02   3.6130259e-01  -2.8843687e-03  -1.8191293e-03   3.3660609e-03
   1.9112905e-01  -1.4490367e-02   3.2033815e-01  -2.7198753e-03  -1.6133614e-03   3.6126409e-03
   2.2253554e-01   5.1635345e-02   2.8107148e-01  -3.3427519e-03  -1.4288520e-03   4.0433770e-03
   2.1079735e-01   5.4393271e-02   2.7877592e-01  -2.9697751e-03  -1.4810461e-03   3.8003878e-03
   2.6317043e-01   2.6395654e-02   2.9596068e-01  -2.5840155e-03  -1.5056264e-03   4.4456758e-03
   2.6837574e-01   8.9268219e-03   2.9660155e-01  -2.4905963e-03  -1.4686748e-03   4.1884513e-03
   2.1054011e-01   8.7598789e-02   3.5238490e-01  -3.0813915e-03  -2.0427633e-03   3.7939111e-03
   1.4795727e-01  -3.3645818e-02   2.9982826e-01  -2.7002425e-03  -2.4045254e-03   2.7383686e-03
   1.6048121e-01  -3.0668606e-02   3.5476589e-01  -2.8944567e-03  -1.9564748e-03   3.1547522e-03
   1.9033420e-01  -3.0387265e-02   3.5105716e-01  -2.5962796e-03  -2.0592852e-03   3.3150124e-03
   1.6997450e-01   5.2962174e-02   3.5542402e-01  -3.3775998e-03  -2.0662903e-03   3.1988708e-03
   1.8618485e-01  -1.3870004e-02   4.0522492e-01  -3.8326316e-03  -1.5277324e-03   3.4760698e-03
   2.0384680e-01   3.2992639e-02   3.0957479e-01  -2.7274696e-03  -2.2310076e-03   3.7724841e-03
   1.9982976e-01   4.9201305e-02   3.6264432e-01  -2.8997054e-03  -2.3430242e-03   3.9551478e-03
   2.4716946e-01  -2.2409171e-02   3.3746280e-01  -2.4864963e-03  -2.3540342e-03   4.1702995e-03
   2.1748904e-01   3.9316379e-02   3.5807806e-01  -3.2832665e-03  -2.3121801e-03   4.0372408e-03
   2.6316854e-01  -1.5290745e-02   3.6277993e-01  -2.9105445e-03  -2.4800628e-03   4.7986089e-03
   2.3360874e-01  -1.7705832e-02   3.5553593e-01  -2.6527279e-03  -2.7673547e-03   4.2638851e-03
   1.5859928e-01   9.5060208e-02   3.6527068e-01  -3.7239892e-03  -3.1089691e-03   3.5125753e-03
   1.4821059e-01  -4.2338147e-02   3.3221040e-01  -2.4666022e-03  -3.0639406e-03   2.7620075e-03
   1.2376374e-01   5.1561356e-02   3.9067926e-01  -3.1487346e-03  -3.1992838e-03   2.9557878e-03
   3.9554225e-02   3.3161783e-02   3.3565868e-01  -3.1931501e-03  -3.5192208e-03   1.7230660e-03
   9.4933591e-02  -8.4116633e-02   3.7323838e-01  -2.4957926e-03  -2.7740966e-03   2.4427024e-03
   1.2327457e-01  -1.0033070e-02   3.5691278e-01  -2.6887218e-03  -3.0651021e-03   2.7082336e-03
   1.0856934e-01  -1.4623843e-03   3.7309023e-01  -3.3907088e-03  -2.9726899e-03   2.7809914e-03
   1.7079045e-01  -1.6493643e-02   3.5894247e-01  -2.6787047e-03  -3.2819072e-03   3.6827230e-03
   1.5986807e-01   7.8187418e-03   3.3345140e-01  -2.8137905e-03  -3.0438742e-03   3.4457901e-03
   1.3212264e-01   2.6961290e-03   3.6571107e-01  -3.2541882e-03  -2.8382041e-03   3.2899041e-03
   1.7989439e-01  -1.4131466e-02   3.6514340e-01  -2.9154063e-03  -2.5402374e-03   3.9016371e-03
   2.0081508e-01  -7.6237095e-03   3.4608379e-01  -2.7158084e-03  -2.5978474e-03   3.9786136e-03
   1.2639242e-01   6.6479568e-02   3.6667755e-01  -3.3724491e-03  -3.0896749e-03   3.3740178e-03
   1.5371511e-01  -3.1394367e-02   3.6133196e-01  -2.3974581e-03  -3.2537609e-03   3.3674174e-03
   1.2064187e-01   6.8562691e-02   3.4909934e-01  -2.9515399e-03  -3.2407579e-03   3.1325464e-03
   1.2966256e-01  -1.3346422e-02   4.0212988e-01  -2.7041585e-03  -3.2705586e-03   3.3027038e-03
   2.8166779e-02   9.3906391e-02   3.5465533e-01  -3.5940918e-03  -3.3781051e-03   2.2784949e-03
   1.1087233e-01  -3.7471381e-02   3.3531046e-01  -2.6702408e-03  -2.6683707e-03   3.0292846e-03
   1.2626793e-01  -1.4825779e-02   3.3370174e-01  -2.5279680e-03  -2.7898720e-03   3.1799726e-03
   1.1983028e-01   5.0583855e-02   3.6622915e-01  -3.0025252e-03  -2.9344615e-03   3.5117360e-03
   1.4928639e-01  -4.3106555e-03   3.6823455e-01  -2.4121509e-03  -3.1305817e-03   3.6927299e-03
   1.5844394e-01   3.7862356e-02   3.3976117e-01  -3.0249416e-03  -2.9000485e-03   3.7741570e-03
   1.5251903e-01   3.9255906e-02   3.5573482e-01  -3.2615932e-03  -3.2442484e-03   3.9880512e-03
   1.9500955e-01  -1.8100777e-02   3.5102449e-01  -2.3633441e-03  -3.1394390e-03   4.2340162e-03
   1.8182802e-01   6.8797299e-02   3.4008456e-01  -2.9331891e-03  -2.6929448e-03   4.4773120e-03
   1.4402145e-01   2.0013496e-02   3.5839725e-01  -3.2418847e-03  -3.2853561e-03   3.9159776e-03
   1.4142535e-01  -4.5633455e-03   3.2661337e-01  -2.6365047e-03  -3.6889420e-03   3.1931108e-03
   1.2615213e-01   7.7800942e-02   3.8892411e-01  -3.0760167e-03  -3.4165251e-03   3.2083933e-03
   1.4521698e-01  -3.1655161e-02   3.8645890e-01  -2.6866672e-03  -3.2895829e-03   3.5905668e-03
   1.4369031e-01   2.7546164e-02   3.5596135e-01  -2.8298965e-03  -3.3561431e-03   3.4648546e-03
   1.4802540e-01   4.8550787e-02   3.5386305e-01  -3.4061614e-03  -3.4483992e-03   4.1020576e-03
   1.7697988e-01  -1.2864294e-02   3.4852056e-01  -2.5602024e-03  -3.5712930e-03   3.9638619e-03
   1.7975325e-01   6.0370696e-02   3.3746279e-01  -3.0956726e-03  -3.2909032e-03   4.2329187e-03
   1.9829861e-01   3.1201776e-02   3.4671364e-01  -2.9182322e-03  -3.2378127e-03   5.0297143e-03
   2.0433285e-01   3.3461297e-02   3.3459505e-01  -2.6769516e-03  -3.2848505e-03   4.9444116e-03
   2.1677966e-01   2.2125115e-02   3.2991909e-01  -2.5011513e-03  -3.1785476e-03   5.0780788e-03
   2.1936438e-01   4.6469312e-02   3.3360161e-01  -2.9483021e-03  -3.1470984e-03   5.2470597e-03
   2.5424706e-01   4.2993814e-02   3.4987703e-01  -2.9069831e-03  -3.1238580e-03   5.8388815e-03
   2.5433947e-01   3.7894505e-02   3.3774011e-01  -2.4485760e-03  -3.4237534e-03   5.6794061e-03
   2.1905841e-01   9.7280536e-02   3.3780641e-01  -2.7548312e-03  -3.5992228e-03   5.1576803e-03
   2.2641240e-01   4.4194578e-02   3.7561299e-01  -2.7559916e-03  -3.5917458e-03   5.3616479e-03
   2.6368618e-01   9.9622653e-03   3.2570058e-01  -2.2907597e-03  -3.6188423e-03   5.2263902e-03
   2.1973607e-01   1.1454913e-01   3.5902172e-01  -3.0426499e-03  -3.8491970e-03   5.3677859e-03
   2.6287602e-01  -1.8686767e-02   3.1473084e-01  -2.2333276e-03  -4.0106789e-03   5.5782581e-03
   3.2591672e-01   6.7774089e-02   2.8911143e-01  -2.8366177e-03  -3.4653083e-03   6.6565930e-03
   3.5845882e-01   7.3322091e-02   3.0461176e-01  -2.7199555e-03  -3.3224228e-03   7.4185975e-03
   3.5262506e-01   3.4576921e-02   2.9450920e-01  -2.3973651e-03  -3.7006371e-03   6.9728443e-03
   3.7395843e-01   7.1574562e-02   2.8588255e-01  -2.7722354e-03  -3.6956532e-03   7.4806785e-03
   3.9622057e-01   9.1217316e-02   2.9444068e-01  -2.6559436e-03  -3.6356813e-03   8.2261526e-03
   4.0678900e-01   5.3239858e-02   2.7299797e-01  -2.1869633e-03  -3.6361371e-03   8.1184815e-03
   4.2919854e-01   1.0762989e-01   2.7477865e-01  -2.6101752e-03  -3.1751019e-03   8.6505971e-03
   4.0323208e-01   9.1194625e-02   2.8586927e-01  -2.6409385e-03  -3.4140876e-03   8.2559538e-03
   4.0632656e-01   1.4474835e-02   3.1218708e-01  -2.2256361e-03  -3.5976642e-03   8.0273923e-03
   3.9228762e-01   8.9628932e-02   3.1205799e-01  -2.6930061e-03  -3.7037434e-03   7.8626599e-03
   3.9283354e-01   6.8234523e-02   3.1628734e-01  -2.6251744e-03  -3.7210596e-03   7.8815942e-03
   3.9197802e-01   1.6632509e-02   3.1051324e-01  -2.1743541e-03  -3.8877683e-03   7.5590771e-03
   4.0010912e-01   7.8806199e-02   3.0383004e-01  -3.0275251e-03  -3.1216061e-03   7.8986028e-03
   4.0244375e-01   6.0425035e-02   3.3488087e-01  -2.9463338e-03  -3.4583378e-03   7.2802239e-03
   3.7911051e-01   7.0019319e-02   2.6528949e-01  -3.7322035e-03  -3.4748222e-03   7.0374529e-03
   3.6617681e-01   1.3766107e-01   2.7340318e-01  -3.9012439e-03  -3.4104613e-03   7.3172988e-03
   3.5724579e-01   4.9418511e-02   2.9518454e-01  -3.5094926e-03  -3.7664576e-03   7.1309524e-03
   3.2711259e-01   7.7550040e-02   2.7505174e-01  -4.1878851e-03  -3.8138192e-03   6.6704061e-03
   3.5135069e-01   7.1590957e-02   2.8948077e-01  -3.8935157e-03  -3.0988162e-03   7.5808376e-03
   3.1261809e-01   4.0676010e-02   3.0179974e-01  -3.5995426e-03  -4.2067033e-03   6.5755348e-03
   2.9177432e-01   1.3094015e-01   3.1011405e-01  -4.0621321e-03  -3.9647779e-03   6.4928327e-03
   2.7695929e-01   6.3612400e-02   3.3144968e-01  -4.1345234e-03  -4.2027136e-03   5.9498549e-03
   2.7273542e-01   4.4028097e-02   3.1757789e-01  -3.7403893e-03  -3.9683314e-03   5.4807114e-03
   2.3604148e-01   1.1509708e-01   3.3976994e-01  -4.7167091e-03  -3.9527133e-03   5.5936057e-03
   2.3620763e-01   1.0000450e-02   3.8565938e-01  -3.8527569e-03  -3.9371870e-03   5.2982380e-03
   1.8930880e-01   2.5018647e-01   5.0418148e-01  -5.4814918e-03  -4.1554506e-03   5.4902269e-03
   1.3921433e-01  -1.4759363e-02   2.7609350e-01  -5.3604364e-03  -3.0190361e-03   5.2038118e-03
   1.9645899e-01  -6.1163022e-02   3.7443419e-01  -4.1310906e-03  -3.8771099e-03   4.5591354e-03
   1.8452649e-01   8.6737230e-02   4.1353458e-01  -4.5087915e-03  -4.3373549e-03   5.1522143e-03
   2.4886698e-01  -4.1338703e-02   3.6833429e-01  -4.0036614e-03  -4.5688463e-03   5.4857971e-03
   2.1410565e-01   7.1706609e-02   4.1069574e-01  -4.6551720e-03  -4.7707205e-03   5.4561267e-03
   2.5382842e-01  -9.7583735e-03   3.9164677e-01  -4.2030721e-03  -4.7228717e-03   5.3999565e-03
   2.2039953e-01   5.7448517e-02   4.3142720e-01  -4.6459803e-03  -4.6406795e-03   5.4769052e-03
   2.5114065e-01  -3.3386198e-02   4.1900283e-01  -4.2763451e-03  -4.8455895e-03   5.6478831e-03
